"TOA5","10329","CR6","10329","CR6.Std.09.01 CR6-WIFI.04.00.01","CPU:YOUNG81000_HMP60_10Hz.CR6","51185","Young10Hz_hmp"
"TIMESTAMP","RECORD","U","V","W","TSonic","RH","T_HMP60"
"TS","RN","mV","mV","mV","mV","%","Deg C"
"","","Smp","Smp","Smp","Smp","Smp","Smp"
"2020-09-25 15:17:47.5",3223200,-0.009,0.038,-0.006,297.8,44.96,23.16
"2020-09-25 15:17:47.6",3223201,-0.009,0.038,-0.006,297.8,44.96,23.16
"2020-09-25 15:17:47.7",3223202,0.012,0.008,0.024,297.8,44.96,23.16
"2020-09-25 15:17:47.8",3223203,0.012,0.008,0.024,297.8,44.99,23.22
"2020-09-25 15:17:47.9",3223204,0.012,0.008,0.024,297.8,44.97,23.16
"2020-09-25 15:17:48",3223205,0.012,0.008,0.025,297.8,44.97,23.16
"2020-09-25 15:17:48.1",3223206,0.012,0.008,0.024,297.8,44.97,23.16
"2020-09-25 15:17:48.2",3223207,0.011,0.008,0.024,297.8,44.97,23.16
"2020-09-25 15:17:48.3",3223208,0.012,0.008,0.025,297.8,44.97,23.16
"2020-09-25 15:17:48.4",3223209,0.012,0.008,0.024,297.8,44.97,23.16
"2020-09-25 15:17:48.5",3223210,0.012,0.008,0.024,297.8,44.97,23.16
"2020-09-25 15:17:48.6",3223211,0.012,0.008,0.024,297.8,44.97,23.16
"2020-09-25 15:17:48.7",3223212,0.012,0.008,0.025,297.8,44.97,23.16
"2020-09-25 15:17:48.8",3223213,0.011,0.008,0.025,297.8,44.97,23.16
"2020-09-25 15:17:48.9",3223214,0.011,0.008,0.025,297.8,44.97,23.16
"2020-09-25 15:17:49",3223215,0.011,0.008,0.024,297.8,44.98,23.16
"2020-09-25 15:17:49.1",3223216,0.011,0.008,0.024,297.8,44.96,23.16
"2020-09-25 15:17:49.2",3223217,0.012,0.008,0.024,297.8,44.97,23.16
"2020-09-25 15:17:49.3",3223218,0.012,0.008,0.025,297.8,44.97,23.16
"2020-09-25 15:17:49.4",3223219,0.012,0.008,0.025,297.8,44.97,23.16
"2020-09-25 15:17:49.5",3223220,0.012,0.008,0.024,297.8,44.96,23.16
"2020-09-25 15:17:49.6",3223221,0.012,0.008,0.025,297.8,44.97,23.16
"2020-09-25 15:17:49.7",3223222,-0.009,-0.002,-0.006,297.8,44.97,23.16
"2020-09-25 15:17:49.8",3223223,-0.008,-0.002,-0.006,297.8,44.96,23.16
"2020-09-25 15:17:49.9",3223224,-0.008,-0.002,-0.006,297.8,44.97,23.16
"2020-09-25 15:17:50",3223225,-0.008,-0.002,-0.006,297.8,44.97,23.16
"2020-09-25 15:17:50.1",3223226,-0.009,-0.002,-0.006,297.8,44.97,23.16
"2020-09-25 15:17:50.2",3223227,0.011,-0.041,0.025,297.7,44.97,23.16
"2020-09-25 15:17:50.3",3223228,0.012,-0.041,0.025,297.7,44.99,23.22
"2020-09-25 15:17:50.4",3223229,-0.018,-0.071,-0.006,297.8,44.97,23.16
"2020-09-25 15:17:50.5",3223230,-0.018,-0.071,-0.006,297.8,44.97,23.16
"2020-09-25 15:17:50.6",3223231,-0.018,-0.071,-0.006,297.8,44.97,23.16
"2020-09-25 15:17:50.7",3223232,0.012,-0.041,0.024,297.7,44.97,23.16
"2020-09-25 15:17:50.8",3223233,0.012,-0.041,0.024,297.7,44.97,23.16
"2020-09-25 15:17:50.9",3223234,-0.009,-0.002,-0.006,297.8,44.97,23.16
"2020-09-25 15:17:51",3223235,-0.008,-0.002,-0.006,297.8,44.97,23.16
"2020-09-25 15:17:51.1",3223236,-0.009,-0.002,-0.006,297.8,44.97,23.16
"2020-09-25 15:17:51.2",3223237,-0.009,-0.002,-0.006,297.8,44.97,23.16
"2020-09-25 15:17:51.3",3223238,-0.009,-0.002,-0.006,297.8,44.96,23.16
"2020-09-25 15:17:51.4",3223239,-0.009,-0.002,-0.006,297.8,44.97,23.16
"2020-09-25 15:17:51.5",3223240,-0.008,-0.002,-0.006,297.8,44.97,23.16
"2020-09-25 15:17:51.6",3223241,-0.008,-0.002,-0.006,297.8,44.96,23.16
"2020-09-25 15:17:51.7",3223242,-0.009,-0.002,-0.006,297.8,44.96,23.16
"2020-09-25 15:17:51.8",3223243,-0.009,-0.002,-0.006,297.8,44.95,23.16
"2020-09-25 15:17:51.9",3223244,-0.009,-0.002,-0.006,297.8,44.95,23.16
"2020-09-25 15:17:52",3223245,-0.009,-0.002,-0.006,297.8,44.95,23.16
"2020-09-25 15:17:52.1",3223246,-0.008,-0.002,-0.006,297.8,44.95,23.16
"2020-09-25 15:17:52.2",3223247,-0.009,-0.002,-0.006,297.8,44.95,23.16
"2020-09-25 15:17:52.3",3223248,-0.009,-0.002,-0.006,297.8,44.95,23.16
"2020-09-25 15:17:52.4",3223249,-0.009,-0.002,-0.006,297.8,44.95,23.16
"2020-09-25 15:17:52.5",3223250,-0.009,-0.002,-0.006,297.8,44.95,23.16
"2020-09-25 15:17:52.6",3223251,-0.009,-0.002,-0.006,297.8,44.95,23.16
"2020-09-25 15:17:52.7",3223252,-0.008,-0.002,-0.006,297.8,44.95,23.16
"2020-09-25 15:17:52.8",3223253,-0.009,-0.002,-0.006,297.8,45,23.22
"2020-09-25 15:17:52.9",3223254,0.012,-0.042,0.024,297.7,44.95,23.16
"2020-09-25 15:17:53",3223255,0.012,-0.041,0.025,297.7,44.95,23.16
"2020-09-25 15:17:53.1",3223256,0.012,-0.041,0.024,297.7,44.94,23.16
"2020-09-25 15:17:53.2",3223257,0.012,-0.042,0.025,297.7,44.94,23.16
"2020-09-25 15:17:53.3",3223258,0.011,-0.041,0.025,297.7,44.95,23.16
"2020-09-25 15:17:53.4",3223259,0.012,-0.041,0.024,297.7,44.94,23.16
"2020-09-25 15:17:53.5",3223260,0.012,-0.041,0.025,297.7,44.94,23.16
"2020-09-25 15:17:53.6",3223261,0.011,-0.041,0.024,297.7,44.94,23.16
"2020-09-25 15:17:53.7",3223262,0.012,-0.042,0.024,297.8,44.95,23.16
"2020-09-25 15:17:53.8",3223263,0.012,-0.041,0.025,297.8,44.95,23.16
"2020-09-25 15:17:53.9",3223264,-0.008,-0.002,-0.006,297.8,44.95,23.16
"2020-09-25 15:17:54",3223265,-0.009,-0.002,-0.006,297.8,44.95,23.16
"2020-09-25 15:17:54.1",3223266,-0.009,-0.002,-0.006,297.8,44.94,23.18
"2020-09-25 15:17:54.2",3223267,-0.009,-0.002,-0.006,297.8,44.95,23.16
"2020-09-25 15:17:54.3",3223268,-0.008,-0.002,-0.006,297.8,44.95,23.16
"2020-09-25 15:17:54.4",3223269,-0.008,-0.002,-0.006,297.9,44.95,23.16
"2020-09-25 15:17:54.5",3223270,-0.009,-0.002,-0.006,297.9,44.95,23.16
"2020-09-25 15:17:54.6",3223271,-0.009,-0.002,-0.006,297.9,44.94,23.16
"2020-09-25 15:17:54.7",3223272,0.011,0.008,0.025,297.8,44.95,23.16
"2020-09-25 15:17:54.8",3223273,0.011,0.008,0.024,297.8,44.95,23.16
"2020-09-25 15:17:54.9",3223274,-0.009,-0.002,-0.006,297.9,44.95,23.16
"2020-09-25 15:17:55",3223275,-0.008,-0.002,-0.006,297.9,44.95,23.16
"2020-09-25 15:17:55.1",3223276,-0.009,-0.002,-0.006,297.9,44.95,23.16
"2020-09-25 15:17:55.2",3223277,0.021,-0.002,-0.016,297.8,44.95,23.16
"2020-09-25 15:17:55.3",3223278,0.021,-0.002,-0.016,297.8,45,23.2
"2020-09-25 15:17:55.4",3223279,0.012,-0.041,-0.036,297.8,44.94,23.16
"2020-09-25 15:17:55.5",3223280,0.012,-0.041,-0.036,297.8,44.95,23.16
"2020-09-25 15:17:55.6",3223281,0.011,-0.041,-0.036,297.8,44.94,23.16
"2020-09-25 15:17:55.7",3223282,0.021,-0.002,-0.016,297.8,44.94,23.16
"2020-09-25 15:17:55.8",3223283,0.021,-0.002,-0.016,297.8,44.95,23.16
"2020-09-25 15:17:55.9",3223284,0.021,-0.003,-0.016,297.8,44.95,23.16
"2020-09-25 15:17:56",3223285,0.021,-0.002,-0.016,297.8,44.95,23.16
"2020-09-25 15:17:56.1",3223286,0.021,-0.002,-0.016,297.8,44.95,23.16
"2020-09-25 15:17:56.2",3223287,0.051,0.018,-0.006,297.8,44.95,23.16
"2020-09-25 15:17:56.3",3223288,0.05,0.018,-0.006,297.8,44.95,23.16
"2020-09-25 15:17:56.4",3223289,0.021,-0.002,-0.016,297.8,44.95,23.16
"2020-09-25 15:17:56.5",3223290,0.021,-0.002,-0.016,297.8,44.95,23.16
"2020-09-25 15:17:56.6",3223291,0.021,-0.003,-0.016,297.8,44.95,23.19
"2020-09-25 15:17:56.7",3223292,0.021,-0.002,-0.016,297.8,44.95,23.16
"2020-09-25 15:17:56.8",3223293,0.021,-0.003,-0.016,297.8,44.95,23.16
"2020-09-25 15:17:56.9",3223294,0.021,-0.002,-0.016,297.8,44.95,23.16
"2020-09-25 15:17:57",3223295,0.021,-0.002,-0.016,297.8,44.95,23.16
"2020-09-25 15:17:57.1",3223296,0.021,-0.002,-0.016,297.8,44.95,23.16
"2020-09-25 15:17:57.2",3223297,0.021,-0.003,-0.016,297.8,44.95,23.16
"2020-09-25 15:17:57.3",3223298,0.021,-0.002,-0.016,297.8,44.94,23.16
"2020-09-25 15:17:57.4",3223299,0.021,-0.002,-0.016,297.8,44.95,23.16
"2020-09-25 15:17:57.5",3223300,0.021,-0.002,-0.016,297.8,44.95,23.16
"2020-09-25 15:17:57.6",3223301,0.021,-0.002,-0.016,297.8,44.94,23.16
"2020-09-25 15:17:57.7",3223302,0.06,-0.041,-0.006,297.8,44.95,23.16
"2020-09-25 15:17:57.8",3223303,0.06,-0.041,-0.006,297.8,45,23.17
"2020-09-25 15:17:57.9",3223304,0.06,-0.041,-0.006,297.8,44.95,23.16
"2020-09-25 15:17:58",3223305,0.06,-0.041,-0.006,297.8,44.95,23.16
"2020-09-25 15:17:58.1",3223306,0.06,-0.041,-0.006,297.8,44.95,23.16
"2020-09-25 15:17:58.2",3223307,0.012,-0.041,0.024,297.7,44.95,23.16
"2020-09-25 15:17:58.3",3223308,0.011,-0.041,0.024,297.7,44.95,23.16
"2020-09-25 15:17:58.4",3223309,0.031,-0.081,0.044,297.8,44.95,23.16
"2020-09-25 15:17:58.5",3223310,0.031,-0.081,0.044,297.8,44.95,23.16
"2020-09-25 15:17:58.6",3223311,0.031,-0.081,0.044,297.8,44.95,23.16
"2020-09-25 15:17:58.7",3223312,-0.018,-0.081,0.073,297.8,44.95,23.16
"2020-09-25 15:17:58.8",3223313,-0.018,-0.081,0.073,297.8,44.95,23.16
"2020-09-25 15:17:58.9",3223314,-0.009,-0.115,0.034,297.8,44.95,23.16
"2020-09-25 15:17:59",3223315,-0.009,-0.115,0.034,297.8,44.95,23.16
"2020-09-25 15:17:59.1",3223316,-0.008,-0.115,0.034,297.8,44.96,23.19
"2020-09-25 15:17:59.2",3223317,-0.028,-0.081,0.093,297.8,44.94,23.16
"2020-09-25 15:17:59.3",3223318,-0.028,-0.08,0.093,297.8,44.94,23.16
"2020-09-25 15:17:59.4",3223319,-0.028,-0.081,0.093,297.8,44.93,23.16
"2020-09-25 15:17:59.5",3223320,-0.028,-0.081,0.093,297.8,44.93,23.16
"2020-09-25 15:17:59.6",3223321,-0.028,-0.081,0.093,297.8,44.93,23.16
"2020-09-25 15:17:59.7",3223322,-0.077,-0.002,0.044,297.8,44.93,23.16
"2020-09-25 15:17:59.8",3223323,-0.077,-0.002,0.044,297.8,44.93,23.16
"2020-09-25 15:17:59.9",3223324,-0.028,-0.002,0.025,297.8,44.93,23.16
"2020-09-25 15:18:00",3223325,-0.028,-0.002,0.024,297.8,44.93,23.16
"2020-09-25 15:18:00.1",3223326,-0.028,-0.002,0.024,297.8,44.93,23.16
"2020-09-25 15:18:00.2",3223327,-0.028,-0.002,0.024,297.7,44.93,23.16
"2020-09-25 15:18:00.3",3223328,-0.028,-0.003,0.025,297.7,44.95,23.16
"2020-09-25 15:18:00.4",3223329,0.011,0.008,0.025,297.8,44.93,23.16
"2020-09-25 15:18:00.5",3223330,0.012,0.008,0.025,297.8,44.93,23.16
"2020-09-25 15:18:00.6",3223331,0.012,0.008,0.024,297.8,44.93,23.16
"2020-09-25 15:18:00.7",3223332,0.012,0.008,0.024,297.8,44.93,23.16
"2020-09-25 15:18:00.8",3223333,0.011,0.008,0.024,297.8,44.93,23.16
"2020-09-25 15:18:00.9",3223334,-0.008,0.008,0.044,297.9,44.93,23.16
"2020-09-25 15:18:01",3223335,-0.008,0.008,0.044,297.9,44.93,23.16
"2020-09-25 15:18:01.1",3223336,-0.008,0.008,0.044,297.9,44.93,23.16
"2020-09-25 15:18:01.2",3223337,-0.028,0.047,0.025,297.8,44.93,23.16
"2020-09-25 15:18:01.3",3223338,-0.028,0.047,0.025,297.8,44.92,23.16
"2020-09-25 15:18:01.4",3223339,-0.028,0.047,0.024,297.8,44.92,23.16
"2020-09-25 15:18:01.5",3223340,-0.028,0.047,0.025,297.8,44.93,23.16
"2020-09-25 15:18:01.6",3223341,-0.028,0.047,0.025,297.8,44.96,23.22
"2020-09-29 11:17:50.1",3223342,-0.008,-0.002,0.074,298,44.84,22.87
"2020-09-29 11:17:50.2",3223343,-0.008,-0.002,0.074,298,44.84,22.87
"2020-09-29 11:17:50.3",3223344,-0.008,-0.002,0.074,298,44.84,22.87
"2020-09-29 11:17:50.4",3223345,-0.008,-0.002,0.074,298,44.84,22.87
"2020-09-29 11:17:50.5",3223346,-0.008,-0.002,0.074,298,44.84,22.87
"2020-09-29 11:17:50.6",3223347,-0.007,-0.002,0.074,298,44.84,22.87
"2020-09-29 11:17:50.7",3223348,-0.008,-0.002,0.074,298,44.84,22.87
"2020-09-29 11:17:50.8",3223349,-0.008,-0.002,0.074,298,44.84,22.87
"2020-09-29 11:17:50.9",3223350,-0.008,-0.002,0.074,298,44.84,22.87
"2020-09-29 11:17:51",3223351,-0.008,-0.002,0.074,298,44.84,22.87
"2020-09-29 11:17:51.1",3223352,-0.008,-0.002,0.074,298,44.84,22.87
"2020-09-29 11:17:51.2",3223353,-0.008,-0.002,0.074,298,44.89,22.87
"2020-09-29 11:17:51.3",3223354,-0.008,-0.002,0.074,298,44.84,22.87
"2020-09-29 11:17:51.4",3223355,-0.008,-0.002,0.074,298,44.84,22.87
"2020-09-29 11:17:51.5",3223356,-0.008,-0.002,0.074,298,44.83,22.87
"2020-09-29 11:17:51.6",3223357,-0.008,-0.002,0.074,298,44.83,22.87
"2020-09-29 11:17:51.7",3223358,-0.008,-0.002,0.074,298,44.83,22.88
"2020-09-29 11:17:51.8",3223359,-0.008,-0.002,0.074,298,44.83,22.88
"2020-09-29 11:17:51.9",3223360,-0.008,-0.002,0.074,298,44.83,22.88
"2020-09-29 11:17:52",3223361,-0.008,-0.002,0.074,298,44.83,22.88
"2020-09-29 11:17:52.1",3223362,-0.008,-0.002,0.074,298,44.83,22.88
"2020-09-29 11:17:52.2",3223363,-0.008,-0.002,0.074,298,44.83,22.88
"2020-09-29 11:17:52.3",3223364,-0.008,-0.002,0.074,298,44.83,22.88
"2020-09-29 11:17:52.4",3223365,-0.018,-0.041,0.045,298,44.83,22.88
"2020-09-29 11:17:52.5",3223366,-0.018,-0.041,0.045,298,44.85,22.92
"2020-09-29 11:17:52.6",3223367,-0.018,-0.041,0.045,298,44.82,22.88
"2020-09-29 11:17:52.7",3223368,-0.017,-0.041,0.045,298,44.82,22.88
"2020-09-29 11:17:52.8",3223369,-0.018,-0.041,0.045,298,44.81,22.88
"2020-09-29 11:17:52.9",3223370,-0.017,-0.041,0.045,298,44.81,22.88
"2020-09-29 11:17:53",3223371,-0.018,-0.041,0.045,298,44.81,22.88
"2020-09-29 11:17:53.1",3223372,0.013,-0.041,0.025,298.1,44.81,22.88
"2020-09-29 11:17:53.2",3223373,0.012,-0.041,0.025,298.1,44.81,22.88
"2020-09-29 11:17:53.3",3223374,0.012,-0.041,0.025,298.1,44.81,22.88
"2020-09-29 11:17:53.4",3223375,0.012,-0.041,0.025,298.1,44.81,22.88
"2020-09-29 11:17:53.5",3223376,0.012,-0.041,0.025,298.1,44.81,22.88
"2020-09-29 11:17:53.6",3223377,0.012,-0.041,0.025,298.1,44.81,22.88
"2020-09-29 11:17:53.7",3223378,0.012,-0.041,0.025,298.1,44.84,22.88
"2020-09-29 11:17:53.8",3223379,0.012,-0.041,0.025,298.1,44.81,22.88
"2020-09-29 11:17:53.9",3223380,0.012,-0.041,0.025,298.1,44.81,22.88
"2020-09-29 11:17:54",3223381,0.012,-0.041,0.025,298.1,44.81,22.88
"2020-09-29 11:17:54.1",3223382,0.012,-0.041,0.025,298.1,44.81,22.88
"2020-09-29 11:17:54.2",3223383,0.012,-0.041,0.025,298.1,44.81,22.88
"2020-09-29 11:17:54.3",3223384,0.012,-0.041,0.025,298.1,44.81,22.88
"2020-09-29 11:17:54.4",3223385,-0.008,-0.002,-0.006,298.1,44.81,22.88
"2020-09-29 11:17:54.5",3223386,-0.008,-0.002,-0.005,298.1,44.81,22.88
"2020-09-29 11:17:54.6",3223387,-0.008,-0.002,-0.005,298.1,44.81,22.88
"2020-09-29 11:17:54.7",3223388,-0.008,-0.002,-0.006,298.1,44.81,22.88
"2020-09-29 11:17:54.8",3223389,-0.008,-0.002,-0.006,298.1,44.81,22.88
"2020-09-29 11:17:54.9",3223390,-0.008,-0.002,-0.005,298.1,44.81,22.88
"2020-09-29 11:17:55",3223391,-0.008,-0.002,-0.006,298.1,44.85,22.94
"2020-09-29 11:17:55.1",3223392,-0.008,-0.002,-0.005,298.1,44.81,22.88
"2020-09-29 11:17:55.2",3223393,-0.008,-0.002,-0.006,298.1,44.8,22.88
"2020-09-29 11:17:55.3",3223394,-0.008,-0.002,-0.006,298.1,44.8,22.88
"2020-09-29 11:17:55.4",3223395,-0.008,-0.002,-0.006,298.1,44.8,22.88
"2020-09-29 11:17:55.5",3223396,-0.008,-0.002,-0.006,298.1,44.79,22.88
"2020-09-29 11:17:55.6",3223397,-0.008,-0.002,-0.006,298.1,44.79,22.88
"2020-09-29 11:17:55.7",3223398,-0.008,-0.002,-0.005,298.1,44.79,22.88
"2020-09-29 11:17:55.8",3223399,-0.008,-0.002,-0.006,298.1,44.79,22.88
"2020-09-29 11:17:55.9",3223400,-0.008,-0.002,-0.006,298.1,44.79,22.88
"2020-09-29 11:17:56",3223401,-0.008,-0.002,-0.006,298.1,44.79,22.88
"2020-09-29 11:17:56.1",3223402,-0.008,-0.002,-0.006,298.1,44.79,22.88
"2020-09-29 11:17:56.2",3223403,-0.008,-0.002,-0.006,298.1,44.79,22.88
"2020-09-29 11:17:56.3",3223404,-0.008,-0.002,-0.006,298.1,44.79,22.88
"2020-09-29 11:17:56.4",3223405,-0.008,-0.002,-0.005,298.1,44.78,22.88
"2020-09-29 11:17:56.5",3223406,-0.008,-0.002,-0.006,298.1,44.78,22.88
"2020-09-29 11:17:56.6",3223407,-0.008,-0.002,-0.006,298.1,44.78,22.88
"2020-09-29 11:17:56.7",3223408,-0.008,-0.002,-0.005,298.1,44.78,22.88
"2020-09-29 11:17:56.8",3223409,-0.008,-0.002,-0.006,298.1,44.78,22.88
"2020-09-29 11:17:56.9",3223410,-0.008,-0.002,-0.006,298.1,44.77,22.88
"2020-09-29 11:17:57",3223411,-0.008,-0.002,-0.006,298.1,44.77,22.88
"2020-09-29 11:17:57.1",3223412,-0.008,-0.002,-0.006,298.1,44.77,22.88
"2020-09-29 11:17:57.2",3223413,-0.008,-0.002,-0.006,298.1,44.77,22.88
"2020-09-29 11:17:57.3",3223414,-0.008,-0.002,-0.006,298.1,44.77,22.89
"2020-09-29 11:17:57.4",3223415,-0.008,-0.002,-0.006,298.1,44.77,22.89
"2020-09-29 11:17:57.5",3223416,-0.008,-0.002,-0.005,298.1,44.8,22.94
"2020-09-29 11:17:57.6",3223417,0.022,-0.002,-0.015,298.1,44.77,22.89
"2020-09-29 11:17:57.7",3223418,0.022,-0.002,-0.015,298.1,44.76,22.89
"2020-09-29 11:17:57.8",3223419,0.022,-0.002,-0.016,298.1,44.76,22.89
"2020-09-29 11:17:57.9",3223420,-0.008,-0.002,-0.006,298,44.76,22.89
"2020-09-29 11:17:58",3223421,-0.008,-0.002,-0.006,298,44.76,22.89
"2020-09-29 11:17:58.1",3223422,0.012,0.009,0.025,297.9,44.76,22.89
"2020-09-29 11:17:58.2",3223423,0.012,0.009,0.025,297.9,44.75,22.89
"2020-09-29 11:17:58.3",3223424,0.012,0.009,0.025,297.9,44.75,22.89
"2020-09-29 11:17:58.4",3223425,0.012,0.009,0.025,297.9,44.75,22.89
"2020-09-29 11:17:58.5",3223426,0.012,0.009,0.025,297.9,44.75,22.89
"2020-09-29 11:17:58.6",3223427,0.012,0.009,0.025,297.9,44.75,22.89
"2020-09-29 11:17:58.7",3223428,0.012,0.009,0.025,297.9,44.75,22.89
"2020-09-29 11:17:58.8",3223429,0.012,0.009,0.025,297.9,44.75,22.89
"2020-09-29 11:17:58.9",3223430,0.012,0.009,0.025,297.9,44.75,22.89
"2020-09-29 11:17:59",3223431,0.012,0.009,0.025,297.9,44.74,22.89
"2020-09-29 11:17:59.1",3223432,0.012,0.009,0.025,297.9,44.74,22.89
"2020-09-29 11:17:59.2",3223433,0.012,0.009,0.025,297.9,44.74,22.89
"2020-09-29 11:17:59.3",3223434,0.012,0.009,0.025,297.9,44.74,22.89
"2020-09-29 11:17:59.4",3223435,0.012,0.009,0.025,297.9,44.74,22.89
"2020-09-29 11:17:59.5",3223436,0.013,0.009,0.025,297.9,44.74,22.89
"2020-09-29 11:17:59.6",3223437,0.012,0.009,0.025,297.9,44.74,22.89
"2020-09-29 11:17:59.7",3223438,0.012,0.009,0.025,297.9,44.73,22.89
"2020-09-29 11:17:59.8",3223439,0.012,0.009,0.025,297.9,44.73,22.89
"2020-09-29 11:17:59.9",3223440,0.012,0.009,0.025,297.9,44.73,22.89
"2020-09-29 11:18:00",3223441,0.012,0.009,0.025,297.9,44.79,22.94
"2020-09-29 11:18:00.1",3223442,0.012,0.009,0.025,297.9,44.73,22.89
"2020-09-29 11:18:00.2",3223443,0.012,0.009,0.025,297.9,44.73,22.89
"2020-09-29 11:18:00.3",3223444,0.012,0.009,0.025,297.9,44.72,22.89
"2020-09-29 11:18:00.4",3223445,0.012,0.009,0.025,297.9,44.72,22.89
"2020-09-29 11:18:00.5",3223446,0.012,0.009,0.025,297.9,44.72,22.89
"2020-09-29 11:18:00.6",3223447,0.012,0.009,0.025,297.9,44.72,22.89
"2020-09-29 11:18:00.7",3223448,0.012,0.009,0.025,297.9,44.72,22.89
"2020-09-29 11:18:00.8",3223449,0.012,0.009,0.025,297.9,44.72,22.89
"2020-09-29 11:18:00.9",3223450,0.012,0.009,0.025,297.9,44.72,22.89
"2020-09-29 11:18:01",3223451,0.012,0.009,0.025,297.9,44.72,22.89
"2020-09-29 11:18:01.1",3223452,0.012,0.009,0.025,297.9,44.72,22.89
"2020-09-29 11:18:01.2",3223453,0.013,0.009,0.025,297.9,44.72,22.89
"2020-09-29 11:18:01.3",3223454,0.012,0.009,0.025,297.9,44.71,22.91
"2020-09-29 11:18:01.4",3223455,0.012,0.009,0.025,297.9,44.71,22.89
"2020-09-29 11:18:01.5",3223456,0.012,0.009,0.025,297.9,44.72,22.89
"2020-09-29 11:18:01.6",3223457,-0.008,0.038,-0.006,298,44.71,22.89
"2020-09-29 11:18:01.7",3223458,-0.008,0.038,-0.006,298,44.71,22.89
"2020-09-29 11:18:01.8",3223459,-0.008,0.038,-0.006,298,44.72,22.89
"2020-09-29 11:18:01.9",3223460,-0.008,0.038,-0.006,298,44.71,22.89
"2020-09-29 11:18:02",3223461,-0.008,0.038,-0.006,298,44.71,22.89
"2020-09-29 11:18:02.1",3223462,-0.008,0.038,-0.006,298,44.71,22.89
"2020-09-29 11:18:02.2",3223463,-0.008,0.038,-0.006,298,44.72,22.89
"2020-09-29 11:18:02.3",3223464,-0.008,0.038,-0.006,298,44.72,22.89
"2020-09-29 11:18:02.4",3223465,-0.008,0.038,-0.006,298,44.72,22.89
"2020-09-29 11:18:02.5",3223466,-0.008,0.038,-0.006,298,44.77,22.93
"2020-09-29 11:18:02.6",3223467,-0.008,0.038,-0.006,298,44.72,22.89
"2020-09-29 11:18:02.7",3223468,-0.008,0.038,-0.006,298,44.72,22.89
"2020-09-29 11:18:02.8",3223469,-0.008,0.038,-0.006,298,44.72,22.89
"2020-09-29 11:18:02.9",3223470,-0.008,0.038,-0.006,298,44.72,22.89
"2020-09-29 11:18:03",3223471,-0.008,0.038,-0.006,298,44.72,22.89
"2020-09-29 11:18:03.1",3223472,-0.027,0.048,0.025,298,44.72,22.89
"2020-09-29 11:18:03.2",3223473,-0.027,0.048,0.025,298,44.72,22.89
"2020-09-29 11:18:03.3",3223474,-0.028,0.048,0.025,298,44.72,22.89
"2020-09-29 11:18:03.4",3223475,-0.008,0.038,-0.006,298,44.72,22.89
"2020-09-29 11:18:03.5",3223476,-0.008,0.038,-0.006,298,44.72,22.89
"2020-09-29 11:18:03.6",3223477,-0.008,0.038,-0.006,298,44.72,22.89
"2020-09-29 11:18:03.7",3223478,-0.008,0.038,-0.006,298,44.72,22.89
"2020-09-29 11:18:03.8",3223479,-0.008,0.038,-0.006,298,44.72,22.92
"2020-09-29 11:18:03.9",3223480,0.012,0.009,0.025,298,44.72,22.89
"2020-09-29 11:18:04",3223481,0.012,0.009,0.025,298,44.72,22.89
"2020-09-29 11:18:04.1",3223482,-0.028,-0.002,0.025,298.1,44.72,22.89
"2020-09-29 11:18:04.2",3223483,-0.028,-0.002,0.025,298.1,44.72,22.89
"2020-09-29 11:18:04.3",3223484,-0.028,-0.002,0.025,298.1,44.72,22.89
"2020-09-29 11:18:04.4",3223485,-0.028,-0.002,0.025,298.1,44.72,22.89
"2020-09-29 11:18:04.5",3223486,-0.027,-0.002,0.025,298.1,44.72,22.89
"2020-09-29 11:18:04.6",3223487,-0.008,-0.002,-0.006,298.1,44.72,22.89
"2020-09-29 11:18:04.7",3223488,-0.008,-0.002,-0.006,298.1,44.72,22.89
"2020-09-29 11:18:04.8",3223489,-0.008,-0.002,-0.006,298.1,44.72,22.89
"2020-09-29 11:18:04.9",3223490,-0.008,-0.002,-0.006,298.1,44.72,22.89
"2020-09-29 11:18:05",3223491,-0.008,-0.002,-0.006,298.1,44.77,22.9
"2020-09-29 11:18:05.1",3223492,-0.008,-0.002,-0.006,298.1,44.72,22.89
"2020-09-29 11:18:05.2",3223493,-0.008,-0.002,-0.006,298.1,44.72,22.89
"2020-09-29 11:18:05.3",3223494,-0.008,-0.002,-0.006,298.1,44.72,22.89
"2020-09-29 11:18:05.4",3223495,-0.008,-0.002,-0.006,298.1,44.72,22.89
"2020-09-29 11:18:05.5",3223496,-0.008,-0.002,-0.006,298.1,44.72,22.89
"2020-09-29 11:18:05.6",3223497,-0.008,-0.002,-0.006,298.1,44.72,22.89
"2020-09-29 11:18:05.7",3223498,-0.008,-0.002,-0.006,298.1,44.72,22.89
"2020-09-29 11:18:05.8",3223499,-0.008,-0.002,-0.006,298.1,44.72,22.89
"2020-09-29 11:18:05.9",3223500,-0.008,-0.002,-0.006,298.1,44.72,22.89
"2020-09-29 11:18:06",3223501,-0.008,-0.002,-0.006,298.1,44.72,22.89
"2020-09-29 11:18:06.1",3223502,-0.008,-0.002,-0.006,298.1,44.72,22.89
"2020-09-29 11:18:06.2",3223503,-0.008,-0.002,-0.006,298.1,44.72,22.89
"2020-09-29 11:18:06.3",3223504,-0.008,-0.002,-0.006,298.1,44.72,22.92
"2020-09-29 11:18:06.4",3223505,-0.008,-0.002,-0.006,298.1,44.72,22.89
"2020-09-29 11:18:06.5",3223506,-0.008,-0.002,-0.006,298.1,44.72,22.89
"2020-09-29 11:18:06.6",3223507,-0.008,-0.002,-0.006,298.1,44.72,22.89
"2020-09-29 11:18:06.7",3223508,-0.008,-0.002,-0.006,298.1,44.72,22.89
"2020-09-29 11:18:06.8",3223509,-0.008,-0.002,-0.006,298.1,44.72,22.89
"2020-09-29 11:18:06.9",3223510,-0.008,-0.002,-0.006,298.1,44.72,22.89
"2020-09-29 11:18:07",3223511,-0.008,-0.002,-0.006,298.1,44.72,22.89
"2020-09-29 11:18:07.1",3223512,-0.008,-0.002,-0.006,298.1,44.72,22.89
"2020-09-29 11:18:07.2",3223513,-0.008,-0.002,-0.005,298.1,44.72,22.89
"2020-09-29 11:18:07.3",3223514,-0.008,-0.002,-0.006,298.1,44.72,22.89
"2020-09-29 11:18:07.4",3223515,-0.008,-0.002,-0.006,298.1,44.72,22.89
"2020-09-29 11:18:07.5",3223516,-0.008,-0.002,-0.006,298.1,44.76,22.89
"2020-09-29 11:18:07.6",3223517,-0.008,-0.002,-0.006,298.1,44.72,22.89
"2020-09-29 11:18:07.7",3223518,-0.008,-0.002,-0.006,298.1,44.72,22.89
"2020-09-29 11:18:07.8",3223519,-0.008,-0.002,-0.006,298.1,44.72,22.89
"2020-09-29 11:18:07.9",3223520,-0.008,-0.002,-0.005,298.1,44.72,22.89
"2020-09-29 11:18:08",3223521,-0.008,-0.002,-0.006,298.1,44.72,22.89
"2020-09-29 11:18:08.1",3223522,-0.008,-0.002,-0.006,298.1,44.72,22.89
"2020-09-29 11:18:08.2",3223523,-0.008,-0.002,-0.006,298.1,44.72,22.89
"2020-09-29 11:18:08.3",3223524,-0.008,-0.002,-0.006,298.1,44.72,22.89
"2020-09-29 11:18:08.4",3223525,-0.008,-0.002,-0.006,298.1,44.72,22.89
"2020-09-29 11:18:08.5",3223526,-0.008,-0.002,-0.006,298.1,44.72,22.89
"2020-09-29 11:18:08.6",3223527,-0.008,-0.002,-0.006,298.1,44.72,22.89
"2020-09-29 11:18:08.7",3223528,-0.008,-0.002,-0.005,298.1,44.72,22.89
"2020-09-29 11:18:08.8",3223529,-0.008,-0.002,-0.006,298.1,44.75,22.94
"2020-09-29 11:18:08.9",3223530,-0.008,-0.002,-0.006,298.1,44.72,22.89
"2020-09-29 11:18:09",3223531,-0.008,-0.002,-0.006,298.1,44.72,22.89
"2020-09-29 11:18:09.1",3223532,-0.008,-0.002,-0.006,298.1,44.72,22.89
"2020-09-29 11:18:09.2",3223533,-0.008,-0.002,-0.006,298.1,44.72,22.89
"2020-09-29 11:18:09.3",3223534,-0.008,-0.002,-0.006,298.1,44.72,22.89
"2020-09-29 11:18:09.4",3223535,-0.008,-0.002,-0.006,298.1,44.72,22.89
"2020-09-29 11:18:09.5",3223536,-0.008,-0.002,-0.006,298.1,44.72,22.89
"2020-09-29 11:18:09.6",3223537,-0.008,-0.002,-0.006,298.1,44.72,22.89
"2020-09-29 11:18:09.7",3223538,-0.008,-0.002,-0.006,298.1,44.72,22.89
"2020-09-29 11:18:09.8",3223539,-0.008,-0.002,-0.006,298.1,44.72,22.89
"2020-09-29 11:18:09.9",3223540,-0.008,-0.002,-0.006,298.1,44.72,22.89
"2020-09-29 11:18:10",3223541,-0.008,-0.002,-0.005,298.1,44.73,22.89
"2020-09-29 11:18:10.1",3223542,-0.008,-0.002,-0.005,298.1,44.72,22.89
"2020-09-29 11:18:10.2",3223543,-0.008,-0.002,-0.006,298.1,44.72,22.89
"2020-09-29 11:18:10.3",3223544,-0.008,-0.002,-0.006,298.1,44.72,22.89
"2020-09-29 11:18:10.4",3223545,-0.008,-0.002,-0.006,298.1,44.72,22.89
"2020-09-29 11:18:10.5",3223546,-0.008,-0.002,-0.006,298.1,44.72,22.89
"2020-09-29 11:18:10.6",3223547,-0.008,-0.002,-0.006,298.1,44.72,22.89
"2020-09-29 11:18:10.7",3223548,-0.008,-0.002,-0.006,298.1,44.72,22.89
"2020-09-29 11:18:10.8",3223549,-0.008,-0.002,-0.006,298.1,44.72,22.89
"2020-09-29 11:18:10.9",3223550,-0.008,-0.002,-0.006,298.1,44.72,22.89
"2020-09-29 11:18:11",3223551,-0.008,-0.002,-0.005,298.1,44.72,22.89
"2020-09-29 11:18:11.1",3223552,-0.008,-0.002,-0.006,298.1,44.72,22.89
"2020-09-29 11:18:11.2",3223553,-0.008,-0.002,-0.006,298.1,44.72,22.89
"2020-09-29 11:18:11.3",3223554,-0.008,-0.002,-0.006,298.1,44.75,22.95
"2020-09-29 11:18:11.4",3223555,-0.008,-0.002,-0.006,298.1,44.72,22.89
"2020-09-29 11:18:11.5",3223556,-0.008,-0.002,-0.006,298.1,44.72,22.89
"2020-09-29 11:18:11.6",3223557,-0.008,-0.002,-0.006,298.1,44.72,22.89
"2020-09-29 11:18:11.7",3223558,-0.008,-0.002,-0.006,298.1,44.72,22.89
"2020-09-29 11:18:11.8",3223559,-0.008,-0.002,-0.006,298.1,44.72,22.89
"2020-09-29 11:18:11.9",3223560,-0.008,-0.002,-0.006,298.1,44.72,22.89
"2020-09-29 11:18:12",3223561,-0.008,-0.002,-0.006,298.1,44.72,22.89
"2020-09-29 11:18:12.1",3223562,-0.008,-0.002,-0.005,298.1,44.72,22.89
"2020-09-29 11:18:12.2",3223563,-0.008,-0.002,-0.006,298.1,44.72,22.89
"2020-09-29 11:18:12.3",3223564,-0.008,-0.002,-0.006,298.1,44.72,22.89
"2020-09-29 11:18:12.4",3223565,-0.008,-0.002,-0.006,298.1,44.72,22.89
"2020-09-29 11:18:12.5",3223566,-0.008,-0.002,-0.006,298.1,44.72,22.89
"2020-09-29 11:18:12.6",3223567,-0.008,-0.002,-0.006,298.1,44.72,22.89
"2020-09-29 11:18:12.7",3223568,-0.008,-0.002,-0.005,298.1,44.72,22.89
"2020-09-29 11:18:12.8",3223569,-0.008,-0.002,-0.006,298.1,44.72,22.89
"2020-09-29 11:18:12.9",3223570,-0.008,-0.002,-0.006,298.1,44.72,22.89
"2020-09-29 11:18:13",3223571,-0.008,-0.002,-0.006,298.1,44.72,22.89
"2020-09-29 11:18:13.1",3223572,-0.008,-0.002,-0.006,298.1,44.72,22.89
"2020-09-29 11:18:13.2",3223573,-0.008,-0.002,-0.005,298.1,44.72,22.89
"2020-09-29 11:18:13.3",3223574,-0.008,-0.002,-0.006,298.1,44.72,22.89
"2020-09-29 11:18:13.4",3223575,-0.008,-0.002,-0.006,298.1,44.72,22.89
"2020-09-29 11:18:13.5",3223576,-0.008,-0.002,-0.006,298.1,44.72,22.89
"2020-09-29 11:18:13.6",3223577,-0.008,-0.002,-0.006,298.1,44.72,22.89
"2020-09-29 11:18:13.7",3223578,-0.008,-0.002,-0.006,298.1,44.72,22.89
"2020-09-29 11:18:13.8",3223579,-0.008,-0.002,-0.006,298.1,44.75,22.95
"2020-09-29 11:18:13.9",3223580,-0.008,-0.002,-0.006,298.1,44.72,22.89
"2020-09-29 11:18:14",3223581,-0.008,-0.002,-0.006,298.1,44.72,22.89
"2020-09-29 11:18:14.1",3223582,-0.008,-0.002,-0.006,298.1,44.72,22.89
"2020-09-29 11:18:14.2",3223583,-0.008,-0.002,-0.005,298.1,44.72,22.89
"2020-09-29 11:18:14.3",3223584,-0.008,-0.002,-0.006,298.1,44.72,22.89
"2020-09-29 11:18:14.4",3223585,-0.008,-0.002,-0.005,298.1,44.72,22.89
"2020-09-29 11:18:14.5",3223586,-0.008,-0.002,-0.005,298.1,44.72,22.89
"2020-09-29 11:18:14.6",3223587,0.012,0.009,0.025,298.1,44.72,22.89
"2020-09-29 11:18:14.7",3223588,0.012,0.009,0.025,298.1,44.72,22.89
"2020-09-29 11:18:14.8",3223589,0.012,0.009,0.025,298.1,44.72,22.89
"2020-09-29 11:18:14.9",3223590,0.012,0.009,0.025,298.1,44.72,22.89
"2020-09-29 11:18:15",3223591,0.012,0.009,0.025,298.1,44.72,22.89
"2020-09-29 11:18:15.1",3223592,0.012,0.009,0.025,298.1,44.72,22.89
"2020-09-29 11:18:15.2",3223593,0.012,0.009,0.025,298.1,44.72,22.89
"2020-09-29 11:18:15.3",3223594,0.012,0.009,0.025,298.1,44.72,22.89
"2020-09-29 11:18:15.4",3223595,0.012,0.009,0.025,298.1,44.72,22.89
"2020-09-29 11:18:15.5",3223596,0.012,0.009,0.025,298.1,44.72,22.89
"2020-09-29 11:18:15.6",3223597,0.012,0.009,0.025,298.1,44.72,22.89
"2020-09-29 11:18:15.7",3223598,0.012,0.009,0.025,298.1,44.72,22.89
"2020-09-29 11:18:15.8",3223599,0.012,0.009,0.025,298.1,44.72,22.89
"2020-09-29 11:18:15.9",3223600,0.012,0.009,0.025,298.1,44.72,22.89
"2020-09-29 11:18:16",3223601,0.012,0.009,0.025,298.1,44.72,22.89
"2020-09-29 11:18:16.1",3223602,0.012,0.009,0.025,298.1,44.72,22.89
"2020-09-29 11:18:16.2",3223603,0.012,0.009,0.025,298.1,44.72,22.89
"2020-09-29 11:18:16.3",3223604,0.012,0.009,0.025,298.1,44.76,22.95
"2020-09-29 11:18:16.4",3223605,0.012,0.009,0.025,298.1,44.72,22.89
"2020-09-29 11:18:16.5",3223606,0.012,0.009,0.025,298.1,44.72,22.89
"2020-09-29 11:18:16.6",3223607,0.012,0.009,0.025,298.1,44.72,22.89
"2020-09-29 11:18:16.7",3223608,0.012,0.009,0.025,298.1,44.72,22.89
"2020-09-29 11:18:16.8",3223609,0.012,0.009,0.025,298.1,44.72,22.89
"2020-09-29 11:18:16.9",3223610,0.012,0.009,0.025,298.1,44.72,22.89
"2020-09-29 11:18:17",3223611,0.012,0.009,0.025,298.1,44.72,22.89
"2020-09-29 11:18:17.1",3223612,0.012,0.009,0.025,298.1,44.72,22.89
"2020-09-29 11:18:17.2",3223613,0.012,0.009,0.025,298.1,44.72,22.89
"2020-09-29 11:18:17.3",3223614,0.012,0.009,0.025,298.1,44.72,22.89
"2020-09-29 11:18:17.4",3223615,0.014,0.011,0.025,298.1,44.72,22.89
"2020-09-29 11:18:17.5",3223616,0.013,0.009,0.026,298.1,44.72,22.9
"2020-09-29 11:18:17.6",3223617,-0.006,0.001,-0.005,298.1,44.73,22.89
"2020-09-29 11:18:17.7",3223618,-0.006,-0.001,-0.005,298.1,44.71,22.88
"2020-09-29 11:18:17.8",3223619,-0.008,-0.001,-0.005,298.1,44.73,22.9
"2020-09-29 11:18:17.9",3223620,0.023,-0.114,0.025,298.1,44.73,22.9
"2020-09-29 11:18:18",3223621,0.023,-0.115,0.025,298.1,44.71,22.89
"2020-09-29 11:18:18.1",3223622,-0.008,-0.153,-0.005,298.1,44.72,22.9
"2020-09-29 11:18:18.2",3223623,-0.007,-0.153,-0.006,298.1,44.73,22.9
"2020-09-29 11:18:18.3",3223624,-0.007,-0.154,-0.006,298.1,44.72,22.88
"2020-09-29 11:18:18.4",3223625,-0.026,-0.153,0.016,298.1,44.71,22.9
"2020-09-29 11:18:18.5",3223626,-0.027,-0.153,0.015,298.1,44.73,22.9
"2020-09-29 11:18:18.6",3223627,-0.017,-0.242,0.006,298,44.73,22.89
"2020-09-29 11:18:18.7",3223628,-0.017,-0.241,0.006,298,44.7,22.9
"2020-09-29 11:18:18.8",3223629,-0.018,-0.241,0.006,298,44.78,22.96
"2020-09-29 11:18:18.9",3223630,-0.017,-0.24,0.006,298,44.73,22.89
"2020-09-29 11:18:19",3223631,-0.016,-0.241,0.006,298,44.71,22.89
"2020-09-29 11:18:19.1",3223632,-0.016,-0.24,0.006,298,44.71,22.9
"2020-09-29 11:18:19.2",3223633,-0.017,-0.241,0.006,298,44.73,22.9
"2020-09-29 11:18:19.3",3223634,-0.017,-0.241,0.006,298,44.73,22.88
"2020-09-29 11:18:19.4",3223635,-0.007,-0.202,0.035,297.9,44.7,22.9
"2020-09-29 11:18:19.5",3223636,-0.008,-0.202,0.035,297.9,44.72,22.9
"2020-09-29 11:18:19.6",3223637,0.013,-0.202,0.006,297.9,44.73,22.89
"2020-09-29 11:18:19.7",3223638,0.014,-0.202,0.006,297.9,44.7,22.89
"2020-09-29 11:18:19.8",3223639,0.013,-0.202,0.006,297.9,44.72,22.9
"2020-09-29 11:18:19.9",3223640,-0.007,-0.241,0.074,297.9,44.73,22.9
"2020-09-29 11:18:20",3223641,-0.007,-0.24,0.074,297.9,44.72,22.88
"2020-09-29 11:18:20.1",3223642,-0.026,-0.153,0.016,297.9,44.71,22.93
"2020-09-29 11:18:20.2",3223643,-0.027,-0.153,0.015,297.9,44.73,22.9
"2020-09-29 11:18:20.3",3223644,-0.027,-0.153,0.015,297.9,44.72,22.88
"2020-09-29 11:18:20.4",3223645,-0.065,-0.202,0.064,297.9,44.71,22.89
"2020-09-29 11:18:20.5",3223646,-0.066,-0.202,0.064,297.9,44.73,22.9
"2020-09-29 11:18:20.6",3223647,-0.017,-0.241,0.074,297.9,44.73,22.89
"2020-09-29 11:18:20.7",3223648,-0.015,-0.241,0.074,297.9,44.71,22.88
"2020-09-29 11:18:20.8",3223649,-0.017,-0.241,0.074,297.9,44.73,22.9
"2020-09-29 11:18:20.9",3223650,-0.027,-0.162,0.094,298,44.73,22.89
"2020-09-29 11:18:21",3223651,-0.026,-0.163,0.093,298,44.72,22.89
"2020-09-29 11:18:21.1",3223652,-0.057,-0.143,0.046,297.9,44.72,22.9
"2020-09-29 11:18:21.2",3223653,-0.056,-0.143,0.044,297.9,44.73,22.9
"2020-09-29 11:18:21.3",3223654,-0.056,-0.143,0.045,297.9,44.78,22.93
"2020-09-29 11:18:21.4",3223655,-0.055,-0.144,0.045,297.9,44.71,22.9
"2020-09-29 11:18:21.5",3223656,-0.056,-0.143,0.044,297.9,44.73,22.9
"2020-09-29 11:18:21.6",3223657,-0.056,-0.142,0.045,297.9,44.73,22.88
"2020-09-29 11:18:21.7",3223658,-0.056,-0.143,0.045,297.9,44.71,22.9
"2020-09-29 11:18:21.8",3223659,-0.057,-0.143,0.045,297.9,44.73,22.9
"2020-09-29 11:18:21.9",3223660,-0.056,-0.143,0.045,297.9,44.73,22.89
"2020-09-29 11:18:22",3223661,-0.055,-0.144,0.045,297.9,44.7,22.9
"2020-09-29 11:18:22.1",3223662,-0.008,-0.202,0.036,297.9,44.73,22.9
"2020-09-29 11:18:22.2",3223663,-0.007,-0.201,0.035,297.9,44.73,22.89
"2020-09-29 11:18:22.3",3223664,-0.007,-0.203,0.035,297.9,44.7,22.89
"2020-09-29 11:18:22.4",3223665,-0.007,-0.153,-0.005,297.9,44.72,22.9
"2020-09-29 11:18:22.5",3223666,-0.007,-0.153,-0.006,297.9,44.73,22.9
"2020-09-29 11:18:22.6",3223667,-0.027,-0.153,0.015,297.9,44.72,22.91
"2020-09-29 11:18:22.7",3223668,-0.026,-0.153,0.016,297.9,44.72,22.9
"2020-09-29 11:18:22.8",3223669,-0.027,-0.153,0.015,297.9,44.73,22.9
"2020-09-29 11:18:22.9",3223670,-0.007,-0.202,0.035,297.9,44.72,22.89
"2020-09-29 11:18:23",3223671,-0.007,-0.202,0.036,297.9,44.71,22.9
"2020-09-29 11:18:23.1",3223672,-0.027,-0.153,0.016,297.9,44.73,22.9
"2020-09-29 11:18:23.2",3223673,-0.027,-0.153,0.015,297.9,44.73,22.88
"2020-09-29 11:18:23.3",3223674,-0.026,-0.153,0.016,297.9,44.71,22.9
"2020-09-29 11:18:23.4",3223675,-0.008,-0.153,-0.005,297.9,44.73,22.9
"2020-09-29 11:18:23.5",3223676,-0.008,-0.153,-0.006,297.9,44.73,22.88
"2020-09-29 11:18:23.6",3223677,0.023,-0.114,0.025,297.9,44.71,22.9
"2020-09-29 11:18:23.7",3223678,0.022,-0.114,0.026,297.9,44.73,22.9
"2020-09-29 11:18:23.8",3223679,0.022,-0.114,0.025,297.9,44.79,22.91
"2020-09-29 11:18:23.9",3223680,0.023,-0.114,0.025,297.9,44.7,22.9
"2020-09-29 11:18:24",3223681,0.023,-0.114,0.026,297.9,44.71,22.9
"2020-09-29 11:18:24.1",3223682,-0.007,-0.152,-0.005,297.9,44.72,22.88
"2020-09-29 11:18:24.2",3223683,-0.006,-0.153,-0.005,297.9,44.69,22.9
"2020-09-29 11:18:24.3",3223684,-0.008,-0.153,-0.005,297.9,44.71,22.9
"2020-09-29 11:18:24.4",3223685,-0.007,-0.152,-0.006,297.9,44.71,22.89
"2020-09-29 11:18:24.5",3223686,-0.006,-0.153,-0.006,297.9,44.69,22.89
"2020-09-29 11:18:24.6",3223687,-0.007,-0.153,-0.005,297.9,44.69,22.91
"2020-09-29 11:18:24.7",3223688,-0.007,-0.153,-0.006,297.9,44.71,22.89
"2020-09-29 11:18:24.8",3223689,-0.007,-0.154,-0.006,297.9,44.69,22.89
"2020-09-29 11:18:24.9",3223690,-0.006,-0.202,-0.014,297.9,44.71,22.9
"2020-09-29 11:18:25",3223691,-0.007,-0.201,-0.016,297.9,44.71,22.9
"2020-09-29 11:18:25.1",3223692,-0.065,-0.202,-0.006,297.9,44.69,22.92
"2020-09-29 11:18:25.2",3223693,-0.065,-0.202,-0.005,297.9,44.68,22.9
"2020-09-29 11:18:25.3",3223694,-0.066,-0.202,-0.006,297.9,44.69,22.9
"2020-09-29 11:18:25.4",3223695,-0.027,-0.154,0.015,297.9,44.67,22.89
"2020-09-29 11:18:25.5",3223696,-0.026,-0.153,0.016,297.9,44.65,22.91
"2020-09-29 11:18:25.6",3223697,-0.027,-0.153,0.015,297.9,44.68,22.9
"2020-09-29 11:18:25.7",3223698,-0.027,-0.152,0.015,297.9,44.67,22.88
"2020-09-29 11:18:25.8",3223699,-0.026,-0.154,0.015,297.9,44.65,22.9
"2020-09-29 11:18:25.9",3223700,-0.027,-0.153,0.015,297.9,44.67,22.9
"2020-09-29 11:18:26",3223701,-0.027,-0.152,0.015,297.9,44.67,22.89
"2020-09-29 11:18:26.1",3223702,-0.026,-0.152,0.016,297.9,44.64,22.9
"2020-09-29 11:18:26.2",3223703,-0.027,-0.153,0.015,297.9,44.64,22.91
"2020-09-29 11:18:26.3",3223704,-0.027,-0.153,0.015,297.9,44.73,22.9
"2020-09-29 11:18:26.4",3223705,-0.026,-0.152,0.015,297.9,44.66,22.89
"2020-09-29 11:18:26.5",3223706,-0.026,-0.153,0.016,297.9,44.64,22.91
"2020-09-29 11:18:26.6",3223707,-0.008,-0.201,0.035,297.9,44.66,22.9
"2020-09-29 11:18:26.7",3223708,-0.007,-0.201,0.035,297.9,44.65,22.89
"2020-09-29 11:18:26.8",3223709,-0.006,-0.202,0.036,297.9,44.63,22.91
"2020-09-29 11:18:26.9",3223710,-0.008,-0.163,0.074,297.8,44.65,22.9
"2020-09-29 11:18:27",3223711,-0.007,-0.162,0.074,297.8,44.65,22.89
"2020-09-29 11:18:27.1",3223712,-0.006,-0.163,0.074,297.8,44.63,22.89
"2020-09-29 11:18:27.2",3223713,-0.007,-0.163,0.074,297.8,44.64,22.9
"2020-09-29 11:18:27.3",3223714,-0.008,-0.163,0.074,297.8,44.65,22.9
"2020-09-29 11:18:27.4",3223715,-0.007,-0.201,0.035,297.9,44.64,22.88
"2020-09-29 11:18:27.5",3223716,-0.007,-0.202,0.036,297.9,44.64,22.9
"2020-09-29 11:18:27.6",3223717,-0.026,-0.153,0.015,297.9,44.66,22.93
"2020-09-29 11:18:27.7",3223718,-0.027,-0.152,0.015,297.9,44.64,22.88
"2020-09-29 11:18:27.8",3223719,-0.027,-0.153,0.016,297.9,44.63,22.9
"2020-09-29 11:18:27.9",3223720,-0.027,-0.153,0.015,297.9,44.64,22.9
"2020-09-29 11:18:28",3223721,-0.027,-0.152,0.015,297.9,44.63,22.88
"2020-09-29 11:18:28.1",3223722,-0.025,-0.153,0.016,297.9,44.61,22.91
"2020-09-29 11:18:28.2",3223723,-0.026,-0.153,0.016,297.9,44.63,22.91
"2020-09-29 11:18:28.3",3223724,-0.027,-0.153,0.015,297.9,44.63,22.89
"2020-09-29 11:18:28.4",3223725,0.024,-0.115,0.025,297.8,44.61,22.89
"2020-09-29 11:18:28.5",3223726,0.023,-0.114,0.026,297.8,44.63,22.9
"2020-09-29 11:18:28.6",3223727,0.026,-0.114,-0.045,297.7,44.63,22.9
"2020-09-29 11:18:28.7",3223728,0.023,-0.114,-0.045,297.7,44.61,22.89
"2020-09-29 11:18:28.8",3223729,0.023,-0.115,-0.044,297.7,44.66,22.91
"2020-09-29 11:18:28.9",3223730,0.022,-0.113,-0.045,297.7,44.63,22.9
"2020-09-29 11:18:29",3223731,0.022,-0.114,-0.045,297.7,44.62,22.88
"2020-09-29 11:18:29.1",3223732,-0.007,-0.191,-0.006,297.7,44.59,22.9
"2020-09-29 11:18:29.2",3223733,-0.008,-0.192,-0.005,297.7,44.61,22.9
"2020-09-29 11:18:29.3",3223734,-0.007,-0.192,-0.005,297.7,44.61,22.9
"2020-09-29 11:18:29.4",3223735,-0.007,-0.202,0.035,297.7,44.59,22.88
"2020-09-29 11:18:29.5",3223736,-0.008,-0.202,0.036,297.7,44.6,22.9
"2020-09-29 11:18:29.6",3223737,0.003,-0.153,-0.005,297.6,44.61,22.9
"2020-09-29 11:18:29.7",3223738,0.003,-0.153,-0.005,297.6,44.6,22.88
"2020-09-29 11:18:29.8",3223739,0.004,-0.153,-0.005,297.6,44.58,22.9
"2020-09-29 11:18:29.9",3223740,-0.027,-0.153,0.015,297.6,44.61,22.9
"2020-09-29 11:18:30",3223741,-0.026,-0.151,0.016,297.6,44.61,22.89
"2020-09-29 11:18:30.1",3223742,0.005,-0.153,-0.005,297.6,44.61,22.94
"2020-09-29 11:18:30.2",3223743,0.002,-0.153,-0.005,297.6,44.6,22.9
"2020-09-29 11:18:30.3",3223744,0.003,-0.152,-0.006,297.6,44.6,22.89
"2020-09-29 11:18:30.4",3223745,0.023,-0.114,-0.044,297.7,44.57,22.9
"2020-09-29 11:18:30.5",3223746,0.023,-0.114,-0.045,297.7,44.59,22.9
"2020-09-29 11:18:30.6",3223747,-0.008,-0.114,-0.015,297.7,44.6,22.9
"2020-09-29 11:18:30.7",3223748,-0.007,-0.114,-0.015,297.7,44.58,22.89
"2020-09-29 11:18:30.8",3223749,-0.008,-0.114,-0.015,297.7,44.58,22.9
"2020-09-29 11:18:30.9",3223750,-0.007,-0.114,-0.015,297.7,44.59,22.9
"2020-09-29 11:18:31",3223751,-0.007,-0.115,-0.015,297.7,44.59,22.89
"2020-09-29 11:18:31.1",3223752,-0.006,-0.202,-0.015,297.8,44.57,22.91
"2020-09-29 11:18:31.2",3223753,-0.007,-0.202,-0.015,297.8,44.58,22.9
"2020-09-29 11:18:31.3",3223754,-0.008,-0.201,-0.015,297.8,44.61,22.89
"2020-09-29 11:18:31.4",3223755,-0.007,-0.153,-0.005,297.8,44.56,22.9
"2020-09-29 11:18:31.5",3223756,-0.008,-0.153,-0.005,297.8,44.57,22.9
"2020-09-29 11:18:31.6",3223757,0.042,-0.24,0.035,297.3,44.56,22.89
"2020-09-29 11:18:31.7",3223758,0.044,-0.241,0.035,297.3,44.53,22.89
"2020-09-29 11:18:31.8",3223759,0.043,-0.241,0.035,297.3,44.52,22.91
"2020-09-29 11:18:31.9",3223760,0.013,-0.27,0.006,297.3,44.54,22.9
"2020-09-29 11:18:32",3223761,0.014,-0.27,0.005,297.3,44.52,22.88
"2020-09-29 11:18:32.1",3223762,-0.007,-0.26,0.036,297.3,44.52,22.9
"2020-09-29 11:18:32.2",3223763,-0.007,-0.26,0.035,297.3,44.53,22.9
"2020-09-29 11:18:32.3",3223764,-0.006,-0.261,0.035,297.3,44.51,22.89
"2020-09-29 11:18:32.4",3223765,-0.026,-0.309,0.094,297.3,44.51,22.9
"2020-09-29 11:18:32.5",3223766,-0.027,-0.309,0.094,297.3,44.53,22.9
"2020-09-29 11:18:32.6",3223767,-0.027,-0.309,0.094,297.3,44.56,22.94
"2020-09-29 11:18:32.7",3223768,-0.026,-0.309,0.094,297.3,44.49,22.91
"2020-09-29 11:18:32.8",3223769,-0.027,-0.309,0.093,297.3,44.51,22.9
"2020-09-29 11:18:32.9",3223770,-0.007,-0.353,0.025,297.4,44.5,22.89
"2020-09-29 11:18:33",3223771,-0.007,-0.353,0.025,297.4,44.48,22.9
"2020-09-29 11:18:33.1",3223772,0.032,-0.309,0.045,297.3,44.49,22.9
"2020-09-29 11:18:33.2",3223773,0.032,-0.309,0.045,297.3,44.49,22.9
"2020-09-29 11:18:33.3",3223774,0.032,-0.31,0.045,297.3,44.48,22.89
"2020-09-29 11:18:33.4",3223775,0.033,-0.309,0.045,297.3,44.47,22.9
"2020-09-29 11:18:33.5",3223776,0.033,-0.309,0.045,297.3,44.49,22.9
"2020-09-29 11:18:33.6",3223777,0.032,-0.309,0.045,297.3,44.49,22.89
"2020-09-29 11:18:33.7",3223778,0.034,-0.31,0.045,297.3,44.47,22.9
"2020-09-29 11:18:33.8",3223779,0.032,-0.31,0.045,297.3,44.49,22.9
"2020-09-29 11:18:33.9",3223780,0.091,-0.309,0.006,297.3,44.49,22.89
"2020-09-29 11:18:34",3223781,0.092,-0.31,0.006,297.3,44.46,22.9
"2020-09-29 11:18:34.1",3223782,0.091,-0.309,0.006,297.3,44.47,22.9
"2020-09-29 11:18:34.2",3223783,0.091,-0.309,0.006,297.3,44.48,22.9
"2020-09-29 11:18:34.3",3223784,0.091,-0.31,0.005,297.3,44.46,22.89
"2020-09-29 11:18:34.4",3223785,0.08,-0.27,-0.015,297.3,44.46,22.91
"2020-09-29 11:18:34.5",3223786,0.082,-0.271,-0.015,297.3,44.48,22.9
"2020-09-29 11:18:34.6",3223787,0.033,-0.23,-0.025,297.3,44.47,22.88
"2020-09-29 11:18:34.7",3223788,0.033,-0.231,-0.024,297.3,44.45,22.9
"2020-09-29 11:18:34.8",3223789,0.032,-0.231,-0.025,297.3,44.47,22.9
"2020-09-29 11:18:34.9",3223790,0.013,-0.269,0.006,297.3,44.47,22.89
"2020-09-29 11:18:35",3223791,0.013,-0.271,0.006,297.3,44.45,22.9
"2020-09-29 11:18:35.1",3223792,-0.008,-0.261,-0.015,297.3,44.51,22.96
"2020-09-29 11:18:35.2",3223793,-0.007,-0.26,-0.016,297.3,44.47,22.9
"2020-09-29 11:18:35.3",3223794,-0.008,-0.261,-0.015,297.3,44.44,22.89
"2020-09-29 11:18:35.4",3223795,-0.063,-0.27,-0.015,297.4,44.43,22.9
"2020-09-29 11:18:35.5",3223796,-0.066,-0.27,-0.014,297.4,44.44,22.9
"2020-09-29 11:18:35.6",3223797,-0.027,-0.309,0.006,297.4,44.43,22.88
"2020-09-29 11:18:35.7",3223798,-0.026,-0.31,0.006,297.4,44.41,22.9
"2020-09-29 11:18:35.8",3223799,-0.028,-0.31,0.006,297.4,44.43,22.9
