"TOA5","10329","CR6","10329","CR6.Std.09.01 CR6-WIFI.04.00.01","CPU:YOUNG81000_HMP60_10Hz.CR6","51185","Young10Hz_hmp"
"TIMESTAMP","RECORD","U","V","W","TSonic","RH","T_HMP60"
"TS","RN","mV","mV","mV","mV","%","Deg C"
"","","Smp","Smp","Smp","Smp","Smp","Smp"
"2020-09-21 09:24:03.8",1687800,-0.028,-0.002,-0.036,296.3,29.12,22.2
"2020-09-21 09:24:03.9",1687801,-0.028,-0.002,-0.036,296.3,29.12,22.2
"2020-09-21 09:24:04",1687802,-0.028,-0.002,-0.035,296.3,29.12,22.2
"2020-09-21 09:24:04.1",1687803,-0.009,-0.032,-0.016,296.3,29.12,22.2
"2020-09-21 09:24:04.2",1687804,-0.008,-0.032,-0.016,296.3,29.12,22.21
"2020-09-21 09:24:04.3",1687805,-0.008,-0.031,-0.016,296.3,29.12,22.21
"2020-09-21 09:24:04.4",1687806,-0.008,-0.032,-0.016,296.3,29.12,22.2
"2020-09-21 09:24:04.5",1687807,-0.008,-0.032,-0.016,296.3,29.12,22.2
"2020-09-21 09:24:04.6",1687808,-0.008,-0.032,-0.016,296.3,29.12,22.21
"2020-09-21 09:24:04.7",1687809,-0.009,-0.032,-0.016,296.3,29.12,22.23
"2020-09-21 09:24:04.8",1687810,-0.009,-0.032,-0.016,296.3,29.12,22.2
"2020-09-21 09:24:04.9",1687811,-0.009,-0.032,-0.016,296.3,29.12,22.2
"2020-09-21 09:24:05",1687812,-0.009,-0.032,-0.016,296.3,29.12,22.2
"2020-09-21 09:24:05.1",1687813,-0.009,-0.032,-0.016,296.3,29.12,22.2
"2020-09-21 09:24:05.2",1687814,-0.008,-0.032,-0.016,296.3,29.12,22.21
"2020-09-21 09:24:05.3",1687815,-0.008,-0.032,-0.016,296.3,29.12,22.21
"2020-09-21 09:24:05.4",1687816,-0.008,-0.032,-0.016,296.3,29.12,22.21
"2020-09-21 09:24:05.5",1687817,-0.008,-0.032,-0.016,296.3,29.12,22.21
"2020-09-21 09:24:05.6",1687818,-0.008,-0.032,-0.016,296.3,29.12,22.21
"2020-09-21 09:24:05.7",1687819,-0.008,-0.032,-0.016,296.3,29.12,22.21
"2020-09-21 09:24:05.8",1687820,-0.047,-0.042,-0.006,296.3,29.12,22.2
"2020-09-21 09:24:05.9",1687821,-0.048,-0.041,-0.006,296.3,29.18,22.23
"2020-09-21 09:24:06",1687822,-0.047,-0.041,-0.006,296.3,29.12,22.2
"2020-09-21 09:24:06.1",1687823,-0.047,-0.041,-0.006,296.3,29.12,22.2
"2020-09-21 09:24:06.2",1687824,-0.047,-0.041,-0.006,296.3,29.12,22.21
"2020-09-21 09:24:06.3",1687825,-0.047,-0.042,-0.006,296.3,29.12,22.21
"2020-09-21 09:24:06.4",1687826,-0.047,-0.041,-0.006,296.3,29.12,22.21
"2020-09-21 09:24:06.5",1687827,-0.047,-0.041,-0.006,296.3,29.12,22.2
"2020-09-21 09:24:06.6",1687828,-0.047,-0.041,-0.006,296.3,29.12,22.2
"2020-09-21 09:24:06.7",1687829,-0.047,-0.041,-0.006,296.3,29.12,22.2
"2020-09-21 09:24:06.8",1687830,-0.047,-0.041,-0.006,296.3,29.12,22.2
"2020-09-21 09:24:06.9",1687831,-0.047,-0.041,-0.006,296.3,29.12,22.2
"2020-09-21 09:24:07",1687832,-0.047,-0.041,-0.006,296.3,29.12,22.2
"2020-09-21 09:24:07.1",1687833,-0.047,-0.041,-0.006,296.3,29.12,22.2
"2020-09-21 09:24:07.2",1687834,-0.048,-0.041,-0.006,296.3,29.12,22.23
"2020-09-21 09:24:07.3",1687835,-0.048,-0.041,-0.006,296.3,29.12,22.2
"2020-09-21 09:24:07.4",1687836,-0.047,-0.041,-0.006,296.3,29.12,22.2
"2020-09-21 09:24:07.5",1687837,-0.047,-0.041,-0.006,296.3,29.12,22.2
"2020-09-21 09:24:07.6",1687838,-0.047,-0.041,-0.006,296.3,29.12,22.2
"2020-09-21 09:24:07.7",1687839,-0.048,-0.041,-0.006,296.3,29.12,22.2
"2020-09-21 09:24:07.8",1687840,-0.008,-0.032,-0.016,296.3,29.12,22.2
"2020-09-21 09:24:07.9",1687841,-0.008,-0.032,-0.016,296.3,29.12,22.21
"2020-09-21 09:24:08",1687842,-0.009,-0.032,-0.016,296.3,29.12,22.21
"2020-09-21 09:24:08.1",1687843,-0.008,-0.032,-0.016,296.3,29.12,22.21
"2020-09-21 09:24:08.2",1687844,-0.008,-0.032,-0.016,296.3,29.12,22.2
"2020-09-21 09:24:08.3",1687845,-0.008,-0.002,-0.006,296.3,29.12,22.21
"2020-09-21 09:24:08.4",1687846,-0.008,-0.002,-0.006,296.3,29.18,22.21
"2020-09-21 09:24:08.5",1687847,-0.008,-0.002,-0.006,296.3,29.12,22.2
"2020-09-21 09:24:08.6",1687848,-0.009,-0.002,-0.006,296.3,29.12,22.2
"2020-09-21 09:24:08.7",1687849,-0.008,-0.002,-0.006,296.3,29.12,22.2
"2020-09-21 09:24:08.8",1687850,-0.008,-0.032,-0.016,296.3,29.12,22.2
"2020-09-21 09:24:08.9",1687851,-0.008,-0.032,-0.016,296.3,29.12,22.2
"2020-09-21 09:24:09",1687852,-0.008,-0.031,-0.016,296.3,29.12,22.2
"2020-09-21 09:24:09.1",1687853,-0.008,-0.032,-0.016,296.3,29.12,22.21
"2020-09-21 09:24:09.2",1687854,-0.009,-0.032,-0.016,296.3,29.12,22.2
"2020-09-21 09:24:09.3",1687855,-0.009,-0.032,-0.016,296.3,29.12,22.21
"2020-09-21 09:24:09.4",1687856,-0.008,-0.032,-0.016,296.3,29.12,22.2
"2020-09-21 09:24:09.5",1687857,-0.008,-0.032,-0.016,296.3,29.12,22.21
"2020-09-21 09:24:09.6",1687858,-0.008,-0.032,-0.016,296.3,29.12,22.21
"2020-09-21 09:24:09.7",1687859,-0.008,-0.032,-0.016,296.3,29.13,22.24
"2020-09-21 09:24:09.8",1687860,-0.028,-0.002,0.025,296.3,29.13,22.2
"2020-09-21 09:24:09.9",1687861,-0.028,-0.002,0.025,296.3,29.12,22.2
"2020-09-21 09:24:10",1687862,-0.028,-0.002,0.025,296.3,29.12,22.2
"2020-09-21 09:24:10.1",1687863,-0.008,-0.002,-0.006,296.4,29.12,22.2
"2020-09-21 09:24:10.2",1687864,-0.009,-0.002,-0.006,296.4,29.12,22.21
"2020-09-21 09:24:10.3",1687865,-0.008,-0.002,-0.006,296.4,29.12,22.2
"2020-09-21 09:24:10.4",1687866,-0.009,-0.002,-0.006,296.4,29.12,22.2
"2020-09-21 09:24:10.5",1687867,-0.009,-0.002,-0.006,296.4,29.12,22.2
"2020-09-21 09:24:10.6",1687868,-0.008,-0.002,-0.006,296.4,29.12,22.2
"2020-09-21 09:24:10.7",1687869,-0.009,-0.002,-0.006,296.4,29.12,22.2
"2020-09-21 09:24:10.8",1687870,-0.028,-0.002,0.025,296.3,29.12,22.2
"2020-09-21 09:24:10.9",1687871,-0.028,-0.002,0.025,296.3,29.16,22.2
"2020-09-21 09:24:11",1687872,-0.028,-0.002,0.025,296.3,29.12,22.2
"2020-09-21 09:24:11.1",1687873,-0.028,-0.002,0.024,296.5,29.12,22.2
"2020-09-21 09:24:11.2",1687874,-0.028,-0.002,0.025,296.5,29.12,22.2
"2020-09-21 09:24:11.3",1687875,-0.028,-0.002,0.025,296.5,29.12,22.2
"2020-09-21 09:24:11.4",1687876,-0.028,-0.002,0.025,296.5,29.12,22.2
"2020-09-21 09:24:11.5",1687877,-0.028,-0.002,0.024,296.5,29.12,22.2
"2020-09-21 09:24:11.6",1687878,0.012,0.008,0.025,296.5,29.12,22.2
"2020-09-21 09:24:11.7",1687879,0.012,0.008,0.025,296.5,29.12,22.2
"2020-09-21 09:24:11.8",1687880,-0.008,0.008,0.044,296.6,29.12,22.2
"2020-09-21 09:24:11.9",1687881,-0.008,0.008,0.044,296.6,29.12,22.2
"2020-09-21 09:24:12",1687882,-0.009,0.008,0.044,296.6,29.12,22.2
"2020-09-21 09:24:12.1",1687883,-0.008,-0.002,-0.006,296.5,29.12,22.21
"2020-09-21 09:24:12.2",1687884,-0.009,-0.002,-0.006,296.5,29.15,22.25
"2020-09-21 09:24:12.3",1687885,-0.008,-0.002,-0.006,296.5,29.12,22.2
"2020-09-21 09:24:12.4",1687886,-0.008,-0.002,-0.006,296.5,29.12,22.2
"2020-09-21 09:24:12.5",1687887,-0.009,-0.002,-0.006,296.5,29.12,22.2
"2020-09-21 09:24:12.6",1687888,0.012,-0.041,0.025,296.5,29.12,22.2
"2020-09-21 09:24:12.7",1687889,0.012,-0.041,0.024,296.5,29.12,22.2
"2020-09-21 09:24:12.8",1687890,-0.009,0.008,0.044,296.5,29.12,22.2
"2020-09-21 09:24:12.9",1687891,-0.008,0.008,0.044,296.5,29.12,22.2
"2020-09-21 09:24:13",1687892,-0.009,0.008,0.044,296.5,29.12,22.2
"2020-09-21 09:24:13.1",1687893,-0.028,-0.002,0.025,296.5,29.12,22.2
"2020-09-21 09:24:13.2",1687894,-0.028,-0.002,0.025,296.5,29.12,22.2
"2020-09-21 09:24:13.3",1687895,-0.018,-0.041,0.044,296.7,29.12,22.2
"2020-09-21 09:24:13.4",1687896,-0.018,-0.041,0.044,296.7,29.13,22.2
"2020-09-21 09:24:13.5",1687897,-0.018,-0.041,0.044,296.7,29.12,22.2
"2020-09-21 09:24:13.6",1687898,-0.008,-0.002,0.073,296.8,29.12,22.2
"2020-09-21 09:24:13.7",1687899,-0.008,-0.002,0.073,296.8,29.12,22.2
"2020-09-21 09:24:13.8",1687900,-0.009,-0.002,0.073,296.9,29.12,22.2
"2020-09-21 09:24:13.9",1687901,-0.009,-0.002,0.073,296.9,29.12,22.2
"2020-09-21 09:24:14",1687902,-0.008,-0.002,0.074,296.9,29.12,22.2
"2020-09-21 09:24:14.1",1687903,-0.008,0.009,0.044,297,29.12,22.2
"2020-09-21 09:24:14.2",1687904,-0.009,0.008,0.044,297,29.12,22.2
"2020-09-21 09:24:14.3",1687905,-0.008,0.008,0.044,297,29.12,22.2
"2020-09-21 09:24:14.4",1687906,-0.009,0.008,0.044,297,29.12,22.2
"2020-09-21 09:24:14.5",1687907,-0.009,0.008,0.044,297,29.12,22.2
"2020-09-21 09:24:14.6",1687908,-0.018,-0.041,0.044,296.9,29.12,22.2
"2020-09-21 09:24:14.7",1687909,-0.018,-0.041,0.044,296.9,29.16,22.26
"2020-09-21 09:24:14.8",1687910,-0.028,-0.002,0.093,296.8,29.12,22.2
"2020-09-21 09:24:14.9",1687911,-0.028,-0.002,0.093,296.8,29.12,22.2
"2020-09-21 09:24:15",1687912,-0.028,-0.002,0.093,296.8,29.12,22.2
"2020-09-21 09:24:15.1",1687913,-0.009,0.008,0.044,296.6,29.12,22.2
"2020-09-21 09:24:15.2",1687914,-0.008,0.008,0.044,296.6,29.12,22.2
"2020-09-21 09:24:15.3",1687915,-0.028,-0.002,0.025,296.5,29.12,22.2
"2020-09-21 09:24:15.4",1687916,-0.028,-0.002,0.025,296.5,29.12,22.21
"2020-09-21 09:24:15.5",1687917,-0.028,-0.002,0.025,296.5,29.12,22.2
"2020-09-21 09:24:15.6",1687918,-0.028,-0.002,0.025,296.6,29.12,22.21
"2020-09-21 09:24:15.7",1687919,-0.028,-0.002,0.025,296.5,29.12,22.2
"2020-09-21 09:24:15.8",1687920,-0.028,-0.002,0.024,296.5,29.12,22.2
"2020-09-21 09:24:15.9",1687921,-0.028,-0.002,0.025,296.5,29.12,22.21
"2020-09-21 09:24:16",1687922,-0.028,-0.002,0.025,296.5,29.13,22.2
"2020-09-21 09:24:16.1",1687923,-0.048,0.008,-0.006,296.5,29.12,22.2
"2020-09-21 09:24:16.2",1687924,-0.048,0.008,-0.006,296.5,29.12,22.2
"2020-09-21 09:24:16.3",1687925,-0.048,0.008,-0.006,296.5,29.12,22.2
"2020-09-21 09:24:16.4",1687926,-0.048,0.008,-0.006,296.5,29.12,22.2
"2020-09-21 09:24:16.5",1687927,-0.047,0.008,-0.006,296.5,29.12,22.2
"2020-09-21 09:24:16.6",1687928,-0.048,0.008,-0.006,296.5,29.12,22.2
"2020-09-21 09:24:16.7",1687929,-0.048,0.008,-0.006,296.5,29.12,22.2
"2020-09-21 09:24:16.8",1687930,-0.048,0.009,-0.006,296.5,29.12,22.2
"2020-09-21 09:24:16.9",1687931,-0.047,0.009,-0.006,296.5,29.12,22.2
"2020-09-21 09:24:17",1687932,-0.047,0.009,-0.006,296.5,29.12,22.2
"2020-09-21 09:24:17.1",1687933,-0.048,0.008,-0.006,296.5,29.12,22.2
"2020-09-21 09:24:17.2",1687934,-0.048,0.008,-0.006,296.5,29.16,22.26
"2020-09-21 09:24:17.3",1687935,-0.028,-0.002,0.024,296.4,29.12,22.2
"2020-09-21 09:24:17.4",1687936,-0.028,-0.002,0.025,296.4,29.12,22.2
"2020-09-21 09:24:17.5",1687937,-0.028,-0.002,0.024,296.4,29.12,22.21
"2020-09-21 09:24:17.6",1687938,-0.018,-0.041,0.044,296.4,29.12,22.21
"2020-09-21 09:24:17.7",1687939,-0.018,-0.041,0.044,296.4,29.12,22.2
"2020-09-21 09:24:17.8",1687940,-0.028,-0.002,0.025,296.5,29.12,22.2
"2020-09-21 09:24:17.9",1687941,-0.028,-0.002,0.025,296.5,29.12,22.2
"2020-09-21 09:24:18",1687942,-0.028,-0.002,0.025,296.5,29.12,22.21
"2020-09-21 09:24:18.1",1687943,-0.018,-0.042,0.044,296.6,29.12,22.2
"2020-09-21 09:24:18.2",1687944,-0.018,-0.041,0.044,296.6,29.12,22.21
"2020-09-21 09:24:18.3",1687945,-0.018,-0.041,0.044,296.6,29.12,22.2
"2020-09-21 09:24:18.4",1687946,-0.018,-0.041,0.044,296.6,29.12,22.2
"2020-09-21 09:24:18.5",1687947,-0.018,-0.041,0.044,296.6,29.12,22.2
"2020-09-21 09:24:18.6",1687948,-0.028,-0.002,0.025,296.5,29.12,22.2
"2020-09-21 09:24:18.7",1687949,-0.028,-0.002,0.025,296.6,29.12,22.2
"2020-09-21 09:24:18.8",1687950,-0.057,0.008,0.073,296.5,29.12,22.2
"2020-09-21 09:24:18.9",1687951,-0.058,0.009,0.073,296.5,29.12,22.2
"2020-09-21 09:24:19",1687952,-0.057,0.008,0.073,296.5,29.12,22.2
"2020-09-21 09:24:19.1",1687953,-0.077,-0.002,0.044,296.4,29.12,22.2
"2020-09-21 09:24:19.2",1687954,-0.077,-0.002,0.044,296.4,29.12,22.2
"2020-09-21 09:24:19.3",1687955,-0.077,-0.002,0.044,296.4,29.12,22.2
"2020-09-21 09:24:19.4",1687956,-0.077,-0.002,0.044,296.4,29.12,22.21
"2020-09-21 09:24:19.5",1687957,-0.077,-0.002,0.044,296.4,29.12,22.2
"2020-09-21 09:24:19.6",1687958,-0.077,-0.002,0.044,296.4,29.12,22.21
"2020-09-21 09:24:19.7",1687959,-0.077,-0.002,0.044,296.4,29.18,22.26
"2020-09-21 09:24:19.8",1687960,-0.077,-0.002,0.044,296.4,29.12,22.2
"2020-09-21 09:24:19.9",1687961,-0.077,-0.002,0.044,296.4,29.12,22.2
"2020-09-21 09:24:20",1687962,-0.077,-0.002,0.044,296.4,29.12,22.2
"2020-09-21 09:24:20.1",1687963,-0.131,-0.002,0.073,296.3,29.12,22.2
"2020-09-21 09:24:20.2",1687964,-0.131,-0.002,0.073,296.3,29.12,22.2
"2020-09-21 09:24:20.3",1687965,-0.077,-0.002,0.044,296.3,29.12,22.2
"2020-09-21 09:24:20.4",1687966,-0.077,-0.002,0.044,296.3,29.12,22.2
"2020-09-21 09:24:20.5",1687967,-0.077,-0.002,0.044,296.3,29.12,22.2
"2020-09-21 09:24:20.6",1687968,-0.096,-0.041,0.015,296.3,29.12,22.2
"2020-09-21 09:24:20.7",1687969,-0.096,-0.041,0.015,296.3,29.12,22.2
"2020-09-21 09:24:20.8",1687970,-0.096,-0.041,0.015,296.3,29.12,22.2
"2020-09-21 09:24:20.9",1687971,-0.096,-0.041,0.015,296.3,29.12,22.2
"2020-09-21 09:24:21",1687972,-0.096,-0.041,0.015,296.3,29.12,22.21
"2020-09-21 09:24:21.1",1687973,-0.048,-0.051,0.073,296.3,29.12,22.2
"2020-09-21 09:24:21.2",1687974,-0.047,-0.051,0.073,296.3,29.12,22.2
"2020-09-21 09:24:21.3",1687975,-0.057,0.008,0.073,296.3,29.12,22.2
"2020-09-21 09:24:21.4",1687976,-0.057,0.008,0.073,296.3,29.12,22.2
"2020-09-21 09:24:21.5",1687977,-0.057,0.008,0.073,296.3,29.12,22.2
"2020-09-21 09:24:21.6",1687978,-0.028,-0.002,0.025,296.4,29.12,22.21
"2020-09-21 09:24:21.7",1687979,-0.028,-0.002,0.024,296.4,29.12,22.21
"2020-09-21 09:24:21.8",1687980,-0.008,-0.002,0.074,296.4,29.12,22.21
"2020-09-21 09:24:21.9",1687981,-0.008,-0.002,0.073,296.4,29.12,22.21
"2020-09-21 09:24:22",1687982,-0.008,-0.002,0.073,296.4,29.12,22.21
"2020-09-21 09:24:22.1",1687983,-0.028,-0.002,0.093,296.4,29.12,22.2
"2020-09-21 09:24:22.2",1687984,-0.028,-0.002,0.093,296.4,29.18,22.25
"2020-09-21 09:24:22.3",1687985,-0.028,-0.002,0.093,296.5,29.12,22.2
"2020-09-21 09:24:22.4",1687986,-0.028,-0.002,0.093,296.5,29.12,22.2
"2020-09-21 09:24:22.5",1687987,-0.028,-0.002,0.093,296.5,29.12,22.2
"2020-09-21 09:24:22.6",1687988,-0.048,-0.051,0.073,296.5,29.12,22.2
"2020-09-21 09:24:22.7",1687989,-0.047,-0.051,0.073,296.6,29.12,22.2
"2020-09-21 09:24:22.8",1687990,-0.018,-0.041,0.044,296.6,29.12,22.2
"2020-09-21 09:24:22.9",1687991,-0.018,-0.041,0.044,296.6,29.12,22.2
"2020-09-21 09:24:23",1687992,-0.018,-0.041,0.044,296.6,29.12,22.2
"2020-09-21 09:24:23.1",1687993,-0.028,-0.002,0.093,296.6,29.12,22.2
"2020-09-21 09:24:23.2",1687994,-0.028,-0.002,0.093,296.6,29.12,22.2
"2020-09-21 09:24:23.3",1687995,-0.009,-0.002,0.074,296.6,29.12,22.2
"2020-09-21 09:24:23.4",1687996,-0.009,-0.002,0.073,296.6,29.12,22.21
"2020-09-21 09:24:23.5",1687997,-0.008,-0.002,0.073,296.6,29.12,22.23
"2020-09-21 09:24:23.6",1687998,0.012,0.008,0.093,296.6,29.13,22.2
"2020-09-21 09:24:23.7",1687999,0.012,0.008,0.093,296.6,29.13,22.2
"2020-09-21 09:24:23.8",1688000,-0.009,-0.002,0.074,296.6,29.12,22.2
"2020-09-21 09:24:23.9",1688001,-0.008,-0.002,0.074,296.6,29.12,22.2
"2020-09-21 09:24:24",1688002,-0.008,-0.002,0.073,296.6,29.12,22.2
"2020-09-21 09:24:24.1",1688003,-0.009,-0.002,0.073,296.5,29.12,22.2
"2020-09-21 09:24:24.2",1688004,-0.009,-0.002,0.073,296.5,29.12,22.2
"2020-09-21 09:24:24.3",1688005,-0.008,-0.002,0.073,296.5,29.12,22.2
"2020-09-21 09:24:24.4",1688006,-0.008,-0.002,0.074,296.5,29.12,22.2
"2020-09-21 09:24:24.5",1688007,-0.009,-0.002,0.073,296.5,29.12,22.2
"2020-09-21 09:24:24.6",1688008,-0.018,-0.041,0.044,296.5,29.12,22.2
"2020-09-21 09:24:24.7",1688009,-0.018,-0.041,0.044,296.5,29.18,22.22
"2020-09-21 09:24:24.8",1688010,-0.018,-0.041,0.044,296.5,29.12,22.2
"2020-09-21 09:24:24.9",1688011,-0.018,-0.041,0.044,296.5,29.12,22.2
"2020-09-21 09:24:25",1688012,-0.018,-0.041,0.044,296.5,29.12,22.2
"2020-09-21 09:24:25.1",1688013,-0.018,-0.041,0.044,296.5,29.12,22.2
"2020-09-21 09:24:25.2",1688014,-0.018,-0.041,0.044,296.5,29.12,22.2
"2020-09-21 09:24:25.3",1688015,-0.018,-0.041,0.044,296.4,29.12,22.21
"2020-09-21 09:24:25.4",1688016,-0.018,-0.041,0.044,296.4,29.12,22.21
"2020-09-21 09:24:25.5",1688017,-0.018,-0.041,0.044,296.4,29.12,22.21
"2020-09-21 09:24:25.6",1688018,-0.028,-0.071,0.015,296.3,29.12,22.2
"2020-09-21 09:24:25.7",1688019,-0.028,-0.07,0.015,296.3,29.12,22.2
"2020-09-21 09:24:25.8",1688020,-0.028,-0.002,0.025,296.3,29.12,22.2
"2020-09-21 09:24:25.9",1688021,-0.028,-0.002,0.024,296.3,29.12,22.2
"2020-09-21 09:24:26",1688022,-0.028,-0.002,0.024,296.3,29.12,22.24
"2020-09-21 09:24:26.1",1688023,-0.028,-0.002,0.025,296.3,29.12,22.2
"2020-09-21 09:24:26.2",1688024,-0.028,-0.002,0.025,296.3,29.12,22.2
"2020-09-21 09:24:26.3",1688025,-0.048,-0.051,0.073,296.2,29.12,22.2
"2020-09-21 09:24:26.4",1688026,-0.048,-0.051,0.073,296.2,29.12,22.2
"2020-09-21 09:24:26.5",1688027,-0.048,-0.051,0.073,296.2,29.12,22.2
"2020-09-21 09:24:26.6",1688028,-0.048,-0.041,-0.006,296.3,29.12,22.2
"2020-09-21 09:24:26.7",1688029,-0.047,-0.041,-0.006,296.3,29.12,22.2
"2020-09-21 09:24:26.8",1688030,-0.047,-0.041,-0.006,296.3,29.12,22.2
"2020-09-21 09:24:26.9",1688031,-0.048,-0.041,-0.006,296.3,29.12,22.2
"2020-09-21 09:24:27",1688032,-0.048,-0.041,-0.006,296.3,29.12,22.2
"2020-09-21 09:24:27.1",1688033,-0.077,-0.002,0.044,296.4,29.12,22.2
"2020-09-21 09:24:27.2",1688034,-0.077,-0.002,0.044,296.4,29.18,22.2
"2020-09-21 09:24:27.3",1688035,-0.131,-0.002,0.073,296.5,29.12,22.2
"2020-09-21 09:24:27.4",1688036,-0.131,-0.002,0.074,296.5,29.12,22.2
"2020-09-21 09:24:27.5",1688037,-0.131,-0.002,0.074,296.4,29.12,22.2
"2020-09-21 09:24:27.6",1688038,-0.13,-0.002,0.073,296.6,29.12,22.2
"2020-09-21 09:24:27.7",1688039,-0.13,-0.002,0.073,296.6,29.12,22.2
"2020-09-21 09:24:27.8",1688040,-0.131,-0.002,0.074,296.6,29.12,22.2
"2020-09-21 09:24:27.9",1688041,-0.13,-0.002,0.073,296.5,29.12,22.2
"2020-09-21 09:24:28",1688042,-0.13,-0.002,0.073,296.6,29.12,22.2
"2020-09-21 09:24:28.1",1688043,-0.077,-0.002,0.044,296.6,29.12,22.2
"2020-09-21 09:24:28.2",1688044,-0.077,-0.002,0.044,296.6,29.12,22.2
"2020-09-21 09:24:28.3",1688045,-0.057,0.008,0.073,296.6,29.12,22.2
"2020-09-21 09:24:28.4",1688046,-0.057,0.008,0.074,296.6,29.12,22.2
"2020-09-21 09:24:28.5",1688047,-0.057,0.009,0.073,296.6,29.15,22.24
"2020-09-21 09:24:28.6",1688048,-0.077,0.057,0.117,296.7,29.12,22.2
"2020-09-21 09:24:28.7",1688049,-0.077,0.057,0.117,296.7,29.12,22.2
"2020-09-21 09:24:28.8",1688050,-0.096,0.086,0.166,296.8,29.12,22.2
"2020-09-21 09:24:28.9",1688051,-0.096,0.087,0.166,296.8,29.12,22.2
"2020-09-21 09:24:29",1688052,-0.096,0.086,0.166,296.8,29.12,22.2
"2020-09-21 09:24:29.1",1688053,-0.028,0.047,0.166,296.8,29.12,22.2
"2020-09-21 09:24:29.2",1688054,-0.028,0.047,0.166,296.8,29.12,22.2
"2020-09-21 09:24:29.3",1688055,-0.077,-0.002,0.117,296.8,29.12,22.2
"2020-09-21 09:24:29.4",1688056,-0.077,-0.002,0.117,296.8,29.12,22.2
"2020-09-21 09:24:29.5",1688057,-0.077,-0.002,0.117,296.8,29.12,22.21
"2020-09-21 09:24:29.6",1688058,-0.077,-0.002,0.117,296.7,29.12,22.2
"2020-09-21 09:24:29.7",1688059,-0.077,-0.002,0.117,296.7,29.16,22.21
"2020-09-21 09:24:29.8",1688060,-0.028,-0.002,0.093,296.6,29.12,22.2
"2020-09-21 09:24:29.9",1688061,-0.028,-0.002,0.093,296.6,29.12,22.2
"2020-09-21 09:24:30",1688062,-0.028,-0.002,0.093,296.6,29.12,22.2
"2020-09-21 09:24:30.1",1688063,-0.008,0.008,0.117,296.7,29.12,22.2
"2020-09-21 09:24:30.2",1688064,-0.008,0.009,0.117,296.7,29.12,22.21
"2020-09-21 09:24:30.3",1688065,-0.048,-0.051,0.147,296.7,29.12,22.2
"2020-09-21 09:24:30.4",1688066,-0.047,-0.051,0.147,296.7,29.12,22.21
"2020-09-21 09:24:30.5",1688067,-0.048,-0.051,0.147,296.7,29.12,22.2
"2020-09-21 09:24:30.6",1688068,-0.028,-0.002,0.093,296.5,29.12,22.2
"2020-09-21 09:24:30.7",1688069,-0.028,-0.002,0.093,296.5,29.12,22.2
"2020-09-21 09:24:30.8",1688070,-0.077,-0.002,0.117,296.6,29.12,22.2
"2020-09-21 09:24:30.9",1688071,-0.077,-0.002,0.117,296.5,29.12,22.2
"2020-09-21 09:24:31",1688072,-0.077,-0.002,0.117,296.5,29.15,22.26
"2020-09-21 09:24:31.1",1688073,-0.028,-0.002,0.093,296.5,29.12,22.2
"2020-09-21 09:24:31.2",1688074,-0.028,-0.002,0.093,296.5,29.12,22.2
"2020-09-21 09:24:31.3",1688075,-0.077,-0.002,0.044,296.6,29.12,22.2
"2020-09-21 09:24:31.4",1688076,-0.077,-0.002,0.044,296.6,29.12,22.21
"2020-09-21 09:24:31.5",1688077,-0.077,-0.002,0.044,296.6,29.12,22.2
"2020-09-21 09:24:31.6",1688078,-0.028,-0.002,0.093,296.6,29.12,22.21
"2020-09-21 09:24:31.7",1688079,-0.028,-0.002,0.093,296.6,29.12,22.21
"2020-09-21 09:24:31.8",1688080,-0.009,-0.002,0.147,296.6,29.12,22.21
"2020-09-21 09:24:31.9",1688081,-0.008,-0.002,0.147,296.6,29.12,22.21
"2020-09-21 09:24:32",1688082,-0.009,-0.003,0.147,296.6,29.12,22.21
"2020-09-21 09:24:32.1",1688083,-0.018,-0.041,0.117,296.5,29.12,22.21
"2020-09-21 09:24:32.2",1688084,-0.018,-0.041,0.117,296.6,29.13,22.21
"2020-09-21 09:24:32.3",1688085,-0.048,-0.051,0.073,296.5,29.12,22.21
"2020-09-21 09:24:32.4",1688086,-0.048,-0.051,0.073,296.5,29.12,22.21
"2020-09-21 09:24:32.5",1688087,-0.048,-0.051,0.073,296.5,29.12,22.21
"2020-09-21 09:24:32.6",1688088,-0.047,-0.051,0.074,296.4,29.12,22.21
"2020-09-21 09:24:32.7",1688089,-0.048,-0.051,0.073,296.5,29.12,22.21
"2020-09-21 09:24:32.8",1688090,-0.086,-0.081,0.034,296.4,29.12,22.21
"2020-09-21 09:24:32.9",1688091,-0.086,-0.08,0.034,296.4,29.12,22.2
"2020-09-21 09:24:33",1688092,-0.087,-0.08,0.034,296.4,29.12,22.2
"2020-09-21 09:24:33.1",1688093,-0.14,-0.081,0.074,296.3,29.12,22.2
"2020-09-21 09:24:33.2",1688094,-0.14,-0.08,0.074,296.3,29.12,22.2
"2020-09-21 09:24:33.3",1688095,-0.131,-0.115,0.054,296.4,29.12,22.2
"2020-09-21 09:24:33.4",1688096,-0.131,-0.115,0.054,296.4,29.12,22.2
"2020-09-21 09:24:33.5",1688097,-0.13,-0.115,0.054,296.4,29.15,22.26
"2020-09-21 09:24:33.6",1688098,-0.131,-0.115,0.054,296.4,29.12,22.21
"2020-09-21 09:24:33.7",1688099,-0.131,-0.115,0.054,296.4,29.12,22.2
"2020-09-21 09:24:33.8",1688100,-0.13,-0.115,0.054,296.4,29.12,22.2
"2020-09-21 09:24:33.9",1688101,-0.131,-0.115,0.054,296.4,29.12,22.2
"2020-09-21 09:24:34",1688102,-0.131,-0.115,0.054,296.4,29.12,22.2
"2020-09-21 09:24:34.1",1688103,-0.14,-0.081,0.074,296.4,29.12,22.2
"2020-09-21 09:24:34.2",1688104,-0.14,-0.081,0.074,296.4,29.12,22.2
"2020-09-21 09:24:34.3",1688105,-0.14,-0.081,0.074,296.4,29.12,22.2
"2020-09-21 09:24:34.4",1688106,-0.14,-0.081,0.074,296.4,29.12,22.21
"2020-09-21 09:24:34.5",1688107,-0.14,-0.081,0.073,296.4,29.12,22.21
"2020-09-21 09:24:34.6",1688108,-0.14,-0.081,0.073,296.4,29.12,22.21
"2020-09-21 09:24:34.7",1688109,-0.14,-0.08,0.073,296.4,29.12,22.21
"2020-09-21 09:24:34.8",1688110,-0.14,-0.081,0.073,296.4,29.12,22.2
"2020-09-21 09:24:34.9",1688111,-0.14,-0.081,0.074,296.4,29.12,22.2
"2020-09-21 09:24:35",1688112,-0.14,-0.081,0.073,296.4,29.12,22.2
"2020-09-21 09:24:35.1",1688113,-0.096,-0.124,0.093,296.4,29.12,22.2
"2020-09-21 09:24:35.2",1688114,-0.096,-0.124,0.093,296.4,29.12,22.2
"2020-09-21 09:24:35.3",1688115,-0.087,-0.08,0.117,296.5,29.12,22.2
"2020-09-21 09:24:35.4",1688116,-0.086,-0.081,0.117,296.5,29.12,22.21
"2020-09-21 09:24:35.5",1688117,-0.087,-0.081,0.117,296.5,29.12,22.2
"2020-09-21 09:24:35.6",1688118,-0.028,-0.081,0.166,296.5,29.12,22.21
"2020-09-21 09:24:35.7",1688119,-0.028,-0.081,0.166,296.5,29.12,22.2
"2020-09-21 09:24:35.8",1688120,-0.028,-0.081,0.166,296.5,29.12,22.21
"2020-09-21 09:24:35.9",1688121,-0.028,-0.081,0.166,296.5,29.12,22.2
"2020-09-21 09:24:36",1688122,-0.028,-0.08,0.166,296.5,29.18,22.26
"2020-09-21 09:24:36.1",1688123,-0.047,-0.051,0.147,296.5,29.12,22.2
"2020-09-21 09:24:36.2",1688124,-0.047,-0.051,0.147,296.5,29.12,22.2
"2020-09-21 09:24:36.3",1688125,-0.077,-0.002,0.117,296.7,29.12,22.2
"2020-09-21 09:24:36.4",1688126,-0.077,-0.002,0.117,296.7,29.12,22.2
"2020-09-21 09:24:36.5",1688127,-0.077,-0.002,0.117,296.7,29.12,22.2
"2020-09-21 09:24:36.6",1688128,-0.077,-0.002,0.117,296.7,29.12,22.2
"2020-09-21 09:24:36.7",1688129,-0.077,-0.002,0.117,296.7,29.12,22.2
"2020-09-21 09:24:36.8",1688130,-0.057,0.009,0.147,296.8,29.12,22.2
"2020-09-21 09:24:36.9",1688131,-0.058,0.008,0.147,296.8,29.12,22.2
"2020-09-21 09:24:37",1688132,-0.057,0.008,0.147,296.8,29.12,22.2
"2020-09-21 09:24:37.1",1688133,-0.009,-0.002,0.137,296.9,29.12,22.2
"2020-09-21 09:24:37.2",1688134,-0.008,-0.002,0.137,296.9,29.12,22.2
"2020-09-21 09:24:37.3",1688135,-0.008,-0.002,0.147,296.9,29.12,22.22
"2020-09-21 09:24:37.4",1688136,-0.009,-0.002,0.147,296.9,29.12,22.2
"2020-09-21 09:24:37.5",1688137,-0.008,-0.002,0.147,296.9,29.12,22.2
"2020-09-21 09:24:37.6",1688138,-0.028,-0.081,0.093,296.9,29.12,22.2
"2020-09-21 09:24:37.7",1688139,-0.028,-0.08,0.093,296.9,29.12,22.2
"2020-09-21 09:24:37.8",1688140,0.011,-0.041,0.093,296.9,29.12,22.2
"2020-09-21 09:24:37.9",1688141,0.012,-0.041,0.093,296.9,29.12,22.21
"2020-09-21 09:24:38",1688142,0.012,-0.041,0.093,296.9,29.12,22.2
"2020-09-21 09:24:38.1",1688143,0.012,-0.032,0.083,296.9,29.12,22.2
"2020-09-21 09:24:38.2",1688144,0.012,-0.032,0.083,296.9,29.12,22.21
"2020-09-21 09:24:38.3",1688145,0.012,0.008,0.093,296.9,29.12,22.2
"2020-09-21 09:24:38.4",1688146,0.012,0.009,0.093,296.9,29.12,22.21
"2020-09-21 09:24:38.5",1688147,0.012,0.008,0.093,296.9,29.18,22.25
"2020-09-21 09:24:38.6",1688148,0.031,-0.002,0.044,296.8,29.12,22.2
"2020-09-21 09:24:38.7",1688149,0.031,-0.002,0.044,296.8,29.12,22.2
"2020-09-21 09:24:38.8",1688150,-0.008,-0.002,0.073,296.8,29.12,22.2
"2020-09-21 09:24:38.9",1688151,-0.008,-0.002,0.074,296.8,29.12,22.2
"2020-09-21 09:24:39",1688152,-0.008,-0.003,0.073,296.8,29.12,22.2
"2020-09-21 09:24:39.1",1688153,-0.009,-0.002,0.073,296.8,29.12,22.2
"2020-09-21 09:24:39.2",1688154,-0.008,-0.002,0.073,296.8,29.12,22.2
"2020-09-21 09:24:39.3",1688155,-0.028,-0.002,0.093,296.8,29.12,22.2
"2020-09-21 09:24:39.4",1688156,-0.028,-0.002,0.093,296.8,29.12,22.21
"2020-09-21 09:24:39.5",1688157,-0.028,-0.002,0.093,296.8,29.12,22.21
"2020-09-21 09:24:39.6",1688158,-0.008,0.008,0.117,296.7,29.12,22.21
"2020-09-21 09:24:39.7",1688159,-0.009,0.008,0.117,296.7,29.12,22.21
"2020-09-21 09:24:39.8",1688160,-0.018,-0.041,0.117,296.7,29.12,22.23
"2020-09-21 09:24:39.9",1688161,-0.018,-0.041,0.117,296.7,29.12,22.2
"2020-09-21 09:24:40",1688162,-0.018,-0.041,0.117,296.7,29.12,22.2
"2020-09-21 09:24:40.1",1688163,-0.028,-0.002,0.093,296.6,29.12,22.2
"2020-09-21 09:24:40.2",1688164,-0.028,-0.002,0.093,296.6,29.12,22.2
"2020-09-21 09:24:40.3",1688165,-0.096,0.008,0.093,296.5,29.12,22.2
"2020-09-21 09:24:40.4",1688166,-0.096,0.008,0.093,296.5,29.12,22.2
"2020-09-21 09:24:40.5",1688167,-0.096,0.008,0.093,296.5,29.12,22.2
"2020-09-21 09:24:40.6",1688168,-0.096,0.008,0.093,296.5,29.12,22.2
"2020-09-21 09:24:40.7",1688169,-0.096,0.008,0.093,296.5,29.12,22.2
"2020-09-21 09:24:40.8",1688170,-0.057,0.008,0.073,296.5,29.12,22.2
"2020-09-21 09:24:40.9",1688171,-0.057,0.008,0.073,296.5,29.12,22.2
"2020-09-21 09:24:41",1688172,-0.057,0.008,0.073,296.5,29.18,22.21
"2020-09-21 09:24:41.1",1688173,-0.057,0.008,0.073,296.5,29.12,22.2
"2020-09-21 09:24:41.2",1688174,-0.057,0.008,0.073,296.4,29.12,22.2
"2020-09-21 09:24:41.3",1688175,-0.008,0.008,0.044,296.5,29.12,22.2
"2020-09-21 09:24:41.4",1688176,-0.008,0.008,0.044,296.5,29.12,22.2
"2020-09-21 09:24:41.5",1688177,-0.008,0.008,0.044,296.5,29.12,22.2
"2020-09-21 09:24:41.6",1688178,-0.009,0.008,0.044,296.5,29.12,22.2
"2020-09-21 09:24:41.7",1688179,-0.008,0.008,0.044,296.5,29.12,22.21
"2020-09-21 09:24:41.8",1688180,-0.008,0.008,0.044,296.5,29.12,22.2
"2020-09-21 09:24:41.9",1688181,-0.009,0.009,0.044,296.5,29.12,22.21
"2020-09-21 09:24:42",1688182,-0.009,0.008,0.044,296.5,29.12,22.2
"2020-09-21 09:24:42.1",1688183,-0.028,-0.002,0.093,296.6,29.12,22.2
"2020-09-21 09:24:42.2",1688184,-0.028,-0.002,0.093,296.6,29.12,22.2
"2020-09-21 09:24:42.3",1688185,-0.008,0.008,0.044,296.7,29.13,22.24
"2020-09-21 09:24:42.4",1688186,-0.008,0.008,0.044,296.7,29.12,22.2
"2020-09-21 09:24:42.5",1688187,-0.009,0.008,0.044,296.7,29.12,22.2
"2020-09-21 09:24:42.6",1688188,-0.009,-0.002,0.073,296.8,29.12,22.2
"2020-09-21 09:24:42.7",1688189,-0.009,-0.002,0.073,296.8,29.12,22.2
"2020-09-21 09:24:42.8",1688190,-0.028,-0.002,0.093,296.9,29.12,22.2
"2020-09-21 09:24:42.9",1688191,-0.028,-0.002,0.093,296.9,29.12,22.2
"2020-09-21 09:24:43",1688192,-0.028,-0.002,0.093,296.9,29.12,22.2
"2020-09-21 09:24:43.1",1688193,-0.018,-0.042,0.117,296.8,29.12,22.2
"2020-09-21 09:24:43.2",1688194,-0.018,-0.041,0.117,296.8,29.12,22.2
"2020-09-21 09:24:43.3",1688195,-0.028,-0.002,0.093,296.7,29.12,22.2
"2020-09-21 09:24:43.4",1688196,-0.028,-0.002,0.093,296.7,29.12,22.2
"2020-09-21 09:24:43.5",1688197,-0.028,-0.002,0.093,296.7,29.18,22.2
"2020-09-21 09:24:43.6",1688198,-0.008,-0.002,0.073,296.7,29.12,22.2
"2020-09-21 09:24:43.7",1688199,-0.008,-0.002,0.074,296.7,29.12,22.2
"2020-09-21 09:24:43.8",1688200,-0.018,-0.041,0.044,296.6,29.12,22.2
"2020-09-21 09:24:43.9",1688201,-0.018,-0.041,0.044,296.6,29.12,22.2
"2020-09-21 09:24:44",1688202,-0.019,-0.041,0.044,296.6,29.12,22.21
"2020-09-21 09:24:44.1",1688203,-0.047,-0.051,0.073,296.7,29.12,22.2
"2020-09-21 09:24:44.2",1688204,-0.047,-0.051,0.073,296.7,29.12,22.21
"2020-09-21 09:24:44.3",1688205,-0.028,-0.002,0.093,296.6,29.12,22.21
"2020-09-21 09:24:44.4",1688206,-0.028,-0.002,0.093,296.6,29.12,22.2
"2020-09-21 09:24:44.5",1688207,-0.028,-0.002,0.093,296.6,29.12,22.2
"2020-09-21 09:24:44.6",1688208,-0.057,0.008,0.073,296.7,29.12,22.21
"2020-09-21 09:24:44.7",1688209,-0.057,0.008,0.073,296.7,29.12,22.2
"2020-09-21 09:24:44.8",1688210,-0.028,-0.002,0.093,296.8,29.15,22.24
"2020-09-21 09:24:44.9",1688211,-0.028,-0.002,0.093,296.8,29.12,22.2
"2020-09-21 09:24:45",1688212,-0.028,-0.002,0.093,296.8,29.12,22.2
"2020-09-21 09:24:45.1",1688213,-0.009,0.008,0.044,296.8,29.12,22.2
"2020-09-21 09:24:45.2",1688214,-0.008,0.008,0.044,296.8,29.12,22.2
"2020-09-21 09:24:45.3",1688215,-0.008,-0.002,0.073,296.8,29.12,22.2
"2020-09-21 09:24:45.4",1688216,-0.008,-0.002,0.073,296.8,29.12,22.2
"2020-09-21 09:24:45.5",1688217,-0.008,-0.002,0.073,296.8,29.12,22.21
"2020-09-21 09:24:45.6",1688218,-0.018,-0.002,0.083,296.9,29.12,22.21
"2020-09-21 09:24:45.7",1688219,-0.018,-0.002,0.083,296.9,29.12,22.21
"2020-09-21 09:24:45.8",1688220,-0.009,-0.002,0.073,296.8,29.12,22.2
"2020-09-21 09:24:45.9",1688221,-0.008,-0.002,0.073,296.8,29.12,22.21
"2020-09-21 09:24:46",1688222,-0.008,-0.002,0.073,296.8,29.16,22.2
"2020-09-21 09:24:46.1",1688223,-0.028,-0.002,0.093,296.8,29.12,22.2
"2020-09-21 09:24:46.2",1688224,-0.028,-0.002,0.093,296.8,29.12,22.2
"2020-09-21 09:24:46.3",1688225,-0.008,-0.002,0.073,296.7,29.12,22.2
"2020-09-21 09:24:46.4",1688226,-0.009,-0.002,0.073,296.7,29.12,22.2
"2020-09-21 09:24:46.5",1688227,-0.008,-0.002,0.073,296.7,29.12,22.2
"2020-09-21 09:24:46.6",1688228,-0.009,-0.002,0.074,296.6,29.12,22.2
"2020-09-21 09:24:46.7",1688229,-0.009,-0.002,0.073,296.6,29.12,22.2
"2020-09-21 09:24:46.8",1688230,-0.077,-0.002,0.044,296.6,29.12,22.2
"2020-09-21 09:24:46.9",1688231,-0.077,-0.002,0.044,296.6,29.12,22.2
"2020-09-21 09:24:47",1688232,-0.077,-0.002,0.044,296.6,29.12,22.2
"2020-09-21 09:24:47.1",1688233,-0.018,-0.041,0.044,296.8,29.12,22.2
"2020-09-21 09:24:47.2",1688234,-0.018,-0.041,0.044,296.8,29.12,22.2
"2020-09-21 09:24:47.3",1688235,-0.018,-0.041,0.044,296.7,29.15,22.25
"2020-09-21 09:24:47.4",1688236,-0.018,-0.041,0.044,296.7,29.12,22.2
"2020-09-21 09:24:47.5",1688237,-0.018,-0.041,0.044,296.7,29.12,22.2
"2020-09-21 09:24:47.6",1688238,-0.018,-0.041,0.044,296.6,29.12,22.2
"2020-09-21 09:24:47.7",1688239,-0.018,-0.041,0.044,296.6,29.12,22.2
"2020-09-21 09:24:47.8",1688240,-0.018,-0.041,0.044,296.6,29.12,22.2
"2020-09-21 09:24:47.9",1688241,-0.018,-0.041,0.044,296.6,29.12,22.2
"2020-09-21 09:24:48",1688242,-0.018,-0.041,0.044,296.6,29.12,22.2
"2020-09-21 09:24:48.1",1688243,-0.018,-0.041,0.044,296.6,29.12,22.2
"2020-09-21 09:24:48.2",1688244,-0.018,-0.041,0.044,296.6,29.12,22.2
"2020-09-21 09:24:48.3",1688245,-0.028,-0.002,0.024,296.5,29.12,22.2
"2020-09-21 09:24:48.4",1688246,-0.028,-0.002,0.025,296.5,29.12,22.2
"2020-09-21 09:24:48.5",1688247,-0.028,-0.002,0.025,296.5,29.14,22.2
"2020-09-21 09:24:48.6",1688248,-0.018,-0.041,0.044,296.5,29.12,22.2
"2020-09-21 09:24:48.7",1688249,-0.018,-0.041,0.044,296.5,29.12,22.2
"2020-09-21 09:24:48.8",1688250,-0.018,-0.041,0.044,296.4,29.12,22.2
"2020-09-21 09:24:48.9",1688251,-0.018,-0.041,0.044,296.4,29.12,22.2
"2020-09-21 09:24:49",1688252,-0.018,-0.042,0.044,296.4,29.12,22.2
"2020-09-21 09:24:49.1",1688253,-0.018,-0.041,0.044,296.4,29.12,22.2
"2020-09-21 09:24:49.2",1688254,-0.018,-0.041,0.044,296.4,29.12,22.2
"2020-09-21 09:24:49.3",1688255,-0.018,-0.041,0.044,296.4,29.12,22.2
"2020-09-21 09:24:49.4",1688256,-0.018,-0.041,0.044,296.4,29.12,22.2
"2020-09-21 09:24:49.5",1688257,-0.018,-0.042,0.044,296.4,29.12,22.2
"2020-09-21 09:24:49.6",1688258,-0.008,-0.002,-0.006,296.4,29.12,22.2
"2020-09-21 09:24:49.7",1688259,-0.009,-0.003,-0.006,296.4,29.12,22.21
"2020-09-21 09:24:49.8",1688260,-0.009,-0.002,-0.006,296.4,29.16,22.26
"2020-09-21 09:24:49.9",1688261,-0.008,-0.002,-0.006,296.4,29.12,22.2
"2020-09-21 09:24:50",1688262,-0.009,-0.002,-0.006,296.4,29.12,22.2
"2020-09-21 09:24:50.1",1688263,-0.048,-0.041,-0.006,296.4,29.12,22.2
"2020-09-21 09:24:50.2",1688264,-0.047,-0.041,-0.006,296.4,29.12,22.2
"2020-09-21 09:24:50.3",1688265,-0.048,-0.041,-0.006,296.3,29.12,22.2
"2020-09-21 09:24:50.4",1688266,-0.047,-0.041,-0.006,296.3,29.12,22.2
"2020-09-21 09:24:50.5",1688267,-0.048,-0.041,-0.006,296.3,29.12,22.2
"2020-09-21 09:24:50.6",1688268,-0.048,-0.041,-0.006,296.3,29.12,22.2
"2020-09-21 09:24:50.7",1688269,-0.048,-0.041,-0.006,296.3,29.12,22.21
"2020-09-21 09:24:50.8",1688270,-0.048,-0.041,-0.006,296.3,29.12,22.21
"2020-09-21 09:24:50.9",1688271,-0.048,-0.041,-0.006,296.3,29.12,22.2
"2020-09-21 09:24:51",1688272,-0.048,-0.041,-0.006,296.3,29.12,22.2
"2020-09-21 09:24:51.1",1688273,-0.047,-0.041,-0.006,296.3,29.12,22.2
"2020-09-21 09:24:51.2",1688274,-0.048,-0.041,-0.006,296.3,29.12,22.2
"2020-09-21 09:24:51.3",1688275,-0.048,-0.041,-0.006,296.4,29.12,22.2
"2020-09-21 09:24:51.4",1688276,-0.048,-0.041,-0.006,296.4,29.12,22.2
"2020-09-21 09:24:51.5",1688277,-0.048,-0.041,-0.006,296.4,29.12,22.2
"2020-09-21 09:24:51.6",1688278,-0.047,-0.041,-0.006,296.4,29.12,22.2
"2020-09-21 09:24:51.7",1688279,-0.048,-0.041,-0.006,296.4,29.12,22.2
"2020-09-21 09:24:51.8",1688280,-0.048,-0.041,-0.006,296.4,29.12,22.2
"2020-09-21 09:24:51.9",1688281,-0.048,-0.041,-0.006,296.4,29.12,22.2
"2020-09-21 09:24:52",1688282,-0.048,-0.041,-0.006,296.4,29.12,22.2
"2020-09-21 09:24:52.1",1688283,-0.048,-0.041,-0.006,296.4,29.12,22.2
"2020-09-21 09:24:52.2",1688284,-0.048,-0.041,-0.006,296.4,29.12,22.21
"2020-09-21 09:24:52.3",1688285,-0.047,-0.041,-0.006,296.4,29.17,22.26
"2020-09-21 09:24:52.4",1688286,-0.048,-0.041,-0.006,296.4,29.12,22.2
"2020-09-21 09:24:52.5",1688287,-0.048,-0.041,-0.006,296.4,29.12,22.2
"2020-09-21 09:24:52.6",1688288,-0.028,-0.002,0.025,296.3,29.12,22.2
"2020-09-21 09:24:52.7",1688289,-0.028,-0.002,0.024,296.3,29.12,22.2
"2020-09-21 09:24:52.8",1688290,-0.028,-0.002,0.025,296.3,29.12,22.2
"2020-09-21 09:24:52.9",1688291,-0.028,-0.002,0.025,296.3,29.12,22.2
"2020-09-21 09:24:53",1688292,-0.028,-0.002,0.024,296.3,29.12,22.2
"2020-09-21 09:24:53.1",1688293,-0.047,-0.041,-0.006,296.3,29.12,22.2
"2020-09-21 09:24:53.2",1688294,-0.048,-0.041,-0.006,296.3,29.12,22.2
"2020-09-21 09:24:53.3",1688295,-0.048,-0.041,-0.006,296.3,29.12,22.21
"2020-09-21 09:24:53.4",1688296,-0.047,-0.041,-0.006,296.3,29.12,22.21
"2020-09-21 09:24:53.5",1688297,-0.047,-0.041,-0.006,296.3,29.12,22.21
"2020-09-21 09:24:53.6",1688298,-0.047,-0.041,-0.006,296.3,29.12,22.2
"2020-09-21 09:24:53.7",1688299,-0.047,-0.041,-0.006,296.3,29.12,22.2
"2020-09-21 09:24:53.8",1688300,-0.028,-0.002,0.025,296.3,29.12,22.2
"2020-09-21 09:24:53.9",1688301,-0.028,-0.002,0.024,296.3,29.12,22.2
"2020-09-21 09:24:54",1688302,-0.028,-0.002,0.025,296.3,29.12,22.2
"2020-09-21 09:24:54.1",1688303,-0.028,-0.002,0.024,296.3,29.12,22.2
"2020-09-21 09:24:54.2",1688304,-0.028,-0.002,0.024,296.3,29.12,22.2
"2020-09-21 09:24:54.3",1688305,-0.047,-0.041,-0.006,296.3,29.12,22.2
"2020-09-21 09:24:54.4",1688306,-0.048,-0.041,-0.006,296.3,29.12,22.2
"2020-09-21 09:24:54.5",1688307,-0.047,-0.042,-0.006,296.3,29.12,22.2
"2020-09-21 09:24:54.6",1688308,-0.048,-0.041,-0.006,296.3,29.12,22.21
"2020-09-21 09:24:54.7",1688309,-0.047,-0.041,-0.006,296.3,29.12,22.2
"2020-09-21 09:24:54.8",1688310,-0.028,-0.002,0.024,296.3,29.18,22.26
"2020-09-21 09:24:54.9",1688311,-0.028,-0.002,0.025,296.3,29.12,22.2
"2020-09-21 09:24:55",1688312,-0.028,-0.002,0.024,296.3,29.12,22.2
"2020-09-21 09:24:55.1",1688313,-0.028,-0.002,0.025,296.3,29.12,22.2
"2020-09-21 09:24:55.2",1688314,-0.028,-0.002,0.025,296.3,29.12,22.2
"2020-09-21 09:24:55.3",1688315,-0.028,-0.002,0.024,296.3,29.12,22.2
"2020-09-21 09:24:55.4",1688316,-0.028,-0.002,0.024,296.3,29.12,22.2
"2020-09-21 09:24:55.5",1688317,-0.028,-0.002,0.024,296.3,29.12,22.2
"2020-09-21 09:24:55.6",1688318,-0.047,-0.041,-0.006,296.3,29.12,22.21
"2020-09-21 09:24:55.7",1688319,-0.047,-0.041,-0.006,296.3,29.12,22.21
"2020-09-21 09:24:55.8",1688320,-0.047,-0.041,-0.006,296.3,29.12,22.21
"2020-09-21 09:24:55.9",1688321,-0.048,-0.041,-0.006,296.3,29.12,22.21
"2020-09-21 09:24:56",1688322,-0.048,-0.042,-0.006,296.3,29.12,22.2
"2020-09-21 09:24:56.1",1688323,-0.028,-0.002,0.025,296.3,29.12,22.23
"2020-09-21 09:24:56.2",1688324,-0.028,-0.002,0.025,296.3,29.12,22.21
"2020-09-21 09:24:56.3",1688325,-0.028,-0.002,0.024,296.3,29.12,22.21
"2020-09-21 09:24:56.4",1688326,-0.028,-0.002,0.024,296.3,29.12,22.22
"2020-09-21 09:24:56.5",1688327,-0.028,-0.002,0.024,296.3,29.12,22.22
"2020-09-21 09:24:56.6",1688328,-0.028,-0.002,0.025,296.3,29.12,22.22
"2020-09-21 09:24:56.7",1688329,-0.028,-0.002,0.025,296.3,29.12,22.22
"2020-09-21 09:24:56.8",1688330,-0.028,-0.002,0.025,296.3,29.12,22.22
"2020-09-21 09:24:56.9",1688331,-0.028,-0.002,0.025,296.3,29.12,22.22
"2020-09-21 09:24:57",1688332,-0.028,-0.003,0.025,296.3,29.12,22.22
"2020-09-21 09:24:57.1",1688333,-0.047,-0.041,-0.006,296.3,29.12,22.22
"2020-09-21 09:24:57.2",1688334,-0.048,-0.041,-0.006,296.3,29.12,22.22
"2020-09-21 09:24:57.3",1688335,-0.047,-0.041,-0.006,296.3,29.18,22.25
"2020-09-21 09:24:57.4",1688336,-0.047,-0.041,-0.006,296.3,29.12,22.23
"2020-09-21 09:24:57.5",1688337,-0.048,-0.041,-0.006,296.3,29.12,22.23
"2020-09-21 09:24:57.6",1688338,-0.067,-0.002,-0.016,296.3,29.11,22.23
"2020-09-21 09:24:57.7",1688339,-0.067,-0.002,-0.016,296.3,29.11,22.23
"2020-09-21 09:24:57.8",1688340,-0.067,-0.002,-0.016,296.3,29.11,22.23
"2020-09-21 09:24:57.9",1688341,-0.067,-0.002,-0.016,296.3,29.11,22.23
"2020-09-21 09:24:58",1688342,-0.067,-0.002,-0.016,296.3,29.11,22.23
"2020-09-21 09:24:58.1",1688343,-0.067,-0.002,-0.016,296.3,29.1,22.22
"2020-09-21 09:24:58.2",1688344,-0.067,-0.002,-0.016,296.3,29.1,22.22
"2020-09-21 09:24:58.3",1688345,-0.067,-0.002,-0.016,296.3,29.1,22.22
"2020-09-21 09:24:58.4",1688346,-0.067,-0.002,-0.016,296.3,29.1,22.22
"2020-09-21 09:24:58.5",1688347,-0.067,-0.002,-0.016,296.3,29.1,22.22
"2020-09-21 09:24:58.6",1688348,-0.067,-0.002,-0.016,296.3,29.1,22.26
"2020-09-21 09:24:58.7",1688349,-0.067,-0.002,-0.016,296.3,29.1,22.22
"2020-09-21 09:24:58.8",1688350,-0.067,-0.002,-0.016,296.3,29.1,22.22
"2020-09-21 09:24:58.9",1688351,-0.067,-0.002,-0.016,296.3,29.1,22.22
"2020-09-21 09:24:59",1688352,-0.067,-0.002,-0.016,296.3,29.1,22.22
"2020-09-21 09:24:59.1",1688353,-0.087,0.009,-0.036,296.3,29.1,22.22
"2020-09-21 09:24:59.2",1688354,-0.086,0.008,-0.035,296.3,29.1,22.22
"2020-09-21 09:24:59.3",1688355,-0.086,0.008,-0.036,296.3,29.1,22.22
"2020-09-21 09:24:59.4",1688356,-0.087,0.008,-0.036,296.3,29.1,22.22
"2020-09-21 09:24:59.5",1688357,-0.087,0.008,-0.036,296.3,29.1,22.22
"2020-09-21 09:24:59.6",1688358,-0.067,-0.002,-0.016,296.3,29.1,22.22
"2020-09-21 09:24:59.7",1688359,-0.067,-0.002,-0.016,296.3,29.1,22.23
"2020-09-21 09:24:59.8",1688360,-0.047,0.008,-0.006,296.4,29.16,22.23
"2020-09-21 09:24:59.9",1688361,-0.048,0.008,-0.006,296.4,29.1,22.22
"2020-09-21 09:25:00",1688362,-0.048,0.008,-0.006,296.4,29.1,22.22
"2020-09-21 09:25:00.1",1688363,-0.047,0.008,-0.006,296.4,29.1,22.22
"2020-09-21 09:25:00.2",1688364,-0.048,0.009,-0.006,296.4,29.1,22.22
"2020-09-21 09:25:00.3",1688365,-0.048,0.008,-0.006,296.4,29.1,22.22
"2020-09-21 09:25:00.4",1688366,-0.048,0.008,-0.006,296.4,29.1,22.22
"2020-09-21 09:25:00.5",1688367,-0.048,0.008,-0.006,296.4,29.1,22.22
"2020-09-21 09:25:00.6",1688368,-0.048,0.008,-0.006,296.4,29.1,22.22
"2020-09-21 09:25:00.7",1688369,-0.047,0.008,-0.006,296.4,29.1,22.22
"2020-09-21 09:25:00.8",1688370,-0.028,-0.002,0.024,296.3,29.1,22.22
"2020-09-21 09:25:00.9",1688371,-0.028,-0.002,0.025,296.3,29.1,22.22
"2020-09-21 09:25:01",1688372,-0.028,-0.002,0.025,296.3,29.1,22.22
"2020-09-21 09:25:01.1",1688373,-0.028,-0.002,0.024,296.3,29.13,22.25
"2020-09-21 09:25:01.2",1688374,-0.028,-0.002,0.025,296.3,29.1,22.22
"2020-09-21 09:25:01.3",1688375,-0.047,-0.041,-0.006,296.3,29.1,22.22
"2020-09-21 09:25:01.4",1688376,-0.047,-0.041,-0.006,296.3,29.1,22.22
"2020-09-21 09:25:01.5",1688377,-0.048,-0.041,-0.006,296.3,29.1,22.22
"2020-09-21 09:25:01.6",1688378,-0.028,-0.002,0.024,296.3,29.1,22.23
"2020-09-21 09:25:01.7",1688379,-0.028,-0.002,0.025,296.3,29.1,22.23
"2020-09-21 09:25:01.8",1688380,-0.096,-0.041,0.015,296.3,29.1,22.23
"2020-09-21 09:25:01.9",1688381,-0.096,-0.041,0.015,296.3,29.1,22.23
"2020-09-21 09:25:02",1688382,-0.096,-0.041,0.015,296.3,29.1,22.22
"2020-09-21 09:25:02.1",1688383,-0.028,-0.002,0.024,296.3,29.1,22.23
"2020-09-21 09:25:02.2",1688384,-0.028,-0.002,0.024,296.3,29.1,22.23
"2020-09-21 09:25:02.3",1688385,-0.047,-0.041,-0.006,296.3,29.15,22.23
"2020-09-21 09:25:02.4",1688386,-0.048,-0.041,-0.006,296.3,29.1,22.22
"2020-09-21 09:25:02.5",1688387,-0.048,-0.041,-0.006,296.3,29.1,22.22
"2020-09-21 09:25:02.6",1688388,-0.047,-0.041,-0.006,296.3,29.1,22.22
"2020-09-21 09:25:02.7",1688389,-0.048,-0.041,-0.006,296.3,29.1,22.22
"2020-09-21 09:25:02.8",1688390,-0.047,-0.041,-0.006,296.3,29.1,22.22
"2020-09-21 09:25:02.9",1688391,-0.048,-0.041,-0.006,296.3,29.1,22.22
"2020-09-21 09:25:03",1688392,-0.048,-0.041,-0.006,296.3,29.1,22.22
"2020-09-21 09:25:03.1",1688393,-0.048,-0.041,-0.006,296.3,29.1,22.22
"2020-09-21 09:25:03.2",1688394,-0.048,-0.041,-0.006,296.3,29.1,22.22
"2020-09-21 09:25:03.3",1688395,-0.077,-0.081,-0.006,296.3,29.1,22.22
"2020-09-21 09:25:03.4",1688396,-0.077,-0.081,-0.006,296.3,29.1,22.22
"2020-09-21 09:25:03.5",1688397,-0.077,-0.081,-0.006,296.3,29.1,22.22
"2020-09-21 09:25:03.6",1688398,-0.028,-0.071,0.015,296.3,29.13,22.27
"2020-09-21 09:25:03.7",1688399,-0.028,-0.071,0.015,296.3,29.11,22.22
