"TOA5","10329","CR6","10329","CR6.Std.09.01 CR6-WIFI.04.00.01","CPU:YOUNG81000_HMP60_10Hz.CR6","51185","Young10Hz_hmp"
"TIMESTAMP","RECORD","U","V","W","TSonic","RH","T_HMP60"
"TS","RN","mV","mV","mV","mV","%","Deg C"
"","","Smp","Smp","Smp","Smp","Smp","Smp"
"2020-09-21 07:57:03.8",1635600,-0.008,0.008,-0.016,295.2,29.04,20.96
"2020-09-21 07:57:03.9",1635601,-0.008,0.008,-0.016,295.2,29.04,20.96
"2020-09-21 07:57:04",1635602,-0.008,0.008,-0.016,295.2,29.04,20.96
"2020-09-21 07:57:04.1",1635603,-0.009,0.008,-0.016,295.2,29.04,20.96
"2020-09-21 07:57:04.2",1635604,-0.008,0.008,-0.016,295.2,29.04,20.96
"2020-09-21 07:57:04.3",1635605,-0.008,0.008,-0.016,295.2,29.04,20.96
"2020-09-21 07:57:04.4",1635606,-0.008,0.008,-0.016,295.2,29.04,20.96
"2020-09-21 07:57:04.5",1635607,-0.008,0.008,-0.016,295.2,29.04,20.96
"2020-09-21 07:57:04.6",1635608,-0.009,0.008,-0.016,295.2,29.04,20.96
"2020-09-21 07:57:04.7",1635609,-0.008,0.009,-0.016,295.2,29.04,20.96
"2020-09-21 07:57:04.8",1635610,-0.008,0.008,-0.016,295.2,29.04,20.96
"2020-09-21 07:57:04.9",1635611,-0.008,0.008,-0.016,295.2,29.08,21.02
"2020-09-21 07:57:05",1635612,-0.008,0.008,-0.016,295.2,29.04,20.96
"2020-09-21 07:57:05.1",1635613,-0.008,0.008,-0.016,295.2,29.05,20.96
"2020-09-21 07:57:05.2",1635614,-0.008,0.009,-0.016,295.2,29.04,20.96
"2020-09-21 07:57:05.3",1635615,-0.008,0.008,-0.016,295.2,29.04,20.96
"2020-09-21 07:57:05.4",1635616,-0.008,0.009,-0.016,295.2,29.04,20.96
"2020-09-21 07:57:05.5",1635617,-0.008,0.008,-0.016,295.2,29.05,20.96
"2020-09-21 07:57:05.6",1635618,-0.009,0.008,-0.016,295.2,29.04,20.96
"2020-09-21 07:57:05.7",1635619,-0.008,0.008,-0.016,295.2,29.04,20.96
"2020-09-21 07:57:05.8",1635620,-0.008,0.008,-0.016,295.2,29.04,20.96
"2020-09-21 07:57:05.9",1635621,-0.008,0.009,-0.016,295.2,29.04,20.96
"2020-09-21 07:57:06",1635622,-0.008,0.009,-0.016,295.2,29.04,20.96
"2020-09-21 07:57:06.1",1635623,-0.009,0.008,-0.016,295.2,29.04,20.96
"2020-09-21 07:57:06.2",1635624,-0.008,0.008,-0.016,295.2,29.04,20.96
"2020-09-21 07:57:06.3",1635625,-0.008,0.008,-0.016,295.2,29.04,20.96
"2020-09-21 07:57:06.4",1635626,-0.008,0.009,-0.016,295.2,29.04,20.96
"2020-09-21 07:57:06.5",1635627,-0.008,0.009,-0.016,295.2,29.04,20.96
"2020-09-21 07:57:06.6",1635628,-0.009,0.008,-0.016,295.2,29.04,20.96
"2020-09-21 07:57:06.7",1635629,-0.008,0.008,-0.016,295.2,29.04,20.96
"2020-09-21 07:57:06.8",1635630,-0.008,0.009,-0.016,295.2,29.04,20.97
"2020-09-21 07:57:06.9",1635631,-0.028,0.047,-0.035,295.3,29.05,20.96
"2020-09-21 07:57:07",1635632,-0.028,0.047,-0.035,295.3,29.04,20.96
"2020-09-21 07:57:07.1",1635633,-0.028,0.047,-0.036,295.3,29.04,20.96
"2020-09-21 07:57:07.2",1635634,-0.028,0.047,-0.035,295.3,29.04,20.96
"2020-09-21 07:57:07.3",1635635,-0.028,0.047,-0.035,295.3,29.04,20.96
"2020-09-21 07:57:07.4",1635636,-0.028,0.047,-0.035,295.3,29.1,21.02
"2020-09-21 07:57:07.5",1635637,-0.028,0.047,-0.035,295.3,29.04,20.96
"2020-09-21 07:57:07.6",1635638,-0.028,0.047,-0.036,295.3,29.04,20.96
"2020-09-21 07:57:07.7",1635639,-0.028,0.047,-0.035,295.3,29.04,20.96
"2020-09-21 07:57:07.8",1635640,-0.028,0.047,-0.035,295.3,29.04,20.96
"2020-09-21 07:57:07.9",1635641,-0.028,0.047,-0.035,295.3,29.04,20.96
"2020-09-21 07:57:08",1635642,-0.028,0.047,-0.035,295.3,29.04,20.96
"2020-09-21 07:57:08.1",1635643,-0.028,0.047,-0.006,295.3,29.04,20.96
"2020-09-21 07:57:08.2",1635644,-0.067,0.047,-0.006,295.3,29.04,20.96
"2020-09-21 07:57:08.3",1635645,-0.067,0.047,-0.006,295.3,29.04,20.96
"2020-09-21 07:57:08.4",1635646,-0.057,0.077,-0.006,295.3,29.04,20.96
"2020-09-21 07:57:08.5",1635647,-0.057,0.077,-0.006,295.3,29.04,20.96
"2020-09-21 07:57:08.6",1635648,-0.057,0.047,0.024,295.3,29.04,20.96
"2020-09-21 07:57:08.7",1635649,-0.028,0.048,0.025,295.3,29.04,20.99
"2020-09-21 07:57:08.8",1635650,-0.028,0.047,0.025,295.3,29.04,20.96
"2020-09-21 07:57:08.9",1635651,-0.008,0.038,-0.006,295.3,29.03,20.96
"2020-09-21 07:57:09",1635652,-0.008,0.038,-0.006,295.3,29.03,20.96
"2020-09-21 07:57:09.1",1635653,-0.009,0.047,0.024,295.3,29.03,20.96
"2020-09-21 07:57:09.2",1635654,-0.028,0.048,0.025,295.3,29.03,20.96
"2020-09-21 07:57:09.3",1635655,-0.028,0.047,0.025,295.3,29.03,20.96
"2020-09-21 07:57:09.4",1635656,-0.028,0.047,0.025,295.3,29.03,20.96
"2020-09-21 07:57:09.5",1635657,-0.028,0.047,0.025,295.3,29.03,20.96
"2020-09-21 07:57:09.6",1635658,-0.028,0.047,0.025,295.3,29.03,20.96
"2020-09-21 07:57:09.7",1635659,-0.028,0.047,0.024,295.3,29.02,20.96
"2020-09-21 07:57:09.8",1635660,-0.028,0.047,0.025,295.3,29.02,20.96
"2020-09-21 07:57:09.9",1635661,-0.047,0.008,-0.006,295.4,29.08,21
"2020-09-21 07:57:10",1635662,-0.047,0.009,-0.006,295.4,29.02,20.96
"2020-09-21 07:57:10.1",1635663,-0.047,0.008,-0.006,295.4,29.02,20.96
"2020-09-21 07:57:10.2",1635664,-0.048,0.008,-0.006,295.4,29.02,20.96
"2020-09-21 07:57:10.3",1635665,-0.047,0.009,-0.006,295.4,29.02,20.96
"2020-09-21 07:57:10.4",1635666,-0.028,-0.002,0.025,295.3,29.02,20.96
"2020-09-21 07:57:10.5",1635667,-0.028,-0.002,0.025,295.3,29.02,20.96
"2020-09-21 07:57:10.6",1635668,-0.028,-0.002,0.024,295.3,29.02,20.96
"2020-09-21 07:57:10.7",1635669,-0.028,-0.002,0.025,295.3,29.02,20.96
"2020-09-21 07:57:10.8",1635670,-0.028,-0.002,0.025,295.3,29.02,20.96
"2020-09-21 07:57:10.9",1635671,-0.028,-0.002,0.025,295.3,29.02,20.96
"2020-09-21 07:57:11",1635672,-0.028,-0.002,0.025,295.3,29.02,20.96
"2020-09-21 07:57:11.1",1635673,-0.028,-0.002,0.025,295.3,29.02,20.96
"2020-09-21 07:57:11.2",1635674,-0.028,-0.002,0.025,295.3,29.02,20.99
"2020-09-21 07:57:11.3",1635675,-0.028,-0.002,0.025,295.3,29.02,20.96
"2020-09-21 07:57:11.4",1635676,-0.028,-0.002,0.024,295.3,29.02,20.96
"2020-09-21 07:57:11.5",1635677,-0.028,-0.002,0.025,295.3,29.02,20.96
"2020-09-21 07:57:11.6",1635678,-0.028,0.008,-0.006,295.4,29.02,20.96
"2020-09-21 07:57:11.7",1635679,-0.047,0.009,-0.006,295.4,29.02,20.96
"2020-09-21 07:57:11.8",1635680,-0.047,0.008,-0.006,295.4,29.02,20.96
"2020-09-21 07:57:11.9",1635681,-0.047,0.009,-0.006,295.4,29.02,20.96
"2020-09-21 07:57:12",1635682,-0.047,0.008,-0.006,295.4,29.02,20.96
"2020-09-21 07:57:12.1",1635683,-0.028,-0.002,0.025,295.3,29.02,20.96
"2020-09-21 07:57:12.2",1635684,-0.028,-0.002,0.025,295.3,29.02,20.96
"2020-09-21 07:57:12.3",1635685,-0.028,-0.002,0.025,295.3,29.02,20.96
"2020-09-21 07:57:12.4",1635686,-0.028,-0.002,0.025,295.3,29.08,20.98
"2020-09-21 07:57:12.5",1635687,-0.028,-0.002,0.025,295.3,29.02,20.96
"2020-09-21 07:57:12.6",1635688,-0.028,-0.002,0.025,295.3,29.02,20.96
"2020-09-21 07:57:12.7",1635689,-0.028,-0.002,0.025,295.3,29.02,20.96
"2020-09-21 07:57:12.8",1635690,-0.028,-0.002,0.025,295.3,29.02,20.96
"2020-09-21 07:57:12.9",1635691,-0.047,-0.041,-0.006,295.3,29.02,20.96
"2020-09-21 07:57:13",1635692,-0.047,-0.041,-0.006,295.3,29.02,20.96
"2020-09-21 07:57:13.1",1635693,-0.028,-0.002,0.025,295.3,29.02,20.96
"2020-09-21 07:57:13.2",1635694,-0.028,-0.002,0.025,295.3,29.02,20.96
"2020-09-21 07:57:13.3",1635695,-0.028,-0.002,0.025,295.3,29.02,20.96
"2020-09-21 07:57:13.4",1635696,-0.028,-0.002,0.025,295.3,29.02,20.96
"2020-09-21 07:57:13.5",1635697,-0.028,-0.002,0.025,295.3,29.02,20.96
"2020-09-21 07:57:13.6",1635698,-0.028,-0.002,-0.006,295.3,29.02,20.96
"2020-09-21 07:57:13.7",1635699,-0.008,-0.002,-0.006,295.3,29.03,21
"2020-09-21 07:57:13.8",1635700,-0.008,-0.002,-0.006,295.3,29.02,20.96
"2020-09-21 07:57:13.9",1635701,-0.008,0.009,-0.016,295.2,29.02,20.96
"2020-09-21 07:57:14",1635702,-0.008,0.009,-0.016,295.2,29.02,20.96
"2020-09-21 07:57:14.1",1635703,-0.008,0.008,-0.016,295.2,29.02,20.96
"2020-09-21 07:57:14.2",1635704,-0.008,0.009,-0.016,295.2,29.02,20.96
"2020-09-21 07:57:14.3",1635705,-0.008,0.008,-0.016,295.2,29.02,20.96
"2020-09-21 07:57:14.4",1635706,-0.008,0.008,-0.016,295.2,29.02,20.96
"2020-09-21 07:57:14.5",1635707,-0.008,0.008,-0.016,295.2,29.02,20.96
"2020-09-21 07:57:14.6",1635708,-0.009,0.009,-0.016,295.2,29.02,20.96
"2020-09-21 07:57:14.7",1635709,-0.008,0.008,-0.016,295.2,29.02,20.96
"2020-09-21 07:57:14.8",1635710,-0.008,0.009,-0.016,295.2,29.02,20.96
"2020-09-21 07:57:14.9",1635711,-0.008,0.008,-0.016,295.2,29.08,20.97
"2020-09-21 07:57:15",1635712,-0.008,0.008,-0.016,295.2,29.02,20.96
"2020-09-21 07:57:15.1",1635713,-0.009,0.008,-0.016,295.2,29.02,20.96
"2020-09-21 07:57:15.2",1635714,-0.008,0.009,-0.016,295.2,29.02,20.96
"2020-09-21 07:57:15.3",1635715,-0.008,0.009,-0.016,295.2,29.03,20.96
"2020-09-21 07:57:15.4",1635716,-0.008,0.008,-0.016,295.2,29.02,20.96
"2020-09-21 07:57:15.5",1635717,-0.008,0.008,-0.016,295.2,29.02,20.96
"2020-09-21 07:57:15.6",1635718,-0.008,0.008,-0.016,295.2,29.02,20.96
"2020-09-21 07:57:15.7",1635719,-0.008,0.008,-0.016,295.2,29.02,20.96
"2020-09-21 07:57:15.8",1635720,-0.008,0.008,-0.016,295.2,29.02,20.96
"2020-09-21 07:57:15.9",1635721,-0.009,0.008,-0.016,295.2,29.02,20.96
"2020-09-21 07:57:16",1635722,-0.008,0.009,-0.016,295.2,29.02,20.96
"2020-09-21 07:57:16.1",1635723,-0.009,0.008,-0.016,295.2,29.02,20.96
"2020-09-21 07:57:16.2",1635724,-0.008,0.008,-0.016,295.2,29.05,20.99
"2020-09-21 07:57:16.3",1635725,-0.008,0.008,-0.016,295.2,29.02,20.96
"2020-09-21 07:57:16.4",1635726,-0.008,0.008,-0.016,295.2,29.02,20.96
"2020-09-21 07:57:16.5",1635727,-0.008,0.009,-0.016,295.2,29.02,20.96
"2020-09-21 07:57:16.6",1635728,-0.028,-0.002,0.024,295.3,29.02,20.96
"2020-09-21 07:57:16.7",1635729,-0.028,-0.002,0.025,295.3,29.02,20.96
"2020-09-21 07:57:16.8",1635730,-0.028,-0.002,0.025,295.3,29.02,20.96
"2020-09-21 07:57:16.9",1635731,-0.028,-0.002,0.025,295.3,29.02,20.96
"2020-09-21 07:57:17",1635732,-0.028,-0.002,0.025,295.3,29.02,20.96
"2020-09-21 07:57:17.1",1635733,-0.028,-0.002,0.025,295.3,29.02,20.96
"2020-09-21 07:57:17.2",1635734,-0.028,-0.002,0.025,295.3,29.02,20.96
"2020-09-21 07:57:17.3",1635735,-0.028,-0.002,0.025,295.3,29.02,20.96
"2020-09-21 07:57:17.4",1635736,-0.028,-0.002,0.025,295.3,29.06,20.96
"2020-09-21 07:57:17.5",1635737,-0.028,-0.002,0.025,295.3,29.02,20.96
"2020-09-21 07:57:17.6",1635738,-0.028,-0.002,0.025,295.3,29.02,20.96
"2020-09-21 07:57:17.7",1635739,-0.028,-0.002,0.025,295.3,29.02,20.96
"2020-09-21 07:57:17.8",1635740,-0.028,-0.002,0.025,295.3,29.02,20.96
"2020-09-21 07:57:17.9",1635741,-0.008,0.009,0.044,295.4,29.02,20.96
"2020-09-21 07:57:18",1635742,-0.008,0.008,0.044,295.4,29.02,20.96
"2020-09-21 07:57:18.1",1635743,-0.008,-0.002,0.073,295.5,29.02,20.96
"2020-09-21 07:57:18.2",1635744,-0.008,-0.002,0.074,295.5,29.02,20.96
"2020-09-21 07:57:18.3",1635745,-0.008,-0.002,0.073,295.5,29.02,20.96
"2020-09-21 07:57:18.4",1635746,-0.028,-0.002,0.025,295.4,29.02,20.96
"2020-09-21 07:57:18.5",1635747,-0.028,-0.002,0.025,295.4,29.02,20.96
"2020-09-21 07:57:18.6",1635748,-0.028,-0.002,-0.006,295.4,29.02,20.96
"2020-09-21 07:57:18.7",1635749,-0.047,0.009,-0.006,295.4,29.05,21.01
"2020-09-21 07:57:18.8",1635750,-0.047,0.008,-0.006,295.4,29.02,20.96
"2020-09-21 07:57:18.9",1635751,-0.008,0.009,0.044,295.4,29.02,20.96
"2020-09-21 07:57:19",1635752,-0.008,0.008,0.044,295.4,29.02,20.96
"2020-09-21 07:57:19.1",1635753,-0.009,0.008,0.044,295.5,29.02,20.96
"2020-09-21 07:57:19.2",1635754,-0.008,0.009,0.044,295.5,29.02,20.96
"2020-09-21 07:57:19.3",1635755,-0.008,0.008,0.044,295.5,29.02,20.96
"2020-09-21 07:57:19.4",1635756,-0.009,0.009,0.044,295.5,29.02,20.96
"2020-09-21 07:57:19.5",1635757,-0.008,0.009,0.044,295.5,29.02,20.96
"2020-09-21 07:57:19.6",1635758,-0.057,0.008,0.073,295.5,29.02,20.96
"2020-09-21 07:57:19.7",1635759,-0.057,0.009,0.074,295.5,29.02,20.96
"2020-09-21 07:57:19.8",1635760,-0.057,0.009,0.073,295.5,29.02,20.96
"2020-09-21 07:57:19.9",1635761,-0.077,-0.002,0.044,295.5,29.04,20.96
"2020-09-21 07:57:20",1635762,-0.077,-0.002,0.044,295.5,29.02,20.96
"2020-09-21 07:57:20.1",1635763,-0.008,0.008,0.044,295.4,29.02,20.96
"2020-09-21 07:57:20.2",1635764,-0.008,0.009,0.044,295.4,29.02,20.96
"2020-09-21 07:57:20.3",1635765,-0.008,0.008,0.044,295.4,29.02,20.96
"2020-09-21 07:57:20.4",1635766,-0.008,0.008,0.044,295.4,29.02,20.96
"2020-09-21 07:57:20.5",1635767,-0.008,0.008,0.044,295.4,29.02,20.96
"2020-09-21 07:57:20.6",1635768,-0.048,0.008,-0.006,295.3,29.02,20.96
"2020-09-21 07:57:20.7",1635769,-0.047,0.009,-0.006,295.3,29.02,20.96
"2020-09-21 07:57:20.8",1635770,-0.047,0.008,-0.006,295.3,29.02,20.96
"2020-09-21 07:57:20.9",1635771,-0.008,-0.002,-0.006,295.3,29.02,20.96
"2020-09-21 07:57:21",1635772,-0.008,-0.002,-0.006,295.3,29.02,20.97
"2020-09-21 07:57:21.1",1635773,-0.008,-0.002,-0.006,295.3,29.02,20.96
"2020-09-21 07:57:21.2",1635774,-0.008,-0.002,-0.006,295.3,29.06,21.02
"2020-09-21 07:57:21.3",1635775,-0.008,-0.002,-0.006,295.3,29.02,20.96
"2020-09-21 07:57:21.4",1635776,-0.008,-0.002,-0.006,295.3,29.02,20.96
"2020-09-21 07:57:21.5",1635777,-0.008,-0.002,-0.006,295.3,29.02,20.96
"2020-09-21 07:57:21.6",1635778,-0.008,0.009,-0.016,295.3,29.02,20.96
"2020-09-21 07:57:21.7",1635779,-0.008,0.008,-0.016,295.3,29.02,20.96
"2020-09-21 07:57:21.8",1635780,-0.008,0.008,-0.016,295.3,29.02,20.96
"2020-09-21 07:57:21.9",1635781,-0.008,0.008,-0.016,295.3,29.02,20.96
"2020-09-21 07:57:22",1635782,-0.008,0.008,-0.016,295.3,29.02,20.96
"2020-09-21 07:57:22.1",1635783,-0.008,-0.002,-0.006,295.3,29.02,20.96
"2020-09-21 07:57:22.2",1635784,-0.008,-0.002,-0.006,295.3,29.02,20.96
"2020-09-21 07:57:22.3",1635785,-0.008,-0.002,-0.006,295.3,29.02,20.96
"2020-09-21 07:57:22.4",1635786,0.012,0.008,0.025,295.3,29.02,20.96
"2020-09-21 07:57:22.5",1635787,0.012,0.009,0.024,295.3,29.02,20.96
"2020-09-21 07:57:22.6",1635788,-0.008,-0.002,-0.006,295.4,29.02,20.96
"2020-09-21 07:57:22.7",1635789,-0.008,-0.002,-0.006,295.4,29.02,20.96
"2020-09-21 07:57:22.8",1635790,-0.008,-0.002,-0.006,295.4,29.02,20.96
"2020-09-21 07:57:22.9",1635791,-0.009,0.009,0.044,295.4,29.02,20.96
"2020-09-21 07:57:23",1635792,-0.008,0.008,0.044,295.4,29.02,20.96
"2020-09-21 07:57:23.1",1635793,-0.009,0.008,0.044,295.4,29.02,20.96
"2020-09-21 07:57:23.2",1635794,-0.008,0.009,0.044,295.4,29.02,20.96
"2020-09-21 07:57:23.3",1635795,-0.008,0.009,0.044,295.4,29.02,20.96
"2020-09-21 07:57:23.4",1635796,-0.028,-0.002,0.025,295.5,29.02,20.96
"2020-09-21 07:57:23.5",1635797,-0.028,-0.002,0.025,295.5,29.02,20.96
"2020-09-21 07:57:23.6",1635798,0.029,-0.002,0.044,295.4,29.02,20.96
"2020-09-21 07:57:23.7",1635799,0.031,-0.002,0.044,295.4,29.06,21.02
"2020-09-21 07:57:23.8",1635800,0.031,-0.002,0.044,295.4,29.03,20.96
"2020-09-21 07:57:23.9",1635801,-0.018,-0.041,0.044,295.5,29.02,20.96
"2020-09-21 07:57:24",1635802,-0.018,-0.041,0.044,295.5,29.02,20.96
"2020-09-21 07:57:24.1",1635803,-0.008,-0.002,0.074,295.5,29.02,20.96
"2020-09-21 07:57:24.2",1635804,-0.008,-0.002,0.074,295.5,29.02,20.96
"2020-09-21 07:57:24.3",1635805,-0.008,-0.002,0.073,295.5,29.02,20.96
"2020-09-21 07:57:24.4",1635806,-0.008,0.008,0.045,295.4,29.02,20.96
"2020-09-21 07:57:24.5",1635807,-0.008,0.008,0.044,295.4,29.02,20.96
"2020-09-21 07:57:24.6",1635808,-0.018,-0.041,0.044,295.4,29.02,20.96
"2020-09-21 07:57:24.7",1635809,-0.018,-0.041,0.044,295.4,29.02,20.96
"2020-09-21 07:57:24.8",1635810,-0.018,-0.041,0.044,295.4,29.02,20.97
"2020-09-21 07:57:24.9",1635811,-0.018,-0.041,0.044,295.4,29.02,20.96
"2020-09-21 07:57:25",1635812,-0.018,-0.041,0.044,295.4,29.02,20.96
"2020-09-21 07:57:25.1",1635813,-0.019,-0.041,0.044,295.4,29.02,20.96
"2020-09-21 07:57:25.2",1635814,-0.018,-0.041,0.044,295.4,29.02,20.96
"2020-09-21 07:57:25.3",1635815,-0.018,-0.041,0.044,295.4,29.02,20.96
"2020-09-21 07:57:25.4",1635816,-0.008,-0.002,0.073,295.4,29.02,20.96
"2020-09-21 07:57:25.5",1635817,-0.008,-0.002,0.073,295.4,29.02,20.96
"2020-09-21 07:57:25.6",1635818,0.011,-0.041,0.025,295.3,29.02,20.96
"2020-09-21 07:57:25.7",1635819,0.012,-0.041,0.025,295.3,29.02,20.96
"2020-09-21 07:57:25.8",1635820,0.012,-0.041,0.025,295.3,29.02,20.96
"2020-09-21 07:57:25.9",1635821,0.012,-0.041,0.025,295.3,29.02,20.96
"2020-09-21 07:57:26",1635822,0.012,-0.041,0.025,295.3,29.02,20.96
"2020-09-21 07:57:26.1",1635823,-0.009,-0.002,-0.006,295.4,29.02,20.96
"2020-09-21 07:57:26.2",1635824,-0.008,-0.002,-0.006,295.4,29.08,21.02
"2020-09-21 07:57:26.3",1635825,-0.008,-0.002,-0.006,295.4,29.02,20.96
"2020-09-21 07:57:26.4",1635826,-0.008,-0.002,-0.006,295.4,29.02,20.96
"2020-09-21 07:57:26.5",1635827,-0.008,-0.002,-0.006,295.4,29.02,20.96
"2020-09-21 07:57:26.6",1635828,0.011,-0.041,0.025,295.4,29.02,20.96
"2020-09-21 07:57:26.7",1635829,0.012,-0.041,0.025,295.4,29.02,20.96
"2020-09-21 07:57:26.8",1635830,0.012,-0.041,0.025,295.4,29.02,20.96
"2020-09-21 07:57:26.9",1635831,-0.018,-0.071,-0.006,295.4,29.02,20.96
"2020-09-21 07:57:27",1635832,-0.018,-0.071,-0.006,295.4,29.02,20.96
"2020-09-21 07:57:27.1",1635833,0.011,-0.041,0.025,295.5,29.02,20.96
"2020-09-21 07:57:27.2",1635834,0.012,-0.041,0.025,295.5,29.02,20.97
"2020-09-21 07:57:27.3",1635835,0.012,-0.041,0.025,295.5,29.02,20.96
"2020-09-21 07:57:27.4",1635836,-0.018,-0.041,0.044,295.5,29.02,20.96
"2020-09-21 07:57:27.5",1635837,-0.018,-0.041,0.044,295.5,29.02,20.97
"2020-09-21 07:57:27.6",1635838,-0.009,-0.002,0.073,295.5,29.02,20.96
"2020-09-21 07:57:27.7",1635839,-0.009,-0.002,0.074,295.5,29.02,20.96
"2020-09-21 07:57:27.8",1635840,-0.008,-0.002,0.074,295.5,29.02,20.96
"2020-09-21 07:57:27.9",1635841,-0.018,-0.041,0.044,295.4,29.02,20.96
"2020-09-21 07:57:28",1635842,-0.018,-0.041,0.044,295.4,29.02,20.96
"2020-09-21 07:57:28.1",1635843,-0.018,-0.041,0.044,295.4,29.02,20.96
"2020-09-21 07:57:28.2",1635844,-0.018,-0.041,0.044,295.4,29.02,20.96
"2020-09-21 07:57:28.3",1635845,-0.018,-0.041,0.044,295.4,29.02,20.96
"2020-09-21 07:57:28.4",1635846,-0.018,-0.041,0.044,295.4,29.02,20.96
"2020-09-21 07:57:28.5",1635847,-0.018,-0.041,0.044,295.4,29.02,20.96
"2020-09-21 07:57:28.6",1635848,-0.008,-0.002,-0.006,295.3,29.02,20.96
"2020-09-21 07:57:28.7",1635849,-0.009,-0.002,-0.006,295.3,29.08,21.02
"2020-09-21 07:57:28.8",1635850,-0.008,-0.002,-0.006,295.3,29.02,20.96
"2020-09-21 07:57:28.9",1635851,-0.077,-0.002,0.044,295.3,29.02,20.96
"2020-09-21 07:57:29",1635852,-0.077,-0.002,0.044,295.3,29.02,20.96
"2020-09-21 07:57:29.1",1635853,-0.077,-0.002,0.044,295.3,29.02,20.96
"2020-09-21 07:57:29.2",1635854,-0.077,-0.002,0.044,295.3,29.02,20.96
"2020-09-21 07:57:29.3",1635855,-0.077,-0.002,0.044,295.3,29.02,20.96
"2020-09-21 07:57:29.4",1635856,-0.077,-0.002,0.044,295.3,29.02,20.96
"2020-09-21 07:57:29.5",1635857,-0.077,-0.002,0.044,295.3,29.02,20.96
"2020-09-21 07:57:29.6",1635858,-0.028,-0.002,0.025,295.3,29.02,20.96
"2020-09-21 07:57:29.7",1635859,-0.028,-0.002,0.025,295.3,29.02,20.96
"2020-09-21 07:57:29.8",1635860,-0.028,-0.002,0.025,295.3,29.02,20.96
"2020-09-21 07:57:29.9",1635861,-0.018,-0.041,0.044,295.4,29.02,20.96
"2020-09-21 07:57:30",1635862,-0.018,-0.041,0.044,295.4,29.02,20.99
"2020-09-21 07:57:30.1",1635863,-0.028,-0.002,0.025,295.4,29.03,20.96
"2020-09-21 07:57:30.2",1635864,-0.028,-0.002,0.025,295.4,29.03,20.96
"2020-09-21 07:57:30.3",1635865,-0.028,-0.002,0.025,295.4,29.02,20.96
"2020-09-21 07:57:30.4",1635866,-0.008,-0.002,0.074,295.5,29.02,20.96
"2020-09-21 07:57:30.5",1635867,-0.008,-0.002,0.073,295.5,29.02,20.96
"2020-09-21 07:57:30.6",1635868,-0.018,-0.041,0.044,295.5,29.02,20.96
"2020-09-21 07:57:30.7",1635869,-0.018,-0.041,0.044,295.5,29.02,20.96
"2020-09-21 07:57:30.8",1635870,-0.018,-0.041,0.044,295.5,29.02,20.96
"2020-09-21 07:57:30.9",1635871,-0.018,-0.041,0.044,295.5,29.02,20.96
"2020-09-21 07:57:31",1635872,-0.018,-0.041,0.044,295.5,29.02,20.96
"2020-09-21 07:57:31.1",1635873,-0.019,-0.041,0.044,295.6,29.02,20.96
"2020-09-21 07:57:31.2",1635874,-0.018,-0.041,0.044,295.6,29.08,21
"2020-09-21 07:57:31.3",1635875,-0.018,-0.041,0.044,295.6,29.02,20.96
"2020-09-21 07:57:31.4",1635876,-0.008,-0.002,0.073,295.7,29.02,20.96
"2020-09-21 07:57:31.5",1635877,-0.008,-0.002,0.074,295.7,29.02,20.96
"2020-09-21 07:57:31.6",1635878,-0.008,0.008,0.044,295.6,29.02,20.96
"2020-09-21 07:57:31.7",1635879,-0.009,0.009,0.044,295.6,29.02,20.96
"2020-09-21 07:57:31.8",1635880,-0.008,0.009,0.044,295.6,29.02,20.96
"2020-09-21 07:57:31.9",1635881,-0.008,0.008,0.044,295.6,29.02,20.96
"2020-09-21 07:57:32",1635882,-0.008,0.009,0.044,295.6,29.02,20.96
"2020-09-21 07:57:32.1",1635883,-0.009,0.009,0.044,295.5,29.02,20.96
"2020-09-21 07:57:32.2",1635884,-0.009,0.009,0.044,295.5,29.02,20.96
"2020-09-21 07:57:32.3",1635885,-0.008,0.008,0.044,295.5,29.02,20.96
"2020-09-21 07:57:32.4",1635886,-0.008,0.008,0.044,295.4,29.02,20.96
"2020-09-21 07:57:32.5",1635887,-0.008,0.008,0.044,295.4,29.02,20.99
"2020-09-21 07:57:32.6",1635888,-0.009,0.009,0.044,295.4,29.02,20.96
"2020-09-21 07:57:32.7",1635889,-0.008,0.008,0.044,295.4,29.02,20.96
"2020-09-21 07:57:32.8",1635890,-0.009,0.008,0.044,295.4,29.02,20.96
"2020-09-21 07:57:32.9",1635891,-0.008,0.009,0.044,295.5,29.02,20.96
"2020-09-21 07:57:33",1635892,-0.009,0.008,0.044,295.5,29.02,20.96
"2020-09-21 07:57:33.1",1635893,-0.028,-0.002,0.025,295.5,29.02,20.96
"2020-09-21 07:57:33.2",1635894,-0.028,-0.002,0.025,295.5,29.02,20.96
"2020-09-21 07:57:33.3",1635895,-0.028,-0.002,0.025,295.5,29.02,20.97
"2020-09-21 07:57:33.4",1635896,-0.008,-0.002,-0.006,295.4,29.02,20.96
"2020-09-21 07:57:33.5",1635897,-0.008,-0.002,-0.006,295.4,29.02,20.96
"2020-09-21 07:57:33.6",1635898,-0.009,-0.002,-0.006,295.4,29.02,20.96
"2020-09-21 07:57:33.7",1635899,-0.008,-0.002,-0.006,295.4,29.08,20.97
"2020-09-21 07:57:33.8",1635900,-0.008,-0.002,-0.006,295.4,29.02,20.96
"2020-09-21 07:57:33.9",1635901,-0.008,-0.002,-0.006,295.4,29.02,20.96
"2020-09-21 07:57:34",1635902,-0.008,-0.002,-0.006,295.4,29.02,20.96
"2020-09-21 07:57:34.1",1635903,-0.009,0.008,-0.016,295.4,29.02,20.96
"2020-09-21 07:57:34.2",1635904,-0.008,0.009,-0.016,295.4,29.02,20.96
"2020-09-21 07:57:34.3",1635905,-0.008,0.008,-0.016,295.4,29.02,20.96
"2020-09-21 07:57:34.4",1635906,-0.008,-0.002,-0.006,295.4,29.02,20.96
"2020-09-21 07:57:34.5",1635907,-0.008,-0.002,-0.006,295.4,29.02,20.96
"2020-09-21 07:57:34.6",1635908,-0.028,-0.002,0.025,295.3,29.02,20.96
"2020-09-21 07:57:34.7",1635909,-0.028,-0.002,0.025,295.3,29.02,20.96
"2020-09-21 07:57:34.8",1635910,-0.028,-0.002,0.025,295.3,29.02,20.96
"2020-09-21 07:57:34.9",1635911,-0.008,0.008,0.044,295.3,29.02,20.96
"2020-09-21 07:57:35",1635912,-0.008,0.009,0.044,295.3,29.04,20.99
"2020-09-21 07:57:35.1",1635913,-0.008,0.009,0.044,295.3,29.02,20.96
"2020-09-21 07:57:35.2",1635914,-0.008,0.008,0.044,295.3,29.01,20.96
"2020-09-21 07:57:35.3",1635915,-0.008,0.009,0.044,295.3,29.01,20.96
"2020-09-21 07:57:35.4",1635916,-0.008,0.008,0.044,295.3,29.01,20.96
"2020-09-21 07:57:35.5",1635917,-0.008,0.008,0.044,295.3,29.01,20.96
"2020-09-21 07:57:35.6",1635918,-0.028,-0.002,0.025,295.3,29.01,20.96
"2020-09-21 07:57:35.7",1635919,-0.028,-0.002,0.025,295.3,29.01,20.96
"2020-09-21 07:57:35.8",1635920,-0.028,-0.002,0.025,295.3,29.01,20.97
"2020-09-21 07:57:35.9",1635921,-0.008,-0.002,-0.006,295.3,29.01,20.96
"2020-09-21 07:57:36",1635922,-0.008,-0.002,-0.006,295.3,29,20.96
"2020-09-21 07:57:36.1",1635923,-0.008,-0.002,-0.006,295.3,29,20.96
"2020-09-21 07:57:36.2",1635924,-0.008,-0.002,-0.006,295.3,29.05,20.96
"2020-09-21 07:57:36.3",1635925,-0.008,-0.002,-0.006,295.3,29.01,20.96
"2020-09-21 07:57:36.4",1635926,-0.009,0.009,0.044,295.3,29,20.96
"2020-09-21 07:57:36.5",1635927,-0.008,0.008,0.044,295.3,29,20.96
"2020-09-21 07:57:36.6",1635928,-0.028,-0.002,0.025,295.3,29,20.96
"2020-09-21 07:57:36.7",1635929,-0.028,-0.002,0.025,295.3,29,20.96
"2020-09-21 07:57:36.8",1635930,-0.028,-0.002,0.025,295.3,29,20.96
"2020-09-21 07:57:36.9",1635931,-0.028,-0.002,0.025,295.3,29,20.96
"2020-09-21 07:57:37",1635932,-0.028,-0.002,0.025,295.3,29,20.96
"2020-09-21 07:57:37.1",1635933,-0.028,-0.002,0.025,295.3,29,20.96
"2020-09-21 07:57:37.2",1635934,-0.028,-0.002,0.025,295.3,29,20.96
"2020-09-21 07:57:37.3",1635935,-0.028,-0.002,0.025,295.3,29,20.96
"2020-09-21 07:57:37.4",1635936,-0.008,0.008,0.044,295.3,29,20.96
"2020-09-21 07:57:37.5",1635937,-0.008,0.009,0.044,295.3,29.03,21.01
"2020-09-21 07:57:37.6",1635938,-0.028,0.047,0.025,295.3,29,20.96
"2020-09-21 07:57:37.7",1635939,-0.028,0.048,0.025,295.3,29,20.96
"2020-09-21 07:57:37.8",1635940,-0.028,0.047,0.024,295.3,29,20.96
"2020-09-21 07:57:37.9",1635941,-0.028,0.047,0.024,295.3,29,20.96
"2020-09-21 07:57:38",1635942,-0.028,0.047,0.025,295.3,29,20.96
"2020-09-21 07:57:38.1",1635943,-0.028,-0.002,-0.036,295.3,29,20.96
"2020-09-21 07:57:38.2",1635944,-0.028,-0.002,-0.035,295.3,29,20.96
"2020-09-21 07:57:38.3",1635945,-0.028,-0.002,-0.035,295.3,29,20.96
"2020-09-21 07:57:38.4",1635946,-0.028,-0.002,-0.035,295.3,29,20.96
"2020-09-21 07:57:38.5",1635947,-0.028,-0.002,-0.035,295.3,29,20.96
"2020-09-21 07:57:38.6",1635948,-0.028,-0.002,0.025,295.3,29,20.96
"2020-09-21 07:57:38.7",1635949,-0.028,-0.002,0.025,295.3,29.03,20.96
"2020-09-21 07:57:38.8",1635950,-0.028,-0.002,0.025,295.3,29,20.96
"2020-09-21 07:57:38.9",1635951,-0.028,-0.002,0.025,295.3,29,20.97
"2020-09-21 07:57:39",1635952,-0.028,-0.002,0.025,295.3,29,20.96
"2020-09-21 07:57:39.1",1635953,-0.028,-0.002,0.025,295.3,29,20.96
"2020-09-21 07:57:39.2",1635954,-0.028,-0.002,0.025,295.3,29,20.96
"2020-09-21 07:57:39.3",1635955,-0.028,-0.002,0.024,295.3,29,20.96
"2020-09-21 07:57:39.4",1635956,-0.028,-0.002,0.025,295.3,29.01,20.96
"2020-09-21 07:57:39.5",1635957,-0.028,-0.002,0.025,295.3,29,20.96
"2020-09-21 07:57:39.6",1635958,-0.028,-0.002,0.025,295.3,29,20.96
"2020-09-21 07:57:39.7",1635959,-0.028,-0.002,0.025,295.3,29,20.96
"2020-09-21 07:57:39.8",1635960,-0.028,-0.002,0.025,295.3,29,20.96
"2020-09-21 07:57:39.9",1635961,-0.028,-0.002,0.025,295.3,29,20.96
"2020-09-21 07:57:40",1635962,-0.028,-0.002,0.025,295.3,29.03,21.02
"2020-09-21 07:57:40.1",1635963,-0.048,0.008,-0.006,295.3,29.01,20.96
"2020-09-21 07:57:40.2",1635964,-0.048,0.009,-0.006,295.3,29,20.96
"2020-09-21 07:57:40.3",1635965,-0.048,0.009,-0.006,295.3,29,20.96
"2020-09-21 07:57:40.4",1635966,-0.047,0.008,-0.006,295.2,29,20.96
"2020-09-21 07:57:40.5",1635967,-0.047,0.008,-0.006,295.2,29,20.96
"2020-09-21 07:57:40.6",1635968,-0.028,-0.002,0.025,295.2,29,20.96
"2020-09-21 07:57:40.7",1635969,-0.028,-0.002,0.025,295.2,29,20.96
"2020-09-21 07:57:40.8",1635970,-0.028,-0.002,0.025,295.2,29,20.96
"2020-09-21 07:57:40.9",1635971,-0.028,-0.002,0.025,295.2,29,20.96
"2020-09-21 07:57:41",1635972,-0.028,-0.002,0.025,295.2,29,20.96
"2020-09-21 07:57:41.1",1635973,-0.048,-0.041,-0.006,295.3,29,20.96
"2020-09-21 07:57:41.2",1635974,-0.047,-0.041,-0.006,295.3,29.01,20.96
"2020-09-21 07:57:41.3",1635975,-0.047,-0.041,-0.006,295.3,29.01,20.96
"2020-09-21 07:57:41.4",1635976,-0.008,-0.031,-0.016,295.3,29.01,20.96
"2020-09-21 07:57:41.5",1635977,-0.008,-0.032,-0.016,295.3,29,20.96
"2020-09-21 07:57:41.6",1635978,-0.009,-0.002,-0.006,295.3,29,20.96
"2020-09-21 07:57:41.7",1635979,-0.008,-0.002,-0.006,295.3,29,20.96
"2020-09-21 07:57:41.8",1635980,-0.008,-0.002,-0.006,295.3,29.01,20.96
"2020-09-21 07:57:41.9",1635981,-0.008,0.008,-0.016,295.3,29,20.96
"2020-09-21 07:57:42",1635982,-0.008,0.008,-0.016,295.3,29,20.96
"2020-09-21 07:57:42.1",1635983,-0.009,0.008,-0.016,295.3,29,20.96
"2020-09-21 07:57:42.2",1635984,-0.008,0.009,-0.016,295.3,29,20.96
"2020-09-21 07:57:42.3",1635985,-0.008,0.009,-0.016,295.3,29,20.96
"2020-09-21 07:57:42.4",1635986,-0.008,0.008,-0.016,295.3,29,20.96
"2020-09-21 07:57:42.5",1635987,-0.008,0.009,-0.016,295.3,29.03,21.02
"2020-09-21 07:57:42.6",1635988,-0.028,-0.002,-0.035,295.3,29,20.96
"2020-09-21 07:57:42.7",1635989,-0.028,-0.002,-0.035,295.3,29,20.96
"2020-09-21 07:57:42.8",1635990,-0.028,-0.002,-0.035,295.3,29,20.96
"2020-09-21 07:57:42.9",1635991,-0.121,-0.002,-0.006,295.3,29,20.96
"2020-09-21 07:57:43",1635992,-0.121,-0.002,-0.006,295.3,29,20.96
"2020-09-21 07:57:43.1",1635993,-0.048,0.008,-0.006,295.2,29,20.96
"2020-09-21 07:57:43.2",1635994,-0.047,0.008,-0.006,295.2,29,20.96
"2020-09-21 07:57:43.3",1635995,-0.047,0.009,-0.006,295.2,29,20.96
"2020-09-21 07:57:43.4",1635996,-0.047,0.009,-0.006,295.2,29,20.96
"2020-09-21 07:57:43.5",1635997,-0.047,0.009,-0.006,295.2,29,20.96
"2020-09-21 07:57:43.6",1635998,-0.087,0.009,0.015,295.2,29,20.96
"2020-09-21 07:57:43.7",1635999,-0.086,0.009,0.015,295.2,29,20.96
"2020-09-21 07:57:43.8",1636000,-0.086,0.008,0.015,295.2,29,20.96
"2020-09-21 07:57:43.9",1636001,-0.086,0.009,0.015,295.2,29,20.96
"2020-09-21 07:57:44",1636002,-0.087,0.009,0.015,295.2,29,20.96
"2020-09-21 07:57:44.1",1636003,-0.096,-0.041,0.015,295.2,29,20.96
"2020-09-21 07:57:44.2",1636004,-0.096,-0.041,0.015,295.2,29,20.96
"2020-09-21 07:57:44.3",1636005,-0.096,-0.041,0.015,295.2,29,20.96
"2020-09-21 07:57:44.4",1636006,-0.096,-0.041,0.015,295.2,29,20.96
"2020-09-21 07:57:44.5",1636007,-0.096,-0.041,0.015,295.2,29,20.96
"2020-09-21 07:57:44.6",1636008,-0.067,-0.002,-0.016,295.2,29,20.96
"2020-09-21 07:57:44.7",1636009,-0.067,-0.002,-0.016,295.2,29,20.96
"2020-09-21 07:57:44.8",1636010,-0.067,-0.002,-0.016,295.2,29,20.96
"2020-09-21 07:57:44.9",1636011,-0.121,-0.002,-0.006,295.2,29,20.96
"2020-09-21 07:57:45",1636012,-0.121,-0.002,-0.006,295.2,29.05,21.02
"2020-09-21 07:57:45.1",1636013,-0.067,-0.002,-0.016,295.2,29.01,20.96
"2020-09-21 07:57:45.2",1636014,-0.067,-0.002,-0.016,295.2,29.01,20.96
"2020-09-21 07:57:45.3",1636015,-0.067,-0.002,-0.016,295.2,29,20.96
"2020-09-21 07:57:45.4",1636016,-0.047,-0.051,-0.065,295.2,29,20.96
"2020-09-21 07:57:45.5",1636017,-0.047,-0.051,-0.065,295.2,29,20.96
"2020-09-21 07:57:45.6",1636018,-0.048,-0.041,-0.006,295.1,29,20.96
"2020-09-21 07:57:45.7",1636019,-0.047,-0.041,-0.006,295.1,29,20.96
"2020-09-21 07:57:45.8",1636020,-0.047,-0.041,-0.006,295.1,29,20.96
"2020-09-21 07:57:45.9",1636021,-0.047,-0.041,-0.006,295.1,29,20.96
"2020-09-21 07:57:46",1636022,-0.048,-0.041,-0.006,295.1,29,20.96
"2020-09-21 07:57:46.1",1636023,-0.048,-0.041,-0.006,295.1,29,20.96
"2020-09-21 07:57:46.2",1636024,-0.047,-0.041,-0.006,295.1,29,20.96
"2020-09-21 07:57:46.3",1636025,-0.047,-0.041,-0.006,295.1,29.01,20.96
"2020-09-21 07:57:46.4",1636026,-0.047,-0.041,-0.006,295.1,29,20.96
"2020-09-21 07:57:46.5",1636027,-0.047,-0.041,-0.006,295.1,29,20.96
"2020-09-21 07:57:46.6",1636028,-0.121,-0.002,-0.006,295.2,29,20.96
"2020-09-21 07:57:46.7",1636029,-0.121,-0.002,-0.006,295.2,29,20.96
"2020-09-21 07:57:46.8",1636030,-0.121,-0.002,-0.006,295.2,29,20.96
"2020-09-21 07:57:46.9",1636031,-0.121,-0.002,-0.006,295.2,29,20.96
"2020-09-21 07:57:47",1636032,-0.121,-0.002,-0.006,295.2,29,20.96
"2020-09-21 07:57:47.1",1636033,-0.121,-0.002,-0.006,295.2,29,20.96
"2020-09-21 07:57:47.2",1636034,-0.121,-0.002,-0.006,295.2,29,20.96
"2020-09-21 07:57:47.3",1636035,-0.121,-0.002,-0.006,295.2,29,20.96
"2020-09-21 07:57:47.4",1636036,-0.121,-0.002,-0.006,295.2,29,20.96
"2020-09-21 07:57:47.5",1636037,-0.121,-0.002,-0.006,295.2,29.06,21.01
"2020-09-21 07:57:47.6",1636038,-0.159,-0.012,-0.006,295.2,29,20.96
"2020-09-21 07:57:47.7",1636039,-0.16,-0.012,-0.006,295.2,29,20.96
"2020-09-21 07:57:47.8",1636040,-0.16,-0.012,-0.006,295.2,29,20.96
"2020-09-21 07:57:47.9",1636041,-0.121,-0.002,-0.006,295.2,29,20.96
"2020-09-21 07:57:48",1636042,-0.121,-0.002,-0.006,295.2,29,20.96
"2020-09-21 07:57:48.1",1636043,-0.15,-0.041,-0.026,295.2,29.01,20.97
"2020-09-21 07:57:48.2",1636044,-0.15,-0.041,-0.026,295.2,29,20.96
"2020-09-21 07:57:48.3",1636045,-0.15,-0.041,-0.026,295.2,29,20.96
"2020-09-21 07:57:48.4",1636046,-0.16,-0.012,-0.006,295.2,29,20.96
"2020-09-21 07:57:48.5",1636047,-0.16,-0.012,-0.006,295.2,29,20.96
"2020-09-21 07:57:48.6",1636048,-0.067,-0.002,-0.016,295.2,29,20.96
"2020-09-21 07:57:48.7",1636049,-0.067,-0.002,-0.016,295.2,29,20.96
"2020-09-21 07:57:48.8",1636050,-0.067,-0.002,-0.016,295.2,29,20.99
"2020-09-21 07:57:48.9",1636051,-0.067,-0.002,-0.016,295.2,29,20.96
"2020-09-21 07:57:49",1636052,-0.067,-0.002,-0.016,295.2,29,20.96
"2020-09-21 07:57:49.1",1636053,-0.048,0.008,-0.006,295.2,29,20.96
"2020-09-21 07:57:49.2",1636054,-0.047,0.008,-0.006,295.2,29,20.96
"2020-09-21 07:57:49.3",1636055,-0.047,0.009,-0.006,295.2,29.01,20.96
"2020-09-21 07:57:49.4",1636056,-0.008,0.008,-0.016,295.2,29,20.96
"2020-09-21 07:57:49.5",1636057,-0.008,0.008,-0.016,295.2,29,20.96
"2020-09-21 07:57:49.6",1636058,-0.009,0.008,-0.016,295.2,29,20.96
"2020-09-21 07:57:49.7",1636059,-0.008,0.009,-0.016,295.2,29.01,20.96
"2020-09-21 07:57:49.8",1636060,-0.008,0.008,-0.016,295.2,29,20.96
"2020-09-21 07:57:49.9",1636061,-0.008,0.008,-0.016,295.2,29,20.96
"2020-09-21 07:57:50",1636062,-0.008,0.009,-0.016,295.2,29.06,20.98
"2020-09-21 07:57:50.1",1636063,-0.008,0.009,-0.016,295.2,29.01,20.96
"2020-09-21 07:57:50.2",1636064,-0.008,0.009,-0.016,295.2,29,20.96
"2020-09-21 07:57:50.3",1636065,-0.008,0.009,-0.016,295.2,29.01,20.96
"2020-09-21 07:57:50.4",1636066,-0.008,0.009,-0.016,295.2,29,20.96
"2020-09-21 07:57:50.5",1636067,-0.008,0.008,-0.016,295.2,29,20.96
"2020-09-21 07:57:50.6",1636068,-0.008,0.009,-0.016,295.2,29,20.96
"2020-09-21 07:57:50.7",1636069,-0.008,0.008,-0.016,295.2,29,20.96
"2020-09-21 07:57:50.8",1636070,-0.008,0.008,-0.016,295.2,29,20.96
"2020-09-21 07:57:50.9",1636071,-0.008,0.008,-0.016,295.2,29,20.96
"2020-09-21 07:57:51",1636072,-0.008,0.009,-0.016,295.2,29,20.96
"2020-09-21 07:57:51.1",1636073,-0.008,0.008,-0.016,295.2,29,20.96
"2020-09-21 07:57:51.2",1636074,-0.008,0.009,-0.016,295.2,29,20.96
"2020-09-21 07:57:51.3",1636075,-0.008,0.009,-0.016,295.2,29,21
"2020-09-21 07:57:51.4",1636076,-0.009,0.008,-0.016,295.2,29,20.96
"2020-09-21 07:57:51.5",1636077,-0.008,0.009,-0.016,295.2,29.01,20.96
"2020-09-21 07:57:51.6",1636078,-0.009,0.008,-0.016,295.2,29,20.96
"2020-09-21 07:57:51.7",1636079,-0.009,0.009,-0.016,295.2,29,20.96
"2020-09-21 07:57:51.8",1636080,-0.008,0.009,-0.016,295.2,29,20.96
"2020-09-21 07:57:51.9",1636081,-0.008,0.008,-0.016,295.2,29,20.96
"2020-09-21 07:57:52",1636082,-0.008,0.009,-0.016,295.2,29,20.96
"2020-09-21 07:57:52.1",1636083,-0.008,-0.002,-0.006,295.3,29,20.96
"2020-09-21 07:57:52.2",1636084,-0.008,-0.002,-0.006,295.3,29,20.96
"2020-09-21 07:57:52.3",1636085,-0.008,-0.002,-0.006,295.3,29,20.96
"2020-09-21 07:57:52.4",1636086,-0.008,-0.031,-0.016,295.3,29,20.96
"2020-09-21 07:57:52.5",1636087,-0.008,-0.032,-0.016,295.3,29.06,20.96
"2020-09-21 07:57:52.6",1636088,-0.008,-0.032,-0.016,295.3,29,20.96
"2020-09-21 07:57:52.7",1636089,-0.008,-0.031,-0.016,295.3,29,20.96
"2020-09-21 07:57:52.8",1636090,-0.008,-0.031,-0.016,295.3,29,20.96
"2020-09-21 07:57:52.9",1636091,-0.008,-0.032,-0.016,295.3,29,20.96
"2020-09-21 07:57:53",1636092,-0.008,-0.032,-0.016,295.3,29,20.96
"2020-09-21 07:57:53.1",1636093,-0.009,-0.032,-0.016,295.3,29,20.96
"2020-09-21 07:57:53.2",1636094,-0.008,-0.032,-0.016,295.3,29,20.96
"2020-09-21 07:57:53.3",1636095,-0.008,-0.032,-0.016,295.3,29,20.96
"2020-09-21 07:57:53.4",1636096,-0.008,-0.031,-0.016,295.3,29,20.96
"2020-09-21 07:57:53.5",1636097,-0.008,-0.032,-0.016,295.3,29,20.96
"2020-09-21 07:57:53.6",1636098,-0.018,-0.071,-0.006,295.3,29,20.96
"2020-09-21 07:57:53.7",1636099,-0.018,-0.071,-0.006,295.3,29,20.96
"2020-09-21 07:57:53.8",1636100,-0.018,-0.07,-0.006,295.3,29.02,20.99
"2020-09-21 07:57:53.9",1636101,-0.008,-0.031,-0.016,295.4,29,20.96
"2020-09-21 07:57:54",1636102,-0.008,-0.032,-0.016,295.4,29,20.96
"2020-09-21 07:57:54.1",1636103,-0.008,-0.032,-0.016,295.4,29,20.96
"2020-09-21 07:57:54.2",1636104,-0.008,-0.032,-0.016,295.4,29,20.96
"2020-09-21 07:57:54.3",1636105,-0.008,-0.031,-0.016,295.4,29,20.97
"2020-09-21 07:57:54.4",1636106,-0.028,-0.071,0.015,295.4,29,20.96
"2020-09-21 07:57:54.5",1636107,-0.028,-0.07,0.015,295.4,29,20.96
"2020-09-21 07:57:54.6",1636108,-0.018,-0.041,0.044,295.4,29,20.96
"2020-09-21 07:57:54.7",1636109,-0.018,-0.041,0.044,295.4,29,20.96
"2020-09-21 07:57:54.8",1636110,-0.018,-0.041,0.044,295.4,29,20.96
"2020-09-21 07:57:54.9",1636111,-0.028,-0.002,0.025,295.6,29,20.96
"2020-09-21 07:57:55",1636112,-0.028,-0.002,0.025,295.6,29.04,20.96
"2020-09-21 07:57:55.1",1636113,-0.018,-0.041,0.044,295.6,29,20.96
"2020-09-21 07:57:55.2",1636114,-0.018,-0.041,0.044,295.6,29,20.96
"2020-09-21 07:57:55.3",1636115,-0.018,-0.041,0.044,295.6,29,20.96
"2020-09-21 07:57:55.4",1636116,-0.018,-0.041,0.044,295.7,29,20.96
"2020-09-21 07:57:55.5",1636117,-0.018,-0.041,0.044,295.7,29,20.96
"2020-09-21 07:57:55.6",1636118,-0.009,-0.012,0.064,295.6,29,20.96
"2020-09-21 07:57:55.7",1636119,-0.008,-0.012,0.064,295.6,29,20.96
"2020-09-21 07:57:55.8",1636120,-0.008,-0.012,0.064,295.6,29,20.96
"2020-09-21 07:57:55.9",1636121,-0.018,-0.041,0.044,295.6,29,20.96
"2020-09-21 07:57:56",1636122,-0.018,-0.041,0.044,295.6,29,20.96
"2020-09-21 07:57:56.1",1636123,-0.008,-0.002,0.074,295.6,29,20.96
"2020-09-21 07:57:56.2",1636124,-0.008,-0.002,0.073,295.6,29,20.96
"2020-09-21 07:57:56.3",1636125,-0.008,-0.002,0.073,295.6,29.03,21.01
"2020-09-21 07:57:56.4",1636126,-0.008,0.008,0.044,295.5,29.01,20.96
"2020-09-21 07:57:56.5",1636127,-0.008,0.008,0.044,295.5,29,20.96
"2020-09-21 07:57:56.6",1636128,-0.028,-0.002,0.093,295.4,29,20.96
"2020-09-21 07:57:56.7",1636129,-0.028,-0.002,0.093,295.4,29,20.96
"2020-09-21 07:57:56.8",1636130,-0.028,-0.002,0.093,295.4,29,20.96
"2020-09-21 07:57:56.9",1636131,-0.047,-0.051,0.074,295.5,29,20.96
"2020-09-21 07:57:57",1636132,-0.047,-0.051,0.073,295.5,29,20.96
"2020-09-21 07:57:57.1",1636133,-0.057,0.009,0.073,295.4,29,20.96
"2020-09-21 07:57:57.2",1636134,-0.057,0.008,0.074,295.4,29,20.96
"2020-09-21 07:57:57.3",1636135,-0.057,0.009,0.074,295.4,29,20.96
"2020-09-21 07:57:57.4",1636136,-0.077,-0.002,0.044,295.4,29,20.97
"2020-09-21 07:57:57.5",1636137,-0.077,-0.002,0.044,295.4,29.02,20.96
"2020-09-21 07:57:57.6",1636138,-0.028,-0.002,0.025,295.3,29.01,20.96
"2020-09-21 07:57:57.7",1636139,-0.028,-0.002,0.025,295.3,29,20.96
"2020-09-21 07:57:57.8",1636140,-0.028,-0.002,0.025,295.3,29,20.96
"2020-09-21 07:57:57.9",1636141,-0.028,-0.002,0.025,295.3,29,20.96
"2020-09-21 07:57:58",1636142,-0.028,-0.002,0.025,295.3,29,20.96
"2020-09-21 07:57:58.1",1636143,-0.028,-0.002,0.025,295.3,29,20.96
"2020-09-21 07:57:58.2",1636144,-0.028,-0.002,0.025,295.3,29,20.96
"2020-09-21 07:57:58.3",1636145,-0.028,-0.002,0.025,295.3,29,20.96
"2020-09-21 07:57:58.4",1636146,-0.008,0.009,0.044,295.3,29,20.96
"2020-09-21 07:57:58.5",1636147,-0.008,0.008,0.044,295.3,29,20.96
"2020-09-21 07:57:58.6",1636148,-0.057,0.008,0.073,295.3,29,20.96
"2020-09-21 07:57:58.7",1636149,-0.057,0.008,0.074,295.3,29,20.96
"2020-09-21 07:57:58.8",1636150,-0.057,0.008,0.074,295.3,29.04,21.02
"2020-09-21 07:57:58.9",1636151,-0.008,0.008,0.044,295.3,29,20.96
"2020-09-21 07:57:59",1636152,-0.008,0.009,0.044,295.3,29,20.96
"2020-09-21 07:57:59.1",1636153,-0.028,-0.002,0.025,295.3,29,20.96
"2020-09-21 07:57:59.2",1636154,-0.028,-0.002,0.025,295.3,29,20.96
"2020-09-21 07:57:59.3",1636155,-0.028,-0.002,0.025,295.3,29,20.96
"2020-09-21 07:57:59.4",1636156,-0.008,-0.002,0.073,295.4,29,20.96
"2020-09-21 07:57:59.5",1636157,-0.008,-0.002,0.073,295.4,29,20.96
"2020-09-21 07:57:59.6",1636158,-0.028,-0.002,0.025,295.6,29,20.96
"2020-09-21 07:57:59.7",1636159,-0.028,-0.002,0.025,295.6,29,20.97
"2020-09-21 07:57:59.8",1636160,-0.028,-0.002,0.025,295.6,29,20.97
"2020-09-21 07:57:59.9",1636161,-0.008,-0.002,0.074,295.6,29,20.96
"2020-09-21 07:58:00",1636162,-0.008,-0.002,0.073,295.6,29,20.97
"2020-09-21 07:58:00.1",1636163,-0.028,-0.002,0.093,295.6,29,20.97
"2020-09-21 07:58:00.2",1636164,-0.028,-0.002,0.093,295.6,29,20.96
"2020-09-21 07:58:00.3",1636165,-0.028,-0.002,0.093,295.6,29,20.96
"2020-09-21 07:58:00.4",1636166,-0.008,-0.002,0.074,295.7,29,20.96
"2020-09-21 07:58:00.5",1636167,-0.008,-0.002,0.073,295.7,29,20.96
"2020-09-21 07:58:00.6",1636168,-0.047,-0.051,0.074,295.7,29,20.96
"2020-09-21 07:58:00.7",1636169,-0.048,-0.051,0.074,295.7,29,20.96
"2020-09-21 07:58:00.8",1636170,-0.047,-0.051,0.074,295.7,29,20.96
"2020-09-21 07:58:00.9",1636171,-0.028,-0.002,0.093,295.7,29,20.96
"2020-09-21 07:58:01",1636172,-0.028,-0.002,0.093,295.7,29,20.96
"2020-09-21 07:58:01.1",1636173,-0.028,-0.002,0.093,295.7,29,20.96
"2020-09-21 07:58:01.2",1636174,-0.028,-0.002,0.093,295.7,29,20.96
"2020-09-21 07:58:01.3",1636175,-0.028,-0.002,0.093,295.7,29.04,21.02
"2020-09-21 07:58:01.4",1636176,-0.008,-0.002,0.074,295.7,29,20.96
"2020-09-21 07:58:01.5",1636177,-0.008,-0.002,0.074,295.7,29,20.96
"2020-09-21 07:58:01.6",1636178,-0.028,-0.002,0.093,295.6,29,20.96
"2020-09-21 07:58:01.7",1636179,-0.028,-0.002,0.093,295.6,29,20.96
"2020-09-21 07:58:01.8",1636180,-0.028,-0.002,0.093,295.6,29,20.96
"2020-09-21 07:58:01.9",1636181,-0.057,0.009,0.074,295.6,29,20.96
"2020-09-21 07:58:02",1636182,-0.057,0.009,0.073,295.6,29,20.96
"2020-09-21 07:58:02.1",1636183,-0.009,-0.002,0.074,295.6,29,20.96
"2020-09-21 07:58:02.2",1636184,-0.008,-0.002,0.074,295.6,29,20.96
"2020-09-21 07:58:02.3",1636185,-0.008,-0.002,0.074,295.6,29,20.96
"2020-09-21 07:58:02.4",1636186,-0.008,-0.002,0.074,295.5,29,20.96
"2020-09-21 07:58:02.5",1636187,-0.008,-0.002,0.074,295.5,29,20.96
"2020-09-21 07:58:02.6",1636188,-0.008,-0.002,0.073,295.5,29,20.96
"2020-09-21 07:58:02.7",1636189,-0.009,-0.002,0.073,295.5,29,20.96
"2020-09-21 07:58:02.8",1636190,-0.008,-0.002,0.074,295.5,29,20.96
"2020-09-21 07:58:02.9",1636191,-0.008,-0.002,0.074,295.5,29,20.96
"2020-09-21 07:58:03",1636192,-0.008,-0.002,0.073,295.5,29,20.96
"2020-09-21 07:58:03.1",1636193,-0.028,-0.002,0.025,295.4,29,20.96
"2020-09-21 07:58:03.2",1636194,-0.028,-0.002,0.025,295.4,29,20.96
"2020-09-21 07:58:03.3",1636195,-0.028,-0.002,0.025,295.4,29,20.97
"2020-09-21 07:58:03.4",1636196,-0.008,0.009,0.044,295.4,29,20.96
"2020-09-21 07:58:03.5",1636197,-0.008,0.009,0.044,295.4,29,20.96
"2020-09-21 07:58:03.6",1636198,-0.028,-0.002,0.025,295.5,29,20.97
"2020-09-21 07:58:03.7",1636199,-0.028,-0.002,0.025,295.5,29,20.96
