"TOA5","10329","CR6","10329","CR6.Std.09.01 CR6-WIFI.04.00.01","CPU:YOUNG81000_HMP60_10Hz.CR6","51185","Young10Hz_hmp"
"TIMESTAMP","RECORD","U","V","W","TSonic","RH","T_HMP60"
"TS","RN","mV","mV","mV","mV","%","Deg C"
"","","Smp","Smp","Smp","Smp","Smp","Smp"
"2020-09-20 23:14:03.8",1321800,-0.009,-0.002,0.044,296,26.56,22.14
"2020-09-20 23:14:03.9",1321801,-0.008,-0.002,0.044,296,26.56,22.14
"2020-09-20 23:14:04",1321802,-0.009,-0.002,0.044,296,26.56,22.14
"2020-09-20 23:14:04.1",1321803,-0.028,-0.002,0.024,296.1,26.56,22.14
"2020-09-20 23:14:04.2",1321804,-0.028,-0.002,0.024,296.1,26.56,22.14
"2020-09-20 23:14:04.3",1321805,-0.058,-0.041,0.064,296.2,26.56,22.14
"2020-09-20 23:14:04.4",1321806,-0.057,-0.042,0.064,296.2,26.56,22.15
"2020-09-20 23:14:04.5",1321807,-0.057,-0.041,0.063,296.2,26.56,22.15
"2020-09-20 23:14:04.6",1321808,-0.008,0.008,0.044,296.2,26.59,22.2
"2020-09-20 23:14:04.7",1321809,-0.009,0.008,0.044,296.2,26.56,22.14
"2020-09-20 23:14:04.8",1321810,-0.009,0.008,0.044,296.3,26.56,22.14
"2020-09-20 23:14:04.9",1321811,-0.009,0.008,0.044,296.3,26.56,22.14
"2020-09-20 23:14:05",1321812,-0.009,0.008,0.044,296.3,26.56,22.14
"2020-09-20 23:14:05.1",1321813,-0.009,-0.002,0.074,296.3,26.56,22.14
"2020-09-20 23:14:05.2",1321814,-0.009,-0.002,0.074,296.3,26.56,22.14
"2020-09-20 23:14:05.3",1321815,-0.009,-0.002,0.074,296.3,26.56,22.14
"2020-09-20 23:14:05.4",1321816,-0.008,-0.002,0.073,296.3,26.56,22.14
"2020-09-20 23:14:05.5",1321817,-0.009,-0.002,0.074,296.3,26.56,22.14
"2020-09-20 23:14:05.6",1321818,0.07,-0.051,0.073,296.3,26.56,22.14
"2020-09-20 23:14:05.7",1321819,0.07,-0.051,0.073,296.3,26.56,22.14
"2020-09-20 23:14:05.8",1321820,-0.008,-0.002,0.073,296.3,26.56,22.14
"2020-09-20 23:14:05.9",1321821,-0.008,-0.002,0.073,296.3,26.56,22.14
"2020-09-20 23:14:06",1321822,-0.009,-0.002,0.073,296.3,26.56,22.14
"2020-09-20 23:14:06.1",1321823,-0.009,-0.002,0.073,296.3,26.56,22.14
"2020-09-20 23:14:06.2",1321824,-0.008,-0.002,0.073,296.3,26.56,22.14
"2020-09-20 23:14:06.3",1321825,-0.028,-0.002,0.093,296.3,26.56,22.14
"2020-09-20 23:14:06.4",1321826,-0.028,-0.002,0.093,296.3,26.56,22.15
"2020-09-20 23:14:06.5",1321827,-0.028,-0.002,0.093,296.3,26.56,22.14
"2020-09-20 23:14:06.6",1321828,0.012,-0.041,0.093,296.2,26.56,22.15
"2020-09-20 23:14:06.7",1321829,0.012,-0.041,0.093,296.2,26.56,22.14
"2020-09-20 23:14:06.8",1321830,-0.008,-0.002,0.073,296.2,26.56,22.14
"2020-09-20 23:14:06.9",1321831,-0.008,-0.002,0.073,296.2,26.56,22.14
"2020-09-20 23:14:07",1321832,-0.009,-0.002,0.073,296.2,26.56,22.14
"2020-09-20 23:14:07.1",1321833,-0.009,-0.002,0.074,296.2,26.61,22.2
"2020-09-20 23:14:07.2",1321834,-0.008,-0.002,0.073,296.2,26.56,22.14
"2020-09-20 23:14:07.3",1321835,-0.028,-0.002,0.093,296.2,26.56,22.14
"2020-09-20 23:14:07.4",1321836,-0.028,-0.002,0.093,296.2,26.56,22.14
"2020-09-20 23:14:07.5",1321837,-0.028,-0.002,0.093,296.2,26.56,22.14
"2020-09-20 23:14:07.6",1321838,-0.008,0.009,0.117,296.2,26.56,22.14
"2020-09-20 23:14:07.7",1321839,-0.008,0.008,0.117,296.2,26.56,22.14
"2020-09-20 23:14:07.8",1321840,-0.028,-0.002,0.093,296.3,26.56,22.14
"2020-09-20 23:14:07.9",1321841,-0.028,-0.002,0.093,296.3,26.56,22.14
"2020-09-20 23:14:08",1321842,-0.028,-0.002,0.093,296.3,26.56,22.14
"2020-09-20 23:14:08.1",1321843,-0.009,0.008,0.117,296.2,26.56,22.14
"2020-09-20 23:14:08.2",1321844,-0.008,0.008,0.117,296.2,26.56,22.14
"2020-09-20 23:14:08.3",1321845,-0.009,0.008,0.117,296.3,26.56,22.14
"2020-09-20 23:14:08.4",1321846,-0.009,0.008,0.117,296.3,26.56,22.15
"2020-09-20 23:14:08.5",1321847,-0.009,0.008,0.117,296.3,26.56,22.14
"2020-09-20 23:14:08.6",1321848,-0.008,-0.002,0.074,296.4,26.56,22.14
"2020-09-20 23:14:08.7",1321849,-0.008,-0.002,0.073,296.4,26.56,22.15
"2020-09-20 23:14:08.8",1321850,-0.028,-0.002,0.093,296.4,26.56,22.14
"2020-09-20 23:14:08.9",1321851,-0.028,-0.002,0.093,296.4,26.56,22.15
"2020-09-20 23:14:09",1321852,-0.028,-0.002,0.093,296.4,26.56,22.15
"2020-09-20 23:14:09.1",1321853,-0.028,-0.002,0.093,296.3,26.56,22.14
"2020-09-20 23:14:09.2",1321854,-0.028,-0.002,0.093,296.3,26.56,22.15
"2020-09-20 23:14:09.3",1321855,0.012,0.008,0.093,296.3,26.56,22.15
"2020-09-20 23:14:09.4",1321856,0.012,0.008,0.093,296.3,26.56,22.14
"2020-09-20 23:14:09.5",1321857,0.012,0.008,0.093,296.3,26.56,22.14
"2020-09-20 23:14:09.6",1321858,0.012,-0.032,0.083,296.1,26.62,22.2
"2020-09-20 23:14:09.7",1321859,0.012,-0.032,0.083,296.1,26.56,22.15
"2020-09-20 23:14:09.8",1321860,-0.009,-0.002,0.073,296.1,26.56,22.14
"2020-09-20 23:14:09.9",1321861,-0.008,-0.002,0.074,296.1,26.56,22.14
"2020-09-20 23:14:10",1321862,-0.009,-0.003,0.073,296.1,26.56,22.14
"2020-09-20 23:14:10.1",1321863,-0.018,-0.041,0.044,296,26.56,22.14
"2020-09-20 23:14:10.2",1321864,-0.018,-0.041,0.044,296,26.56,22.14
"2020-09-20 23:14:10.3",1321865,-0.009,-0.002,0.074,296,26.56,22.14
"2020-09-20 23:14:10.4",1321866,-0.008,-0.002,0.073,296,26.56,22.15
"2020-09-20 23:14:10.5",1321867,-0.009,-0.002,0.073,296,26.56,22.15
"2020-09-20 23:14:10.6",1321868,-0.008,-0.002,0.064,296,26.56,22.15
"2020-09-20 23:14:10.7",1321869,-0.008,-0.003,0.064,296,26.56,22.14
"2020-09-20 23:14:10.8",1321870,-0.038,-0.002,0.083,296.1,26.56,22.15
"2020-09-20 23:14:10.9",1321871,-0.038,-0.002,0.083,296.1,26.56,22.17
"2020-09-20 23:14:11",1321872,-0.038,-0.002,0.083,296.1,26.56,22.14
"2020-09-20 23:14:11.1",1321873,-0.009,-0.002,0.064,296.2,26.56,22.14
"2020-09-20 23:14:11.2",1321874,-0.009,-0.002,0.064,296.2,26.56,22.14
"2020-09-20 23:14:11.3",1321875,0.002,0.018,0.083,296.3,26.56,22.14
"2020-09-20 23:14:11.4",1321876,0.002,0.018,0.083,296.3,26.56,22.14
"2020-09-20 23:14:11.5",1321877,0.002,0.018,0.083,296.3,26.56,22.14
"2020-09-20 23:14:11.6",1321878,0.012,0.008,0.093,296.4,26.56,22.14
"2020-09-20 23:14:11.7",1321879,0.012,0.008,0.093,296.4,26.56,22.14
"2020-09-20 23:14:11.8",1321880,-0.028,-0.002,0.093,296.4,26.56,22.14
"2020-09-20 23:14:11.9",1321881,-0.028,-0.002,0.093,296.4,26.56,22.14
"2020-09-20 23:14:12",1321882,-0.028,-0.003,0.093,296.4,26.56,22.14
"2020-09-20 23:14:12.1",1321883,-0.028,-0.002,0.093,296.3,26.61,22.18
"2020-09-20 23:14:12.2",1321884,-0.028,-0.002,0.093,296.3,26.56,22.14
"2020-09-20 23:14:12.3",1321885,-0.018,-0.041,0.117,296.3,26.56,22.14
"2020-09-20 23:14:12.4",1321886,-0.018,-0.041,0.117,296.3,26.56,22.14
"2020-09-20 23:14:12.5",1321887,-0.018,-0.042,0.117,296.3,26.56,22.14
"2020-09-20 23:14:12.6",1321888,-0.008,-0.002,0.064,296.2,26.56,22.14
"2020-09-20 23:14:12.7",1321889,-0.009,-0.002,0.064,296.2,26.56,22.14
"2020-09-20 23:14:12.8",1321890,-0.009,-0.002,0.137,296.3,26.56,22.14
"2020-09-20 23:14:12.9",1321891,-0.009,-0.002,0.137,296.3,26.56,22.14
"2020-09-20 23:14:13",1321892,-0.009,-0.002,0.137,296.3,26.56,22.14
"2020-09-20 23:14:13.1",1321893,-0.009,-0.002,0.064,296.3,26.56,22.14
"2020-09-20 23:14:13.2",1321894,-0.008,-0.002,0.064,296.3,26.56,22.14
"2020-09-20 23:14:13.3",1321895,-0.009,0.008,0.044,296.1,26.56,22.14
"2020-09-20 23:14:13.4",1321896,-0.008,0.008,0.044,296.1,26.56,22.17
"2020-09-20 23:14:13.5",1321897,-0.009,0.008,0.044,296.1,26.56,22.14
"2020-09-20 23:14:13.6",1321898,-0.009,0.008,0.044,296.1,26.56,22.14
"2020-09-20 23:14:13.7",1321899,-0.009,0.009,0.044,296.1,26.56,22.14
"2020-09-20 23:14:13.8",1321900,-0.028,-0.002,0.083,296.1,26.56,22.14
"2020-09-20 23:14:13.9",1321901,-0.028,-0.002,0.083,296.1,26.56,22.14
"2020-09-20 23:14:14",1321902,-0.028,-0.002,0.083,296.1,26.56,22.14
"2020-09-20 23:14:14.1",1321903,-0.028,-0.002,0.083,296.1,26.56,22.14
"2020-09-20 23:14:14.2",1321904,-0.028,-0.002,0.083,296.1,26.56,22.14
"2020-09-20 23:14:14.3",1321905,-0.047,0.008,0.064,296.1,26.56,22.14
"2020-09-20 23:14:14.4",1321906,-0.048,0.008,0.063,296.1,26.56,22.14
"2020-09-20 23:14:14.5",1321907,-0.048,0.008,0.063,296.1,26.56,22.14
"2020-09-20 23:14:14.6",1321908,-0.028,-0.002,0.025,296,26.62,22.16
"2020-09-20 23:14:14.7",1321909,-0.028,-0.002,0.024,296,26.56,22.14
"2020-09-20 23:14:14.8",1321910,-0.018,-0.002,0.015,295.9,26.56,22.15
"2020-09-20 23:14:14.9",1321911,-0.018,-0.002,0.015,295.9,26.56,22.14
"2020-09-20 23:14:15",1321912,-0.018,-0.002,0.015,295.9,26.56,22.14
"2020-09-20 23:14:15.1",1321913,-0.008,-0.002,0.064,296,26.56,22.14
"2020-09-20 23:14:15.2",1321914,-0.009,-0.002,0.064,296,26.56,22.14
"2020-09-20 23:14:15.3",1321915,-0.009,-0.032,0.044,296,26.56,22.14
"2020-09-20 23:14:15.4",1321916,-0.008,-0.032,0.044,296,26.56,22.14
"2020-09-20 23:14:15.5",1321917,-0.008,-0.032,0.044,296,26.56,22.14
"2020-09-20 23:14:15.6",1321918,-0.009,-0.032,0.044,296,26.56,22.14
"2020-09-20 23:14:15.7",1321919,-0.009,-0.032,0.044,296,26.56,22.14
"2020-09-20 23:14:15.8",1321920,-0.048,-0.032,0.064,295.9,26.56,22.14
"2020-09-20 23:14:15.9",1321921,-0.048,-0.032,0.063,295.9,26.56,22.18
"2020-09-20 23:14:16",1321922,-0.048,-0.032,0.063,295.9,26.56,22.14
"2020-09-20 23:14:16.1",1321923,-0.008,-0.071,0.064,296,26.56,22.14
"2020-09-20 23:14:16.2",1321924,-0.008,-0.071,0.064,296,26.56,22.14
"2020-09-20 23:14:16.3",1321925,-0.009,-0.002,0.073,296.1,26.56,22.14
"2020-09-20 23:14:16.4",1321926,-0.008,-0.002,0.073,296.1,26.56,22.14
"2020-09-20 23:14:16.5",1321927,-0.009,-0.002,0.073,296.1,26.56,22.14
"2020-09-20 23:14:16.6",1321928,-0.009,-0.002,0.074,296.2,26.56,22.14
"2020-09-20 23:14:16.7",1321929,-0.008,-0.002,0.073,296.2,26.56,22.14
"2020-09-20 23:14:16.8",1321930,-0.028,-0.002,0.093,296.1,26.56,22.14
"2020-09-20 23:14:16.9",1321931,-0.028,-0.002,0.093,296.1,26.56,22.14
"2020-09-20 23:14:17",1321932,-0.028,-0.003,0.093,296.1,26.56,22.14
"2020-09-20 23:14:17.1",1321933,-0.048,-0.041,0.064,296.1,26.61,22.14
"2020-09-20 23:14:17.2",1321934,-0.048,-0.041,0.063,296.1,26.56,22.14
"2020-09-20 23:14:17.3",1321935,-0.009,0.008,0.044,296.2,26.56,22.14
"2020-09-20 23:14:17.4",1321936,-0.008,0.009,0.044,296.2,26.56,22.14
"2020-09-20 23:14:17.5",1321937,-0.009,0.008,0.044,296.2,26.56,22.14
"2020-09-20 23:14:17.6",1321938,-0.028,-0.002,0.093,296.1,26.56,22.14
"2020-09-20 23:14:17.7",1321939,-0.028,-0.002,0.093,296.1,26.56,22.14
"2020-09-20 23:14:17.8",1321940,-0.057,0.009,0.073,296.1,26.56,22.14
"2020-09-20 23:14:17.9",1321941,-0.057,0.008,0.073,296.1,26.56,22.14
"2020-09-20 23:14:18",1321942,-0.057,0.008,0.073,296.1,26.56,22.14
"2020-09-20 23:14:18.1",1321943,-0.009,0.008,0.044,296.1,26.56,22.14
"2020-09-20 23:14:18.2",1321944,-0.009,0.008,0.044,296.1,26.56,22.14
"2020-09-20 23:14:18.3",1321945,-0.008,-0.002,0.064,296,26.56,22.14
"2020-09-20 23:14:18.4",1321946,-0.008,-0.002,0.064,296,26.59,22.18
"2020-09-20 23:14:18.5",1321947,-0.009,-0.002,0.063,296,26.56,22.14
"2020-09-20 23:14:18.6",1321948,-0.048,0.008,0.064,296,26.56,22.15
"2020-09-20 23:14:18.7",1321949,-0.048,0.008,0.064,296,26.56,22.14
"2020-09-20 23:14:18.8",1321950,-0.009,0.008,0.044,296,26.56,22.14
"2020-09-20 23:14:18.9",1321951,-0.008,0.008,0.044,296,26.56,22.14
"2020-09-20 23:14:19",1321952,-0.008,0.008,0.044,296,26.56,22.14
"2020-09-20 23:14:19.1",1321953,-0.008,0.008,0.044,296,26.56,22.14
"2020-09-20 23:14:19.2",1321954,-0.009,0.008,0.044,296,26.56,22.14
"2020-09-20 23:14:19.3",1321955,-0.067,0.057,0.044,296,26.56,22.14
"2020-09-20 23:14:19.4",1321956,-0.067,0.057,0.044,296,26.56,22.14
"2020-09-20 23:14:19.5",1321957,-0.067,0.057,0.044,296,26.56,22.15
"2020-09-20 23:14:19.6",1321958,-0.028,0.047,0.025,296.1,26.58,22.14
"2020-09-20 23:14:19.7",1321959,-0.028,0.047,0.025,296.1,26.56,22.14
"2020-09-20 23:14:19.8",1321960,-0.009,0.008,0.044,296.2,26.56,22.14
"2020-09-20 23:14:19.9",1321961,-0.009,0.009,0.044,296.2,26.56,22.14
"2020-09-20 23:14:20",1321962,-0.009,0.008,0.044,296.2,26.56,22.14
"2020-09-20 23:14:20.1",1321963,-0.008,-0.002,0.073,296.4,26.56,22.14
"2020-09-20 23:14:20.2",1321964,-0.008,-0.002,0.073,296.4,26.56,22.14
"2020-09-20 23:14:20.3",1321965,-0.028,-0.002,0.093,296.4,26.56,22.14
"2020-09-20 23:14:20.4",1321966,-0.028,-0.002,0.093,296.4,26.56,22.14
"2020-09-20 23:14:20.5",1321967,-0.028,-0.002,0.093,296.4,26.56,22.14
"2020-09-20 23:14:20.6",1321968,0.012,0.008,0.093,296.5,26.56,22.14
"2020-09-20 23:14:20.7",1321969,0.012,0.008,0.093,296.5,26.56,22.14
"2020-09-20 23:14:20.8",1321970,-0.008,0.009,0.117,296.5,26.56,22.14
"2020-09-20 23:14:20.9",1321971,-0.009,0.008,0.117,296.5,26.59,22.2
"2020-09-20 23:14:21",1321972,-0.009,0.008,0.117,296.5,26.56,22.14
"2020-09-20 23:14:21.1",1321973,-0.028,-0.002,0.093,296.4,26.56,22.14
"2020-09-20 23:14:21.2",1321974,-0.028,-0.002,0.093,296.4,26.56,22.14
"2020-09-20 23:14:21.3",1321975,-0.048,-0.051,0.073,296.3,26.56,22.14
"2020-09-20 23:14:21.4",1321976,-0.048,-0.051,0.074,296.3,26.56,22.14
"2020-09-20 23:14:21.5",1321977,-0.048,-0.051,0.073,296.3,26.56,22.14
"2020-09-20 23:14:21.6",1321978,-0.028,-0.002,0.093,296.5,26.56,22.14
"2020-09-20 23:14:21.7",1321979,-0.028,-0.002,0.093,296.5,26.56,22.14
"2020-09-20 23:14:21.8",1321980,-0.028,-0.002,0.093,296.5,26.56,22.14
"2020-09-20 23:14:21.9",1321981,-0.028,-0.002,0.093,296.5,26.56,22.14
"2020-09-20 23:14:22",1321982,-0.028,-0.003,0.093,296.5,26.56,22.14
"2020-09-20 23:14:22.1",1321983,-0.028,-0.002,0.093,296.4,26.56,22.14
"2020-09-20 23:14:22.2",1321984,-0.028,-0.002,0.093,296.4,26.56,22.14
"2020-09-20 23:14:22.3",1321985,-0.009,0.009,0.117,296.3,26.56,22.14
"2020-09-20 23:14:22.4",1321986,-0.009,0.008,0.117,296.3,26.56,22.15
"2020-09-20 23:14:22.5",1321987,-0.009,0.008,0.117,296.3,26.56,22.15
"2020-09-20 23:14:22.6",1321988,-0.028,0.047,0.093,296.3,26.56,22.15
"2020-09-20 23:14:22.7",1321989,-0.028,0.047,0.093,296.3,26.56,22.15
"2020-09-20 23:14:22.8",1321990,-0.008,0.008,0.044,296.3,26.56,22.15
"2020-09-20 23:14:22.9",1321991,-0.009,0.008,0.044,296.3,26.56,22.14
"2020-09-20 23:14:23",1321992,-0.009,0.008,0.044,296.3,26.56,22.15
"2020-09-20 23:14:23.1",1321993,-0.038,-0.002,0.083,296.3,26.56,22.14
"2020-09-20 23:14:23.2",1321994,-0.038,-0.002,0.083,296.3,26.56,22.14
"2020-09-20 23:14:23.3",1321995,-0.057,0.008,0.073,296.2,26.56,22.15
"2020-09-20 23:14:23.4",1321996,-0.058,0.008,0.073,296.2,26.61,22.2
"2020-09-20 23:14:23.5",1321997,-0.057,0.008,0.073,296.2,26.56,22.14
"2020-09-20 23:14:23.6",1321998,-0.009,0.008,0.117,296.2,26.56,22.14
"2020-09-20 23:14:23.7",1321999,-0.008,0.008,0.117,296.2,26.56,22.14
"2020-09-20 23:14:23.8",1322000,-0.038,-0.002,0.083,296.1,26.56,22.14
"2020-09-20 23:14:23.9",1322001,-0.038,-0.002,0.083,296.1,26.56,22.14
"2020-09-20 23:14:24",1322002,-0.038,-0.003,0.083,296.1,26.56,22.14
"2020-09-20 23:14:24.1",1322003,-0.009,0.008,0.117,296.3,26.56,22.14
"2020-09-20 23:14:24.2",1322004,-0.009,0.008,0.117,296.3,26.56,22.14
"2020-09-20 23:14:24.3",1322005,-0.028,-0.002,0.093,296.3,26.56,22.14
"2020-09-20 23:14:24.4",1322006,-0.028,-0.002,0.093,296.3,26.56,22.14
"2020-09-20 23:14:24.5",1322007,-0.028,-0.002,0.093,296.3,26.56,22.14
"2020-09-20 23:14:24.6",1322008,0.012,-0.041,0.093,296.3,26.56,22.14
"2020-09-20 23:14:24.7",1322009,0.011,-0.041,0.093,296.3,26.56,22.15
"2020-09-20 23:14:24.8",1322010,-0.009,-0.002,0.073,296.3,26.56,22.14
"2020-09-20 23:14:24.9",1322011,-0.009,-0.002,0.073,296.3,26.56,22.14
"2020-09-20 23:14:25",1322012,-0.009,-0.003,0.073,296.3,26.56,22.14
"2020-09-20 23:14:25.1",1322013,-0.009,-0.003,0.064,296.1,26.56,22.14
"2020-09-20 23:14:25.2",1322014,-0.008,-0.002,0.063,296.1,26.56,22.14
"2020-09-20 23:14:25.3",1322015,-0.008,0.008,0.044,296.1,26.56,22.14
"2020-09-20 23:14:25.4",1322016,-0.008,0.008,0.044,296.1,26.56,22.14
"2020-09-20 23:14:25.5",1322017,-0.009,0.008,0.044,296.1,26.56,22.14
"2020-09-20 23:14:25.6",1322018,-0.057,0.008,0.073,296.2,26.56,22.14
"2020-09-20 23:14:25.7",1322019,-0.057,0.008,0.074,296.2,26.56,22.14
"2020-09-20 23:14:25.8",1322020,-0.057,0.008,0.074,296.3,26.56,22.14
"2020-09-20 23:14:25.9",1322021,-0.057,0.008,0.073,296.3,26.62,22.2
"2020-09-20 23:14:26",1322022,-0.058,0.008,0.073,296.3,26.56,22.14
"2020-09-20 23:14:26.1",1322023,-0.028,-0.002,0.093,296.3,26.56,22.14
"2020-09-20 23:14:26.2",1322024,-0.028,-0.002,0.093,296.3,26.56,22.14
"2020-09-20 23:14:26.3",1322025,-0.008,-0.002,0.073,296.3,26.56,22.14
"2020-09-20 23:14:26.4",1322026,-0.008,-0.002,0.073,296.3,26.56,22.14
"2020-09-20 23:14:26.5",1322027,-0.009,-0.002,0.073,296.3,26.56,22.14
"2020-09-20 23:14:26.6",1322028,-0.057,0.008,0.073,296.3,26.56,22.15
"2020-09-20 23:14:26.7",1322029,-0.057,0.008,0.073,296.3,26.56,22.15
"2020-09-20 23:14:26.8",1322030,-0.009,-0.002,0.073,296.2,26.56,22.15
"2020-09-20 23:14:26.9",1322031,-0.008,-0.002,0.074,296.2,26.56,22.14
"2020-09-20 23:14:27",1322032,-0.008,-0.003,0.073,296.2,26.56,22.14
"2020-09-20 23:14:27.1",1322033,-0.028,-0.002,0.093,296.3,26.56,22.15
"2020-09-20 23:14:27.2",1322034,-0.028,-0.002,0.093,296.3,26.56,22.17
"2020-09-20 23:14:27.3",1322035,-0.038,-0.002,0.083,296.1,26.56,22.15
"2020-09-20 23:14:27.4",1322036,-0.038,-0.002,0.083,296.1,26.56,22.14
"2020-09-20 23:14:27.5",1322037,-0.038,-0.002,0.083,296.1,26.56,22.14
"2020-09-20 23:14:27.6",1322038,-0.077,-0.002,0.044,296.2,26.56,22.14
"2020-09-20 23:14:27.7",1322039,-0.077,-0.002,0.044,296.2,26.56,22.14
"2020-09-20 23:14:27.8",1322040,-0.057,-0.041,0.064,296.2,26.56,22.14
"2020-09-20 23:14:27.9",1322041,-0.057,-0.041,0.064,296.2,26.56,22.14
"2020-09-20 23:14:28",1322042,-0.057,-0.042,0.063,296.2,26.56,22.14
"2020-09-20 23:14:28.1",1322043,-0.018,-0.002,0.083,296.1,26.56,22.14
"2020-09-20 23:14:28.2",1322044,-0.018,-0.002,0.083,296.1,26.56,22.14
"2020-09-20 23:14:28.3",1322045,0.021,-0.041,0.083,296.1,26.56,22.14
"2020-09-20 23:14:28.4",1322046,0.021,-0.041,0.083,296.1,26.62,22.18
"2020-09-20 23:14:28.5",1322047,0.021,-0.042,0.083,296.1,26.56,22.14
"2020-09-20 23:14:28.6",1322048,-0.018,-0.002,0.083,296.2,26.56,22.14
"2020-09-20 23:14:28.7",1322049,-0.018,-0.002,0.083,296.2,26.56,22.15
"2020-09-20 23:14:28.8",1322050,-0.018,-0.002,0.083,296.3,26.56,22.14
"2020-09-20 23:14:28.9",1322051,-0.018,-0.002,0.083,296.3,26.56,22.14
"2020-09-20 23:14:29",1322052,-0.019,-0.002,0.083,296.3,26.56,22.14
"2020-09-20 23:14:29.1",1322053,0.012,-0.032,0.083,296.3,26.56,22.14
"2020-09-20 23:14:29.2",1322054,0.012,-0.032,0.083,296.3,26.56,22.14
"2020-09-20 23:14:29.3",1322055,0.012,-0.032,0.083,296.2,26.56,22.14
"2020-09-20 23:14:29.4",1322056,0.012,-0.032,0.083,296.2,26.56,22.14
"2020-09-20 23:14:29.5",1322057,0.011,-0.032,0.083,296.2,26.56,22.14
"2020-09-20 23:14:29.6",1322058,-0.008,-0.032,0.117,296.1,26.56,22.14
"2020-09-20 23:14:29.7",1322059,-0.008,-0.032,0.117,296.1,26.56,22.17
"2020-09-20 23:14:29.8",1322060,-0.009,-0.032,0.044,296.1,26.56,22.14
"2020-09-20 23:14:29.9",1322061,-0.008,-0.032,0.044,296.1,26.56,22.14
"2020-09-20 23:14:30",1322062,-0.009,-0.032,0.044,296.1,26.56,22.14
"2020-09-20 23:14:30.1",1322063,-0.008,-0.002,0.063,296.2,26.56,22.14
"2020-09-20 23:14:30.2",1322064,-0.008,-0.002,0.064,296.2,26.56,22.14
"2020-09-20 23:14:30.3",1322065,-0.009,-0.002,0.064,296,26.56,22.14
"2020-09-20 23:14:30.4",1322066,-0.009,-0.002,0.064,296,26.56,22.14
"2020-09-20 23:14:30.5",1322067,-0.009,-0.002,0.063,296,26.56,22.14
"2020-09-20 23:14:30.6",1322068,-0.028,-0.002,0.093,296.2,26.56,22.15
"2020-09-20 23:14:30.7",1322069,-0.028,-0.002,0.093,296.2,26.56,22.14
"2020-09-20 23:14:30.8",1322070,-0.018,-0.002,0.083,296.2,26.56,22.15
"2020-09-20 23:14:30.9",1322071,-0.018,-0.002,0.083,296.2,26.62,22.15
"2020-09-20 23:14:31",1322072,-0.019,-0.003,0.083,296.2,26.56,22.14
"2020-09-20 23:14:31.1",1322073,-0.009,-0.002,0.064,296.2,26.56,22.14
"2020-09-20 23:14:31.2",1322074,-0.008,-0.002,0.064,296.2,26.56,22.15
"2020-09-20 23:14:31.3",1322075,0.012,-0.041,0.093,296.3,26.56,22.15
"2020-09-20 23:14:31.4",1322076,0.012,-0.041,0.093,296.3,26.56,22.14
"2020-09-20 23:14:31.5",1322077,0.012,-0.041,0.093,296.3,26.56,22.14
"2020-09-20 23:14:31.6",1322078,-0.047,-0.051,0.074,296.2,26.56,22.14
"2020-09-20 23:14:31.7",1322079,-0.048,-0.051,0.073,296.2,26.56,22.15
"2020-09-20 23:14:31.8",1322080,-0.009,-0.081,0.064,296.2,26.56,22.14
"2020-09-20 23:14:31.9",1322081,-0.008,-0.081,0.064,296.2,26.56,22.14
"2020-09-20 23:14:32",1322082,-0.009,-0.081,0.063,296.2,26.56,22.14
"2020-09-20 23:14:32.1",1322083,-0.009,-0.002,0.064,296.2,26.56,22.14
"2020-09-20 23:14:32.2",1322084,-0.008,-0.002,0.064,296.2,26.57,22.18
"2020-09-20 23:14:32.3",1322085,-0.018,-0.08,0.073,296.3,26.56,22.14
"2020-09-20 23:14:32.4",1322086,-0.019,-0.081,0.073,296.3,26.56,22.14
"2020-09-20 23:14:32.5",1322087,-0.018,-0.081,0.073,296.3,26.56,22.15
"2020-09-20 23:14:32.6",1322088,-0.009,-0.002,0.073,296.2,26.56,22.14
"2020-09-20 23:14:32.7",1322089,-0.008,-0.002,0.073,296.2,26.56,22.15
"2020-09-20 23:14:32.8",1322090,-0.018,-0.041,0.044,296.2,26.56,22.14
"2020-09-20 23:14:32.9",1322091,-0.018,-0.041,0.044,296.2,26.56,22.15
"2020-09-20 23:14:33",1322092,-0.018,-0.042,0.044,296.2,26.56,22.15
"2020-09-20 23:14:33.1",1322093,-0.018,-0.041,0.044,296.2,26.56,22.15
"2020-09-20 23:14:33.2",1322094,-0.018,-0.041,0.044,296.2,26.56,22.14
"2020-09-20 23:14:33.3",1322095,-0.009,-0.032,0.117,296.2,26.56,22.14
"2020-09-20 23:14:33.4",1322096,-0.009,-0.032,0.117,296.2,26.61,22.15
"2020-09-20 23:14:33.5",1322097,-0.009,-0.032,0.117,296.2,26.56,22.14
"2020-09-20 23:14:33.6",1322098,-0.028,-0.002,0.093,296.2,26.56,22.14
"2020-09-20 23:14:33.7",1322099,-0.028,-0.002,0.093,296.2,26.56,22.14
"2020-09-20 23:14:33.8",1322100,-0.028,-0.002,0.093,296.3,26.56,22.14
"2020-09-20 23:14:33.9",1322101,-0.028,-0.002,0.093,296.3,26.56,22.14
"2020-09-20 23:14:34",1322102,-0.028,-0.002,0.093,296.3,26.56,22.14
"2020-09-20 23:14:34.1",1322103,-0.018,-0.041,0.044,296.4,26.56,22.14
"2020-09-20 23:14:34.2",1322104,-0.018,-0.041,0.044,296.4,26.56,22.14
"2020-09-20 23:14:34.3",1322105,-0.018,-0.041,0.117,296.3,26.56,22.14
"2020-09-20 23:14:34.4",1322106,-0.018,-0.041,0.117,296.3,26.56,22.15
"2020-09-20 23:14:34.5",1322107,-0.019,-0.042,0.117,296.3,26.56,22.15
"2020-09-20 23:14:34.6",1322108,-0.008,-0.032,0.117,296.3,26.56,22.15
"2020-09-20 23:14:34.7",1322109,-0.009,-0.032,0.117,296.3,26.59,22.18
"2020-09-20 23:14:34.8",1322110,-0.018,-0.041,0.117,296.3,26.56,22.14
"2020-09-20 23:14:34.9",1322111,-0.018,-0.041,0.117,296.3,26.56,22.14
"2020-09-20 23:14:35",1322112,-0.018,-0.041,0.117,296.3,26.56,22.14
"2020-09-20 23:14:35.1",1322113,-0.018,-0.002,0.083,296.3,26.56,22.14
"2020-09-20 23:14:35.2",1322114,-0.018,-0.002,0.083,296.3,26.56,22.14
"2020-09-20 23:14:35.3",1322115,-0.048,-0.051,0.073,296.3,26.56,22.15
"2020-09-20 23:14:35.4",1322116,-0.048,-0.051,0.073,296.3,26.56,22.14
"2020-09-20 23:14:35.5",1322117,-0.048,-0.051,0.073,296.3,26.56,22.14
"2020-09-20 23:14:35.6",1322118,-0.047,-0.051,0.073,296.3,26.56,22.14
"2020-09-20 23:14:35.7",1322119,-0.048,-0.051,0.073,296.3,26.56,22.14
"2020-09-20 23:14:35.8",1322120,-0.048,-0.051,0.073,296.3,26.56,22.14
"2020-09-20 23:14:35.9",1322121,-0.047,-0.051,0.073,296.3,26.59,22.14
"2020-09-20 23:14:36",1322122,-0.048,-0.051,0.073,296.3,26.56,22.14
"2020-09-20 23:14:36.1",1322123,-0.028,-0.002,0.093,296.4,26.56,22.14
"2020-09-20 23:14:36.2",1322124,-0.028,-0.002,0.093,296.4,26.56,22.14
"2020-09-20 23:14:36.3",1322125,-0.028,-0.081,0.093,296.2,26.56,22.14
"2020-09-20 23:14:36.4",1322126,-0.028,-0.081,0.093,296.2,26.56,22.14
"2020-09-20 23:14:36.5",1322127,-0.028,-0.081,0.093,296.2,26.56,22.14
"2020-09-20 23:14:36.6",1322128,-0.009,-0.032,0.117,296.1,26.56,22.14
"2020-09-20 23:14:36.7",1322129,-0.009,-0.032,0.117,296.1,26.56,22.14
"2020-09-20 23:14:36.8",1322130,-0.018,-0.041,0.044,296.2,26.56,22.14
"2020-09-20 23:14:36.9",1322131,-0.018,-0.041,0.044,296.2,26.56,22.14
"2020-09-20 23:14:37",1322132,-0.018,-0.041,0.044,296.2,26.56,22.14
"2020-09-20 23:14:37.1",1322133,-0.028,-0.08,0.093,296.2,26.56,22.14
"2020-09-20 23:14:37.2",1322134,-0.028,-0.081,0.093,296.2,26.59,22.2
"2020-09-20 23:14:37.3",1322135,-0.018,-0.041,0.117,296.2,26.56,22.14
"2020-09-20 23:14:37.4",1322136,-0.018,-0.042,0.117,296.2,26.56,22.14
"2020-09-20 23:14:37.5",1322137,-0.018,-0.041,0.117,296.2,26.56,22.14
"2020-09-20 23:14:37.6",1322138,-0.048,-0.051,0.074,296.2,26.56,22.15
"2020-09-20 23:14:37.7",1322139,-0.048,-0.051,0.073,296.2,26.56,22.15
"2020-09-20 23:14:37.8",1322140,-0.009,-0.032,0.044,296.1,26.56,22.14
"2020-09-20 23:14:37.9",1322141,-0.009,-0.032,0.044,296.1,26.56,22.14
"2020-09-20 23:14:38",1322142,-0.009,-0.032,0.044,296.1,26.56,22.14
"2020-09-20 23:14:38.1",1322143,-0.008,-0.012,0.064,296,26.56,22.14
"2020-09-20 23:14:38.2",1322144,-0.009,-0.012,0.064,296,26.56,22.14
"2020-09-20 23:14:38.3",1322145,-0.009,-0.012,0.064,296.1,26.56,22.14
"2020-09-20 23:14:38.4",1322146,-0.009,-0.012,0.064,296.1,26.56,22.14
"2020-09-20 23:14:38.5",1322147,-0.009,-0.013,0.064,296.1,26.56,22.14
"2020-09-20 23:14:38.6",1322148,-0.008,-0.042,0.044,296,26.56,22.14
"2020-09-20 23:14:38.7",1322149,-0.009,-0.041,0.044,296,26.56,22.14
"2020-09-20 23:14:38.8",1322150,-0.009,-0.032,0.034,296,26.56,22.14
"2020-09-20 23:14:38.9",1322151,-0.008,-0.032,0.034,296,26.56,22.14
"2020-09-20 23:14:39",1322152,-0.009,-0.032,0.034,296,26.56,22.14
"2020-09-20 23:14:39.1",1322153,-0.009,-0.002,0.064,296.1,26.56,22.14
"2020-09-20 23:14:39.2",1322154,-0.008,-0.002,0.064,296.1,26.56,22.14
"2020-09-20 23:14:39.3",1322155,-0.038,-0.002,0.083,296.3,26.56,22.14
"2020-09-20 23:14:39.4",1322156,-0.038,-0.002,0.083,296.3,26.56,22.14
"2020-09-20 23:14:39.5",1322157,-0.038,-0.002,0.083,296.3,26.56,22.14
"2020-09-20 23:14:39.6",1322158,-0.057,-0.041,0.064,296.3,26.56,22.14
"2020-09-20 23:14:39.7",1322159,-0.057,-0.041,0.064,296.3,26.59,22.2
"2020-09-20 23:14:39.8",1322160,-0.008,-0.032,0.044,296.1,26.56,22.14
"2020-09-20 23:14:39.9",1322161,-0.008,-0.032,0.044,296.1,26.56,22.14
"2020-09-20 23:14:40",1322162,-0.009,-0.032,0.044,296.1,26.56,22.14
"2020-09-20 23:14:40.1",1322163,-0.008,-0.071,0.064,296.1,26.56,22.14
"2020-09-20 23:14:40.2",1322164,-0.009,-0.071,0.063,296.1,26.56,22.14
"2020-09-20 23:14:40.3",1322165,-0.008,-0.002,0.064,296.1,26.56,22.14
"2020-09-20 23:14:40.4",1322166,-0.009,-0.002,0.064,296.1,26.56,22.14
"2020-09-20 23:14:40.5",1322167,-0.009,-0.003,0.063,296.1,26.56,22.14
"2020-09-20 23:14:40.6",1322168,-0.057,0.008,0.073,296.2,26.56,22.14
"2020-09-20 23:14:40.7",1322169,-0.057,0.008,0.073,296.2,26.56,22.14
"2020-09-20 23:14:40.8",1322170,-0.028,-0.002,0.093,296.2,26.56,22.14
"2020-09-20 23:14:40.9",1322171,-0.028,-0.003,0.093,296.2,26.56,22.14
"2020-09-20 23:14:41",1322172,-0.028,-0.002,0.093,296.2,26.56,22.14
"2020-09-20 23:14:41.1",1322173,-0.028,-0.002,0.093,296.2,26.56,22.14
"2020-09-20 23:14:41.2",1322174,-0.028,-0.002,0.093,296.2,26.56,22.14
"2020-09-20 23:14:41.3",1322175,-0.008,-0.002,0.073,296.2,26.56,22.14
"2020-09-20 23:14:41.4",1322176,-0.009,-0.002,0.073,296.2,26.56,22.14
"2020-09-20 23:14:41.5",1322177,-0.009,-0.002,0.073,296.2,26.56,22.14
"2020-09-20 23:14:41.6",1322178,-0.009,-0.002,0.073,296.2,26.56,22.15
"2020-09-20 23:14:41.7",1322179,-0.008,-0.002,0.073,296.2,26.56,22.14
"2020-09-20 23:14:41.8",1322180,-0.018,-0.041,0.044,296.1,26.56,22.14
"2020-09-20 23:14:41.9",1322181,-0.018,-0.041,0.044,296.1,26.56,22.14
"2020-09-20 23:14:42",1322182,-0.018,-0.041,0.044,296.1,26.56,22.15
"2020-09-20 23:14:42.1",1322183,-0.008,-0.032,0.044,296,26.56,22.14
"2020-09-20 23:14:42.2",1322184,-0.009,-0.032,0.044,296,26.6,22.2
"2020-09-20 23:14:42.3",1322185,-0.009,-0.032,0.044,296,26.56,22.14
"2020-09-20 23:14:42.4",1322186,-0.008,-0.032,0.044,296,26.56,22.14
"2020-09-20 23:14:42.5",1322187,-0.009,-0.032,0.044,296,26.56,22.14
"2020-09-20 23:14:42.6",1322188,-0.008,-0.032,0.034,296,26.56,22.14
"2020-09-20 23:14:42.7",1322189,-0.009,-0.032,0.034,296,26.56,22.14
"2020-09-20 23:14:42.8",1322190,0.012,-0.032,0.015,295.9,26.56,22.15
"2020-09-20 23:14:42.9",1322191,0.012,-0.032,0.015,295.9,26.56,22.15
"2020-09-20 23:14:43",1322192,0.011,-0.032,0.014,295.9,26.56,22.15
"2020-09-20 23:14:43.1",1322193,0.021,-0.002,0.034,295.9,26.56,22.15
"2020-09-20 23:14:43.2",1322194,0.022,-0.002,0.034,295.9,26.56,22.15
"2020-09-20 23:14:43.3",1322195,0.021,-0.002,0.034,295.9,26.56,22.14
"2020-09-20 23:14:43.4",1322196,0.021,-0.002,0.034,295.9,26.56,22.14
"2020-09-20 23:14:43.5",1322197,0.021,-0.002,0.034,295.9,26.56,22.14
"2020-09-20 23:14:43.6",1322198,-0.008,-0.002,-0.006,295.9,26.56,22.14
"2020-09-20 23:14:43.7",1322199,-0.009,-0.002,-0.006,295.9,26.56,22.14
"2020-09-20 23:14:43.8",1322200,-0.009,-0.002,-0.006,295.9,26.56,22.14
"2020-09-20 23:14:43.9",1322201,-0.009,-0.002,-0.006,295.9,26.56,22.14
"2020-09-20 23:14:44",1322202,-0.009,-0.002,-0.006,295.9,26.56,22.14
"2020-09-20 23:14:44.1",1322203,-0.008,-0.002,-0.006,295.9,26.56,22.14
"2020-09-20 23:14:44.2",1322204,-0.009,-0.002,-0.006,295.9,26.56,22.14
"2020-09-20 23:14:44.3",1322205,-0.008,-0.002,-0.006,295.9,26.56,22.14
"2020-09-20 23:14:44.4",1322206,-0.008,-0.002,-0.006,295.9,26.56,22.14
"2020-09-20 23:14:44.5",1322207,-0.009,-0.003,-0.006,295.9,26.56,22.14
"2020-09-20 23:14:44.6",1322208,0.012,0.008,0.024,295.9,26.56,22.14
"2020-09-20 23:14:44.7",1322209,0.012,0.008,0.024,295.9,26.62,22.2
"2020-09-20 23:14:44.8",1322210,0.011,0.008,0.025,296,26.56,22.15
"2020-09-20 23:14:44.9",1322211,0.012,0.008,0.025,296,26.56,22.15
"2020-09-20 23:14:45",1322212,0.011,0.008,0.024,296,26.56,22.15
"2020-09-20 23:14:45.1",1322213,0.031,-0.002,0.044,296,26.56,22.14
"2020-09-20 23:14:45.2",1322214,0.031,-0.002,0.044,296,26.56,22.14
"2020-09-20 23:14:45.3",1322215,0.012,-0.032,0.015,296,26.56,22.14
"2020-09-20 23:14:45.4",1322216,0.012,-0.032,0.015,296,26.56,22.14
"2020-09-20 23:14:45.5",1322217,0.011,-0.032,0.015,296,26.56,22.14
"2020-09-20 23:14:45.6",1322218,-0.009,-0.032,0.034,296,26.56,22.14
"2020-09-20 23:14:45.7",1322219,-0.008,-0.032,0.034,296,26.56,22.14
"2020-09-20 23:14:45.8",1322220,-0.009,-0.002,-0.006,296,26.56,22.14
"2020-09-20 23:14:45.9",1322221,-0.008,-0.002,-0.006,296,26.56,22.14
"2020-09-20 23:14:46",1322222,-0.009,-0.003,-0.006,296,26.56,22.17
"2020-09-20 23:14:46.1",1322223,-0.008,-0.002,-0.006,296,26.57,22.14
"2020-09-20 23:14:46.2",1322224,-0.009,-0.002,-0.006,296,26.57,22.14
"2020-09-20 23:14:46.3",1322225,0.012,-0.041,0.025,296,26.57,22.14
"2020-09-20 23:14:46.4",1322226,0.012,-0.041,0.025,296,26.58,22.14
"2020-09-20 23:14:46.5",1322227,0.012,-0.041,0.024,296,26.58,22.14
"2020-09-20 23:14:46.6",1322228,0.012,-0.041,0.025,296.1,26.58,22.14
"2020-09-20 23:14:46.7",1322229,0.011,-0.041,0.024,296.1,26.58,22.15
"2020-09-20 23:14:46.8",1322230,-0.018,-0.041,0.044,296.3,26.58,22.15
"2020-09-20 23:14:46.9",1322231,-0.018,-0.041,0.044,296.3,26.58,22.14
"2020-09-20 23:14:47",1322232,-0.018,-0.041,0.044,296.3,26.58,22.14
"2020-09-20 23:14:47.1",1322233,0.012,0.008,0.025,296.1,26.58,22.14
"2020-09-20 23:14:47.2",1322234,0.012,0.008,0.025,296.1,26.64,22.17
"2020-09-20 23:14:47.3",1322235,-0.009,0.008,0.044,296,26.58,22.14
"2020-09-20 23:14:47.4",1322236,-0.009,0.008,0.044,296,26.58,22.14
"2020-09-20 23:14:47.5",1322237,-0.009,0.008,0.044,296,26.58,22.14
"2020-09-20 23:14:47.6",1322238,0.031,-0.002,0.044,296,26.58,22.14
"2020-09-20 23:14:47.7",1322239,0.031,-0.002,0.044,296,26.58,22.14
"2020-09-20 23:14:47.8",1322240,0.012,0.008,0.025,295.9,26.58,22.15
"2020-09-20 23:14:47.9",1322241,0.012,0.008,0.025,295.9,26.58,22.14
"2020-09-20 23:14:48",1322242,0.011,0.008,0.025,295.9,26.58,22.14
"2020-09-20 23:14:48.1",1322243,-0.028,-0.002,0.025,295.8,26.58,22.14
"2020-09-20 23:14:48.2",1322244,-0.028,-0.002,0.025,295.8,26.58,22.14
"2020-09-20 23:14:48.3",1322245,-0.008,-0.012,0.064,295.8,26.58,22.14
"2020-09-20 23:14:48.4",1322246,-0.009,-0.012,0.064,295.8,26.58,22.14
"2020-09-20 23:14:48.5",1322247,-0.009,-0.012,0.063,295.8,26.58,22.17
"2020-09-20 23:14:48.6",1322248,0.021,-0.002,0.034,295.9,26.58,22.14
"2020-09-20 23:14:48.7",1322249,0.021,-0.002,0.034,295.9,26.58,22.14
"2020-09-20 23:14:48.8",1322250,0.021,-0.002,0.034,295.9,26.58,22.14
"2020-09-20 23:14:48.9",1322251,0.022,-0.002,0.034,295.9,26.58,22.14
"2020-09-20 23:14:49",1322252,0.021,-0.002,0.034,295.9,26.58,22.14
"2020-09-20 23:14:49.1",1322253,0.031,-0.012,0.044,296,26.58,22.14
"2020-09-20 23:14:49.2",1322254,0.031,-0.012,0.044,296,26.58,22.14
"2020-09-20 23:14:49.3",1322255,-0.009,-0.012,0.064,296,26.58,22.14
"2020-09-20 23:14:49.4",1322256,-0.009,-0.012,0.064,296,26.58,22.14
"2020-09-20 23:14:49.5",1322257,-0.009,-0.012,0.063,296,26.58,22.14
"2020-09-20 23:14:49.6",1322258,-0.009,-0.002,0.073,296.2,26.58,22.14
"2020-09-20 23:14:49.7",1322259,-0.008,-0.002,0.073,296.2,26.64,22.14
"2020-09-20 23:14:49.8",1322260,-0.009,-0.002,0.073,296.2,26.58,22.14
"2020-09-20 23:14:49.9",1322261,-0.009,-0.002,0.073,296.2,26.58,22.14
"2020-09-20 23:14:50",1322262,-0.009,-0.003,0.073,296.2,26.58,22.14
"2020-09-20 23:14:50.1",1322263,-0.008,-0.002,0.073,296.2,26.58,22.14
"2020-09-20 23:14:50.2",1322264,-0.008,-0.002,0.073,296.2,26.58,22.14
"2020-09-20 23:14:50.3",1322265,-0.018,-0.041,0.044,296.2,26.58,22.14
"2020-09-20 23:14:50.4",1322266,-0.018,-0.041,0.044,296.2,26.58,22.14
"2020-09-20 23:14:50.5",1322267,-0.018,-0.042,0.044,296.2,26.58,22.14
"2020-09-20 23:14:50.6",1322268,-0.028,-0.002,0.093,296.3,26.58,22.14
"2020-09-20 23:14:50.7",1322269,-0.028,-0.002,0.093,296.3,26.58,22.15
"2020-09-20 23:14:50.8",1322270,-0.018,-0.041,0.044,296.2,26.58,22.15
"2020-09-20 23:14:50.9",1322271,-0.018,-0.041,0.044,296.2,26.58,22.14
"2020-09-20 23:14:51",1322272,-0.018,-0.042,0.044,296.2,26.61,22.18
"2020-09-20 23:14:51.1",1322273,0.012,-0.032,0.015,296.1,26.58,22.14
"2020-09-20 23:14:51.2",1322274,0.012,-0.032,0.015,296.1,26.58,22.14
"2020-09-20 23:14:51.3",1322275,-0.009,-0.071,0.064,296,26.58,22.14
"2020-09-20 23:14:51.4",1322276,-0.008,-0.071,0.063,296,26.58,22.14
"2020-09-20 23:14:51.5",1322277,-0.009,-0.071,0.063,296,26.58,22.15
"2020-09-20 23:14:51.6",1322278,-0.018,-0.041,0.044,296,26.58,22.14
"2020-09-20 23:14:51.7",1322279,-0.018,-0.042,0.044,296,26.58,22.14
"2020-09-20 23:14:51.8",1322280,-0.018,-0.002,0.015,296,26.58,22.14
"2020-09-20 23:14:51.9",1322281,-0.018,-0.002,0.015,296,26.58,22.14
"2020-09-20 23:14:52",1322282,-0.018,-0.002,0.014,296,26.58,22.14
"2020-09-20 23:14:52.1",1322283,-0.008,-0.002,0.064,296,26.58,22.14
"2020-09-20 23:14:52.2",1322284,-0.009,-0.002,0.064,296,26.61,22.14
"2020-09-20 23:14:52.3",1322285,-0.009,-0.002,0.073,296.1,26.58,22.14
"2020-09-20 23:14:52.4",1322286,-0.009,-0.002,0.073,296.1,26.58,22.14
"2020-09-20 23:14:52.5",1322287,-0.009,-0.002,0.073,296.1,26.58,22.14
"2020-09-20 23:14:52.6",1322288,-0.018,-0.041,0.044,296.1,26.58,22.14
"2020-09-20 23:14:52.7",1322289,-0.018,-0.041,0.044,296.1,26.58,22.14
"2020-09-20 23:14:52.8",1322290,-0.048,-0.051,0.073,296.2,26.58,22.14
"2020-09-20 23:14:52.9",1322291,-0.048,-0.051,0.074,296.2,26.58,22.14
"2020-09-20 23:14:53",1322292,-0.048,-0.051,0.073,296.2,26.58,22.14
"2020-09-20 23:14:53.1",1322293,-0.028,-0.002,0.093,296.4,26.58,22.15
"2020-09-20 23:14:53.2",1322294,-0.028,-0.002,0.093,296.4,26.58,22.14
"2020-09-20 23:14:53.3",1322295,-0.028,-0.002,0.093,296.6,26.58,22.14
"2020-09-20 23:14:53.4",1322296,-0.028,-0.002,0.093,296.6,26.58,22.14
"2020-09-20 23:14:53.5",1322297,-0.028,-0.002,0.093,296.6,26.61,22.2
"2020-09-20 23:14:53.6",1322298,-0.009,-0.002,0.073,296.6,26.58,22.14
"2020-09-20 23:14:53.7",1322299,-0.009,-0.002,0.073,296.6,26.58,22.14
"2020-09-20 23:14:53.8",1322300,-0.048,-0.051,0.073,296.5,26.58,22.14
"2020-09-20 23:14:53.9",1322301,-0.048,-0.051,0.073,296.5,26.58,22.14
"2020-09-20 23:14:54",1322302,-0.048,-0.051,0.073,296.5,26.58,22.14
"2020-09-20 23:14:54.1",1322303,-0.028,-0.002,0.093,296.6,26.58,22.14
"2020-09-20 23:14:54.2",1322304,-0.028,-0.002,0.093,296.6,26.58,22.14
"2020-09-20 23:14:54.3",1322305,-0.028,-0.081,0.093,296.6,26.58,22.14
"2020-09-20 23:14:54.4",1322306,-0.028,-0.081,0.093,296.6,26.58,22.14
"2020-09-20 23:14:54.5",1322307,-0.028,-0.081,0.093,296.6,26.58,22.14
"2020-09-20 23:14:54.6",1322308,-0.018,-0.041,0.117,296.5,26.58,22.14
"2020-09-20 23:14:54.7",1322309,-0.018,-0.042,0.117,296.5,26.58,22.14
"2020-09-20 23:14:54.8",1322310,-0.028,-0.002,0.093,296.3,26.58,22.14
"2020-09-20 23:14:54.9",1322311,-0.028,-0.002,0.093,296.3,26.58,22.14
"2020-09-20 23:14:55",1322312,-0.028,-0.002,0.093,296.3,26.58,22.14
"2020-09-20 23:14:55.1",1322313,-0.048,-0.051,0.073,296.2,26.58,22.14
"2020-09-20 23:14:55.2",1322314,-0.047,-0.051,0.073,296.2,26.58,22.14
"2020-09-20 23:14:55.3",1322315,-0.048,-0.032,0.063,296.1,26.58,22.14
"2020-09-20 23:14:55.4",1322316,-0.048,-0.032,0.064,296.1,26.58,22.14
"2020-09-20 23:14:55.5",1322317,-0.048,-0.032,0.063,296.1,26.58,22.14
"2020-09-20 23:14:55.6",1322318,-0.028,-0.002,0.024,296.1,26.58,22.14
"2020-09-20 23:14:55.7",1322319,-0.028,-0.002,0.025,296.1,26.58,22.14
"2020-09-20 23:14:55.8",1322320,-0.009,-0.002,0.063,296,26.58,22.14
"2020-09-20 23:14:55.9",1322321,-0.009,-0.002,0.063,296,26.58,22.14
"2020-09-20 23:14:56",1322322,-0.009,-0.003,0.064,296,26.62,22.2
"2020-09-20 23:14:56.1",1322323,-0.048,-0.041,0.064,296,26.58,22.14
"2020-09-20 23:14:56.2",1322324,-0.048,-0.041,0.064,296,26.58,22.14
"2020-09-20 23:14:56.3",1322325,-0.009,-0.041,0.044,296,26.58,22.14
"2020-09-20 23:14:56.4",1322326,-0.009,-0.041,0.044,296,26.58,22.14
"2020-09-20 23:14:56.5",1322327,-0.009,-0.041,0.044,296,26.58,22.14
"2020-09-20 23:14:56.6",1322328,-0.008,-0.002,0.064,296,26.58,22.14
"2020-09-20 23:14:56.7",1322329,-0.008,-0.002,0.063,296,26.58,22.14
"2020-09-20 23:14:56.8",1322330,-0.008,-0.002,0.063,296,26.58,22.15
"2020-09-20 23:14:56.9",1322331,-0.009,-0.002,0.064,296,26.58,22.15
"2020-09-20 23:14:57",1322332,-0.009,-0.003,0.064,296,26.58,22.14
"2020-09-20 23:14:57.1",1322333,-0.057,0.009,0.073,296.3,26.58,22.15
"2020-09-20 23:14:57.2",1322334,-0.057,0.008,0.073,296.3,26.58,22.14
"2020-09-20 23:14:57.3",1322335,-0.048,-0.051,0.073,296.5,26.58,22.14
"2020-09-20 23:14:57.4",1322336,-0.048,-0.051,0.073,296.5,26.58,22.14
"2020-09-20 23:14:57.5",1322337,-0.048,-0.051,0.073,296.5,26.58,22.14
"2020-09-20 23:14:57.6",1322338,-0.028,-0.002,0.093,296.5,26.58,22.14
"2020-09-20 23:14:57.7",1322339,-0.028,-0.002,0.093,296.5,26.58,22.14
"2020-09-20 23:14:57.8",1322340,-0.047,-0.051,0.073,296.4,26.58,22.14
"2020-09-20 23:14:57.9",1322341,-0.048,-0.051,0.073,296.4,26.58,22.14
"2020-09-20 23:14:58",1322342,-0.047,-0.051,0.073,296.4,26.58,22.14
"2020-09-20 23:14:58.1",1322343,-0.028,-0.002,0.093,296.4,26.58,22.14
"2020-09-20 23:14:58.2",1322344,-0.028,-0.002,0.093,296.4,26.58,22.14
"2020-09-20 23:14:58.3",1322345,-0.018,-0.041,0.117,296.4,26.58,22.14
"2020-09-20 23:14:58.4",1322346,-0.018,-0.041,0.117,296.4,26.58,22.14
"2020-09-20 23:14:58.5",1322347,-0.019,-0.041,0.117,296.4,26.64,22.2
"2020-09-20 23:14:58.6",1322348,-0.047,-0.051,0.073,296.5,26.58,22.14
"2020-09-20 23:14:58.7",1322349,-0.048,-0.051,0.073,296.5,26.58,22.14
"2020-09-20 23:14:58.8",1322350,-0.009,0.008,0.117,296.5,26.58,22.14
"2020-09-20 23:14:58.9",1322351,-0.008,0.008,0.117,296.5,26.58,22.14
"2020-09-20 23:14:59",1322352,-0.009,0.008,0.117,296.5,26.58,22.14
"2020-09-20 23:14:59.1",1322353,-0.018,-0.041,0.117,296.5,26.58,22.14
"2020-09-20 23:14:59.2",1322354,-0.018,-0.041,0.117,296.5,26.58,22.14
"2020-09-20 23:14:59.3",1322355,-0.008,0.008,0.117,296.5,26.58,22.14
"2020-09-20 23:14:59.4",1322356,-0.008,0.008,0.117,296.5,26.58,22.15
"2020-09-20 23:14:59.5",1322357,-0.009,0.008,0.117,296.5,26.58,22.14
"2020-09-20 23:14:59.6",1322358,-0.009,0.008,0.117,296.5,26.58,22.14
"2020-09-20 23:14:59.7",1322359,-0.008,0.009,0.117,296.5,26.58,22.15
"2020-09-20 23:14:59.8",1322360,-0.008,0.018,0.117,296.2,26.58,22.17
"2020-09-20 23:14:59.9",1322361,-0.008,0.018,0.117,296.2,26.58,22.15
"2020-09-20 23:15:00",1322362,-0.009,0.018,0.117,296.2,26.58,22.14
"2020-09-20 23:15:00.1",1322363,0.021,-0.032,0.083,296,26.58,22.14
"2020-09-20 23:15:00.2",1322364,0.021,-0.032,0.083,296,26.58,22.14
"2020-09-20 23:15:00.3",1322365,-0.008,-0.002,0.064,296,26.58,22.14
"2020-09-20 23:15:00.4",1322366,-0.009,-0.002,0.064,296,26.58,22.14
"2020-09-20 23:15:00.5",1322367,-0.009,-0.002,0.063,296,26.58,22.14
"2020-09-20 23:15:00.6",1322368,-0.008,-0.041,0.044,296,26.58,22.14
"2020-09-20 23:15:00.7",1322369,-0.008,-0.041,0.044,296,26.58,22.14
"2020-09-20 23:15:00.8",1322370,-0.028,-0.002,0.083,296.1,26.58,22.15
"2020-09-20 23:15:00.9",1322371,-0.028,-0.002,0.083,296.1,26.58,22.15
"2020-09-20 23:15:01",1322372,-0.028,-0.002,0.083,296.1,26.64,22.18
"2020-09-20 23:15:01.1",1322373,-0.009,-0.002,0.064,296.2,26.58,22.14
"2020-09-20 23:15:01.2",1322374,-0.008,-0.002,0.064,296.2,26.58,22.14
"2020-09-20 23:15:01.3",1322375,-0.038,-0.002,0.083,296.3,26.58,22.14
"2020-09-20 23:15:01.4",1322376,-0.038,-0.002,0.083,296.3,26.58,22.14
"2020-09-20 23:15:01.5",1322377,-0.038,-0.002,0.083,296.3,26.58,22.14
"2020-09-20 23:15:01.6",1322378,-0.008,-0.002,0.073,296.4,26.58,22.14
"2020-09-20 23:15:01.7",1322379,-0.009,-0.002,0.073,296.4,26.58,22.14
"2020-09-20 23:15:01.8",1322380,-0.028,-0.002,0.093,296.5,26.58,22.14
"2020-09-20 23:15:01.9",1322381,-0.028,-0.002,0.093,296.5,26.58,22.14
"2020-09-20 23:15:02",1322382,-0.028,-0.002,0.093,296.5,26.58,22.14
"2020-09-20 23:15:02.1",1322383,-0.028,-0.002,0.093,296.5,26.58,22.14
"2020-09-20 23:15:02.2",1322384,-0.028,-0.002,0.093,296.5,26.58,22.14
"2020-09-20 23:15:02.3",1322385,-0.008,0.008,0.117,296.5,26.58,22.17
"2020-09-20 23:15:02.4",1322386,-0.009,0.008,0.117,296.5,26.58,22.14
"2020-09-20 23:15:02.5",1322387,-0.008,0.008,0.117,296.4,26.58,22.14
"2020-09-20 23:15:02.6",1322388,-0.028,-0.003,0.093,296.4,26.58,22.14
"2020-09-20 23:15:02.7",1322389,-0.028,-0.002,0.093,296.4,26.58,22.15
"2020-09-20 23:15:02.8",1322390,0.012,0.008,0.093,296.3,26.58,22.15
"2020-09-20 23:15:02.9",1322391,0.012,0.008,0.093,296.3,26.58,22.15
"2020-09-20 23:15:03",1322392,0.012,0.008,0.093,296.3,26.58,22.15
"2020-09-20 23:15:03.1",1322393,-0.038,-0.002,0.083,296.2,26.58,22.15
"2020-09-20 23:15:03.2",1322394,-0.038,-0.002,0.083,296.2,26.58,22.15
"2020-09-20 23:15:03.3",1322395,-0.058,0.008,0.073,296.3,26.58,22.14
"2020-09-20 23:15:03.4",1322396,-0.057,0.009,0.073,296.3,26.58,22.14
"2020-09-20 23:15:03.5",1322397,-0.058,0.008,0.073,296.3,26.64,22.15
"2020-09-20 23:15:03.6",1322398,-0.028,-0.002,0.093,296.5,26.58,22.14
"2020-09-20 23:15:03.7",1322399,-0.028,-0.002,0.093,296.5,26.57,22.14
