"TOA5","10329","CR6","10329","CR6.Std.09.01 CR6-WIFI.04.00.01","CPU:YOUNG81000_HMP60_10Hz.CR6","51185","Young10Hz_hmp"
"TIMESTAMP","RECORD","U","V","W","TSonic","RH","T_HMP60"
"TS","RN","mV","mV","mV","mV","%","Deg C"
"","","Smp","Smp","Smp","Smp","Smp","Smp"
"2020-09-21 08:21:03.8",1650000,-0.008,0.009,-0.016,295.4,29.02,21.14
"2020-09-21 08:21:03.9",1650001,-0.008,0.008,-0.016,295.4,29.02,21.14
"2020-09-21 08:21:04",1650002,-0.008,0.008,-0.016,295.4,29.02,21.14
"2020-09-21 08:21:04.1",1650003,-0.008,0.008,-0.016,295.4,29.02,21.14
"2020-09-21 08:21:04.2",1650004,-0.008,0.009,-0.016,295.4,29.02,21.14
"2020-09-21 08:21:04.3",1650005,-0.008,0.009,-0.016,295.4,29.04,21.17
"2020-09-21 08:21:04.4",1650006,-0.008,0.008,-0.016,295.4,29.03,21.14
"2020-09-21 08:21:04.5",1650007,-0.009,0.008,-0.016,295.4,29.03,21.14
"2020-09-21 08:21:04.6",1650008,-0.009,0.008,-0.016,295.4,29.02,21.14
"2020-09-21 08:21:04.7",1650009,-0.009,0.008,-0.016,295.4,29.02,21.14
"2020-09-21 08:21:04.8",1650010,-0.008,0.009,-0.016,295.4,29.02,21.14
"2020-09-21 08:21:04.9",1650011,-0.008,0.008,-0.016,295.4,29.02,21.14
"2020-09-21 08:21:05",1650012,-0.008,0.008,-0.016,295.4,29.02,21.14
"2020-09-21 08:21:05.1",1650013,-0.008,0.008,-0.016,295.4,29.02,21.14
"2020-09-21 08:21:05.2",1650014,-0.009,0.008,-0.016,295.4,29.02,21.14
"2020-09-21 08:21:05.3",1650015,-0.008,0.008,-0.016,295.4,29.02,21.14
"2020-09-21 08:21:05.4",1650016,-0.008,0.009,-0.016,295.4,29.02,21.14
"2020-09-21 08:21:05.5",1650017,-0.008,0.008,-0.016,295.4,29.07,21.14
"2020-09-21 08:21:05.6",1650018,-0.008,0.009,-0.016,295.4,29.02,21.14
"2020-09-21 08:21:05.7",1650019,-0.047,0.008,-0.006,295.4,29.02,21.14
"2020-09-21 08:21:05.8",1650020,-0.047,0.009,-0.006,295.4,29.02,21.14
"2020-09-21 08:21:05.9",1650021,-0.047,0.008,-0.006,295.4,29.02,21.14
"2020-09-21 08:21:06",1650022,-0.047,0.008,-0.006,295.4,29.02,21.14
"2020-09-21 08:21:06.1",1650023,-0.047,0.009,-0.006,295.4,29.02,21.14
"2020-09-21 08:21:06.2",1650024,-0.047,0.008,-0.006,295.4,29.02,21.14
"2020-09-21 08:21:06.3",1650025,-0.047,0.009,-0.006,295.4,29.02,21.14
"2020-09-21 08:21:06.4",1650026,-0.047,0.009,-0.006,295.4,29.02,21.14
"2020-09-21 08:21:06.5",1650027,-0.047,0.009,-0.006,295.4,29.02,21.14
"2020-09-21 08:21:06.6",1650028,-0.048,0.008,-0.006,295.4,29.02,21.14
"2020-09-21 08:21:06.7",1650029,-0.047,0.009,-0.006,295.4,29.02,21.14
"2020-09-21 08:21:06.8",1650030,-0.047,0.009,-0.006,295.4,29.05,21.19
"2020-09-21 08:21:06.9",1650031,-0.047,0.008,-0.006,295.4,29.02,21.14
"2020-09-21 08:21:07",1650032,-0.047,0.009,-0.006,295.4,29.02,21.14
"2020-09-21 08:21:07.1",1650033,-0.047,0.009,-0.006,295.4,29.02,21.14
"2020-09-21 08:21:07.2",1650034,-0.048,0.009,-0.006,295.4,29.02,21.14
"2020-09-21 08:21:07.3",1650035,-0.048,0.009,-0.006,295.4,29.02,21.14
"2020-09-21 08:21:07.4",1650036,-0.047,0.008,-0.006,295.4,29.02,21.14
"2020-09-21 08:21:07.5",1650037,-0.047,0.009,-0.006,295.4,29.02,21.14
"2020-09-21 08:21:07.6",1650038,-0.048,0.008,-0.006,295.4,29.02,21.14
"2020-09-21 08:21:07.7",1650039,-0.047,0.008,-0.006,295.4,29.02,21.14
"2020-09-21 08:21:07.8",1650040,-0.047,0.008,-0.006,295.4,29.02,21.14
"2020-09-21 08:21:07.9",1650041,-0.047,0.008,-0.006,295.4,29.02,21.14
"2020-09-21 08:21:08",1650042,-0.047,0.008,-0.006,295.4,29.05,21.15
"2020-09-21 08:21:08.1",1650043,-0.048,0.008,-0.006,295.4,29.02,21.14
"2020-09-21 08:21:08.2",1650044,-0.009,-0.002,-0.006,295.4,29.02,21.14
"2020-09-21 08:21:08.3",1650045,-0.008,-0.002,-0.006,295.4,29.02,21.14
"2020-09-21 08:21:08.4",1650046,-0.008,-0.002,-0.006,295.4,29.02,21.14
"2020-09-21 08:21:08.5",1650047,-0.008,-0.002,-0.006,295.4,29.02,21.14
"2020-09-21 08:21:08.6",1650048,-0.008,-0.002,-0.006,295.4,29.02,21.14
"2020-09-21 08:21:08.7",1650049,-0.009,-0.002,-0.006,295.4,29.02,21.14
"2020-09-21 08:21:08.8",1650050,-0.008,-0.002,-0.006,295.4,29.02,21.14
"2020-09-21 08:21:08.9",1650051,-0.008,-0.002,-0.006,295.4,29.02,21.14
"2020-09-21 08:21:09",1650052,-0.009,-0.002,-0.006,295.4,29.02,21.14
"2020-09-21 08:21:09.1",1650053,-0.008,-0.002,-0.006,295.4,29.02,21.14
"2020-09-21 08:21:09.2",1650054,-0.008,-0.002,-0.006,295.4,29.02,21.14
"2020-09-21 08:21:09.3",1650055,-0.008,-0.002,-0.006,295.4,29.06,21.2
"2020-09-21 08:21:09.4",1650056,-0.008,-0.002,-0.006,295.4,29.02,21.14
"2020-09-21 08:21:09.5",1650057,-0.008,-0.002,-0.006,295.4,29.02,21.14
"2020-09-21 08:21:09.6",1650058,-0.008,-0.002,-0.006,295.4,29.02,21.14
"2020-09-21 08:21:09.7",1650059,-0.008,-0.002,-0.006,295.4,29.02,21.14
"2020-09-21 08:21:09.8",1650060,-0.008,-0.002,-0.006,295.4,29.02,21.14
"2020-09-21 08:21:09.9",1650061,-0.009,-0.002,-0.006,295.4,29.02,21.14
"2020-09-21 08:21:10",1650062,-0.047,0.008,-0.006,295.4,29.02,21.14
"2020-09-21 08:21:10.1",1650063,-0.047,0.008,-0.006,295.4,29.02,21.14
"2020-09-21 08:21:10.2",1650064,-0.028,-0.002,0.025,295.4,29.02,21.14
"2020-09-21 08:21:10.3",1650065,-0.028,-0.002,0.025,295.4,29.02,21.14
"2020-09-21 08:21:10.4",1650066,-0.028,-0.002,0.025,295.4,29.02,21.14
"2020-09-21 08:21:10.5",1650067,-0.028,-0.002,0.025,295.4,29.02,21.14
"2020-09-21 08:21:10.6",1650068,-0.028,-0.002,0.025,295.4,29.02,21.14
"2020-09-21 08:21:10.7",1650069,-0.028,-0.002,0.025,295.4,29.02,21.14
"2020-09-21 08:21:10.8",1650070,-0.028,-0.002,0.025,295.4,29.02,21.14
"2020-09-21 08:21:10.9",1650071,-0.028,-0.002,0.025,295.4,29.02,21.14
"2020-09-21 08:21:11",1650072,-0.047,0.008,-0.006,295.4,29.02,21.14
"2020-09-21 08:21:11.1",1650073,-0.047,0.009,-0.006,295.4,29.02,21.14
"2020-09-21 08:21:11.2",1650074,-0.028,-0.002,0.025,295.5,29.02,21.14
"2020-09-21 08:21:11.3",1650075,-0.028,-0.002,0.025,295.5,29.02,21.14
"2020-09-21 08:21:11.4",1650076,-0.028,-0.002,0.025,295.5,29.02,21.14
"2020-09-21 08:21:11.5",1650077,-0.008,-0.002,-0.006,295.5,29.02,21.14
"2020-09-21 08:21:11.6",1650078,-0.008,-0.002,-0.006,295.5,29.02,21.14
"2020-09-21 08:21:11.7",1650079,-0.008,-0.002,-0.006,295.5,29.02,21.14
"2020-09-21 08:21:11.8",1650080,-0.008,-0.002,-0.006,295.5,29.06,21.2
"2020-09-21 08:21:11.9",1650081,-0.008,-0.002,-0.006,295.5,29.02,21.14
"2020-09-21 08:21:12",1650082,-0.008,-0.002,-0.006,295.5,29.03,21.14
"2020-09-21 08:21:12.1",1650083,-0.008,-0.002,-0.006,295.5,29.02,21.14
"2020-09-21 08:21:12.2",1650084,-0.028,-0.002,0.025,295.6,29.02,21.14
"2020-09-21 08:21:12.3",1650085,-0.028,-0.002,0.025,295.6,29.02,21.14
"2020-09-21 08:21:12.4",1650086,-0.028,-0.002,0.025,295.6,29.02,21.14
"2020-09-21 08:21:12.5",1650087,-0.028,-0.002,0.025,295.6,29.02,21.14
"2020-09-21 08:21:12.6",1650088,-0.028,-0.002,0.025,295.6,29.02,21.14
"2020-09-21 08:21:12.7",1650089,-0.028,-0.002,0.025,295.6,29.02,21.14
"2020-09-21 08:21:12.8",1650090,-0.028,-0.002,0.025,295.6,29.02,21.14
"2020-09-21 08:21:12.9",1650091,-0.028,-0.003,0.025,295.6,29.02,21.14
"2020-09-21 08:21:13",1650092,-0.028,-0.002,0.025,295.6,29.02,21.15
"2020-09-21 08:21:13.1",1650093,-0.028,-0.002,0.025,295.6,29.02,21.14
"2020-09-21 08:21:13.2",1650094,-0.028,-0.002,0.025,295.6,29.02,21.14
"2020-09-21 08:21:13.3",1650095,-0.028,-0.002,0.025,295.6,29.02,21.14
"2020-09-21 08:21:13.4",1650096,-0.028,-0.002,0.025,295.6,29.02,21.14
"2020-09-21 08:21:13.5",1650097,-0.048,-0.041,-0.006,295.5,29.02,21.14
"2020-09-21 08:21:13.6",1650098,-0.047,-0.041,-0.006,295.5,29.02,21.14
"2020-09-21 08:21:13.7",1650099,-0.028,-0.002,0.025,295.6,29.02,21.14
"2020-09-21 08:21:13.8",1650100,-0.028,-0.002,0.025,295.6,29.02,21.14
"2020-09-21 08:21:13.9",1650101,-0.028,-0.002,0.025,295.6,29.02,21.14
"2020-09-21 08:21:14",1650102,-0.028,-0.002,0.025,295.6,29.02,21.14
"2020-09-21 08:21:14.1",1650103,-0.028,-0.002,0.025,295.6,29.02,21.14
"2020-09-21 08:21:14.2",1650104,-0.028,-0.002,0.025,295.6,29.02,21.14
"2020-09-21 08:21:14.3",1650105,-0.028,-0.002,0.025,295.6,29.08,21.2
"2020-09-21 08:21:14.4",1650106,-0.028,-0.002,0.025,295.6,29.02,21.14
"2020-09-21 08:21:14.5",1650107,-0.077,-0.002,0.044,295.5,29.02,21.14
"2020-09-21 08:21:14.6",1650108,-0.077,-0.002,0.044,295.5,29.02,21.14
"2020-09-21 08:21:14.7",1650109,-0.028,-0.002,0.025,295.6,29.02,21.14
"2020-09-21 08:21:14.8",1650110,-0.028,-0.002,0.025,295.6,29.02,21.14
"2020-09-21 08:21:14.9",1650111,-0.028,-0.002,0.025,295.6,29.02,21.14
"2020-09-21 08:21:15",1650112,-0.008,0.008,0.044,295.6,29.02,21.14
"2020-09-21 08:21:15.1",1650113,-0.008,0.008,0.044,295.6,29.02,21.14
"2020-09-21 08:21:15.2",1650114,-0.077,-0.002,0.044,295.7,29.02,21.14
"2020-09-21 08:21:15.3",1650115,-0.077,-0.002,0.044,295.7,29.02,21.14
"2020-09-21 08:21:15.4",1650116,-0.077,-0.002,0.044,295.7,29.02,21.14
"2020-09-21 08:21:15.5",1650117,-0.008,0.008,0.044,295.7,29.02,21.14
"2020-09-21 08:21:15.6",1650118,-0.008,0.008,0.044,295.7,29.02,21.16
"2020-09-21 08:21:15.7",1650119,-0.008,0.008,0.044,295.7,29.02,21.15
"2020-09-21 08:21:15.8",1650120,-0.008,0.008,0.044,295.7,29.02,21.14
"2020-09-21 08:21:15.9",1650121,-0.008,0.009,0.044,295.7,29.02,21.15
"2020-09-21 08:21:16",1650122,-0.008,0.008,0.044,295.7,29.02,21.14
"2020-09-21 08:21:16.1",1650123,-0.008,0.009,0.044,295.7,29.02,21.14
"2020-09-21 08:21:16.2",1650124,-0.009,0.008,0.044,295.6,29.02,21.14
"2020-09-21 08:21:16.3",1650125,-0.008,0.008,0.044,295.6,29.02,21.15
"2020-09-21 08:21:16.4",1650126,-0.008,0.008,0.044,295.6,29.02,21.14
"2020-09-21 08:21:16.5",1650127,-0.009,0.009,0.044,295.5,29.02,21.14
"2020-09-21 08:21:16.6",1650128,-0.008,0.008,0.044,295.5,29.02,21.14
"2020-09-21 08:21:16.7",1650129,-0.028,-0.002,0.025,295.5,29.02,21.14
"2020-09-21 08:21:16.8",1650130,-0.028,-0.002,0.025,295.5,29.08,21.18
"2020-09-21 08:21:16.9",1650131,-0.028,-0.002,0.025,295.5,29.02,21.14
"2020-09-21 08:21:17",1650132,-0.028,0.048,0.025,295.6,29.02,21.14
"2020-09-21 08:21:17.1",1650133,-0.028,0.048,0.025,295.6,29.02,21.14
"2020-09-21 08:21:17.2",1650134,-0.077,-0.002,0.044,295.8,29.02,21.14
"2020-09-21 08:21:17.3",1650135,-0.077,-0.002,0.044,295.8,29.02,21.14
"2020-09-21 08:21:17.4",1650136,-0.077,-0.002,0.044,295.8,29.02,21.14
"2020-09-21 08:21:17.5",1650137,-0.028,-0.002,0.025,295.8,29.02,21.14
"2020-09-21 08:21:17.6",1650138,-0.028,-0.002,0.025,295.8,29.02,21.14
"2020-09-21 08:21:17.7",1650139,-0.067,-0.002,0.044,295.9,29.02,21.14
"2020-09-21 08:21:17.8",1650140,-0.067,-0.002,0.044,295.9,29.02,21.14
"2020-09-21 08:21:17.9",1650141,-0.067,-0.002,0.044,295.9,29.02,21.14
"2020-09-21 08:21:18",1650142,-0.018,-0.002,0.015,295.9,29.02,21.14
"2020-09-21 08:21:18.1",1650143,-0.018,-0.002,0.015,295.9,29.02,21.17
"2020-09-21 08:21:18.2",1650144,-0.008,-0.012,0.064,295.9,29.02,21.14
"2020-09-21 08:21:18.3",1650145,-0.008,-0.012,0.064,295.9,29.02,21.14
"2020-09-21 08:21:18.4",1650146,-0.008,-0.012,0.064,295.9,29.02,21.14
"2020-09-21 08:21:18.5",1650147,-0.067,-0.002,0.044,295.8,29.02,21.14
"2020-09-21 08:21:18.6",1650148,-0.067,-0.002,0.044,295.8,29.02,21.14
"2020-09-21 08:21:18.7",1650149,-0.057,0.008,0.074,295.7,29.02,21.14
"2020-09-21 08:21:18.8",1650150,-0.057,0.008,0.073,295.7,29.02,21.15
"2020-09-21 08:21:18.9",1650151,-0.057,0.008,0.074,295.7,29.02,21.14
"2020-09-21 08:21:19",1650152,-0.028,-0.002,0.025,295.7,29.02,21.14
"2020-09-21 08:21:19.1",1650153,-0.028,-0.002,0.025,295.7,29.02,21.14
"2020-09-21 08:21:19.2",1650154,-0.057,0.008,0.074,295.6,29.02,21.14
"2020-09-21 08:21:19.3",1650155,-0.057,0.008,0.073,295.6,29.08,21.14
"2020-09-21 08:21:19.4",1650156,-0.057,0.009,0.074,295.6,29.02,21.14
"2020-09-21 08:21:19.5",1650157,-0.028,-0.002,0.024,295.5,29.02,21.14
"2020-09-21 08:21:19.6",1650158,-0.028,-0.002,0.025,295.5,29.02,21.14
"2020-09-21 08:21:19.7",1650159,-0.028,-0.002,0.025,295.5,29.02,21.14
"2020-09-21 08:21:19.8",1650160,-0.028,-0.002,0.024,295.5,29.02,21.14
"2020-09-21 08:21:19.9",1650161,-0.028,-0.002,0.025,295.5,29.02,21.14
"2020-09-21 08:21:20",1650162,-0.028,-0.002,0.025,295.5,29.02,21.14
"2020-09-21 08:21:20.1",1650163,-0.028,-0.002,0.025,295.5,29.02,21.14
"2020-09-21 08:21:20.2",1650164,-0.028,-0.002,0.025,295.5,29.02,21.14
"2020-09-21 08:21:20.3",1650165,-0.028,-0.002,0.025,295.5,29.02,21.15
"2020-09-21 08:21:20.4",1650166,-0.028,-0.002,0.025,295.5,29.02,21.14
"2020-09-21 08:21:20.5",1650167,-0.028,-0.002,0.025,295.5,29.02,21.14
"2020-09-21 08:21:20.6",1650168,-0.028,-0.002,0.025,295.5,29.05,21.17
"2020-09-21 08:21:20.7",1650169,-0.008,-0.002,-0.006,295.5,29.03,21.14
"2020-09-21 08:21:20.8",1650170,-0.009,-0.002,-0.006,295.5,29.02,21.14
"2020-09-21 08:21:20.9",1650171,-0.009,-0.002,-0.006,295.5,29.02,21.14
"2020-09-21 08:21:21",1650172,-0.028,-0.002,0.025,295.5,29.02,21.14
"2020-09-21 08:21:21.1",1650173,-0.028,-0.002,0.025,295.5,29.02,21.14
"2020-09-21 08:21:21.2",1650174,-0.047,0.009,-0.006,295.5,29.02,21.14
"2020-09-21 08:21:21.3",1650175,-0.048,0.008,-0.006,295.5,29.02,21.14
"2020-09-21 08:21:21.4",1650176,-0.048,0.008,-0.006,295.5,29.02,21.14
"2020-09-21 08:21:21.5",1650177,-0.028,-0.002,0.025,295.5,29.02,21.14
"2020-09-21 08:21:21.6",1650178,-0.028,-0.002,0.025,295.5,29.02,21.14
"2020-09-21 08:21:21.7",1650179,-0.009,-0.002,-0.006,295.5,29.02,21.14
"2020-09-21 08:21:21.8",1650180,-0.008,-0.002,-0.006,295.5,29.05,21.14
"2020-09-21 08:21:21.9",1650181,-0.008,-0.002,-0.006,295.5,29.02,21.14
"2020-09-21 08:21:22",1650182,-0.008,-0.002,-0.006,295.5,29.02,21.14
"2020-09-21 08:21:22.1",1650183,-0.008,-0.002,-0.006,295.5,29.01,21.14
"2020-09-21 08:21:22.2",1650184,-0.008,-0.002,-0.006,295.5,29.01,21.14
"2020-09-21 08:21:22.3",1650185,-0.008,-0.002,-0.006,295.5,29.01,21.14
"2020-09-21 08:21:22.4",1650186,-0.008,-0.002,-0.006,295.5,29.01,21.14
"2020-09-21 08:21:22.5",1650187,-0.008,-0.002,-0.006,295.6,29.01,21.14
"2020-09-21 08:21:22.6",1650188,-0.008,-0.002,-0.006,295.6,29.01,21.14
"2020-09-21 08:21:22.7",1650189,-0.009,-0.002,-0.006,295.5,29.01,21.14
"2020-09-21 08:21:22.8",1650190,-0.008,-0.002,-0.006,295.5,29,21.14
"2020-09-21 08:21:22.9",1650191,-0.008,-0.002,-0.006,295.5,29,21.14
"2020-09-21 08:21:23",1650192,-0.008,-0.002,-0.006,295.5,29,21.14
"2020-09-21 08:21:23.1",1650193,-0.009,-0.002,-0.006,295.5,29.03,21.2
"2020-09-21 08:21:23.2",1650194,-0.009,-0.002,-0.006,295.6,29,21.14
"2020-09-21 08:21:23.3",1650195,-0.009,-0.002,-0.006,295.6,29,21.14
"2020-09-21 08:21:23.4",1650196,-0.009,-0.002,-0.006,295.6,29,21.14
"2020-09-21 08:21:23.5",1650197,-0.028,-0.002,0.025,295.7,29,21.14
"2020-09-21 08:21:23.6",1650198,-0.028,-0.002,0.025,295.7,29,21.14
"2020-09-21 08:21:23.7",1650199,0.012,0.009,0.025,295.6,29,21.14
"2020-09-21 08:21:23.8",1650200,0.012,0.008,0.025,295.6,29,21.14
"2020-09-21 08:21:23.9",1650201,0.012,0.008,0.025,295.6,29,21.14
"2020-09-21 08:21:24",1650202,-0.028,-0.002,0.025,295.6,29,21.14
"2020-09-21 08:21:24.1",1650203,-0.028,-0.002,0.025,295.6,29,21.14
"2020-09-21 08:21:24.2",1650204,-0.018,-0.041,0.044,295.6,29,21.14
"2020-09-21 08:21:24.3",1650205,-0.018,-0.041,0.044,295.6,29.01,21.14
"2020-09-21 08:21:24.4",1650206,-0.018,-0.041,0.044,295.6,29,21.14
"2020-09-21 08:21:24.5",1650207,0.012,-0.041,0.025,295.6,29,21.14
"2020-09-21 08:21:24.6",1650208,0.012,-0.041,0.025,295.6,29,21.14
"2020-09-21 08:21:24.7",1650209,-0.009,-0.002,-0.006,295.6,29,21.14
"2020-09-21 08:21:24.8",1650210,-0.008,-0.002,-0.006,295.6,29,21.14
"2020-09-21 08:21:24.9",1650211,-0.008,-0.002,-0.006,295.6,29,21.14
"2020-09-21 08:21:25",1650212,-0.008,-0.012,0.064,295.7,29,21.14
"2020-09-21 08:21:25.1",1650213,-0.008,-0.012,0.064,295.7,29,21.14
"2020-09-21 08:21:25.2",1650214,-0.018,-0.041,0.044,295.7,29,21.14
"2020-09-21 08:21:25.3",1650215,-0.018,-0.041,0.044,295.7,29,21.14
"2020-09-21 08:21:25.4",1650216,-0.018,-0.041,0.044,295.7,29,21.14
"2020-09-21 08:21:25.5",1650217,-0.008,-0.002,0.073,295.8,29,21.14
"2020-09-21 08:21:25.6",1650218,-0.008,-0.002,0.074,295.8,29.04,21.2
"2020-09-21 08:21:25.7",1650219,0.012,-0.032,0.015,295.8,29,21.14
"2020-09-21 08:21:25.8",1650220,0.012,-0.031,0.015,295.8,29,21.14
"2020-09-21 08:21:25.9",1650221,0.012,-0.031,0.015,295.8,29,21.14
"2020-09-21 08:21:26",1650222,0.021,-0.002,0.034,295.8,29,21.14
"2020-09-21 08:21:26.1",1650223,0.021,-0.002,0.035,295.8,29,21.14
"2020-09-21 08:21:26.2",1650224,-0.018,-0.041,0.044,295.8,29,21.14
"2020-09-21 08:21:26.3",1650225,-0.018,-0.041,0.044,295.8,29,21.14
"2020-09-21 08:21:26.4",1650226,-0.018,-0.041,0.044,295.8,29,21.14
"2020-09-21 08:21:26.5",1650227,-0.008,0.008,0.044,295.7,29,21.14
"2020-09-21 08:21:26.6",1650228,-0.008,0.008,0.044,295.7,29,21.14
"2020-09-21 08:21:26.7",1650229,-0.028,-0.002,0.025,295.7,29,21.14
"2020-09-21 08:21:26.8",1650230,-0.028,-0.002,0.025,295.7,29,21.14
"2020-09-21 08:21:26.9",1650231,-0.028,-0.002,0.025,295.7,29,21.14
"2020-09-21 08:21:27",1650232,-0.018,-0.041,0.044,295.7,29,21.15
"2020-09-21 08:21:27.1",1650233,-0.018,-0.041,0.044,295.7,29,21.15
"2020-09-21 08:21:27.2",1650234,-0.048,-0.031,0.064,296,29,21.16
"2020-09-21 08:21:27.3",1650235,-0.048,-0.032,0.064,296,29,21.16
"2020-09-21 08:21:27.4",1650236,-0.047,-0.032,0.064,296,29,21.16
"2020-09-21 08:21:27.5",1650237,-0.028,-0.012,0.083,295.9,29,21.16
"2020-09-21 08:21:27.6",1650238,-0.028,-0.012,0.083,295.9,29,21.16
"2020-09-21 08:21:27.7",1650239,-0.008,-0.012,0.064,295.7,29,21.16
"2020-09-21 08:21:27.8",1650240,-0.008,-0.012,0.064,295.7,29,21.16
"2020-09-21 08:21:27.9",1650241,-0.008,-0.012,0.064,295.7,29,21.16
"2020-09-21 08:21:28",1650242,-0.008,-0.002,0.044,295.6,29,21.16
"2020-09-21 08:21:28.1",1650243,-0.008,-0.002,0.044,295.6,29.05,21.22
"2020-09-21 08:21:28.2",1650244,0.012,0.008,0.025,295.6,29,21.16
"2020-09-21 08:21:28.3",1650245,0.012,0.009,0.025,295.6,29,21.16
"2020-09-21 08:21:28.4",1650246,0.012,0.009,0.024,295.6,29,21.16
"2020-09-21 08:21:28.5",1650247,0.012,0.009,0.024,295.6,29,21.16
"2020-09-21 08:21:28.6",1650248,0.012,0.008,0.025,295.6,29,21.16
"2020-09-21 08:21:28.7",1650249,-0.008,-0.002,-0.006,295.5,29,21.16
"2020-09-21 08:21:28.8",1650250,-0.008,-0.002,-0.006,295.5,29,21.16
"2020-09-21 08:21:28.9",1650251,-0.008,-0.002,-0.006,295.5,29,21.16
"2020-09-21 08:21:29",1650252,0.012,-0.041,0.024,295.6,29,21.16
"2020-09-21 08:21:29.1",1650253,0.012,-0.041,0.025,295.6,29,21.16
"2020-09-21 08:21:29.2",1650254,-0.008,-0.002,0.073,295.6,29,21.16
"2020-09-21 08:21:29.3",1650255,-0.008,-0.002,0.073,295.6,29,21.16
"2020-09-21 08:21:29.4",1650256,-0.008,-0.002,0.073,295.6,29,21.16
"2020-09-21 08:21:29.5",1650257,-0.008,-0.002,0.073,295.6,29,21.16
"2020-09-21 08:21:29.6",1650258,-0.008,-0.002,0.074,295.6,29,21.16
"2020-09-21 08:21:29.7",1650259,0.012,0.009,0.025,295.6,29,21.16
"2020-09-21 08:21:29.8",1650260,0.012,0.009,0.025,295.6,29,21.16
"2020-09-21 08:21:29.9",1650261,0.012,0.009,0.025,295.6,29,21.16
"2020-09-21 08:21:30",1650262,-0.009,0.009,0.044,295.7,29,21.16
"2020-09-21 08:21:30.1",1650263,-0.008,0.008,0.044,295.7,29,21.16
"2020-09-21 08:21:30.2",1650264,-0.009,-0.002,0.044,295.7,29,21.16
"2020-09-21 08:21:30.3",1650265,-0.008,-0.002,0.044,295.7,29,21.16
"2020-09-21 08:21:30.4",1650266,-0.008,-0.002,0.044,295.7,29,21.16
"2020-09-21 08:21:30.5",1650267,-0.008,-0.002,0.073,295.8,29,21.16
"2020-09-21 08:21:30.6",1650268,-0.008,-0.002,0.074,295.8,29.06,21.22
"2020-09-21 08:21:30.7",1650269,-0.008,0.008,0.044,295.9,29,21.16
"2020-09-21 08:21:30.8",1650270,-0.008,0.009,0.044,295.9,29,21.16
"2020-09-21 08:21:30.9",1650271,-0.008,0.008,0.044,295.9,29,21.16
"2020-09-21 08:21:31",1650272,-0.008,-0.002,0.044,295.9,29,21.16
"2020-09-21 08:21:31.1",1650273,-0.008,-0.002,0.044,295.9,29,21.16
"2020-09-21 08:21:31.2",1650274,-0.008,0.038,0.064,295.8,29,21.16
"2020-09-21 08:21:31.3",1650275,-0.008,0.038,0.064,295.8,29,21.16
"2020-09-21 08:21:31.4",1650276,-0.008,0.038,0.064,295.8,29,21.16
"2020-09-21 08:21:31.5",1650277,-0.008,0.008,0.044,295.6,29,21.16
"2020-09-21 08:21:31.6",1650278,-0.009,0.008,0.044,295.6,29,21.16
"2020-09-21 08:21:31.7",1650279,0.012,0.008,0.024,295.6,29,21.16
"2020-09-21 08:21:31.8",1650280,0.012,0.009,0.025,295.6,29,21.16
"2020-09-21 08:21:31.9",1650281,0.012,0.008,0.025,295.6,29,21.19
"2020-09-21 08:21:32",1650282,-0.008,0.008,0.044,295.5,29.01,21.16
"2020-09-21 08:21:32.1",1650283,-0.008,0.008,0.044,295.5,29.01,21.16
"2020-09-21 08:21:32.2",1650284,-0.009,0.038,-0.006,295.5,29.01,21.16
"2020-09-21 08:21:32.3",1650285,-0.008,0.038,-0.006,295.5,29,21.16
"2020-09-21 08:21:32.4",1650286,-0.008,0.038,-0.006,295.5,29,21.16
"2020-09-21 08:21:32.5",1650287,0.012,0.008,0.025,295.5,29,21.16
"2020-09-21 08:21:32.6",1650288,0.011,0.008,0.025,295.5,29,21.16
"2020-09-21 08:21:32.7",1650289,0.012,0.008,0.025,295.5,29,21.16
"2020-09-21 08:21:32.8",1650290,0.012,0.008,0.025,295.5,29,21.16
"2020-09-21 08:21:32.9",1650291,0.012,0.008,0.025,295.5,29,21.16
"2020-09-21 08:21:33",1650292,-0.008,-0.002,-0.006,295.4,29,21.16
"2020-09-21 08:21:33.1",1650293,-0.008,-0.002,-0.006,295.4,29.06,21.18
"2020-09-21 08:21:33.2",1650294,-0.009,-0.002,-0.006,295.4,29,21.16
"2020-09-21 08:21:33.3",1650295,-0.008,-0.002,-0.006,295.4,29,21.16
"2020-09-21 08:21:33.4",1650296,-0.008,-0.002,-0.006,295.4,29,21.16
"2020-09-21 08:21:33.5",1650297,-0.008,0.008,-0.016,295.4,29,21.16
"2020-09-21 08:21:33.6",1650298,-0.008,0.008,-0.016,295.4,29,21.16
"2020-09-21 08:21:33.7",1650299,-0.009,0.008,-0.016,295.4,29,21.16
"2020-09-21 08:21:33.8",1650300,-0.008,0.008,-0.016,295.4,29,21.16
"2020-09-21 08:21:33.9",1650301,-0.008,0.008,-0.016,295.4,29,21.16
"2020-09-21 08:21:34",1650302,-0.008,0.038,-0.006,295.4,29,21.16
"2020-09-21 08:21:34.1",1650303,-0.009,0.038,-0.006,295.4,29,21.16
"2020-09-21 08:21:34.2",1650304,-0.009,0.038,-0.006,295.4,29,21.16
"2020-09-21 08:21:34.3",1650305,-0.008,0.038,-0.006,295.4,29,21.16
"2020-09-21 08:21:34.4",1650306,-0.009,0.038,-0.006,295.4,29.01,21.2
"2020-09-21 08:21:34.5",1650307,-0.008,0.038,-0.006,295.4,29.01,21.16
"2020-09-21 08:21:34.6",1650308,-0.008,0.038,-0.006,295.4,29,21.16
"2020-09-21 08:21:34.7",1650309,-0.008,0.038,-0.006,295.4,29,21.16
"2020-09-21 08:21:34.8",1650310,-0.009,0.038,-0.006,295.4,29,21.16
"2020-09-21 08:21:34.9",1650311,-0.008,0.038,-0.006,295.4,29,21.16
"2020-09-21 08:21:35",1650312,-0.008,0.008,-0.016,295.4,29,21.16
"2020-09-21 08:21:35.1",1650313,-0.008,0.008,-0.016,295.4,29,21.16
"2020-09-21 08:21:35.2",1650314,-0.008,0.008,-0.016,295.4,29,21.16
"2020-09-21 08:21:35.3",1650315,-0.008,0.008,-0.016,295.4,29,21.16
"2020-09-21 08:21:35.4",1650316,-0.008,0.008,-0.016,295.4,29,21.16
"2020-09-21 08:21:35.5",1650317,-0.009,0.008,-0.016,295.4,29,21.16
"2020-09-21 08:21:35.6",1650318,-0.008,0.009,-0.016,295.4,29.05,21.16
"2020-09-21 08:21:35.7",1650319,-0.008,0.038,-0.006,295.4,29,21.16
"2020-09-21 08:21:35.8",1650320,-0.008,0.038,-0.006,295.4,29,21.16
"2020-09-21 08:21:35.9",1650321,-0.009,0.038,-0.006,295.4,29,21.16
"2020-09-21 08:21:36",1650322,-0.008,0.038,-0.006,295.4,29,21.16
"2020-09-21 08:21:36.1",1650323,-0.008,0.038,-0.006,295.4,29,21.16
"2020-09-21 08:21:36.2",1650324,-0.009,0.038,-0.006,295.4,29,21.16
"2020-09-21 08:21:36.3",1650325,-0.008,0.038,-0.006,295.4,29,21.16
"2020-09-21 08:21:36.4",1650326,-0.008,0.038,-0.006,295.4,29,21.16
"2020-09-21 08:21:36.5",1650327,-0.008,0.038,-0.006,295.4,29,21.16
"2020-09-21 08:21:36.6",1650328,-0.008,0.038,-0.006,295.4,29,21.16
"2020-09-21 08:21:36.7",1650329,-0.008,0.008,-0.016,295.4,29,21.16
"2020-09-21 08:21:36.8",1650330,-0.009,0.008,-0.016,295.4,29,21.16
"2020-09-21 08:21:36.9",1650331,-0.008,0.009,-0.016,295.4,29.03,21.2
"2020-09-21 08:21:37",1650332,-0.008,0.008,-0.016,295.4,29.01,21.16
"2020-09-21 08:21:37.1",1650333,-0.008,0.009,-0.016,295.4,29.01,21.16
"2020-09-21 08:21:37.2",1650334,-0.009,0.008,-0.016,295.4,29.02,21.16
"2020-09-21 08:21:37.3",1650335,-0.008,0.008,-0.016,295.4,29.02,21.16
"2020-09-21 08:21:37.4",1650336,-0.008,0.008,-0.016,295.4,29.02,21.16
"2020-09-21 08:21:37.5",1650337,-0.008,0.008,-0.016,295.4,29.02,21.16
"2020-09-21 08:21:37.6",1650338,-0.008,0.008,-0.016,295.4,29.02,21.16
"2020-09-21 08:21:37.7",1650339,-0.008,0.008,-0.016,295.4,29.02,21.16
"2020-09-21 08:21:37.8",1650340,-0.008,0.008,-0.016,295.4,29.02,21.16
"2020-09-21 08:21:37.9",1650341,-0.008,0.008,-0.016,295.4,29.02,21.16
"2020-09-21 08:21:38",1650342,-0.008,0.008,-0.016,295.4,29.02,21.16
"2020-09-21 08:21:38.1",1650343,-0.008,0.009,-0.016,295.4,29.05,21.16
"2020-09-21 08:21:38.2",1650344,-0.008,0.008,-0.016,295.4,29.02,21.16
"2020-09-21 08:21:38.3",1650345,-0.008,0.009,-0.016,295.4,29.02,21.16
"2020-09-21 08:21:38.4",1650346,-0.009,0.008,-0.016,295.4,29.02,21.16
"2020-09-21 08:21:38.5",1650347,-0.008,0.008,-0.016,295.4,29.02,21.16
"2020-09-21 08:21:38.6",1650348,-0.008,0.008,-0.016,295.4,29.02,21.16
"2020-09-21 08:21:38.7",1650349,-0.009,0.008,-0.016,295.4,29.02,21.16
"2020-09-21 08:21:38.8",1650350,-0.008,0.009,-0.016,295.4,29.02,21.16
"2020-09-21 08:21:38.9",1650351,-0.009,0.009,-0.016,295.4,29.02,21.16
"2020-09-21 08:21:39",1650352,-0.008,0.009,-0.016,295.4,29.02,21.16
"2020-09-21 08:21:39.1",1650353,-0.008,0.009,-0.016,295.4,29.02,21.16
"2020-09-21 08:21:39.2",1650354,-0.008,0.008,-0.016,295.4,29.02,21.16
"2020-09-21 08:21:39.3",1650355,-0.008,0.009,-0.016,295.4,29.02,21.16
"2020-09-21 08:21:39.4",1650356,-0.008,0.009,-0.016,295.4,29.06,21.22
"2020-09-21 08:21:39.5",1650357,-0.008,0.008,-0.016,295.4,29.02,21.16
"2020-09-21 08:21:39.6",1650358,-0.008,0.009,-0.016,295.4,29.02,21.16
"2020-09-21 08:21:39.7",1650359,-0.008,0.008,-0.016,295.4,29.02,21.16
"2020-09-21 08:21:39.8",1650360,-0.008,0.009,-0.016,295.4,29.02,21.16
"2020-09-21 08:21:39.9",1650361,-0.008,0.008,-0.016,295.4,29.02,21.16
"2020-09-21 08:21:40",1650362,-0.008,0.008,-0.016,295.4,29.02,21.16
"2020-09-21 08:21:40.1",1650363,-0.008,0.009,-0.016,295.4,29.02,21.16
"2020-09-21 08:21:40.2",1650364,-0.008,0.008,-0.016,295.4,29.02,21.16
"2020-09-21 08:21:40.3",1650365,-0.008,0.008,-0.016,295.4,29.02,21.16
"2020-09-21 08:21:40.4",1650366,-0.008,0.008,-0.016,295.4,29.02,21.16
"2020-09-21 08:21:40.5",1650367,-0.008,0.008,-0.016,295.4,29.02,21.16
"2020-09-21 08:21:40.6",1650368,-0.009,0.008,-0.016,295.4,29.02,21.16
"2020-09-21 08:21:40.7",1650369,-0.008,0.008,-0.016,295.4,29.02,21.16
"2020-09-21 08:21:40.8",1650370,-0.008,0.009,-0.016,295.4,29.02,21.16
"2020-09-21 08:21:40.9",1650371,-0.009,0.008,-0.016,295.4,29.02,21.16
"2020-09-21 08:21:41",1650372,-0.008,0.009,-0.016,295.4,29.02,21.16
"2020-09-21 08:21:41.1",1650373,-0.008,0.008,-0.016,295.4,29.02,21.16
"2020-09-21 08:21:41.2",1650374,-0.008,0.008,-0.016,295.4,29.02,21.16
"2020-09-21 08:21:41.3",1650375,-0.008,0.009,-0.016,295.4,29.02,21.16
"2020-09-21 08:21:41.4",1650376,-0.008,0.008,-0.016,295.4,29.02,21.16
"2020-09-21 08:21:41.5",1650377,-0.008,0.009,-0.016,295.4,29.02,21.16
"2020-09-21 08:21:41.6",1650378,-0.008,0.008,-0.016,295.4,29.02,21.16
"2020-09-21 08:21:41.7",1650379,-0.008,0.008,-0.016,295.4,29.02,21.16
"2020-09-21 08:21:41.8",1650380,-0.009,0.008,-0.016,295.4,29.02,21.16
"2020-09-21 08:21:41.9",1650381,-0.008,0.008,-0.016,295.4,29.06,21.22
"2020-09-21 08:21:42",1650382,-0.008,0.038,-0.006,295.4,29.02,21.16
"2020-09-21 08:21:42.1",1650383,-0.008,0.038,-0.006,295.4,29.02,21.16
"2020-09-21 08:21:42.2",1650384,-0.008,0.037,-0.006,295.4,29.02,21.16
"2020-09-21 08:21:42.3",1650385,-0.008,0.038,-0.006,295.4,29.02,21.16
"2020-09-21 08:21:42.4",1650386,-0.008,0.038,-0.006,295.4,29.02,21.16
"2020-09-21 08:21:42.5",1650387,-0.008,0.038,-0.006,295.4,29.02,21.16
"2020-09-21 08:21:42.6",1650388,-0.008,0.038,-0.006,295.4,29.02,21.16
"2020-09-21 08:21:42.7",1650389,-0.008,0.038,-0.006,295.4,29.02,21.16
"2020-09-21 08:21:42.8",1650390,-0.008,0.037,-0.006,295.4,29.02,21.16
"2020-09-21 08:21:42.9",1650391,-0.008,0.038,-0.006,295.4,29.02,21.16
"2020-09-21 08:21:43",1650392,-0.008,0.038,-0.006,295.4,29.02,21.16
"2020-09-21 08:21:43.1",1650393,-0.008,0.038,-0.006,295.4,29.02,21.16
"2020-09-21 08:21:43.2",1650394,-0.009,0.038,-0.006,295.4,29.02,21.16
"2020-09-21 08:21:43.3",1650395,-0.008,0.038,-0.006,295.4,29.02,21.16
"2020-09-21 08:21:43.4",1650396,-0.009,0.038,-0.006,295.4,29.02,21.16
"2020-09-21 08:21:43.5",1650397,-0.008,0.038,-0.006,295.4,29.02,21.16
"2020-09-21 08:21:43.6",1650398,-0.008,0.038,-0.006,295.4,29.02,21.16
"2020-09-21 08:21:43.7",1650399,-0.009,0.038,-0.006,295.4,29.02,21.16
"2020-09-21 08:21:43.8",1650400,-0.008,0.038,-0.006,295.4,29.02,21.16
"2020-09-21 08:21:43.9",1650401,-0.008,0.038,-0.006,295.4,29.02,21.16
"2020-09-21 08:21:44",1650402,-0.008,0.038,-0.006,295.4,29.02,21.16
"2020-09-21 08:21:44.1",1650403,-0.008,0.038,-0.006,295.4,29.02,21.16
"2020-09-21 08:21:44.2",1650404,-0.008,0.038,-0.006,295.4,29.02,21.16
"2020-09-21 08:21:44.3",1650405,-0.008,0.038,-0.006,295.4,29.02,21.16
"2020-09-21 08:21:44.4",1650406,-0.008,0.038,-0.006,295.4,29.08,21.22
"2020-09-21 08:21:44.5",1650407,-0.008,0.038,-0.006,295.4,29.02,21.16
"2020-09-21 08:21:44.6",1650408,-0.008,0.038,-0.006,295.4,29.02,21.16
"2020-09-21 08:21:44.7",1650409,-0.008,0.038,-0.006,295.4,29.02,21.16
"2020-09-21 08:21:44.8",1650410,-0.008,0.038,-0.006,295.4,29.02,21.16
"2020-09-21 08:21:44.9",1650411,-0.008,0.038,-0.006,295.4,29.02,21.16
"2020-09-21 08:21:45",1650412,0.012,0.009,0.025,295.5,29.02,21.16
"2020-09-21 08:21:45.1",1650413,0.012,0.009,0.025,295.5,29.02,21.16
"2020-09-21 08:21:45.2",1650414,0.012,0.008,0.025,295.5,29.02,21.16
"2020-09-21 08:21:45.3",1650415,0.012,0.009,0.025,295.5,29.02,21.16
"2020-09-21 08:21:45.4",1650416,0.012,0.009,0.025,295.5,29.02,21.16
"2020-09-21 08:21:45.5",1650417,0.012,0.008,0.025,295.5,29.02,21.16
"2020-09-21 08:21:45.6",1650418,0.012,0.008,0.025,295.5,29.02,21.16
"2020-09-21 08:21:45.7",1650419,0.012,0.008,0.025,295.5,29.02,21.18
"2020-09-21 08:21:45.8",1650420,0.012,0.009,0.025,295.5,29.02,21.16
"2020-09-21 08:21:45.9",1650421,0.012,0.008,0.025,295.5,29.02,21.16
"2020-09-21 08:21:46",1650422,0.012,0.008,0.025,295.5,29.02,21.16
"2020-09-21 08:21:46.1",1650423,0.012,0.008,0.025,295.5,29.02,21.16
"2020-09-21 08:21:46.2",1650424,0.012,0.008,0.025,295.5,29.02,21.16
"2020-09-21 08:21:46.3",1650425,0.012,0.008,0.025,295.5,29.02,21.16
"2020-09-21 08:21:46.4",1650426,0.012,0.009,0.025,295.5,29.02,21.16
"2020-09-21 08:21:46.5",1650427,0.031,-0.002,0.044,295.5,29.02,21.16
"2020-09-21 08:21:46.6",1650428,0.031,-0.002,0.044,295.5,29.02,21.16
"2020-09-21 08:21:46.7",1650429,0.012,0.009,0.024,295.5,29.02,21.16
"2020-09-21 08:21:46.8",1650430,0.012,0.008,0.025,295.5,29.02,21.16
"2020-09-21 08:21:46.9",1650431,0.012,0.008,0.025,295.5,29.08,21.2
"2020-09-21 08:21:47",1650432,0.012,0.008,0.025,295.6,29.02,21.16
"2020-09-21 08:21:47.1",1650433,0.012,0.008,0.025,295.6,29.02,21.16
"2020-09-21 08:21:47.2",1650434,-0.008,0.008,0.044,295.6,29.02,21.16
"2020-09-21 08:21:47.3",1650435,-0.008,0.009,0.044,295.6,29.02,21.16
"2020-09-21 08:21:47.4",1650436,-0.008,0.008,0.044,295.6,29.02,21.16
"2020-09-21 08:21:47.5",1650437,-0.028,-0.002,0.025,295.6,29.02,21.16
"2020-09-21 08:21:47.6",1650438,-0.028,-0.002,0.025,295.6,29.02,21.16
"2020-09-21 08:21:47.7",1650439,0.012,0.009,0.025,295.6,29.02,21.16
"2020-09-21 08:21:47.8",1650440,0.012,0.009,0.025,295.6,29.02,21.16
"2020-09-21 08:21:47.9",1650441,0.012,0.009,0.025,295.6,29.02,21.16
"2020-09-21 08:21:48",1650442,-0.008,-0.002,0.073,295.6,29.02,21.16
"2020-09-21 08:21:48.1",1650443,-0.008,-0.002,0.073,295.6,29.02,21.16
"2020-09-21 08:21:48.2",1650444,-0.008,0.008,0.044,295.6,29.02,21.19
"2020-09-21 08:21:48.3",1650445,-0.008,0.008,0.044,295.6,29.02,21.16
"2020-09-21 08:21:48.4",1650446,-0.009,0.009,0.044,295.6,29.02,21.16
"2020-09-21 08:21:48.5",1650447,-0.008,-0.002,0.073,295.6,29.03,21.16
"2020-09-21 08:21:48.6",1650448,-0.008,-0.002,0.074,295.6,29.03,21.16
"2020-09-21 08:21:48.7",1650449,-0.018,-0.002,0.083,295.7,29.02,21.16
"2020-09-21 08:21:48.8",1650450,-0.018,-0.002,0.083,295.7,29.02,21.16
"2020-09-21 08:21:48.9",1650451,-0.018,-0.002,0.083,295.7,29.02,21.16
"2020-09-21 08:21:49",1650452,-0.008,-0.002,0.074,295.7,29.02,21.16
"2020-09-21 08:21:49.1",1650453,-0.009,-0.002,0.073,295.7,29.02,21.16
"2020-09-21 08:21:49.2",1650454,-0.028,-0.002,0.093,295.6,29.02,21.16
"2020-09-21 08:21:49.3",1650455,-0.028,-0.002,0.093,295.6,29.02,21.16
"2020-09-21 08:21:49.4",1650456,-0.028,-0.002,0.093,295.6,29.08,21.16
"2020-09-21 08:21:49.5",1650457,-0.038,-0.022,0.083,295.6,29.02,21.16
"2020-09-21 08:21:49.6",1650458,-0.038,-0.022,0.083,295.6,29.02,21.16
"2020-09-21 08:21:49.7",1650459,0.002,-0.051,0.083,295.6,29.02,21.16
"2020-09-21 08:21:49.8",1650460,0.002,-0.051,0.083,295.6,29.02,21.16
"2020-09-21 08:21:49.9",1650461,0.002,-0.051,0.083,295.6,29.02,21.16
"2020-09-21 08:21:50",1650462,-0.008,-0.012,0.063,295.6,29.02,21.16
"2020-09-21 08:21:50.1",1650463,-0.008,-0.012,0.064,295.6,29.02,21.16
"2020-09-21 08:21:50.2",1650464,0.012,-0.041,0.025,295.6,29.02,21.16
"2020-09-21 08:21:50.3",1650465,0.012,-0.041,0.025,295.6,29.02,21.16
"2020-09-21 08:21:50.4",1650466,0.012,-0.041,0.025,295.6,29.02,21.16
"2020-09-21 08:21:50.5",1650467,0.031,-0.002,0.044,295.5,29.02,21.16
"2020-09-21 08:21:50.6",1650468,0.031,-0.002,0.044,295.5,29.02,21.16
"2020-09-21 08:21:50.7",1650469,0.012,-0.041,0.025,295.5,29.05,21.2
"2020-09-21 08:21:50.8",1650470,0.012,-0.041,0.025,295.5,29.02,21.16
"2020-09-21 08:21:50.9",1650471,0.012,-0.041,0.025,295.5,29.02,21.16
"2020-09-21 08:21:51",1650472,0.031,-0.002,0.044,295.5,29.02,21.16
"2020-09-21 08:21:51.1",1650473,0.031,-0.002,0.044,295.5,29.02,21.16
"2020-09-21 08:21:51.2",1650474,-0.008,-0.002,-0.006,295.4,29.02,21.16
"2020-09-21 08:21:51.3",1650475,-0.008,-0.002,-0.006,295.4,29.02,21.16
"2020-09-21 08:21:51.4",1650476,-0.008,-0.002,-0.006,295.4,29.02,21.16
"2020-09-21 08:21:51.5",1650477,-0.028,-0.002,0.025,295.5,29.02,21.16
"2020-09-21 08:21:51.6",1650478,-0.028,-0.002,0.025,295.5,29.02,21.17
"2020-09-21 08:21:51.7",1650479,-0.018,-0.041,0.044,295.4,29.02,21.16
"2020-09-21 08:21:51.8",1650480,-0.018,-0.041,0.044,295.4,29.02,21.16
"2020-09-21 08:21:51.9",1650481,-0.018,-0.041,0.044,295.4,29.04,21.16
"2020-09-21 08:21:52",1650482,0.012,-0.041,0.025,295.4,29.02,21.16
"2020-09-21 08:21:52.1",1650483,0.012,-0.041,0.025,295.4,29.02,21.16
"2020-09-21 08:21:52.2",1650484,0.012,-0.041,0.025,295.4,29.02,21.16
"2020-09-21 08:21:52.3",1650485,0.012,-0.041,0.025,295.4,29.02,21.16
"2020-09-21 08:21:52.4",1650486,0.012,-0.041,0.025,295.4,29.02,21.16
"2020-09-21 08:21:52.5",1650487,0.012,-0.041,0.025,295.4,29.02,21.16
"2020-09-21 08:21:52.6",1650488,0.012,-0.041,0.025,295.4,29.02,21.16
"2020-09-21 08:21:52.7",1650489,0.012,-0.041,0.025,295.4,29.02,21.16
"2020-09-21 08:21:52.8",1650490,0.012,-0.041,0.024,295.4,29.02,21.16
"2020-09-21 08:21:52.9",1650491,0.012,-0.041,0.025,295.4,29.02,21.16
"2020-09-21 08:21:53",1650492,0.012,-0.041,0.025,295.4,29.02,21.16
"2020-09-21 08:21:53.1",1650493,0.012,-0.041,0.025,295.4,29.02,21.16
"2020-09-21 08:21:53.2",1650494,0.012,-0.041,0.025,295.4,29.06,21.22
"2020-09-21 08:21:53.3",1650495,0.012,-0.041,0.025,295.4,29.02,21.16
"2020-09-21 08:21:53.4",1650496,0.012,-0.041,0.025,295.4,29.02,21.16
"2020-09-21 08:21:53.5",1650497,0.012,-0.042,0.025,295.4,29.02,21.16
"2020-09-21 08:21:53.6",1650498,0.012,-0.041,0.025,295.4,29.02,21.16
"2020-09-21 08:21:53.7",1650499,0.012,0.008,0.025,295.5,29.02,21.16
"2020-09-21 08:21:53.8",1650500,0.012,0.008,0.025,295.5,29.02,21.16
"2020-09-21 08:21:53.9",1650501,0.012,0.008,0.025,295.5,29.02,21.16
"2020-09-21 08:21:54",1650502,-0.009,-0.002,-0.006,295.4,29.02,21.16
"2020-09-21 08:21:54.1",1650503,-0.009,-0.002,-0.006,295.4,29.02,21.16
"2020-09-21 08:21:54.2",1650504,-0.008,-0.002,-0.006,295.4,29.02,21.16
"2020-09-21 08:21:54.3",1650505,-0.008,-0.002,-0.006,295.4,29.02,21.16
"2020-09-21 08:21:54.4",1650506,-0.008,-0.002,-0.006,295.4,29.02,21.16
"2020-09-21 08:21:54.5",1650507,-0.009,-0.002,-0.006,295.4,29.02,21.16
"2020-09-21 08:21:54.6",1650508,-0.008,-0.002,-0.006,295.4,29.02,21.16
"2020-09-21 08:21:54.7",1650509,-0.008,-0.002,-0.006,295.4,29.02,21.16
"2020-09-21 08:21:54.8",1650510,-0.009,-0.002,-0.006,295.4,29.02,21.16
"2020-09-21 08:21:54.9",1650511,-0.008,-0.002,-0.006,295.4,29.02,21.16
"2020-09-21 08:21:55",1650512,-0.008,-0.002,-0.006,295.4,29.02,21.16
"2020-09-21 08:21:55.1",1650513,-0.008,-0.002,-0.006,295.4,29.02,21.16
"2020-09-21 08:21:55.2",1650514,-0.009,-0.002,-0.006,295.4,29.02,21.16
"2020-09-21 08:21:55.3",1650515,-0.008,-0.002,-0.006,295.4,29.02,21.16
"2020-09-21 08:21:55.4",1650516,-0.009,-0.002,-0.006,295.4,29.02,21.16
"2020-09-21 08:21:55.5",1650517,0.012,0.008,0.025,295.5,29.02,21.16
"2020-09-21 08:21:55.6",1650518,0.012,0.009,0.025,295.5,29.02,21.16
"2020-09-21 08:21:55.7",1650519,-0.009,-0.002,-0.006,295.5,29.07,21.22
"2020-09-21 08:21:55.8",1650520,-0.008,-0.002,-0.006,295.5,29.02,21.16
"2020-09-21 08:21:55.9",1650521,-0.008,-0.002,-0.006,295.5,29.02,21.16
"2020-09-21 08:21:56",1650522,-0.008,-0.002,-0.006,295.5,29.02,21.16
"2020-09-21 08:21:56.1",1650523,-0.008,-0.002,-0.006,295.5,29.02,21.16
"2020-09-21 08:21:56.2",1650524,0.012,0.008,0.025,295.5,29.02,21.16
"2020-09-21 08:21:56.3",1650525,0.012,0.009,0.025,295.5,29.02,21.16
"2020-09-21 08:21:56.4",1650526,0.012,0.009,0.025,295.5,29.02,21.16
"2020-09-21 08:21:56.5",1650527,0.012,0.008,0.025,295.5,29.02,21.16
"2020-09-21 08:21:56.6",1650528,0.012,0.009,0.025,295.5,29.02,21.16
"2020-09-21 08:21:56.7",1650529,-0.008,-0.002,-0.006,295.5,29.02,21.16
"2020-09-21 08:21:56.8",1650530,-0.008,-0.002,-0.006,295.5,29.02,21.16
"2020-09-21 08:21:56.9",1650531,-0.008,-0.002,-0.006,295.5,29.02,21.16
"2020-09-21 08:21:57",1650532,-0.008,-0.002,-0.006,295.5,29.03,21.17
"2020-09-21 08:21:57.1",1650533,-0.009,-0.002,-0.006,295.5,29.02,21.16
"2020-09-21 08:21:57.2",1650534,-0.008,-0.032,-0.016,295.5,29.02,21.16
"2020-09-21 08:21:57.3",1650535,-0.008,-0.031,-0.016,295.5,29.02,21.16
"2020-09-21 08:21:57.4",1650536,-0.008,-0.031,-0.016,295.5,29.02,21.16
"2020-09-21 08:21:57.5",1650537,-0.028,-0.002,-0.035,295.4,29.02,21.16
"2020-09-21 08:21:57.6",1650538,-0.028,-0.002,-0.035,295.4,29.02,21.16
"2020-09-21 08:21:57.7",1650539,-0.028,-0.002,-0.035,295.4,29.02,21.16
"2020-09-21 08:21:57.8",1650540,-0.028,-0.002,-0.035,295.4,29.02,21.16
"2020-09-21 08:21:57.9",1650541,-0.028,-0.002,-0.035,295.4,29.02,21.16
"2020-09-21 08:21:58",1650542,-0.028,-0.002,-0.035,295.4,29.02,21.16
"2020-09-21 08:21:58.1",1650543,-0.028,-0.002,-0.035,295.4,29.02,21.16
"2020-09-21 08:21:58.2",1650544,-0.028,-0.002,-0.035,295.4,29.08,21.21
"2020-09-21 08:21:58.3",1650545,-0.028,-0.002,-0.035,295.4,29.02,21.16
"2020-09-21 08:21:58.4",1650546,-0.028,-0.002,-0.035,295.4,29.02,21.16
"2020-09-21 08:21:58.5",1650547,-0.009,-0.032,-0.016,295.5,29.02,21.16
"2020-09-21 08:21:58.6",1650548,-0.008,-0.032,-0.016,295.5,29.02,21.16
"2020-09-21 08:21:58.7",1650549,-0.008,-0.002,-0.006,295.4,29.02,21.16
"2020-09-21 08:21:58.8",1650550,-0.008,-0.002,-0.006,295.4,29.02,21.16
"2020-09-21 08:21:58.9",1650551,-0.008,-0.002,-0.006,295.4,29.02,21.16
"2020-09-21 08:21:59",1650552,-0.009,-0.002,-0.006,295.4,29.02,21.16
"2020-09-21 08:21:59.1",1650553,-0.009,-0.002,-0.006,295.4,29.02,21.16
"2020-09-21 08:21:59.2",1650554,-0.008,-0.002,-0.006,295.4,29.02,21.16
"2020-09-21 08:21:59.3",1650555,-0.008,-0.002,-0.006,295.4,29.02,21.16
"2020-09-21 08:21:59.4",1650556,-0.008,-0.002,-0.006,295.4,29.02,21.16
"2020-09-21 08:21:59.5",1650557,-0.008,-0.002,-0.006,295.4,29.02,21.19
"2020-09-21 08:21:59.6",1650558,-0.008,-0.002,-0.006,295.4,29.02,21.16
"2020-09-21 08:21:59.7",1650559,-0.008,-0.002,-0.006,295.4,29.02,21.16
"2020-09-21 08:21:59.8",1650560,-0.008,-0.002,-0.006,295.4,29.02,21.16
"2020-09-21 08:21:59.9",1650561,-0.008,-0.002,-0.006,295.4,29.02,21.16
"2020-09-21 08:22:00",1650562,-0.008,-0.002,-0.006,295.4,29.02,21.16
"2020-09-21 08:22:00.1",1650563,-0.008,-0.002,-0.006,295.4,29.02,21.16
"2020-09-21 08:22:00.2",1650564,-0.008,-0.002,-0.006,295.4,29.02,21.16
"2020-09-21 08:22:00.3",1650565,-0.008,-0.002,-0.006,295.4,29.02,21.16
"2020-09-21 08:22:00.4",1650566,-0.008,-0.002,-0.006,295.4,29.02,21.16
"2020-09-21 08:22:00.5",1650567,-0.047,-0.041,-0.006,295.5,29.02,21.16
"2020-09-21 08:22:00.6",1650568,-0.047,-0.041,-0.006,295.5,29.02,21.16
"2020-09-21 08:22:00.7",1650569,-0.028,-0.002,0.025,295.5,29.08,21.18
"2020-09-21 08:22:00.8",1650570,-0.028,-0.002,0.025,295.5,29.03,21.16
"2020-09-21 08:22:00.9",1650571,-0.028,-0.002,0.025,295.5,29.02,21.16
"2020-09-21 08:22:01",1650572,-0.008,0.008,0.044,295.5,29.02,21.16
"2020-09-21 08:22:01.1",1650573,-0.008,0.008,0.044,295.5,29.02,21.16
"2020-09-21 08:22:01.2",1650574,-0.009,0.009,0.044,295.5,29.02,21.16
"2020-09-21 08:22:01.3",1650575,-0.009,0.008,0.044,295.5,29.02,21.16
"2020-09-21 08:22:01.4",1650576,-0.008,0.008,0.044,295.5,29.02,21.16
"2020-09-21 08:22:01.5",1650577,-0.028,-0.002,0.025,295.5,29.02,21.16
"2020-09-21 08:22:01.6",1650578,-0.028,-0.002,0.025,295.5,29.02,21.16
"2020-09-21 08:22:01.7",1650579,-0.028,-0.002,0.025,295.5,29.02,21.16
"2020-09-21 08:22:01.8",1650580,-0.028,-0.002,0.025,295.5,29.02,21.16
"2020-09-21 08:22:01.9",1650581,-0.028,-0.002,0.025,295.5,29.02,21.16
"2020-09-21 08:22:02",1650582,-0.008,0.008,0.044,295.5,29.02,21.19
"2020-09-21 08:22:02.1",1650583,-0.008,0.008,0.044,295.5,29.02,21.16
"2020-09-21 08:22:02.2",1650584,-0.008,0.008,0.044,295.5,29.02,21.16
"2020-09-21 08:22:02.3",1650585,-0.008,0.008,0.044,295.5,29.02,21.16
"2020-09-21 08:22:02.4",1650586,-0.008,0.008,0.044,295.5,29.02,21.16
"2020-09-21 08:22:02.5",1650587,-0.028,0.047,0.025,295.5,29.02,21.16
"2020-09-21 08:22:02.6",1650588,-0.028,0.047,0.025,295.5,29.02,21.16
"2020-09-21 08:22:02.7",1650589,-0.028,0.047,0.025,295.5,29.02,21.16
"2020-09-21 08:22:02.8",1650590,-0.028,0.047,0.025,295.5,29.02,21.16
"2020-09-21 08:22:02.9",1650591,-0.028,0.047,0.025,295.5,29.02,21.16
"2020-09-21 08:22:03",1650592,-0.028,-0.002,0.025,295.5,29.02,21.16
"2020-09-21 08:22:03.1",1650593,-0.028,-0.002,0.025,295.5,29.02,21.16
"2020-09-21 08:22:03.2",1650594,-0.028,-0.002,0.025,295.5,29.08,21.16
"2020-09-21 08:22:03.3",1650595,-0.028,-0.002,0.025,295.5,29.03,21.16
"2020-09-21 08:22:03.4",1650596,-0.028,-0.002,0.025,295.5,29.02,21.16
"2020-09-21 08:22:03.5",1650597,-0.008,-0.002,-0.006,295.5,29.02,21.16
"2020-09-21 08:22:03.6",1650598,-0.008,-0.002,-0.006,295.5,29.02,21.16
"2020-09-21 08:22:03.7",1650599,-0.008,-0.002,-0.006,295.4,29.02,21.16
