"TOA5","10329","CR6","10329","CR6.Std.09.01 CR6-WIFI.04.00.01","CPU:YOUNG81000_HMP60_10Hz.CR6","51185","Young10Hz_hmp"
"TIMESTAMP","RECORD","U","V","W","TSonic","RH","T_HMP60"
"TS","RN","mV","mV","mV","mV","%","Deg C"
"","","Smp","Smp","Smp","Smp","Smp","Smp"
"2020-09-21 09:33:03.8",1693200,-0.008,-0.002,-0.065,296.6,29.15,22.42
"2020-09-21 09:33:03.9",1693201,-0.009,-0.002,-0.065,296.5,29.1,22.36
"2020-09-21 09:33:04",1693202,0.012,-0.041,-0.035,296.5,29.1,22.36
"2020-09-21 09:33:04.1",1693203,0.012,-0.041,-0.036,296.5,29.1,22.36
"2020-09-21 09:33:04.2",1693204,0.011,-0.041,-0.036,296.5,29.1,22.36
"2020-09-21 09:33:04.3",1693205,-0.008,-0.002,-0.006,296.5,29.1,22.37
"2020-09-21 09:33:04.4",1693206,-0.008,-0.002,-0.006,296.5,29.1,22.37
"2020-09-21 09:33:04.5",1693207,-0.008,-0.032,-0.016,296.5,29.1,22.37
"2020-09-21 09:33:04.6",1693208,-0.009,-0.032,-0.016,296.5,29.1,22.37
"2020-09-21 09:33:04.7",1693209,-0.008,-0.032,-0.016,296.5,29.1,22.36
"2020-09-21 09:33:04.8",1693210,-0.008,-0.032,-0.016,296.5,29.1,22.37
"2020-09-21 09:33:04.9",1693211,-0.008,-0.032,-0.016,296.5,29.1,22.36
"2020-09-21 09:33:05",1693212,-0.009,-0.031,-0.016,296.5,29.1,22.36
"2020-09-21 09:33:05.1",1693213,-0.008,-0.032,-0.016,296.5,29.1,22.37
"2020-09-21 09:33:05.2",1693214,-0.009,-0.032,-0.016,296.5,29.1,22.36
"2020-09-21 09:33:05.3",1693215,-0.009,-0.032,-0.016,296.5,29.1,22.36
"2020-09-21 09:33:05.4",1693216,-0.008,-0.032,-0.016,296.5,29.1,22.36
"2020-09-21 09:33:05.5",1693217,-0.008,-0.032,-0.016,296.5,29.1,22.37
"2020-09-21 09:33:05.6",1693218,-0.009,-0.032,-0.016,296.5,29.1,22.37
"2020-09-21 09:33:05.7",1693219,-0.009,-0.032,-0.016,296.5,29.1,22.37
"2020-09-21 09:33:05.8",1693220,-0.008,-0.032,-0.016,296.5,29.1,22.37
"2020-09-21 09:33:05.9",1693221,-0.008,-0.032,-0.016,296.5,29.1,22.37
"2020-09-21 09:33:06",1693222,-0.008,-0.032,-0.016,296.5,29.1,22.37
"2020-09-21 09:33:06.1",1693223,-0.008,-0.032,-0.016,296.5,29.1,22.36
"2020-09-21 09:33:06.2",1693224,-0.008,-0.032,-0.016,296.5,29.1,22.36
"2020-09-21 09:33:06.3",1693225,-0.009,-0.032,-0.016,296.5,29.16,22.41
"2020-09-21 09:33:06.4",1693226,-0.008,-0.032,-0.016,296.5,29.1,22.36
"2020-09-21 09:33:06.5",1693227,-0.008,-0.032,-0.016,296.5,29.1,22.36
"2020-09-21 09:33:06.6",1693228,-0.008,-0.032,-0.016,296.5,29.1,22.36
"2020-09-21 09:33:06.7",1693229,-0.009,-0.032,-0.016,296.5,29.1,22.37
"2020-09-21 09:33:06.8",1693230,-0.008,-0.032,-0.016,296.5,29.1,22.36
"2020-09-21 09:33:06.9",1693231,-0.009,-0.032,-0.016,296.5,29.1,22.36
"2020-09-21 09:33:07",1693232,-0.009,-0.032,-0.016,296.5,29.1,22.36
"2020-09-21 09:33:07.1",1693233,-0.008,-0.032,-0.016,296.5,29.1,22.36
"2020-09-21 09:33:07.2",1693234,-0.009,-0.032,-0.016,296.5,29.1,22.36
"2020-09-21 09:33:07.3",1693235,-0.008,-0.032,-0.016,296.5,29.1,22.36
"2020-09-21 09:33:07.4",1693236,-0.008,-0.032,-0.016,296.5,29.1,22.36
"2020-09-21 09:33:07.5",1693237,-0.008,-0.032,-0.016,296.5,29.1,22.37
"2020-09-21 09:33:07.6",1693238,-0.008,-0.032,-0.016,296.5,29.1,22.39
"2020-09-21 09:33:07.7",1693239,-0.008,-0.032,-0.016,296.5,29.1,22.36
"2020-09-21 09:33:07.8",1693240,-0.008,-0.032,-0.016,296.5,29.1,22.37
"2020-09-21 09:33:07.9",1693241,-0.008,-0.032,-0.016,296.5,29.11,22.37
"2020-09-21 09:33:08",1693242,-0.008,-0.032,-0.016,296.5,29.1,22.36
"2020-09-21 09:33:08.1",1693243,-0.009,-0.032,-0.016,296.5,29.1,22.36
"2020-09-21 09:33:08.2",1693244,-0.009,-0.032,-0.016,296.4,29.1,22.36
"2020-09-21 09:33:08.3",1693245,-0.047,-0.041,-0.006,296.5,29.1,22.36
"2020-09-21 09:33:08.4",1693246,-0.048,-0.041,-0.006,296.5,29.1,22.36
"2020-09-21 09:33:08.5",1693247,-0.047,-0.041,-0.006,296.5,29.1,22.37
"2020-09-21 09:33:08.6",1693248,-0.047,-0.041,-0.006,296.5,29.1,22.36
"2020-09-21 09:33:08.7",1693249,-0.048,-0.041,-0.006,296.5,29.1,22.36
"2020-09-21 09:33:08.8",1693250,-0.047,-0.041,-0.006,296.5,29.16,22.39
"2020-09-21 09:33:08.9",1693251,-0.048,-0.041,-0.006,296.5,29.1,22.36
"2020-09-21 09:33:09",1693252,-0.047,-0.041,-0.006,296.5,29.1,22.36
"2020-09-21 09:33:09.1",1693253,-0.047,-0.041,-0.006,296.5,29.1,22.36
"2020-09-21 09:33:09.2",1693254,-0.048,-0.042,-0.006,296.5,29.1,22.36
"2020-09-21 09:33:09.3",1693255,-0.018,-0.041,0.044,296.5,29.1,22.36
"2020-09-21 09:33:09.4",1693256,-0.018,-0.041,0.044,296.5,29.1,22.36
"2020-09-21 09:33:09.5",1693257,-0.048,-0.051,0.074,296.6,29.1,22.37
"2020-09-21 09:33:09.6",1693258,-0.048,-0.051,0.074,296.5,29.1,22.37
"2020-09-21 09:33:09.7",1693259,-0.048,-0.051,0.073,296.5,29.1,22.37
"2020-09-21 09:33:09.8",1693260,-0.018,-0.041,0.044,296.5,29.1,22.36
"2020-09-21 09:33:09.9",1693261,-0.018,-0.041,0.044,296.5,29.1,22.36
"2020-09-21 09:33:10",1693262,-0.048,-0.051,0.074,296.5,29.1,22.36
"2020-09-21 09:33:10.1",1693263,-0.048,-0.051,0.073,296.5,29.1,22.4
"2020-09-21 09:33:10.2",1693264,-0.048,-0.051,0.073,296.5,29.1,22.36
"2020-09-21 09:33:10.3",1693265,-0.047,-0.051,0.073,296.5,29.1,22.36
"2020-09-21 09:33:10.4",1693266,-0.047,-0.051,0.074,296.6,29.1,22.36
"2020-09-21 09:33:10.5",1693267,-0.047,-0.051,0.073,296.6,29.1,22.36
"2020-09-21 09:33:10.6",1693268,-0.048,-0.051,0.073,296.6,29.1,22.37
"2020-09-21 09:33:10.7",1693269,-0.048,-0.051,0.073,296.6,29.1,22.37
"2020-09-21 09:33:10.8",1693270,-0.096,-0.041,0.015,296.6,29.1,22.36
"2020-09-21 09:33:10.9",1693271,-0.096,-0.042,0.015,296.5,29.1,22.37
"2020-09-21 09:33:11",1693272,-0.077,-0.002,0.044,296.5,29.1,22.36
"2020-09-21 09:33:11.1",1693273,-0.077,-0.002,0.044,296.5,29.1,22.36
"2020-09-21 09:33:11.2",1693274,-0.077,-0.003,0.044,296.5,29.1,22.36
"2020-09-21 09:33:11.3",1693275,-0.077,-0.002,0.044,296.6,29.16,22.36
"2020-09-21 09:33:11.4",1693276,-0.077,-0.002,0.044,296.6,29.1,22.36
"2020-09-21 09:33:11.5",1693277,-0.096,-0.041,0.015,296.5,29.1,22.36
"2020-09-21 09:33:11.6",1693278,-0.096,-0.041,0.015,296.6,29.1,22.36
"2020-09-21 09:33:11.7",1693279,-0.096,-0.041,0.015,296.5,29.1,22.36
"2020-09-21 09:33:11.8",1693280,-0.097,-0.041,0.015,296.5,29.1,22.37
"2020-09-21 09:33:11.9",1693281,-0.096,-0.041,0.015,296.5,29.1,22.36
"2020-09-21 09:33:12",1693282,-0.077,-0.002,0.044,296.5,29.1,22.36
"2020-09-21 09:33:12.1",1693283,-0.077,-0.002,0.044,296.5,29.1,22.37
"2020-09-21 09:33:12.2",1693284,-0.077,-0.002,0.044,296.5,29.1,22.37
"2020-09-21 09:33:12.3",1693285,-0.096,-0.041,0.015,296.5,29.1,22.36
"2020-09-21 09:33:12.4",1693286,-0.096,-0.041,0.015,296.5,29.1,22.36
"2020-09-21 09:33:12.5",1693287,-0.15,-0.041,0.044,296.5,29.1,22.37
"2020-09-21 09:33:12.6",1693288,-0.15,-0.041,0.044,296.5,29.13,22.4
"2020-09-21 09:33:12.7",1693289,-0.15,-0.042,0.044,296.5,29.1,22.36
"2020-09-21 09:33:12.8",1693290,-0.15,-0.041,0.044,296.5,29.1,22.36
"2020-09-21 09:33:12.9",1693291,-0.15,-0.041,0.044,296.5,29.1,22.36
"2020-09-21 09:33:13",1693292,-0.097,-0.041,0.015,296.4,29.1,22.36
"2020-09-21 09:33:13.1",1693293,-0.097,-0.041,0.015,296.5,29.1,22.36
"2020-09-21 09:33:13.2",1693294,-0.096,-0.041,0.015,296.5,29.1,22.36
"2020-09-21 09:33:13.3",1693295,-0.097,-0.041,0.015,296.5,29.1,22.36
"2020-09-21 09:33:13.4",1693296,-0.096,-0.041,0.015,296.5,29.1,22.36
"2020-09-21 09:33:13.5",1693297,-0.096,-0.041,0.015,296.5,29.1,22.36
"2020-09-21 09:33:13.6",1693298,-0.097,-0.041,0.015,296.5,29.1,22.36
"2020-09-21 09:33:13.7",1693299,-0.096,-0.041,0.015,296.5,29.1,22.37
"2020-09-21 09:33:13.8",1693300,-0.096,-0.041,0.015,296.4,29.14,22.36
"2020-09-21 09:33:13.9",1693301,-0.096,-0.041,0.015,296.4,29.1,22.36
"2020-09-21 09:33:14",1693302,-0.096,-0.041,0.015,296.4,29.1,22.36
"2020-09-21 09:33:14.1",1693303,-0.096,-0.042,0.015,296.4,29.1,22.36
"2020-09-21 09:33:14.2",1693304,-0.096,-0.041,0.015,296.4,29.1,22.36
"2020-09-21 09:33:14.3",1693305,-0.048,-0.041,-0.006,296.4,29.1,22.36
"2020-09-21 09:33:14.4",1693306,-0.047,-0.041,-0.006,296.4,29.1,22.36
"2020-09-21 09:33:14.5",1693307,-0.028,-0.071,0.015,296.4,29.1,22.36
"2020-09-21 09:33:14.6",1693308,-0.028,-0.071,0.015,296.4,29.1,22.36
"2020-09-21 09:33:14.7",1693309,-0.028,-0.071,0.015,296.4,29.1,22.36
"2020-09-21 09:33:14.8",1693310,-0.057,-0.125,0.073,296.5,29.1,22.37
"2020-09-21 09:33:14.9",1693311,-0.057,-0.124,0.073,296.5,29.1,22.36
"2020-09-21 09:33:15",1693312,-0.087,-0.081,0.034,296.5,29.1,22.36
"2020-09-21 09:33:15.1",1693313,-0.087,-0.081,0.034,296.5,29.13,22.42
"2020-09-21 09:33:15.2",1693314,-0.087,-0.081,0.034,296.5,29.1,22.36
"2020-09-21 09:33:15.3",1693315,-0.087,-0.125,0.005,296.5,29.1,22.36
"2020-09-21 09:33:15.4",1693316,-0.087,-0.125,0.005,296.6,29.1,22.36
"2020-09-21 09:33:15.5",1693317,-0.14,-0.081,0.074,296.7,29.1,22.36
"2020-09-21 09:33:15.6",1693318,-0.14,-0.081,0.073,296.7,29.1,22.36
"2020-09-21 09:33:15.7",1693319,-0.14,-0.081,0.073,296.7,29.1,22.37
"2020-09-21 09:33:15.8",1693320,-0.15,-0.041,0.044,296.6,29.1,22.37
"2020-09-21 09:33:15.9",1693321,-0.15,-0.041,0.044,296.6,29.1,22.36
"2020-09-21 09:33:16",1693322,-0.028,-0.002,0.024,296.7,29.1,22.37
"2020-09-21 09:33:16.1",1693323,-0.028,-0.002,0.025,296.7,29.1,22.37
"2020-09-21 09:33:16.2",1693324,-0.028,-0.002,0.025,296.7,29.1,22.36
"2020-09-21 09:33:16.3",1693325,-0.096,-0.041,0.015,296.7,29.11,22.37
"2020-09-21 09:33:16.4",1693326,-0.096,-0.041,0.015,296.7,29.1,22.36
"2020-09-21 09:33:16.5",1693327,-0.048,-0.051,0.073,296.7,29.1,22.36
"2020-09-21 09:33:16.6",1693328,-0.048,-0.051,0.073,296.7,29.1,22.36
"2020-09-21 09:33:16.7",1693329,-0.047,-0.051,0.073,296.7,29.1,22.36
"2020-09-21 09:33:16.8",1693330,-0.087,-0.081,0.034,296.8,29.1,22.36
"2020-09-21 09:33:16.9",1693331,-0.087,-0.081,0.034,296.8,29.1,22.36
"2020-09-21 09:33:17",1693332,-0.028,-0.081,0.093,296.6,29.1,22.36
"2020-09-21 09:33:17.1",1693333,-0.028,-0.081,0.093,296.6,29.1,22.36
"2020-09-21 09:33:17.2",1693334,-0.028,-0.081,0.093,296.6,29.1,22.36
"2020-09-21 09:33:17.3",1693335,-0.048,-0.051,0.073,296.7,29.1,22.36
"2020-09-21 09:33:17.4",1693336,-0.047,-0.051,0.073,296.7,29.1,22.36
"2020-09-21 09:33:17.5",1693337,-0.028,-0.081,0.093,296.6,29.1,22.36
"2020-09-21 09:33:17.6",1693338,-0.028,-0.08,0.093,296.6,29.13,22.42
"2020-09-21 09:33:17.7",1693339,-0.028,-0.081,0.093,296.6,29.1,22.36
"2020-09-21 09:33:17.8",1693340,-0.028,-0.081,0.093,296.6,29.1,22.36
"2020-09-21 09:33:17.9",1693341,-0.028,-0.081,0.093,296.6,29.1,22.36
"2020-09-21 09:33:18",1693342,-0.047,-0.051,0.073,296.6,29.1,22.36
"2020-09-21 09:33:18.1",1693343,-0.047,-0.051,0.073,296.6,29.1,22.36
"2020-09-21 09:33:18.2",1693344,-0.048,-0.051,0.073,296.6,29.1,22.36
"2020-09-21 09:33:18.3",1693345,-0.047,-0.051,0.074,296.6,29.1,22.36
"2020-09-21 09:33:18.4",1693346,-0.047,-0.051,0.073,296.6,29.1,22.36
"2020-09-21 09:33:18.5",1693347,-0.087,-0.081,0.034,296.6,29.1,22.36
"2020-09-21 09:33:18.6",1693348,-0.086,-0.081,0.034,296.6,29.1,22.37
"2020-09-21 09:33:18.7",1693349,-0.087,-0.081,0.034,296.6,29.1,22.36
"2020-09-21 09:33:18.8",1693350,-0.087,-0.081,0.034,296.6,29.1,22.37
"2020-09-21 09:33:18.9",1693351,-0.086,-0.08,0.034,296.6,29.1,22.36
"2020-09-21 09:33:19",1693352,-0.096,-0.041,0.015,296.5,29.1,22.36
"2020-09-21 09:33:19.1",1693353,-0.096,-0.041,0.015,296.5,29.1,22.36
"2020-09-21 09:33:19.2",1693354,-0.097,-0.041,0.015,296.5,29.1,22.36
"2020-09-21 09:33:19.3",1693355,-0.087,-0.125,0.005,296.5,29.1,22.36
"2020-09-21 09:33:19.4",1693356,-0.087,-0.124,0.005,296.6,29.1,22.36
"2020-09-21 09:33:19.5",1693357,-0.087,-0.124,0.005,296.5,29.1,22.36
"2020-09-21 09:33:19.6",1693358,-0.087,-0.125,0.005,296.6,29.1,22.37
"2020-09-21 09:33:19.7",1693359,-0.087,-0.125,0.005,296.5,29.1,22.37
"2020-09-21 09:33:19.8",1693360,-0.087,-0.081,0.034,296.6,29.1,22.37
"2020-09-21 09:33:19.9",1693361,-0.087,-0.081,0.034,296.6,29.1,22.36
"2020-09-21 09:33:20",1693362,-0.14,-0.08,0.073,296.6,29.1,22.37
"2020-09-21 09:33:20.1",1693363,-0.14,-0.08,0.073,296.6,29.15,22.42
"2020-09-21 09:33:20.2",1693364,-0.14,-0.081,0.073,296.6,29.1,22.36
"2020-09-21 09:33:20.3",1693365,-0.15,-0.041,0.044,296.6,29.1,22.36
"2020-09-21 09:33:20.4",1693366,-0.15,-0.041,0.044,296.6,29.1,22.36
"2020-09-21 09:33:20.5",1693367,-0.14,-0.08,0.073,296.6,29.1,22.36
"2020-09-21 09:33:20.6",1693368,-0.14,-0.081,0.073,296.6,29.1,22.36
"2020-09-21 09:33:20.7",1693369,-0.14,-0.081,0.073,296.6,29.1,22.37
"2020-09-21 09:33:20.8",1693370,-0.14,-0.081,0.074,296.6,29.1,22.36
"2020-09-21 09:33:20.9",1693371,-0.14,-0.081,0.073,296.6,29.1,22.36
"2020-09-21 09:33:21",1693372,-0.106,-0.051,0.093,296.6,29.1,22.36
"2020-09-21 09:33:21.1",1693373,-0.106,-0.051,0.093,296.6,29.1,22.36
"2020-09-21 09:33:21.2",1693374,-0.106,-0.051,0.093,296.6,29.1,22.36
"2020-09-21 09:33:21.3",1693375,-0.087,-0.081,0.117,296.7,29.1,22.36
"2020-09-21 09:33:21.4",1693376,-0.086,-0.081,0.117,296.7,29.1,22.36
"2020-09-21 09:33:21.5",1693377,-0.106,-0.051,0.093,296.6,29.1,22.36
"2020-09-21 09:33:21.6",1693378,-0.106,-0.051,0.093,296.6,29.1,22.36
"2020-09-21 09:33:21.7",1693379,-0.106,-0.052,0.093,296.6,29.1,22.37
"2020-09-21 09:33:21.8",1693380,-0.16,-0.051,0.117,296.6,29.1,22.37
"2020-09-21 09:33:21.9",1693381,-0.16,-0.051,0.117,296.6,29.1,22.37
"2020-09-21 09:33:22",1693382,-0.14,-0.08,0.147,296.6,29.1,22.37
"2020-09-21 09:33:22.1",1693383,-0.14,-0.081,0.147,296.6,29.1,22.37
"2020-09-21 09:33:22.2",1693384,-0.14,-0.081,0.147,296.6,29.1,22.36
"2020-09-21 09:33:22.3",1693385,-0.096,-0.124,0.166,296.6,29.1,22.37
"2020-09-21 09:33:22.4",1693386,-0.096,-0.125,0.166,296.6,29.1,22.37
"2020-09-21 09:33:22.5",1693387,-0.087,-0.08,0.186,296.7,29.1,22.36
"2020-09-21 09:33:22.6",1693388,-0.086,-0.081,0.186,296.7,29.16,22.42
"2020-09-21 09:33:22.7",1693389,-0.087,-0.081,0.185,296.7,29.1,22.36
"2020-09-21 09:33:22.8",1693390,-0.16,-0.051,0.117,296.8,29.1,22.36
"2020-09-21 09:33:22.9",1693391,-0.16,-0.051,0.117,296.8,29.1,22.36
"2020-09-21 09:33:23",1693392,-0.106,-0.051,0.093,296.6,29.1,22.36
"2020-09-21 09:33:23.1",1693393,-0.106,-0.051,0.093,296.6,29.1,22.36
"2020-09-21 09:33:23.2",1693394,-0.106,-0.051,0.093,296.6,29.1,22.36
"2020-09-21 09:33:23.3",1693395,-0.047,-0.051,0.073,296.6,29.1,22.36
"2020-09-21 09:33:23.4",1693396,-0.047,-0.051,0.073,296.6,29.1,22.36
"2020-09-21 09:33:23.5",1693397,-0.048,-0.051,0.073,296.6,29.1,22.36
"2020-09-21 09:33:23.6",1693398,-0.047,-0.051,0.073,296.6,29.1,22.36
"2020-09-21 09:33:23.7",1693399,-0.048,-0.051,0.073,296.6,29.1,22.37
"2020-09-21 09:33:23.8",1693400,-0.018,-0.041,0.044,296.6,29.1,22.37
"2020-09-21 09:33:23.9",1693401,-0.018,-0.041,0.044,296.6,29.1,22.39
"2020-09-21 09:33:24",1693402,-0.018,-0.041,0.044,296.5,29.1,22.36
"2020-09-21 09:33:24.1",1693403,-0.018,-0.041,0.044,296.5,29.1,22.36
"2020-09-21 09:33:24.2",1693404,-0.018,-0.041,0.044,296.5,29.1,22.36
"2020-09-21 09:33:24.3",1693405,-0.018,-0.081,0.073,296.6,29.1,22.36
"2020-09-21 09:33:24.4",1693406,-0.018,-0.081,0.073,296.6,29.1,22.36
"2020-09-21 09:33:24.5",1693407,-0.018,-0.081,0.073,296.5,29.1,22.37
"2020-09-21 09:33:24.6",1693408,-0.018,-0.08,0.073,296.5,29.1,22.37
"2020-09-21 09:33:24.7",1693409,-0.019,-0.081,0.073,296.5,29.1,22.37
"2020-09-21 09:33:24.8",1693410,-0.087,-0.081,0.117,296.5,29.1,22.36
"2020-09-21 09:33:24.9",1693411,-0.086,-0.081,0.117,296.5,29.1,22.37
"2020-09-21 09:33:25",1693412,-0.087,-0.081,0.117,296.5,29.1,22.37
"2020-09-21 09:33:25.1",1693413,-0.087,-0.08,0.117,296.5,29.16,22.4
"2020-09-21 09:33:25.2",1693414,-0.087,-0.081,0.117,296.5,29.1,22.36
"2020-09-21 09:33:25.3",1693415,-0.096,-0.124,0.093,296.5,29.1,22.36
"2020-09-21 09:33:25.4",1693416,-0.096,-0.124,0.093,296.5,29.1,22.36
"2020-09-21 09:33:25.5",1693417,-0.087,-0.081,0.117,296.5,29.1,22.36
"2020-09-21 09:33:25.6",1693418,-0.087,-0.081,0.117,296.5,29.1,22.37
"2020-09-21 09:33:25.7",1693419,-0.087,-0.081,0.117,296.5,29.1,22.36
"2020-09-21 09:33:25.8",1693420,-0.028,-0.081,0.093,296.6,29.1,22.36
"2020-09-21 09:33:25.9",1693421,-0.028,-0.081,0.093,296.6,29.1,22.37
"2020-09-21 09:33:26",1693422,-0.028,-0.08,0.093,296.6,29.1,22.37
"2020-09-21 09:33:26.1",1693423,-0.028,-0.08,0.093,296.6,29.1,22.36
"2020-09-21 09:33:26.2",1693424,-0.028,-0.081,0.093,296.6,29.1,22.36
"2020-09-21 09:33:26.3",1693425,-0.028,-0.081,0.093,296.7,29.1,22.36
"2020-09-21 09:33:26.4",1693426,-0.028,-0.081,0.093,296.7,29.1,22.39
"2020-09-21 09:33:26.5",1693427,-0.048,-0.051,0.147,296.7,29.1,22.36
"2020-09-21 09:33:26.6",1693428,-0.047,-0.051,0.147,296.7,29.1,22.36
"2020-09-21 09:33:26.7",1693429,-0.048,-0.051,0.147,296.7,29.1,22.36
"2020-09-21 09:33:26.8",1693430,-0.028,-0.081,0.166,296.7,29.1,22.36
"2020-09-21 09:33:26.9",1693431,-0.028,-0.081,0.166,296.7,29.1,22.36
"2020-09-21 09:33:27",1693432,-0.077,-0.002,0.186,296.6,29.1,22.37
"2020-09-21 09:33:27.1",1693433,-0.077,-0.002,0.185,296.6,29.1,22.37
"2020-09-21 09:33:27.2",1693434,-0.077,-0.002,0.185,296.6,29.1,22.36
"2020-09-21 09:33:27.3",1693435,-0.048,-0.051,0.147,296.5,29.1,22.37
"2020-09-21 09:33:27.4",1693436,-0.048,-0.051,0.147,296.5,29.1,22.36
"2020-09-21 09:33:27.5",1693437,-0.106,-0.051,0.093,296.5,29.1,22.36
"2020-09-21 09:33:27.6",1693438,-0.106,-0.051,0.093,296.5,29.16,22.37
"2020-09-21 09:33:27.7",1693439,-0.106,-0.051,0.093,296.5,29.1,22.36
"2020-09-21 09:33:27.8",1693440,-0.106,-0.051,0.093,296.5,29.1,22.36
"2020-09-21 09:33:27.9",1693441,-0.106,-0.051,0.093,296.5,29.1,22.36
"2020-09-21 09:33:28",1693442,-0.086,-0.081,0.035,296.4,29.1,22.37
"2020-09-21 09:33:28.1",1693443,-0.087,-0.08,0.034,296.4,29.1,22.36
"2020-09-21 09:33:28.2",1693444,-0.087,-0.081,0.034,296.4,29.1,22.37
"2020-09-21 09:33:28.3",1693445,-0.057,-0.124,0.073,296.5,29.1,22.36
"2020-09-21 09:33:28.4",1693446,-0.057,-0.124,0.074,296.5,29.1,22.37
"2020-09-21 09:33:28.5",1693447,-0.057,-0.124,0.074,296.5,29.1,22.37
"2020-09-21 09:33:28.6",1693448,-0.057,-0.124,0.074,296.5,29.1,22.37
"2020-09-21 09:33:28.7",1693449,-0.058,-0.125,0.073,296.5,29.1,22.37
"2020-09-21 09:33:28.8",1693450,-0.086,-0.081,0.117,296.5,29.1,22.37
"2020-09-21 09:33:28.9",1693451,-0.086,-0.081,0.117,296.5,29.12,22.39
"2020-09-21 09:33:29",1693452,-0.048,-0.051,0.146,296.6,29.1,22.36
"2020-09-21 09:33:29.1",1693453,-0.047,-0.051,0.147,296.6,29.1,22.36
"2020-09-21 09:33:29.2",1693454,-0.048,-0.051,0.147,296.6,29.1,22.36
"2020-09-21 09:33:29.3",1693455,-0.018,-0.041,0.117,296.7,29.1,22.36
"2020-09-21 09:33:29.4",1693456,-0.018,-0.041,0.117,296.7,29.1,22.36
"2020-09-21 09:33:29.5",1693457,0.012,-0.041,0.093,296.9,29.1,22.36
"2020-09-21 09:33:29.6",1693458,0.012,-0.041,0.093,296.9,29.1,22.36
"2020-09-21 09:33:29.7",1693459,0.011,-0.041,0.093,296.9,29.1,22.36
"2020-09-21 09:33:29.8",1693460,-0.028,-0.002,0.093,296.9,29.1,22.36
"2020-09-21 09:33:29.9",1693461,-0.028,-0.002,0.093,296.9,29.1,22.37
"2020-09-21 09:33:30",1693462,-0.028,-0.002,0.093,296.9,29.1,22.36
"2020-09-21 09:33:30.1",1693463,-0.028,-0.002,0.093,296.9,29.14,22.36
"2020-09-21 09:33:30.2",1693464,-0.028,-0.002,0.093,296.9,29.1,22.36
"2020-09-21 09:33:30.3",1693465,-0.018,-0.041,0.117,296.8,29.1,22.36
"2020-09-21 09:33:30.4",1693466,-0.018,-0.041,0.117,296.8,29.1,22.36
"2020-09-21 09:33:30.5",1693467,-0.008,-0.002,0.074,296.7,29.1,22.36
"2020-09-21 09:33:30.6",1693468,-0.008,-0.002,0.074,296.7,29.1,22.36
"2020-09-21 09:33:30.7",1693469,-0.009,-0.002,0.073,296.7,29.1,22.36
"2020-09-21 09:33:30.8",1693470,-0.048,-0.051,0.073,296.6,29.1,22.36
"2020-09-21 09:33:30.9",1693471,-0.047,-0.051,0.073,296.6,29.1,22.36
"2020-09-21 09:33:31",1693472,-0.028,-0.002,0.093,296.6,29.1,22.36
"2020-09-21 09:33:31.1",1693473,-0.028,-0.002,0.093,296.6,29.1,22.36
"2020-09-21 09:33:31.2",1693474,-0.028,-0.002,0.093,296.6,29.1,22.36
"2020-09-21 09:33:31.3",1693475,-0.018,-0.041,0.117,296.6,29.1,22.36
"2020-09-21 09:33:31.4",1693476,-0.018,-0.041,0.117,296.6,29.13,22.42
"2020-09-21 09:33:31.5",1693477,-0.048,-0.051,0.147,296.5,29.1,22.36
"2020-09-21 09:33:31.6",1693478,-0.048,-0.051,0.147,296.5,29.1,22.36
"2020-09-21 09:33:31.7",1693479,-0.048,-0.051,0.146,296.5,29.1,22.36
"2020-09-21 09:33:31.8",1693480,-0.087,-0.08,0.117,296.5,29.1,22.36
"2020-09-21 09:33:31.9",1693481,-0.087,-0.081,0.117,296.5,29.1,22.37
"2020-09-21 09:33:32",1693482,-0.087,-0.081,0.117,296.5,29.1,22.37
"2020-09-21 09:33:32.1",1693483,-0.087,-0.081,0.118,296.6,29.1,22.37
"2020-09-21 09:33:32.2",1693484,-0.087,-0.081,0.117,296.5,29.1,22.36
"2020-09-21 09:33:32.3",1693485,-0.106,-0.051,0.166,296.6,29.1,22.37
"2020-09-21 09:33:32.4",1693486,-0.106,-0.051,0.166,296.5,29.1,22.36
"2020-09-21 09:33:32.5",1693487,-0.189,-0.1,0.093,296.6,29.1,22.37
"2020-09-21 09:33:32.6",1693488,-0.189,-0.1,0.093,296.6,29.11,22.37
"2020-09-21 09:33:32.7",1693489,-0.189,-0.1,0.093,296.6,29.11,22.36
"2020-09-21 09:33:32.8",1693490,-0.096,-0.124,0.166,296.5,29.1,22.36
"2020-09-21 09:33:32.9",1693491,-0.096,-0.124,0.166,296.6,29.1,22.36
"2020-09-21 09:33:33",1693492,-0.14,-0.08,0.147,296.6,29.1,22.36
"2020-09-21 09:33:33.1",1693493,-0.14,-0.081,0.147,296.6,29.1,22.36
"2020-09-21 09:33:33.2",1693494,-0.141,-0.081,0.147,296.6,29.1,22.36
"2020-09-21 09:33:33.3",1693495,-0.087,-0.08,0.117,296.7,29.1,22.36
"2020-09-21 09:33:33.4",1693496,-0.086,-0.081,0.117,296.7,29.1,22.36
"2020-09-21 09:33:33.5",1693497,-0.087,-0.081,0.117,296.7,29.1,22.36
"2020-09-21 09:33:33.6",1693498,-0.087,-0.081,0.117,296.7,29.1,22.36
"2020-09-21 09:33:33.7",1693499,-0.087,-0.081,0.117,296.7,29.1,22.36
"2020-09-21 09:33:33.8",1693500,-0.077,-0.002,0.117,296.7,29.1,22.36
"2020-09-21 09:33:33.9",1693501,-0.077,-0.002,0.117,296.7,29.13,22.42
"2020-09-21 09:33:34",1693502,-0.087,-0.081,0.117,296.7,29.11,22.36
"2020-09-21 09:33:34.1",1693503,-0.086,-0.08,0.117,296.7,29.1,22.36
"2020-09-21 09:33:34.2",1693504,-0.087,-0.081,0.117,296.7,29.1,22.36
"2020-09-21 09:33:34.3",1693505,-0.028,-0.081,0.093,296.6,29.1,22.36
"2020-09-21 09:33:34.4",1693506,-0.028,-0.081,0.093,296.6,29.1,22.36
"2020-09-21 09:33:34.5",1693507,-0.106,-0.051,0.093,296.6,29.1,22.36
"2020-09-21 09:33:34.6",1693508,-0.106,-0.051,0.093,296.6,29.1,22.37
"2020-09-21 09:33:34.7",1693509,-0.106,-0.051,0.093,296.6,29.1,22.36
"2020-09-21 09:33:34.8",1693510,-0.106,-0.051,0.093,296.6,29.1,22.37
"2020-09-21 09:33:34.9",1693511,-0.106,-0.051,0.093,296.6,29.1,22.36
"2020-09-21 09:33:35",1693512,-0.096,-0.125,0.093,296.5,29.1,22.36
"2020-09-21 09:33:35.1",1693513,-0.096,-0.125,0.093,296.5,29.1,22.36
"2020-09-21 09:33:35.2",1693514,-0.097,-0.125,0.093,296.5,29.1,22.36
"2020-09-21 09:33:35.3",1693515,-0.086,-0.081,0.034,296.5,29.1,22.36
"2020-09-21 09:33:35.4",1693516,-0.087,-0.081,0.034,296.5,29.1,22.36
"2020-09-21 09:33:35.5",1693517,-0.028,-0.081,0.093,296.5,29.1,22.36
"2020-09-21 09:33:35.6",1693518,-0.028,-0.08,0.093,296.5,29.1,22.36
"2020-09-21 09:33:35.7",1693519,-0.028,-0.081,0.093,296.5,29.1,22.36
"2020-09-21 09:33:35.8",1693520,-0.087,-0.08,0.034,296.4,29.1,22.36
"2020-09-21 09:33:35.9",1693521,-0.087,-0.081,0.034,296.4,29.1,22.36
"2020-09-21 09:33:36",1693522,-0.096,-0.125,0.093,296.5,29.1,22.36
"2020-09-21 09:33:36.1",1693523,-0.096,-0.125,0.093,296.5,29.1,22.37
"2020-09-21 09:33:36.2",1693524,-0.097,-0.125,0.093,296.5,29.1,22.37
"2020-09-21 09:33:36.3",1693525,-0.087,-0.081,0.117,296.5,29.1,22.36
"2020-09-21 09:33:36.4",1693526,-0.087,-0.08,0.117,296.5,29.16,22.42
"2020-09-21 09:33:36.5",1693527,-0.087,-0.08,0.117,296.5,29.1,22.36
"2020-09-21 09:33:36.6",1693528,-0.087,-0.08,0.117,296.5,29.1,22.36
"2020-09-21 09:33:36.7",1693529,-0.087,-0.081,0.117,296.5,29.1,22.37
"2020-09-21 09:33:36.8",1693530,-0.086,-0.081,0.117,296.5,29.1,22.36
"2020-09-21 09:33:36.9",1693531,-0.087,-0.081,0.117,296.5,29.1,22.36
"2020-09-21 09:33:37",1693532,-0.15,-0.125,0.117,296.5,29.1,22.36
"2020-09-21 09:33:37.1",1693533,-0.15,-0.124,0.117,296.5,29.1,22.36
"2020-09-21 09:33:37.2",1693534,-0.15,-0.125,0.117,296.5,29.1,22.36
"2020-09-21 09:33:37.3",1693535,-0.131,-0.163,0.147,296.4,29.1,22.36
"2020-09-21 09:33:37.4",1693536,-0.131,-0.164,0.147,296.4,29.1,22.36
"2020-09-21 09:33:37.5",1693537,-0.189,-0.1,0.093,296.4,29.1,22.36
"2020-09-21 09:33:37.6",1693538,-0.189,-0.1,0.093,296.4,29.1,22.36
"2020-09-21 09:33:37.7",1693539,-0.189,-0.1,0.093,296.4,29.1,22.38
"2020-09-21 09:33:37.8",1693540,-0.189,-0.1,0.093,296.4,29.1,22.36
"2020-09-21 09:33:37.9",1693541,-0.189,-0.1,0.093,296.4,29.1,22.36
"2020-09-21 09:33:38",1693542,-0.189,-0.1,0.093,296.4,29.1,22.37
"2020-09-21 09:33:38.1",1693543,-0.189,-0.1,0.093,296.4,29.1,22.37
"2020-09-21 09:33:38.2",1693544,-0.189,-0.1,0.093,296.4,29.1,22.36
"2020-09-21 09:33:38.3",1693545,-0.179,-0.173,0.093,296.4,29.1,22.37
"2020-09-21 09:33:38.4",1693546,-0.179,-0.173,0.093,296.4,29.1,22.37
"2020-09-21 09:33:38.5",1693547,-0.228,-0.081,0.117,296.5,29.1,22.36
"2020-09-21 09:33:38.6",1693548,-0.228,-0.08,0.117,296.5,29.1,22.36
"2020-09-21 09:33:38.7",1693549,-0.228,-0.081,0.117,296.5,29.1,22.36
"2020-09-21 09:33:38.8",1693550,-0.228,-0.08,0.117,296.5,29.1,22.36
"2020-09-21 09:33:38.9",1693551,-0.228,-0.08,0.117,296.5,29.16,22.41
"2020-09-21 09:33:39",1693552,-0.228,-0.08,0.117,296.6,29.1,22.36
"2020-09-21 09:33:39.1",1693553,-0.228,-0.081,0.117,296.5,29.1,22.37
"2020-09-21 09:33:39.2",1693554,-0.228,-0.081,0.117,296.5,29.1,22.37
"2020-09-21 09:33:39.3",1693555,-0.228,-0.081,0.117,296.5,29.1,22.36
"2020-09-21 09:33:39.4",1693556,-0.228,-0.081,0.117,296.5,29.1,22.36
"2020-09-21 09:33:39.5",1693557,-0.228,-0.081,0.117,296.5,29.1,22.37
"2020-09-21 09:33:39.6",1693558,-0.228,-0.08,0.117,296.5,29.1,22.36
"2020-09-21 09:33:39.7",1693559,-0.228,-0.081,0.117,296.5,29.1,22.37
"2020-09-21 09:33:39.8",1693560,-0.248,-0.041,0.093,296.5,29.1,22.37
"2020-09-21 09:33:39.9",1693561,-0.248,-0.041,0.093,296.5,29.1,22.37
"2020-09-21 09:33:40",1693562,-0.248,-0.041,0.093,296.5,29.1,22.37
"2020-09-21 09:33:40.1",1693563,-0.248,-0.041,0.093,296.5,29.1,22.37
"2020-09-21 09:33:40.2",1693564,-0.248,-0.042,0.093,296.5,29.1,22.39
"2020-09-21 09:33:40.3",1693565,-0.248,-0.041,0.093,296.5,29.1,22.36
"2020-09-21 09:33:40.4",1693566,-0.248,-0.041,0.093,296.5,29.1,22.37
"2020-09-21 09:33:40.5",1693567,-0.189,-0.1,0.093,296.4,29.1,22.36
"2020-09-21 09:33:40.6",1693568,-0.189,-0.1,0.093,296.4,29.1,22.36
"2020-09-21 09:33:40.7",1693569,-0.189,-0.1,0.093,296.4,29.1,22.36
"2020-09-21 09:33:40.8",1693570,-0.218,-0.134,0.147,296.5,29.1,22.36
"2020-09-21 09:33:40.9",1693571,-0.219,-0.134,0.147,296.5,29.1,22.37
"2020-09-21 09:33:41",1693572,-0.218,-0.134,0.147,296.5,29.1,22.36
"2020-09-21 09:33:41.1",1693573,-0.218,-0.134,0.147,296.5,29.1,22.36
"2020-09-21 09:33:41.2",1693574,-0.219,-0.134,0.147,296.5,29.1,22.36
"2020-09-21 09:33:41.3",1693575,-0.14,-0.08,0.074,296.5,29.1,22.36
"2020-09-21 09:33:41.4",1693576,-0.14,-0.08,0.073,296.5,29.16,22.39
"2020-09-21 09:33:41.5",1693577,-0.087,-0.081,0.034,296.4,29.1,22.36
"2020-09-21 09:33:41.6",1693578,-0.086,-0.081,0.034,296.4,29.1,22.36
"2020-09-21 09:33:41.7",1693579,-0.087,-0.081,0.034,296.4,29.1,22.36
"2020-09-21 09:33:41.8",1693580,-0.086,-0.08,0.034,296.4,29.1,22.37
"2020-09-21 09:33:41.9",1693581,-0.087,-0.081,0.034,296.4,29.1,22.37
"2020-09-21 09:33:42",1693582,-0.096,-0.041,0.015,296.5,29.1,22.37
"2020-09-21 09:33:42.1",1693583,-0.096,-0.041,0.015,296.5,29.1,22.37
"2020-09-21 09:33:42.2",1693584,-0.097,-0.041,0.015,296.5,29.1,22.36
"2020-09-21 09:33:42.3",1693585,-0.106,-0.051,0.093,296.5,29.1,22.36
"2020-09-21 09:33:42.4",1693586,-0.106,-0.051,0.093,296.5,29.1,22.36
"2020-09-21 09:33:42.5",1693587,-0.048,-0.051,0.073,296.5,29.1,22.36
"2020-09-21 09:33:42.6",1693588,-0.047,-0.051,0.073,296.5,29.1,22.36
"2020-09-21 09:33:42.7",1693589,-0.048,-0.051,0.073,296.5,29.11,22.4
"2020-09-21 09:33:42.8",1693590,-0.086,-0.125,0.005,296.5,29.1,22.36
"2020-09-21 09:33:42.9",1693591,-0.086,-0.124,0.005,296.5,29.1,22.36
"2020-09-21 09:33:43",1693592,-0.087,-0.081,0.034,296.4,29.1,22.36
"2020-09-21 09:33:43.1",1693593,-0.087,-0.08,0.034,296.4,29.1,22.36
"2020-09-21 09:33:43.2",1693594,-0.087,-0.081,0.034,296.4,29.1,22.36
"2020-09-21 09:33:43.3",1693595,-0.057,-0.144,0.044,296.5,29.1,22.36
"2020-09-21 09:33:43.4",1693596,-0.057,-0.144,0.044,296.5,29.1,22.36
"2020-09-21 09:33:43.5",1693597,-0.13,-0.115,0.054,296.5,29.1,22.36
"2020-09-21 09:33:43.6",1693598,-0.131,-0.115,0.054,296.5,29.1,22.36
"2020-09-21 09:33:43.7",1693599,-0.131,-0.115,0.054,296.5,29.1,22.36
"2020-09-21 09:33:43.8",1693600,-0.131,-0.115,0.054,296.5,29.1,22.36
"2020-09-21 09:33:43.9",1693601,-0.13,-0.115,0.054,296.5,29.15,22.36
"2020-09-21 09:33:44",1693602,-0.097,-0.124,0.093,296.5,29.1,22.36
"2020-09-21 09:33:44.1",1693603,-0.096,-0.125,0.093,296.5,29.1,22.36
"2020-09-21 09:33:44.2",1693604,-0.097,-0.125,0.093,296.5,29.1,22.36
"2020-09-21 09:33:44.3",1693605,-0.189,-0.1,0.093,296.6,29.1,22.36
"2020-09-21 09:33:44.4",1693606,-0.189,-0.1,0.093,296.6,29.1,22.37
"2020-09-21 09:33:44.5",1693607,-0.14,-0.081,0.073,296.5,29.1,22.36
"2020-09-21 09:33:44.6",1693608,-0.14,-0.08,0.074,296.6,29.1,22.36
"2020-09-21 09:33:44.7",1693609,-0.14,-0.081,0.073,296.5,29.1,22.37
"2020-09-21 09:33:44.8",1693610,-0.097,-0.041,0.015,296.6,29.1,22.36
"2020-09-21 09:33:44.9",1693611,-0.096,-0.041,0.015,296.6,29.1,22.37
"2020-09-21 09:33:45",1693612,-0.077,-0.002,0.044,296.6,29.1,22.36
"2020-09-21 09:33:45.1",1693613,-0.077,-0.002,0.044,296.6,29.1,22.36
"2020-09-21 09:33:45.2",1693614,-0.077,-0.002,0.044,296.6,29.13,22.41
"2020-09-21 09:33:45.3",1693615,-0.209,-0.041,0.073,296.6,29.1,22.36
"2020-09-21 09:33:45.4",1693616,-0.209,-0.041,0.073,296.6,29.1,22.36
"2020-09-21 09:33:45.5",1693617,-0.077,-0.002,0.044,296.6,29.1,22.36
"2020-09-21 09:33:45.6",1693618,-0.077,-0.002,0.044,296.6,29.1,22.36
"2020-09-21 09:33:45.7",1693619,-0.077,-0.002,0.044,296.6,29.1,22.36
"2020-09-21 09:33:45.8",1693620,-0.057,0.008,0.073,296.6,29.1,22.37
"2020-09-21 09:33:45.9",1693621,-0.057,0.008,0.073,296.6,29.1,22.37
"2020-09-21 09:33:46",1693622,-0.077,-0.002,0.117,296.6,29.1,22.37
"2020-09-21 09:33:46.1",1693623,-0.077,-0.002,0.117,296.6,29.1,22.37
"2020-09-21 09:33:46.2",1693624,-0.077,-0.002,0.117,296.6,29.1,22.36
"2020-09-21 09:33:46.3",1693625,-0.047,-0.051,0.147,296.6,29.1,22.37
"2020-09-21 09:33:46.4",1693626,-0.047,-0.051,0.147,296.6,29.13,22.37
"2020-09-21 09:33:46.5",1693627,-0.077,-0.002,0.117,296.6,29.1,22.36
"2020-09-21 09:33:46.6",1693628,-0.077,-0.002,0.117,296.6,29.1,22.36
"2020-09-21 09:33:46.7",1693629,-0.077,-0.002,0.117,296.6,29.1,22.36
"2020-09-21 09:33:46.8",1693630,-0.16,-0.051,0.117,296.5,29.1,22.36
"2020-09-21 09:33:46.9",1693631,-0.16,-0.051,0.117,296.5,29.1,22.36
"2020-09-21 09:33:47",1693632,-0.16,-0.051,0.117,296.6,29.1,22.37
"2020-09-21 09:33:47.1",1693633,-0.16,-0.051,0.117,296.6,29.1,22.36
"2020-09-21 09:33:47.2",1693634,-0.16,-0.051,0.117,296.5,29.1,22.36
"2020-09-21 09:33:47.3",1693635,-0.106,-0.051,0.093,296.5,29.1,22.36
"2020-09-21 09:33:47.4",1693636,-0.106,-0.051,0.093,296.5,29.1,22.36
"2020-09-21 09:33:47.5",1693637,-0.14,-0.08,0.073,296.5,29.1,22.36
"2020-09-21 09:33:47.6",1693638,-0.14,-0.081,0.073,296.5,29.1,22.36
"2020-09-21 09:33:47.7",1693639,-0.14,-0.081,0.073,296.5,29.13,22.42
"2020-09-21 09:33:47.8",1693640,-0.15,-0.041,0.044,296.5,29.1,22.36
"2020-09-21 09:33:47.9",1693641,-0.15,-0.041,0.044,296.5,29.1,22.36
"2020-09-21 09:33:48",1693642,-0.14,-0.081,0.073,296.5,29.1,22.36
"2020-09-21 09:33:48.1",1693643,-0.14,-0.081,0.073,296.5,29.1,22.36
"2020-09-21 09:33:48.2",1693644,-0.14,-0.081,0.073,296.5,29.1,22.37
"2020-09-21 09:33:48.3",1693645,-0.096,-0.125,0.093,296.5,29.1,22.36
"2020-09-21 09:33:48.4",1693646,-0.096,-0.125,0.093,296.5,29.1,22.37
"2020-09-21 09:33:48.5",1693647,-0.096,-0.125,0.093,296.5,29.1,22.37
"2020-09-21 09:33:48.6",1693648,-0.096,-0.124,0.093,296.5,29.1,22.36
"2020-09-21 09:33:48.7",1693649,-0.096,-0.125,0.093,296.5,29.1,22.36
"2020-09-21 09:33:48.8",1693650,-0.096,-0.124,0.093,296.5,29.1,22.36
"2020-09-21 09:33:48.9",1693651,-0.096,-0.124,0.093,296.5,29.1,22.37
"2020-09-21 09:33:49",1693652,-0.228,-0.173,0.117,296.5,29.1,22.36
"2020-09-21 09:33:49.1",1693653,-0.228,-0.173,0.117,296.5,29.1,22.37
"2020-09-21 09:33:49.2",1693654,-0.228,-0.173,0.117,296.5,29.1,22.36
"2020-09-21 09:33:49.3",1693655,-0.218,-0.212,0.146,296.5,29.1,22.36
"2020-09-21 09:33:49.4",1693656,-0.218,-0.212,0.147,296.5,29.1,22.36
"2020-09-21 09:33:49.5",1693657,-0.228,-0.173,0.117,296.5,29.1,22.36
"2020-09-21 09:33:49.6",1693658,-0.228,-0.173,0.117,296.5,29.1,22.36
"2020-09-21 09:33:49.7",1693659,-0.228,-0.173,0.117,296.5,29.1,22.36
"2020-09-21 09:33:49.8",1693660,-0.15,-0.125,0.117,296.5,29.1,22.36
"2020-09-21 09:33:49.9",1693661,-0.15,-0.125,0.117,296.5,29.1,22.37
"2020-09-21 09:33:50",1693662,-0.179,-0.173,0.093,296.5,29.1,22.37
"2020-09-21 09:33:50.1",1693663,-0.179,-0.173,0.093,296.5,29.1,22.37
"2020-09-21 09:33:50.2",1693664,-0.18,-0.173,0.093,296.5,29.15,22.42
"2020-09-21 09:33:50.3",1693665,-0.218,-0.134,0.147,296.5,29.1,22.37
"2020-09-21 09:33:50.4",1693666,-0.218,-0.134,0.147,296.5,29.1,22.36
"2020-09-21 09:33:50.5",1693667,-0.14,-0.08,0.147,296.5,29.1,22.36
"2020-09-21 09:33:50.6",1693668,-0.14,-0.08,0.147,296.5,29.1,22.37
"2020-09-21 09:33:50.7",1693669,-0.14,-0.081,0.147,296.5,29.1,22.36
"2020-09-21 09:33:50.8",1693670,-0.096,-0.125,0.093,296.5,29.1,22.36
"2020-09-21 09:33:50.9",1693671,-0.096,-0.124,0.093,296.5,29.1,22.37
"2020-09-21 09:33:51",1693672,-0.087,-0.08,0.118,296.5,29.1,22.37
"2020-09-21 09:33:51.1",1693673,-0.087,-0.081,0.117,296.5,29.1,22.37
"2020-09-21 09:33:51.2",1693674,-0.087,-0.081,0.117,296.5,29.1,22.36
"2020-09-21 09:33:51.3",1693675,-0.086,-0.081,0.117,296.5,29.1,22.36
"2020-09-21 09:33:51.4",1693676,-0.087,-0.08,0.117,296.5,29.1,22.36
"2020-09-21 09:33:51.5",1693677,-0.087,-0.081,0.117,296.5,29.1,22.36
"2020-09-21 09:33:51.6",1693678,-0.087,-0.081,0.117,296.5,29.1,22.36
"2020-09-21 09:33:51.7",1693679,-0.087,-0.081,0.117,296.5,29.1,22.36
"2020-09-21 09:33:51.8",1693680,-0.096,-0.124,0.093,296.5,29.1,22.36
"2020-09-21 09:33:51.9",1693681,-0.096,-0.125,0.093,296.5,29.1,22.36
"2020-09-21 09:33:52",1693682,-0.14,-0.081,0.073,296.5,29.1,22.37
"2020-09-21 09:33:52.1",1693683,-0.14,-0.081,0.074,296.5,29.1,22.37
"2020-09-21 09:33:52.2",1693684,-0.14,-0.081,0.073,296.5,29.1,22.37
"2020-09-21 09:33:52.3",1693685,-0.14,-0.081,0.073,296.6,29.1,22.37
"2020-09-21 09:33:52.4",1693686,-0.14,-0.081,0.073,296.5,29.1,22.36
"2020-09-21 09:33:52.5",1693687,-0.131,-0.002,0.073,296.5,29.1,22.36
"2020-09-21 09:33:52.6",1693688,-0.131,-0.002,0.073,296.5,29.1,22.36
"2020-09-21 09:33:52.7",1693689,-0.131,-0.002,0.073,296.5,29.16,22.42
"2020-09-21 09:33:52.8",1693690,-0.028,-0.002,0.025,296.5,29.1,22.36
"2020-09-21 09:33:52.9",1693691,-0.028,-0.002,0.024,296.5,29.1,22.36
"2020-09-21 09:33:53",1693692,-0.028,-0.002,0.025,296.5,29.1,22.36
"2020-09-21 09:33:53.1",1693693,-0.028,-0.002,0.025,296.5,29.1,22.36
"2020-09-21 09:33:53.2",1693694,-0.028,-0.002,0.024,296.5,29.1,22.37
"2020-09-21 09:33:53.3",1693695,-0.047,-0.041,-0.006,296.5,29.1,22.36
"2020-09-21 09:33:53.4",1693696,-0.047,-0.041,-0.006,296.5,29.1,22.36
"2020-09-21 09:33:53.5",1693697,-0.047,-0.041,-0.006,296.5,29.1,22.36
"2020-09-21 09:33:53.6",1693698,-0.048,-0.041,-0.006,296.5,29.1,22.36
"2020-09-21 09:33:53.7",1693699,-0.048,-0.042,-0.006,296.5,29.1,22.36
"2020-09-21 09:33:53.8",1693700,-0.048,0.008,-0.006,296.5,29.1,22.37
"2020-09-21 09:33:53.9",1693701,-0.048,0.008,-0.006,296.5,29.1,22.37
"2020-09-21 09:33:54",1693702,-0.121,-0.002,-0.006,296.6,29.1,22.39
"2020-09-21 09:33:54.1",1693703,-0.121,-0.002,-0.006,296.6,29.1,22.36
"2020-09-21 09:33:54.2",1693704,-0.121,-0.002,-0.006,296.6,29.1,22.36
"2020-09-21 09:33:54.3",1693705,-0.121,-0.002,-0.006,296.6,29.1,22.37
"2020-09-21 09:33:54.4",1693706,-0.121,-0.002,-0.006,296.6,29.1,22.36
"2020-09-21 09:33:54.5",1693707,-0.077,0.057,0.044,296.6,29.1,22.37
"2020-09-21 09:33:54.6",1693708,-0.077,0.057,0.044,296.6,29.1,22.37
"2020-09-21 09:33:54.7",1693709,-0.077,0.057,0.044,296.6,29.1,22.37
"2020-09-21 09:33:54.8",1693710,-0.057,0.008,0.073,296.6,29.1,22.37
"2020-09-21 09:33:54.9",1693711,-0.057,0.008,0.073,296.6,29.1,22.37
"2020-09-21 09:33:55",1693712,-0.057,0.008,0.073,296.6,29.1,22.37
"2020-09-21 09:33:55.1",1693713,-0.057,0.008,0.073,296.6,29.1,22.37
"2020-09-21 09:33:55.2",1693714,-0.058,0.008,0.073,296.6,29.16,22.39
"2020-09-21 09:33:55.3",1693715,-0.14,0.047,0.073,296.7,29.1,22.36
"2020-09-21 09:33:55.4",1693716,-0.14,0.047,0.073,296.7,29.1,22.36
"2020-09-21 09:33:55.5",1693717,-0.077,0.057,0.044,296.7,29.1,22.36
"2020-09-21 09:33:55.6",1693718,-0.077,0.057,0.044,296.7,29.1,22.36
"2020-09-21 09:33:55.7",1693719,-0.077,0.057,0.044,296.7,29.1,22.37
"2020-09-21 09:33:55.8",1693720,-0.028,0.047,0.025,296.7,29.1,22.37
"2020-09-21 09:33:55.9",1693721,-0.028,0.047,0.024,296.7,29.1,22.37
"2020-09-21 09:33:56",1693722,-0.14,0.047,0.073,296.7,29.1,22.37
"2020-09-21 09:33:56.1",1693723,-0.14,0.047,0.073,296.7,29.1,22.37
"2020-09-21 09:33:56.2",1693724,-0.14,0.047,0.073,296.7,29.1,22.37
"2020-09-21 09:33:56.3",1693725,-0.131,-0.002,0.073,296.6,29.1,22.37
"2020-09-21 09:33:56.4",1693726,-0.131,-0.002,0.074,296.6,29.1,22.37
"2020-09-21 09:33:56.5",1693727,-0.096,0.008,0.093,296.6,29.1,22.39
"2020-09-21 09:33:56.6",1693728,-0.096,0.008,0.093,296.6,29.1,22.37
"2020-09-21 09:33:56.7",1693729,-0.097,0.008,0.093,296.6,29.1,22.36
"2020-09-21 09:33:56.8",1693730,-0.057,0.009,0.074,296.6,29.1,22.37
"2020-09-21 09:33:56.9",1693731,-0.057,0.008,0.073,296.6,29.1,22.37
"2020-09-21 09:33:57",1693732,-0.047,-0.051,0.074,296.5,29.1,22.36
"2020-09-21 09:33:57.1",1693733,-0.048,-0.051,0.073,296.5,29.1,22.37
"2020-09-21 09:33:57.2",1693734,-0.047,-0.051,0.073,296.5,29.1,22.37
"2020-09-21 09:33:57.3",1693735,-0.131,-0.002,0.073,296.5,29.1,22.37
"2020-09-21 09:33:57.4",1693736,-0.131,-0.002,0.073,296.5,29.1,22.36
"2020-09-21 09:33:57.5",1693737,-0.15,-0.041,0.044,296.5,29.1,22.37
"2020-09-21 09:33:57.6",1693738,-0.15,-0.041,0.044,296.5,29.1,22.37
"2020-09-21 09:33:57.7",1693739,-0.15,-0.041,0.044,296.5,29.16,22.37
"2020-09-21 09:33:57.8",1693740,-0.121,-0.002,-0.006,296.5,29.1,22.36
"2020-09-21 09:33:57.9",1693741,-0.121,-0.002,-0.006,296.5,29.1,22.36
"2020-09-21 09:33:58",1693742,-0.15,-0.041,0.044,296.5,29.1,22.36
"2020-09-21 09:33:58.1",1693743,-0.15,-0.041,0.044,296.5,29.1,22.36
"2020-09-21 09:33:58.2",1693744,-0.15,-0.041,0.044,296.5,29.1,22.37
"2020-09-21 09:33:58.3",1693745,-0.15,-0.041,0.044,296.5,29.1,22.37
"2020-09-21 09:33:58.4",1693746,-0.15,-0.041,0.044,296.5,29.1,22.37
"2020-09-21 09:33:58.5",1693747,-0.15,-0.041,0.044,296.5,29.1,22.36
"2020-09-21 09:33:58.6",1693748,-0.15,-0.041,0.044,296.5,29.1,22.36
"2020-09-21 09:33:58.7",1693749,-0.15,-0.041,0.044,296.5,29.1,22.36
"2020-09-21 09:33:58.8",1693750,-0.131,-0.08,-0.006,296.5,29.1,22.36
"2020-09-21 09:33:58.9",1693751,-0.131,-0.081,-0.006,296.5,29.1,22.36
"2020-09-21 09:33:59",1693752,-0.189,-0.041,-0.075,296.5,29.12,22.39
"2020-09-21 09:33:59.1",1693753,-0.189,-0.041,-0.075,296.5,29.1,22.36
"2020-09-21 09:33:59.2",1693754,-0.189,-0.041,-0.075,296.5,29.1,22.36
"2020-09-21 09:33:59.3",1693755,-0.179,-0.09,0.015,296.5,29.1,22.36
"2020-09-21 09:33:59.4",1693756,-0.179,-0.09,0.015,296.5,29.1,22.36
"2020-09-21 09:33:59.5",1693757,-0.15,-0.041,0.044,296.5,29.1,22.36
"2020-09-21 09:33:59.6",1693758,-0.15,-0.041,0.044,296.5,29.1,22.36
"2020-09-21 09:33:59.7",1693759,-0.15,-0.042,0.044,296.5,29.1,22.36
"2020-09-21 09:33:59.8",1693760,-0.14,-0.081,0.074,296.5,29.1,22.36
"2020-09-21 09:33:59.9",1693761,-0.14,-0.08,0.073,296.5,29.1,22.37
"2020-09-21 09:34:00",1693762,-0.048,-0.051,0.073,296.5,29.1,22.37
"2020-09-21 09:34:00.1",1693763,-0.048,-0.051,0.074,296.5,29.1,22.37
"2020-09-21 09:34:00.2",1693764,-0.048,-0.051,0.073,296.5,29.13,22.37
"2020-09-21 09:34:00.3",1693765,-0.048,-0.051,0.073,296.6,29.1,22.36
"2020-09-21 09:34:00.4",1693766,-0.047,-0.051,0.074,296.6,29.1,22.36
"2020-09-21 09:34:00.5",1693767,-0.15,-0.041,0.044,296.6,29.1,22.36
"2020-09-21 09:34:00.6",1693768,-0.15,-0.041,0.044,296.6,29.1,22.37
"2020-09-21 09:34:00.7",1693769,-0.15,-0.041,0.044,296.6,29.1,22.36
"2020-09-21 09:34:00.8",1693770,-0.131,-0.002,0.073,296.7,29.1,22.36
"2020-09-21 09:34:00.9",1693771,-0.131,-0.002,0.074,296.7,29.1,22.36
"2020-09-21 09:34:01",1693772,-0.13,-0.002,0.073,296.7,29.1,22.37
"2020-09-21 09:34:01.1",1693773,-0.13,-0.002,0.073,296.7,29.1,22.37
"2020-09-21 09:34:01.2",1693774,-0.131,-0.002,0.073,296.7,29.1,22.37
"2020-09-21 09:34:01.3",1693775,-0.096,0.008,0.093,296.8,29.1,22.37
"2020-09-21 09:34:01.4",1693776,-0.096,0.008,0.093,296.8,29.1,22.36
"2020-09-21 09:34:01.5",1693777,-0.058,0.009,0.073,296.8,29.13,22.42
"2020-09-21 09:34:01.6",1693778,-0.057,0.008,0.074,296.8,29.1,22.36
"2020-09-21 09:34:01.7",1693779,-0.057,0.008,0.073,296.8,29.1,22.36
"2020-09-21 09:34:01.8",1693780,-0.131,-0.002,0.073,296.7,29.1,22.36
"2020-09-21 09:34:01.9",1693781,-0.131,-0.002,0.073,296.7,29.1,22.36
"2020-09-21 09:34:02",1693782,-0.096,-0.041,0.015,296.6,29.1,22.37
"2020-09-21 09:34:02.1",1693783,-0.096,-0.041,0.015,296.6,29.1,22.37
"2020-09-21 09:34:02.2",1693784,-0.097,-0.042,0.015,296.6,29.11,22.37
"2020-09-21 09:34:02.3",1693785,-0.077,-0.002,0.044,296.8,29.1,22.37
"2020-09-21 09:34:02.4",1693786,-0.077,-0.002,0.044,296.8,29.1,22.37
"2020-09-21 09:34:02.5",1693787,-0.028,-0.002,0.093,296.7,29.1,22.37
"2020-09-21 09:34:02.6",1693788,-0.028,-0.002,0.093,296.7,29.1,22.36
"2020-09-21 09:34:02.7",1693789,-0.028,-0.002,0.093,296.7,29.11,22.37
"2020-09-21 09:34:02.8",1693790,-0.018,-0.041,0.117,296.7,29.1,22.37
"2020-09-21 09:34:02.9",1693791,-0.018,-0.041,0.117,296.7,29.1,22.37
"2020-09-21 09:34:03",1693792,-0.018,-0.041,0.117,296.7,29.1,22.37
"2020-09-21 09:34:03.1",1693793,-0.018,-0.041,0.117,296.7,29.1,22.37
"2020-09-21 09:34:03.2",1693794,-0.018,-0.042,0.117,296.7,29.1,22.37
"2020-09-21 09:34:03.3",1693795,-0.018,-0.042,0.117,296.6,29.1,22.37
"2020-09-21 09:34:03.4",1693796,-0.018,-0.041,0.117,296.6,29.1,22.36
"2020-09-21 09:34:03.5",1693797,-0.106,-0.051,0.093,296.6,29.1,22.36
"2020-09-21 09:34:03.6",1693798,-0.106,-0.051,0.093,296.6,29.1,22.37
"2020-09-21 09:34:03.7",1693799,-0.106,-0.051,0.093,296.6,29.1,22.36
