"TOA5","10329","CR6","10329","CR6.Std.09.01 CR6-WIFI.04.00.01","CPU:YOUNG81000_HMP60_10Hz.CR6","51185","Young10Hz_hmp"
"TIMESTAMP","RECORD","U","V","W","TSonic","RH","T_HMP60"
"TS","RN","mV","mV","mV","mV","%","Deg C"
"","","Smp","Smp","Smp","Smp","Smp","Smp"
"2020-09-19 21:16:57.5",387600,-0.009,-0.002,-0.006,295.5,24.04,22.02
"2020-09-19 21:16:57.6",387601,-0.009,-0.002,-0.006,295.6,24.05,22.02
"2020-09-19 21:16:57.7",387602,-0.009,-0.003,-0.006,295.6,24.04,22.02
"2020-09-19 21:16:57.8",387603,-0.009,-0.002,-0.006,295.6,24.04,22.02
"2020-09-19 21:16:57.9",387604,-0.028,-0.002,0.024,295.6,24.04,22.02
"2020-09-19 21:16:58",387605,-0.028,-0.002,0.024,295.6,24.04,22.02
"2020-09-19 21:16:58.1",387606,0.031,-0.003,0.044,295.7,24.04,22.02
"2020-09-19 21:16:58.2",387607,0.031,-0.002,0.044,295.7,24.04,22.03
"2020-09-19 21:16:58.3",387608,0.031,-0.002,0.044,295.7,24.04,22.02
"2020-09-19 21:16:58.4",387609,0.031,-0.002,0.044,295.7,24.04,22.02
"2020-09-19 21:16:58.5",387610,0.031,-0.002,0.044,295.7,24.04,22.02
"2020-09-19 21:16:58.6",387611,-0.009,0.008,0.044,295.7,24.04,22.02
"2020-09-19 21:16:58.7",387612,-0.009,0.008,0.044,295.7,24.04,22.02
"2020-09-19 21:16:58.8",387613,-0.009,0.008,0.043,295.7,24.04,22.02
"2020-09-19 21:16:58.9",387614,-0.009,0.008,0.044,295.7,24.07,22.08
"2020-09-19 21:16:59",387615,-0.009,0.008,0.044,295.7,24.04,22.02
"2020-09-19 21:16:59.1",387616,0.012,0.008,0.024,295.8,24.04,22.02
"2020-09-19 21:16:59.2",387617,0.011,0.008,0.024,295.8,24.04,22.02
"2020-09-19 21:16:59.3",387618,0.011,0.008,0.024,295.8,24.04,22.02
"2020-09-19 21:16:59.4",387619,-0.028,-0.002,0.024,295.8,24.04,22.02
"2020-09-19 21:16:59.5",387620,-0.028,-0.002,0.024,295.8,24.04,22.02
"2020-09-19 21:16:59.6",387621,-0.009,-0.012,0.063,295.8,24.04,22.02
"2020-09-19 21:16:59.7",387622,-0.009,-0.012,0.063,295.8,24.04,22.02
"2020-09-19 21:16:59.8",387623,-0.009,-0.012,0.063,295.8,24.04,22.02
"2020-09-19 21:16:59.9",387624,-0.009,-0.012,0.063,295.8,24.04,22.02
"2020-09-19 21:17:00",387625,-0.009,-0.012,0.063,295.8,24.04,22.02
"2020-09-19 21:17:00.1",387626,-0.009,-0.012,0.064,295.8,24.04,22.02
"2020-09-19 21:17:00.2",387627,-0.009,-0.012,0.063,295.8,24.04,22.02
"2020-09-19 21:17:00.3",387628,-0.009,-0.012,0.063,295.8,24.04,22.02
"2020-09-19 21:17:00.4",387629,-0.009,-0.003,0.073,295.7,24.04,22.02
"2020-09-19 21:17:00.5",387630,-0.009,-0.003,0.073,295.7,24.04,22.02
"2020-09-19 21:17:00.6",387631,0.031,-0.003,0.044,295.6,24.04,22.02
"2020-09-19 21:17:00.7",387632,0.031,-0.003,0.044,295.6,24.04,22.02
"2020-09-19 21:17:00.8",387633,0.031,-0.003,0.044,295.6,24.04,22.02
"2020-09-19 21:17:00.9",387634,0.012,0.008,0.024,295.6,24.04,22.02
"2020-09-19 21:17:01",387635,0.011,0.008,0.024,295.6,24.04,22.02
"2020-09-19 21:17:01.1",387636,-0.009,0.008,0.044,295.6,24.04,22.02
"2020-09-19 21:17:01.2",387637,-0.009,0.008,0.044,295.6,24.04,22.02
"2020-09-19 21:17:01.3",387638,-0.009,0.008,0.044,295.6,24.04,22.02
"2020-09-19 21:17:01.4",387639,-0.009,-0.003,0.073,295.6,24.08,22.08
"2020-09-19 21:17:01.5",387640,-0.009,-0.003,0.073,295.6,24.04,22.02
"2020-09-19 21:17:01.6",387641,-0.009,-0.002,0.063,295.7,24.04,22.02
"2020-09-19 21:17:01.7",387642,-0.009,-0.003,0.063,295.7,24.04,22.02
"2020-09-19 21:17:01.8",387643,-0.009,-0.003,0.063,295.7,24.04,22.02
"2020-09-19 21:17:01.9",387644,-0.009,-0.002,0.063,295.8,24.04,22.02
"2020-09-19 21:17:02",387645,-0.009,-0.003,0.063,295.8,24.04,22.03
"2020-09-19 21:17:02.1",387646,-0.019,-0.002,0.083,295.8,24.04,22.02
"2020-09-19 21:17:02.2",387647,-0.018,-0.003,0.083,295.8,24.04,22.02
"2020-09-19 21:17:02.3",387648,-0.019,-0.003,0.083,295.8,24.04,22.02
"2020-09-19 21:17:02.4",387649,-0.009,-0.002,0.064,295.8,24.04,22.02
"2020-09-19 21:17:02.5",387650,-0.009,-0.003,0.063,295.8,24.04,22.02
"2020-09-19 21:17:02.6",387651,-0.009,-0.003,0.073,295.7,24.04,22.02
"2020-09-19 21:17:02.7",387652,-0.009,-0.003,0.073,295.7,24.04,22.02
"2020-09-19 21:17:02.8",387653,-0.009,-0.003,0.073,295.7,24.04,22.02
"2020-09-19 21:17:02.9",387654,0.011,0.008,0.093,295.6,24.04,22.02
"2020-09-19 21:17:03",387655,0.012,0.008,0.093,295.6,24.04,22.02
"2020-09-19 21:17:03.1",387656,0.06,0.018,0.073,295.6,24.04,22.02
"2020-09-19 21:17:03.2",387657,0.06,0.018,0.073,295.6,24.04,22.02
"2020-09-19 21:17:03.3",387658,0.06,0.018,0.073,295.6,24.04,22.02
"2020-09-19 21:17:03.4",387659,-0.009,-0.003,0.073,295.5,24.04,22.02
"2020-09-19 21:17:03.5",387660,-0.009,-0.003,0.073,295.5,24.04,22.02
"2020-09-19 21:17:03.6",387661,0.031,-0.003,0.044,295.5,24.04,22.02
"2020-09-19 21:17:03.7",387662,0.031,-0.002,0.044,295.5,24.04,22.02
"2020-09-19 21:17:03.8",387663,0.031,-0.003,0.044,295.5,24.04,22.02
"2020-09-19 21:17:03.9",387664,0.031,-0.003,0.044,295.5,24.09,22.08
"2020-09-19 21:17:04",387665,0.031,-0.003,0.044,295.5,24.04,22.03
"2020-09-19 21:17:04.1",387666,0.031,-0.002,0.044,295.5,24.04,22.03
"2020-09-19 21:17:04.2",387667,0.031,-0.003,0.044,295.5,24.04,22.03
"2020-09-19 21:17:04.3",387668,0.031,-0.003,0.044,295.5,24.04,22.02
"2020-09-19 21:17:04.4",387669,0.031,-0.003,0.044,295.5,24.04,22.02
"2020-09-19 21:17:04.5",387670,0.031,-0.003,0.044,295.5,24.04,22.02
"2020-09-19 21:17:04.6",387671,0.031,-0.002,0.044,295.5,24.04,22.02
"2020-09-19 21:17:04.7",387672,0.031,-0.003,0.044,295.5,24.04,22.02
"2020-09-19 21:17:04.8",387673,0.031,-0.002,0.044,295.5,24.04,22.02
"2020-09-19 21:17:04.9",387674,0.031,-0.002,0.044,295.5,24.04,22.02
"2020-09-19 21:17:05",387675,0.031,-0.002,0.044,295.5,24.04,22.02
"2020-09-19 21:17:05.1",387676,0.011,-0.041,0.025,295.4,24.04,22.02
"2020-09-19 21:17:05.2",387677,0.011,-0.041,0.024,295.4,24.04,22.05
"2020-09-19 21:17:05.3",387678,0.011,-0.042,0.024,295.4,24.04,22.02
"2020-09-19 21:17:05.4",387679,0.06,-0.041,-0.006,295.4,24.04,22.02
"2020-09-19 21:17:05.5",387680,0.06,-0.042,-0.006,295.4,24.04,22.02
"2020-09-19 21:17:05.6",387681,0.06,-0.042,-0.006,295.4,24.04,22.02
"2020-09-19 21:17:05.7",387682,0.06,-0.042,-0.006,295.4,24.04,22.02
"2020-09-19 21:17:05.8",387683,0.06,-0.042,-0.006,295.4,24.04,22.02
"2020-09-19 21:17:05.9",387684,0.06,-0.042,-0.006,295.4,24.04,22.02
"2020-09-19 21:17:06",387685,0.06,-0.042,-0.006,295.4,24.04,22.02
"2020-09-19 21:17:06.1",387686,0.012,-0.042,0.024,295.4,24.04,22.02
"2020-09-19 21:17:06.2",387687,0.011,-0.042,0.024,295.4,24.04,22.02
"2020-09-19 21:17:06.3",387688,0.011,-0.042,0.024,295.4,24.04,22.02
"2020-09-19 21:17:06.4",387689,0.031,-0.003,0.044,295.4,24.09,22.05
"2020-09-19 21:17:06.5",387690,0.031,-0.002,0.044,295.4,24.04,22.02
"2020-09-19 21:17:06.6",387691,0.031,-0.002,0.044,295.4,24.04,22.02
"2020-09-19 21:17:06.7",387692,0.031,-0.003,0.044,295.4,24.04,22.02
"2020-09-19 21:17:06.8",387693,0.031,-0.003,0.044,295.4,24.04,22.02
"2020-09-19 21:17:06.9",387694,0.031,-0.002,0.044,295.4,24.04,22.02
"2020-09-19 21:17:07",387695,0.031,-0.003,0.044,295.4,24.04,22.02
"2020-09-19 21:17:07.1",387696,0.031,-0.002,0.044,295.4,24.04,22.02
"2020-09-19 21:17:07.2",387697,0.031,-0.002,0.044,295.4,24.04,22.02
"2020-09-19 21:17:07.3",387698,0.031,-0.003,0.044,295.4,24.04,22.02
"2020-09-19 21:17:07.4",387699,0.011,0.008,0.024,295.4,24.04,22.02
"2020-09-19 21:17:07.5",387700,0.012,0.008,0.024,295.4,24.04,22.02
"2020-09-19 21:17:07.6",387701,0.011,0.008,0.025,295.4,24.04,22.02
"2020-09-19 21:17:07.7",387702,0.011,0.008,0.025,295.4,24.04,22.06
"2020-09-19 21:17:07.8",387703,0.011,0.008,0.024,295.4,24.04,22.02
"2020-09-19 21:17:07.9",387704,0.05,0.018,-0.006,295.5,24.04,22.02
"2020-09-19 21:17:08",387705,0.05,0.018,-0.006,295.5,24.04,22.02
"2020-09-19 21:17:08.1",387706,0.011,0.008,0.025,295.5,24.04,22.02
"2020-09-19 21:17:08.2",387707,0.011,0.008,0.025,295.5,24.04,22.02
"2020-09-19 21:17:08.3",387708,0.011,0.008,0.024,295.5,24.04,22.02
"2020-09-19 21:17:08.4",387709,-0.009,-0.002,0.073,295.6,24.04,22.02
"2020-09-19 21:17:08.5",387710,-0.009,-0.003,0.073,295.6,24.04,22.02
"2020-09-19 21:17:08.6",387711,-0.009,-0.002,0.073,295.6,24.04,22.02
"2020-09-19 21:17:08.7",387712,-0.009,-0.003,0.073,295.6,24.04,22.02
"2020-09-19 21:17:08.8",387713,-0.009,-0.003,0.073,295.6,24.04,22.02
"2020-09-19 21:17:08.9",387714,-0.009,-0.012,0.063,295.8,24.09,22.03
"2020-09-19 21:17:09",387715,-0.008,-0.012,0.064,295.8,24.04,22.02
"2020-09-19 21:17:09.1",387716,0.012,-0.003,0.083,295.9,24.04,22.02
"2020-09-19 21:17:09.2",387717,0.011,-0.002,0.083,295.9,24.04,22.02
"2020-09-19 21:17:09.3",387718,0.011,-0.003,0.083,295.9,24.04,22.02
"2020-09-19 21:17:09.4",387719,0.021,-0.042,0.083,295.8,24.04,22.02
"2020-09-19 21:17:09.5",387720,0.021,-0.042,0.083,295.8,24.04,22.02
"2020-09-19 21:17:09.6",387721,-0.019,-0.002,0.083,295.7,24.04,22.02
"2020-09-19 21:17:09.7",387722,-0.019,-0.002,0.083,295.7,24.04,22.02
"2020-09-19 21:17:09.8",387723,-0.019,-0.003,0.083,295.7,24.04,22.02
"2020-09-19 21:17:09.9",387724,-0.009,-0.002,0.063,295.8,24.04,22.02
"2020-09-19 21:17:10",387725,-0.009,-0.003,0.063,295.8,24.04,22.02
"2020-09-19 21:17:10.1",387726,0.012,-0.042,0.093,295.7,24.04,22.02
"2020-09-19 21:17:10.2",387727,0.011,-0.042,0.093,295.7,24.07,22.06
"2020-09-19 21:17:10.3",387728,0.011,-0.042,0.093,295.7,24.04,22.02
"2020-09-19 21:17:10.4",387729,-0.009,-0.003,0.073,295.7,24.04,22.02
"2020-09-19 21:17:10.5",387730,-0.009,-0.003,0.073,295.7,24.04,22.02
"2020-09-19 21:17:10.6",387731,0.031,-0.081,0.044,295.6,24.04,22.02
"2020-09-19 21:17:10.7",387732,0.031,-0.081,0.044,295.6,24.04,22.02
"2020-09-19 21:17:10.8",387733,0.031,-0.081,0.044,295.6,24.04,22.02
"2020-09-19 21:17:10.9",387734,0.031,-0.003,0.044,295.5,24.04,22.02
"2020-09-19 21:17:11",387735,0.031,-0.003,0.044,295.5,24.04,22.02
"2020-09-19 21:17:11.1",387736,0.031,-0.002,0.044,295.5,24.04,22.02
"2020-09-19 21:17:11.2",387737,0.031,-0.003,0.044,295.5,24.04,22.02
"2020-09-19 21:17:11.3",387738,0.031,-0.003,0.044,295.5,24.04,22.02
"2020-09-19 21:17:11.4",387739,0.012,0.008,0.024,295.6,24.07,22.02
"2020-09-19 21:17:11.5",387740,0.012,0.008,0.024,295.6,24.04,22.02
"2020-09-19 21:17:11.6",387741,0.012,0.008,0.025,295.5,24.04,22.02
"2020-09-19 21:17:11.7",387742,0.011,0.008,0.024,295.5,24.04,22.02
"2020-09-19 21:17:11.8",387743,0.011,0.008,0.024,295.5,24.04,22.02
"2020-09-19 21:17:11.9",387744,0.011,0.008,0.024,295.4,24.04,22.02
"2020-09-19 21:17:12",387745,0.011,0.008,0.024,295.4,24.04,22.02
"2020-09-19 21:17:12.1",387746,0.011,0.008,0.024,295.4,24.04,22.02
"2020-09-19 21:17:12.2",387747,0.012,0.008,0.024,295.4,24.04,22.02
"2020-09-19 21:17:12.3",387748,0.011,0.008,0.024,295.4,24.04,22.02
"2020-09-19 21:17:12.4",387749,0.031,-0.002,0.044,295.4,24.04,22.02
"2020-09-19 21:17:12.5",387750,0.031,-0.002,0.044,295.4,24.04,22.02
"2020-09-19 21:17:12.6",387751,0.031,-0.002,0.044,295.5,24.04,22.02
"2020-09-19 21:17:12.7",387752,0.031,-0.002,0.044,295.5,24.06,22.08
"2020-09-19 21:17:12.8",387753,0.031,-0.003,0.044,295.5,24.04,22.02
"2020-09-19 21:17:12.9",387754,-0.009,-0.002,0.073,295.5,24.04,22.02
"2020-09-19 21:17:13",387755,-0.009,-0.002,0.073,295.5,24.04,22.02
"2020-09-19 21:17:13.1",387756,-0.009,-0.002,0.073,295.5,24.04,22.02
"2020-09-19 21:17:13.2",387757,-0.009,-0.003,0.073,295.5,24.04,22.02
"2020-09-19 21:17:13.3",387758,-0.009,-0.003,0.073,295.5,24.04,22.02
"2020-09-19 21:17:13.4",387759,0.031,-0.002,0.044,295.5,24.04,22.02
"2020-09-19 21:17:13.5",387760,0.031,-0.002,0.044,295.5,24.04,22.02
"2020-09-19 21:17:13.6",387761,0.011,-0.041,0.024,295.4,24.04,22.02
"2020-09-19 21:17:13.7",387762,0.012,-0.041,0.024,295.4,24.04,22.02
"2020-09-19 21:17:13.8",387763,0.011,-0.042,0.024,295.4,24.04,22.02
"2020-09-19 21:17:13.9",387764,0.011,-0.041,0.024,295.4,24.04,22.02
"2020-09-19 21:17:14",387765,0.012,-0.042,0.024,295.4,24.04,22.02
"2020-09-19 21:17:14.1",387766,0.06,-0.042,-0.006,295.4,24.04,22.02
"2020-09-19 21:17:14.2",387767,0.06,-0.042,-0.006,295.4,24.04,22.02
"2020-09-19 21:17:14.3",387768,0.06,-0.042,-0.006,295.4,24.04,22.02
"2020-09-19 21:17:14.4",387769,0.06,-0.041,-0.006,295.4,24.04,22.02
"2020-09-19 21:17:14.5",387770,0.06,-0.041,-0.006,295.4,24.04,22.02
"2020-09-19 21:17:14.6",387771,0.021,-0.002,-0.016,295.4,24.04,22.02
"2020-09-19 21:17:14.7",387772,0.021,-0.002,-0.016,295.4,24.04,22.02
"2020-09-19 21:17:14.8",387773,0.021,-0.003,-0.016,295.4,24.04,22.03
"2020-09-19 21:17:14.9",387774,0.021,-0.002,-0.016,295.4,24.04,22.02
"2020-09-19 21:17:15",387775,0.021,-0.002,-0.016,295.5,24.04,22.02
"2020-09-19 21:17:15.1",387776,0.021,-0.002,-0.016,295.5,24.04,22.02
"2020-09-19 21:17:15.2",387777,0.021,-0.002,-0.016,295.4,24.07,22.08
"2020-09-19 21:17:15.3",387778,0.021,-0.003,-0.016,295.4,24.04,22.02
"2020-09-19 21:17:15.4",387779,-0.009,-0.003,-0.006,295.5,24.04,22.02
"2020-09-19 21:17:15.5",387780,-0.009,-0.003,-0.006,295.5,24.04,22.02
"2020-09-19 21:17:15.6",387781,-0.009,-0.002,-0.006,295.5,24.04,22.02
"2020-09-19 21:17:15.7",387782,-0.009,-0.003,-0.006,295.5,24.04,22.02
"2020-09-19 21:17:15.8",387783,-0.009,-0.003,-0.006,295.5,24.04,22.02
"2020-09-19 21:17:15.9",387784,-0.009,-0.003,-0.006,295.5,24.04,22.02
"2020-09-19 21:17:16",387785,-0.009,-0.002,-0.006,295.5,24.04,22.02
"2020-09-19 21:17:16.1",387786,0.012,0.008,0.024,295.5,24.04,22.02
"2020-09-19 21:17:16.2",387787,0.012,0.008,0.024,295.5,24.04,22.02
"2020-09-19 21:17:16.3",387788,0.011,0.008,0.024,295.5,24.04,22.02
"2020-09-19 21:17:16.4",387789,0.011,0.008,0.024,295.5,24.04,22.02
"2020-09-19 21:17:16.5",387790,0.012,0.008,0.024,295.5,24.04,22.02
"2020-09-19 21:17:16.6",387791,-0.009,0.008,0.044,295.5,24.04,22.02
"2020-09-19 21:17:16.7",387792,-0.009,0.008,0.044,295.5,24.04,22.02
"2020-09-19 21:17:16.8",387793,-0.009,0.008,0.044,295.5,24.04,22.02
"2020-09-19 21:17:16.9",387794,0.012,0.008,0.024,295.6,24.04,22.02
"2020-09-19 21:17:17",387795,0.012,0.008,0.024,295.6,24.04,22.02
"2020-09-19 21:17:17.1",387796,-0.009,0.008,0.044,295.5,24.04,22.02
"2020-09-19 21:17:17.2",387797,-0.009,0.008,0.044,295.5,24.04,22.02
"2020-09-19 21:17:17.3",387798,-0.009,0.008,0.044,295.5,24.04,22.02
"2020-09-19 21:17:17.4",387799,-0.008,-0.003,0.073,295.6,24.04,22.02
"2020-09-19 21:17:17.5",387800,-0.009,-0.002,0.073,295.6,24.04,22.02
"2020-09-19 21:17:17.6",387801,0.031,-0.002,0.044,295.6,24.04,22.02
"2020-09-19 21:17:17.7",387802,0.031,-0.003,0.044,295.6,24.09,22.08
"2020-09-19 21:17:17.8",387803,0.031,-0.002,0.044,295.6,24.04,22.02
"2020-09-19 21:17:17.9",387804,0.012,-0.041,0.024,295.6,24.04,22.02
"2020-09-19 21:17:18",387805,0.012,-0.041,0.024,295.6,24.04,22.02
"2020-09-19 21:17:18.1",387806,0.011,0.008,0.024,295.6,24.04,22.02
"2020-09-19 21:17:18.2",387807,0.012,0.008,0.024,295.6,24.04,22.02
"2020-09-19 21:17:18.3",387808,0.011,0.008,0.024,295.6,24.04,22.02
"2020-09-19 21:17:18.4",387809,0.012,-0.041,0.024,295.5,24.04,22.02
"2020-09-19 21:17:18.5",387810,0.012,-0.041,0.024,295.5,24.04,22.02
"2020-09-19 21:17:18.6",387811,0.011,-0.041,0.024,295.5,24.04,22.02
"2020-09-19 21:17:18.7",387812,0.012,-0.041,0.024,295.5,24.04,22.02
"2020-09-19 21:17:18.8",387813,0.011,-0.042,0.024,295.5,24.04,22.02
"2020-09-19 21:17:18.9",387814,0.06,-0.041,-0.006,295.5,24.04,22.02
"2020-09-19 21:17:19",387815,0.06,-0.041,-0.006,295.5,24.04,22.03
"2020-09-19 21:17:19.1",387816,0.011,-0.041,0.024,295.4,24.04,22.02
"2020-09-19 21:17:19.2",387817,0.012,-0.041,0.024,295.4,24.04,22.02
"2020-09-19 21:17:19.3",387818,0.011,-0.042,0.024,295.4,24.04,22.02
"2020-09-19 21:17:19.4",387819,0.011,-0.042,0.024,295.4,24.04,22.02
"2020-09-19 21:17:19.5",387820,0.012,-0.042,0.025,295.4,24.04,22.02
"2020-09-19 21:17:19.6",387821,0.012,-0.042,0.024,295.4,24.04,22.02
"2020-09-19 21:17:19.7",387822,0.011,-0.041,0.024,295.4,24.04,22.02
"2020-09-19 21:17:19.8",387823,0.011,-0.042,0.024,295.4,24.04,22.02
"2020-09-19 21:17:19.9",387824,0.012,-0.041,0.024,295.4,24.04,22.02
"2020-09-19 21:17:20",387825,0.012,-0.041,0.024,295.4,24.04,22.02
"2020-09-19 21:17:20.1",387826,0.011,-0.042,0.024,295.4,24.04,22.02
"2020-09-19 21:17:20.2",387827,0.011,-0.042,0.024,295.4,24.09,22.07
"2020-09-19 21:17:20.3",387828,0.011,-0.042,0.024,295.4,24.04,22.02
"2020-09-19 21:17:20.4",387829,0.011,-0.042,0.024,295.4,24.04,22.02
"2020-09-19 21:17:20.5",387830,0.012,-0.041,0.024,295.4,24.04,22.02
"2020-09-19 21:17:20.6",387831,-0.009,-0.002,-0.006,295.4,24.04,22.02
"2020-09-19 21:17:20.7",387832,-0.009,-0.003,-0.006,295.4,24.04,22.02
"2020-09-19 21:17:20.8",387833,-0.009,-0.002,-0.006,295.4,24.04,22.02
"2020-09-19 21:17:20.9",387834,-0.009,-0.002,-0.006,295.4,24.04,22.02
"2020-09-19 21:17:21",387835,-0.009,-0.003,-0.006,295.4,24.04,22.02
"2020-09-19 21:17:21.1",387836,-0.009,-0.002,-0.006,295.4,24.04,22.02
"2020-09-19 21:17:21.2",387837,-0.009,-0.002,-0.006,295.4,24.04,22.02
"2020-09-19 21:17:21.3",387838,-0.009,-0.003,-0.006,295.4,24.04,22.02
"2020-09-19 21:17:21.4",387839,-0.008,-0.002,-0.006,295.4,24.04,22.02
"2020-09-19 21:17:21.5",387840,-0.009,-0.002,-0.006,295.4,24.04,22.05
"2020-09-19 21:17:21.6",387841,-0.009,-0.003,-0.006,295.4,24.04,22.02
"2020-09-19 21:17:21.7",387842,-0.009,-0.003,-0.006,295.4,24.04,22.02
"2020-09-19 21:17:21.8",387843,-0.009,-0.003,-0.006,295.4,24.04,22.02
"2020-09-19 21:17:21.9",387844,-0.009,-0.003,-0.006,295.4,24.04,22.02
"2020-09-19 21:17:22",387845,-0.008,-0.002,-0.006,295.4,24.04,22.02
"2020-09-19 21:17:22.1",387846,-0.009,-0.003,-0.006,295.4,24.04,22.02
"2020-09-19 21:17:22.2",387847,-0.009,-0.002,-0.006,295.4,24.04,22.02
"2020-09-19 21:17:22.3",387848,-0.009,-0.003,-0.006,295.4,24.04,22.02
"2020-09-19 21:17:22.4",387849,-0.009,-0.002,-0.006,295.4,24.04,22.02
"2020-09-19 21:17:22.5",387850,-0.009,-0.002,-0.006,295.4,24.04,22.02
"2020-09-19 21:17:22.6",387851,-0.009,-0.003,-0.006,295.4,24.04,22.02
"2020-09-19 21:17:22.7",387852,-0.009,-0.002,-0.006,295.4,24.09,22.04
"2020-09-19 21:17:22.8",387853,-0.009,-0.002,-0.006,295.4,24.04,22.02
"2020-09-19 21:17:22.9",387854,-0.009,-0.002,-0.006,295.5,24.04,22.02
"2020-09-19 21:17:23",387855,-0.009,-0.002,-0.006,295.5,24.04,22.02
"2020-09-19 21:17:23.1",387856,-0.028,-0.002,0.024,295.5,24.04,22.02
"2020-09-19 21:17:23.2",387857,-0.028,-0.002,0.024,295.5,24.04,22.02
"2020-09-19 21:17:23.3",387858,-0.028,-0.003,0.024,295.5,24.04,22.02
"2020-09-19 21:17:23.4",387859,-0.009,-0.003,-0.006,295.5,24.04,22.02
"2020-09-19 21:17:23.5",387860,-0.009,-0.002,-0.006,295.5,24.04,22.02
"2020-09-19 21:17:23.6",387861,-0.028,-0.003,0.024,295.6,24.04,22.02
"2020-09-19 21:17:23.7",387862,-0.028,-0.002,0.024,295.6,24.04,22.02
"2020-09-19 21:17:23.8",387863,-0.029,-0.003,0.024,295.6,24.04,22.02
"2020-09-19 21:17:23.9",387864,-0.009,-0.002,-0.006,295.6,24.04,22.02
"2020-09-19 21:17:24",387865,-0.009,-0.003,-0.006,295.6,24.04,22.05
"2020-09-19 21:17:24.1",387866,-0.009,0.008,0.044,295.6,24.04,22.02
"2020-09-19 21:17:24.2",387867,-0.009,0.008,0.044,295.6,24.04,22.02
"2020-09-19 21:17:24.3",387868,-0.009,0.008,0.044,295.6,24.04,22.02
"2020-09-19 21:17:24.4",387869,-0.009,-0.002,-0.006,295.6,24.04,22.02
"2020-09-19 21:17:24.5",387870,-0.009,-0.003,-0.006,295.6,24.04,22.02
"2020-09-19 21:17:24.6",387871,-0.009,0.008,-0.016,295.6,24.04,22.02
"2020-09-19 21:17:24.7",387872,-0.009,0.008,-0.016,295.6,24.04,22.02
"2020-09-19 21:17:24.8",387873,-0.009,0.008,-0.016,295.6,24.04,22.02
"2020-09-19 21:17:24.9",387874,-0.008,0.008,-0.016,295.5,24.04,22.02
"2020-09-19 21:17:25",387875,-0.009,0.008,-0.016,295.5,24.04,22.02
"2020-09-19 21:17:25.1",387876,0.011,0.008,-0.036,295.5,24.04,22.02
"2020-09-19 21:17:25.2",387877,0.012,0.008,-0.036,295.5,24.09,22.02
"2020-09-19 21:17:25.3",387878,0.011,0.008,-0.036,295.5,24.04,22.02
"2020-09-19 21:17:25.4",387879,-0.009,0.008,-0.016,295.4,24.04,22.02
"2020-09-19 21:17:25.5",387880,-0.009,0.008,-0.016,295.4,24.04,22.02
"2020-09-19 21:17:25.6",387881,-0.009,0.008,-0.016,295.5,24.04,22.02
"2020-09-19 21:17:25.7",387882,-0.009,0.008,-0.016,295.4,24.04,22.02
"2020-09-19 21:17:25.8",387883,-0.009,0.008,-0.016,295.4,24.04,22.02
"2020-09-19 21:17:25.9",387884,0.021,-0.002,-0.016,295.4,24.04,22.02
"2020-09-19 21:17:26",387885,0.021,-0.002,-0.016,295.4,24.04,22.02
"2020-09-19 21:17:26.1",387886,0.06,-0.042,-0.006,295.4,24.04,22.02
"2020-09-19 21:17:26.2",387887,0.06,-0.042,-0.006,295.4,24.04,22.02
"2020-09-19 21:17:26.3",387888,0.06,-0.042,-0.007,295.4,24.04,22.02
"2020-09-19 21:17:26.4",387889,0.06,-0.041,-0.006,295.4,24.04,22.02
"2020-09-19 21:17:26.5",387890,0.06,-0.042,-0.006,295.4,24.07,22.06
"2020-09-19 21:17:26.6",387891,0.06,-0.041,-0.006,295.4,24.04,22.02
"2020-09-19 21:17:26.7",387892,0.06,-0.041,-0.006,295.4,24.04,22.02
"2020-09-19 21:17:26.8",387893,0.06,-0.042,-0.006,295.4,24.04,22.02
"2020-09-19 21:17:26.9",387894,0.011,-0.041,0.024,295.4,24.04,22.02
"2020-09-19 21:17:27",387895,0.012,-0.041,0.025,295.4,24.04,22.02
"2020-09-19 21:17:27.1",387896,0.06,-0.041,-0.006,295.4,24.04,22.02
"2020-09-19 21:17:27.2",387897,0.06,-0.042,-0.006,295.4,24.04,22.02
"2020-09-19 21:17:27.3",387898,0.06,-0.042,-0.006,295.4,24.04,22.02
"2020-09-19 21:17:27.4",387899,-0.009,-0.003,-0.006,295.5,24.04,22.02
"2020-09-19 21:17:27.5",387900,-0.009,-0.003,-0.006,295.5,24.04,22.02
"2020-09-19 21:17:27.6",387901,-0.009,-0.002,-0.006,295.5,24.04,22.02
"2020-09-19 21:17:27.7",387902,-0.009,-0.003,-0.006,295.5,24.06,22.02
"2020-09-19 21:17:27.8",387903,-0.009,-0.003,-0.006,295.5,24.04,22.02
"2020-09-19 21:17:27.9",387904,-0.009,-0.002,-0.006,295.5,24.04,22.02
"2020-09-19 21:17:28",387905,-0.009,-0.002,-0.006,295.5,24.04,22.02
"2020-09-19 21:17:28.1",387906,0.031,-0.002,0.044,295.5,24.04,22.02
"2020-09-19 21:17:28.2",387907,0.031,-0.002,0.044,295.5,24.04,22.02
"2020-09-19 21:17:28.3",387908,0.031,-0.003,0.044,295.5,24.04,22.02
"2020-09-19 21:17:28.4",387909,0.031,-0.002,0.044,295.5,24.04,22.02
"2020-09-19 21:17:28.5",387910,0.031,-0.002,0.044,295.5,24.04,22.02
"2020-09-19 21:17:28.6",387911,-0.009,-0.002,0.073,295.6,24.04,22.02
"2020-09-19 21:17:28.7",387912,-0.009,-0.002,0.073,295.6,24.04,22.02
"2020-09-19 21:17:28.8",387913,-0.009,-0.003,0.073,295.6,24.04,22.02
"2020-09-19 21:17:28.9",387914,-0.009,0.008,0.044,295.5,24.04,22.02
"2020-09-19 21:17:29",387915,-0.009,0.008,0.044,295.5,24.07,22.08
"2020-09-19 21:17:29.1",387916,-0.009,-0.002,0.073,295.5,24.04,22.02
"2020-09-19 21:17:29.2",387917,-0.009,-0.003,0.073,295.5,24.04,22.02
"2020-09-19 21:17:29.3",387918,-0.009,-0.003,0.073,295.5,24.04,22.02
"2020-09-19 21:17:29.4",387919,0.031,-0.003,0.044,295.5,24.04,22.02
"2020-09-19 21:17:29.5",387920,0.031,-0.003,0.044,295.5,24.04,22.02
"2020-09-19 21:17:29.6",387921,0.031,-0.003,0.044,295.5,24.04,22.02
"2020-09-19 21:17:29.7",387922,0.031,-0.002,0.044,295.5,24.04,22.02
"2020-09-19 21:17:29.8",387923,0.031,-0.002,0.044,295.5,24.04,22.02
"2020-09-19 21:17:29.9",387924,0.011,-0.042,0.024,295.5,24.04,22.02
"2020-09-19 21:17:30",387925,0.012,-0.042,0.024,295.4,24.04,22.02
"2020-09-19 21:17:30.1",387926,0.011,-0.042,0.024,295.4,24.04,22.02
"2020-09-19 21:17:30.2",387927,0.011,-0.041,0.024,295.5,24.04,22.02
"2020-09-19 21:17:30.3",387928,0.011,-0.042,0.024,295.4,24.04,22.02
"2020-09-19 21:17:30.4",387929,-0.019,-0.041,0.044,295.5,24.04,22.02
"2020-09-19 21:17:30.5",387930,-0.019,-0.042,0.044,295.5,24.04,22.02
"2020-09-19 21:17:30.6",387931,-0.019,-0.042,0.044,295.5,24.04,22.02
"2020-09-19 21:17:30.7",387932,-0.019,-0.042,0.044,295.5,24.04,22.02
"2020-09-19 21:17:30.8",387933,-0.018,-0.042,0.044,295.5,24.04,22.02
"2020-09-19 21:17:30.9",387934,0.012,-0.042,0.024,295.5,24.04,22.02
"2020-09-19 21:17:31",387935,0.012,-0.041,0.024,295.4,24.04,22.02
"2020-09-19 21:17:31.1",387936,0.031,-0.002,0.044,295.5,24.04,22.02
"2020-09-19 21:17:31.2",387937,0.031,-0.002,0.044,295.5,24.04,22.02
"2020-09-19 21:17:31.3",387938,0.031,-0.003,0.044,295.5,24.04,22.02
"2020-09-19 21:17:31.4",387939,0.031,-0.003,0.044,295.5,24.04,22.02
"2020-09-19 21:17:31.5",387940,0.031,-0.002,0.044,295.5,24.07,22.08
"2020-09-19 21:17:31.6",387941,0.011,-0.041,0.025,295.4,24.04,22.02
"2020-09-19 21:17:31.7",387942,0.011,-0.041,0.024,295.4,24.04,22.02
"2020-09-19 21:17:31.8",387943,0.011,-0.042,0.024,295.4,24.04,22.02
"2020-09-19 21:17:31.9",387944,-0.018,-0.042,0.044,295.5,24.04,22.02
"2020-09-19 21:17:32",387945,-0.019,-0.042,0.044,295.5,24.04,22.02
"2020-09-19 21:17:32.1",387946,0.031,-0.002,0.044,295.5,24.04,22.02
"2020-09-19 21:17:32.2",387947,0.031,-0.003,0.044,295.5,24.04,22.02
"2020-09-19 21:17:32.3",387948,0.031,-0.002,0.044,295.5,24.04,22.02
"2020-09-19 21:17:32.4",387949,0.031,-0.003,0.044,295.5,24.04,22.02
"2020-09-19 21:17:32.5",387950,0.031,-0.002,0.044,295.5,24.04,22.02
"2020-09-19 21:17:32.6",387951,0.031,-0.002,0.044,295.5,24.04,22.02
"2020-09-19 21:17:32.7",387952,0.031,-0.003,0.044,295.5,24.04,22.02
"2020-09-19 21:17:32.8",387953,0.031,-0.002,0.044,295.5,24.04,22.02
"2020-09-19 21:17:32.9",387954,-0.009,-0.003,0.073,295.5,24.04,22.02
"2020-09-19 21:17:33",387955,-0.008,-0.002,0.073,295.5,24.04,22.02
"2020-09-19 21:17:33.1",387956,-0.009,-0.002,0.073,295.5,24.04,22.02
"2020-09-19 21:17:33.2",387957,-0.009,-0.003,0.073,295.5,24.04,22.02
"2020-09-19 21:17:33.3",387958,-0.009,-0.003,0.073,295.5,24.04,22.02
"2020-09-19 21:17:33.4",387959,-0.009,-0.002,0.073,295.5,24.04,22.02
"2020-09-19 21:17:33.5",387960,-0.009,-0.002,0.073,295.5,24.04,22.02
"2020-09-19 21:17:33.6",387961,0.011,0.008,0.024,295.5,24.04,22.02
"2020-09-19 21:17:33.7",387962,0.011,0.008,0.024,295.5,24.04,22.02
"2020-09-19 21:17:33.8",387963,0.011,0.008,0.024,295.5,24.04,22.02
"2020-09-19 21:17:33.9",387964,0.012,0.008,0.024,295.5,24.04,22.02
"2020-09-19 21:17:34",387965,0.012,0.008,0.025,295.5,24.09,22.08
"2020-09-19 21:17:34.1",387966,0.011,0.008,0.024,295.4,24.04,22.02
"2020-09-19 21:17:34.2",387967,0.012,0.008,0.024,295.4,24.04,22.02
"2020-09-19 21:17:34.3",387968,0.011,0.008,0.024,295.4,24.04,22.02
"2020-09-19 21:17:34.4",387969,0.011,0.008,0.024,295.4,24.04,22.02
"2020-09-19 21:17:34.5",387970,0.012,0.008,0.024,295.5,24.04,22.02
"2020-09-19 21:17:34.6",387971,0.011,0.008,0.024,295.5,24.04,22.02
"2020-09-19 21:17:34.7",387972,0.011,0.008,0.024,295.4,24.04,22.02
"2020-09-19 21:17:34.8",387973,0.011,0.008,0.024,295.4,24.04,22.02
"2020-09-19 21:17:34.9",387974,0.012,0.008,0.024,295.4,24.04,22.02
"2020-09-19 21:17:35",387975,0.012,0.008,0.024,295.4,24.04,22.02
"2020-09-19 21:17:35.1",387976,0.051,0.018,-0.006,295.5,24.04,22.02
"2020-09-19 21:17:35.2",387977,0.051,0.018,-0.006,295.5,24.04,22.02
"2020-09-19 21:17:35.3",387978,0.05,0.018,-0.007,295.5,24.04,22.04
"2020-09-19 21:17:35.4",387979,0.012,0.008,0.024,295.5,24.04,22.02
"2020-09-19 21:17:35.5",387980,0.012,0.008,0.024,295.5,24.04,22.02
"2020-09-19 21:17:35.6",387981,0.011,0.008,0.024,295.5,24.04,22.02
"2020-09-19 21:17:35.7",387982,0.012,0.008,0.025,295.5,24.04,22.02
"2020-09-19 21:17:35.8",387983,0.011,0.008,0.024,295.5,24.04,22.02
"2020-09-19 21:17:35.9",387984,0.011,0.008,0.024,295.5,24.04,22.02
"2020-09-19 21:17:36",387985,0.012,0.008,0.024,295.5,24.04,22.02
"2020-09-19 21:17:36.1",387986,0.011,0.008,0.024,295.5,24.04,22.02
"2020-09-19 21:17:36.2",387987,0.011,0.009,0.024,295.5,24.04,22.02
"2020-09-19 21:17:36.3",387988,0.011,0.008,0.024,295.5,24.04,22.02
"2020-09-19 21:17:36.4",387989,0.012,0.008,0.024,295.5,24.04,22.02
"2020-09-19 21:17:36.5",387990,0.011,0.008,0.024,295.5,24.09,22.07
"2020-09-19 21:17:36.6",387991,0.011,0.008,0.024,295.5,24.04,22.02
"2020-09-19 21:17:36.7",387992,0.011,0.008,0.024,295.5,24.04,22.02
"2020-09-19 21:17:36.8",387993,0.011,0.008,0.024,295.5,24.04,22.02
"2020-09-19 21:17:36.9",387994,0.011,0.008,0.024,295.5,24.04,22.02
"2020-09-19 21:17:37",387995,0.011,0.008,0.024,295.5,24.04,22.02
"2020-09-19 21:17:37.1",387996,-0.009,-0.002,-0.006,295.5,24.04,22.02
"2020-09-19 21:17:37.2",387997,-0.009,-0.002,-0.006,295.5,24.04,22.02
"2020-09-19 21:17:37.3",387998,-0.009,-0.003,-0.006,295.5,24.04,22.02
"2020-09-19 21:17:37.4",387999,-0.009,-0.002,-0.006,295.5,24.04,22.02
"2020-09-19 21:17:37.5",388000,-0.009,-0.002,-0.006,295.5,24.04,22.02
"2020-09-19 21:17:37.6",388001,-0.009,-0.002,-0.006,295.5,24.04,22.02
"2020-09-19 21:17:37.7",388002,-0.009,-0.002,-0.006,295.5,24.04,22.02
"2020-09-19 21:17:37.8",388003,-0.009,-0.003,-0.006,295.5,24.04,22.05
"2020-09-19 21:17:37.9",388004,-0.009,-0.002,-0.006,295.6,24.04,22.02
"2020-09-19 21:17:38",388005,-0.009,-0.002,-0.006,295.6,24.04,22.02
"2020-09-19 21:17:38.1",388006,-0.009,-0.002,-0.006,295.6,24.04,22.02
"2020-09-19 21:17:38.2",388007,-0.008,-0.003,-0.006,295.6,24.04,22.02
"2020-09-19 21:17:38.3",388008,-0.009,-0.003,-0.006,295.6,24.04,22.02
"2020-09-19 21:17:38.4",388009,-0.009,-0.003,-0.006,295.6,24.04,22.02
"2020-09-19 21:17:38.5",388010,-0.009,-0.002,-0.006,295.6,24.04,22.02
"2020-09-19 21:17:38.6",388011,-0.009,-0.002,-0.006,295.6,24.04,22.02
"2020-09-19 21:17:38.7",388012,-0.009,-0.003,-0.006,295.6,24.04,22.02
"2020-09-19 21:17:38.8",388013,-0.009,-0.003,-0.006,295.6,24.04,22.02
"2020-09-19 21:17:38.9",388014,-0.009,-0.002,-0.006,295.6,24.04,22.02
"2020-09-19 21:17:39",388015,-0.009,-0.003,-0.006,295.6,24.09,22.05
"2020-09-19 21:17:39.1",388016,-0.009,-0.003,-0.006,295.6,24.04,22.02
"2020-09-19 21:17:39.2",388017,-0.009,-0.002,-0.006,295.6,24.04,22.02
"2020-09-19 21:17:39.3",388018,-0.009,-0.003,-0.006,295.6,24.04,22.02
"2020-09-19 21:17:39.4",388019,-0.009,-0.032,-0.016,295.5,24.04,22.02
"2020-09-19 21:17:39.5",388020,-0.009,-0.032,-0.016,295.5,24.04,22.02
"2020-09-19 21:17:39.6",388021,-0.008,-0.003,-0.006,295.5,24.04,22.02
"2020-09-19 21:17:39.7",388022,-0.009,-0.003,-0.006,295.5,24.04,22.02
"2020-09-19 21:17:39.8",388023,-0.009,-0.003,-0.006,295.5,24.04,22.02
"2020-09-19 21:17:39.9",388024,-0.009,-0.002,-0.006,295.5,24.04,22.02
"2020-09-19 21:17:40",388025,-0.009,-0.003,-0.006,295.5,24.04,22.02
"2020-09-19 21:17:40.1",388026,0.021,-0.002,-0.016,295.4,24.04,22.02
"2020-09-19 21:17:40.2",388027,0.021,-0.003,-0.016,295.5,24.04,22.02
"2020-09-19 21:17:40.3",388028,0.021,-0.003,-0.016,295.4,24.04,22.05
"2020-09-19 21:17:40.4",388029,0.021,-0.003,-0.016,295.4,24.04,22.02
"2020-09-19 21:17:40.5",388030,0.021,-0.003,-0.016,295.4,24.04,22.02
"2020-09-19 21:17:40.6",388031,0.021,-0.002,-0.016,295.4,24.04,22.02
"2020-09-19 21:17:40.7",388032,0.021,-0.002,-0.016,295.5,24.04,22.02
"2020-09-19 21:17:40.8",388033,0.021,-0.003,-0.016,295.4,24.04,22.02
"2020-09-19 21:17:40.9",388034,-0.009,-0.003,-0.006,295.4,24.04,22.02
"2020-09-19 21:17:41",388035,-0.009,-0.002,-0.006,295.4,24.04,22.02
"2020-09-19 21:17:41.1",388036,-0.009,-0.003,-0.006,295.4,24.04,22.02
"2020-09-19 21:17:41.2",388037,-0.009,-0.003,-0.006,295.4,24.04,22.02
"2020-09-19 21:17:41.3",388038,-0.009,-0.002,-0.006,295.4,24.04,22.02
"2020-09-19 21:17:41.4",388039,-0.009,-0.002,-0.006,295.4,24.04,22.02
"2020-09-19 21:17:41.5",388040,-0.009,-0.002,-0.006,295.4,24.09,22.02
"2020-09-19 21:17:41.6",388041,-0.009,-0.003,-0.006,295.4,24.04,22.02
"2020-09-19 21:17:41.7",388042,-0.009,-0.003,-0.006,295.4,24.04,22.02
"2020-09-19 21:17:41.8",388043,-0.009,-0.003,-0.006,295.4,24.04,22.02
"2020-09-19 21:17:41.9",388044,-0.009,-0.003,-0.006,295.4,24.04,22.02
"2020-09-19 21:17:42",388045,-0.009,-0.002,-0.006,295.4,24.04,22.02
"2020-09-19 21:17:42.1",388046,-0.008,-0.002,-0.006,295.4,24.04,22.02
"2020-09-19 21:17:42.2",388047,-0.009,-0.003,-0.006,295.4,24.04,22.02
"2020-09-19 21:17:42.3",388048,-0.009,-0.003,-0.006,295.4,24.04,22.02
"2020-09-19 21:17:42.4",388049,0.011,0.008,0.025,295.4,24.04,22.02
"2020-09-19 21:17:42.5",388050,0.011,0.008,0.024,295.4,24.04,22.02
"2020-09-19 21:17:42.6",388051,0.012,0.008,0.024,295.4,24.04,22.02
"2020-09-19 21:17:42.7",388052,0.012,0.008,0.024,295.4,24.04,22.02
"2020-09-19 21:17:42.8",388053,0.011,0.008,0.024,295.4,24.06,22.07
"2020-09-19 21:17:42.9",388054,0.011,0.008,0.024,295.4,24.04,22.02
"2020-09-19 21:17:43",388055,0.011,0.008,0.024,295.4,24.04,22.02
"2020-09-19 21:17:43.1",388056,0.012,0.008,0.025,295.5,24.04,22.02
"2020-09-19 21:17:43.2",388057,0.011,0.008,0.024,295.4,24.04,22.02
"2020-09-19 21:17:43.3",388058,0.011,0.008,0.024,295.5,24.04,22.02
"2020-09-19 21:17:43.4",388059,-0.009,0.008,0.044,295.5,24.04,22.02
"2020-09-19 21:17:43.5",388060,-0.009,0.008,0.044,295.5,24.04,22.02
"2020-09-19 21:17:43.6",388061,-0.009,0.008,0.044,295.5,24.04,22.02
"2020-09-19 21:17:43.7",388062,-0.009,0.008,0.044,295.5,24.04,22.02
"2020-09-19 21:17:43.8",388063,-0.009,0.008,0.044,295.5,24.04,22.02
"2020-09-19 21:17:43.9",388064,-0.009,0.008,0.044,295.5,24.04,22.02
"2020-09-19 21:17:44",388065,-0.009,0.008,0.044,295.5,24.06,22.02
"2020-09-19 21:17:44.1",388066,-0.009,0.008,0.044,295.5,24.04,22.02
"2020-09-19 21:17:44.2",388067,-0.009,0.008,0.044,295.5,24.04,22.02
"2020-09-19 21:17:44.3",388068,-0.009,0.008,0.044,295.4,24.04,22.02
"2020-09-19 21:17:44.4",388069,-0.009,-0.002,0.073,295.4,24.04,22.02
"2020-09-19 21:17:44.5",388070,-0.009,-0.002,0.073,295.4,24.04,22.02
"2020-09-19 21:17:44.6",388071,-0.009,-0.002,0.073,295.5,24.04,22.02
"2020-09-19 21:17:44.7",388072,-0.009,-0.003,0.073,295.4,24.04,22.02
"2020-09-19 21:17:44.8",388073,-0.009,-0.002,0.073,295.5,24.04,22.02
"2020-09-19 21:17:44.9",388074,0.012,0.008,0.024,295.5,24.04,22.02
"2020-09-19 21:17:45",388075,0.011,0.008,0.024,295.5,24.04,22.02
"2020-09-19 21:17:45.1",388076,0.051,0.018,-0.006,295.5,24.04,22.02
"2020-09-19 21:17:45.2",388077,0.05,0.018,-0.006,295.5,24.04,22.02
"2020-09-19 21:17:45.3",388078,0.05,0.018,-0.006,295.5,24.07,22.08
"2020-09-19 21:17:45.4",388079,0.05,0.018,-0.006,295.5,24.04,22.02
"2020-09-19 21:17:45.5",388080,0.05,0.018,-0.006,295.5,24.04,22.02
"2020-09-19 21:17:45.6",388081,-0.009,-0.003,-0.006,295.4,24.04,22.02
"2020-09-19 21:17:45.7",388082,-0.009,-0.002,-0.006,295.4,24.04,22.02
"2020-09-19 21:17:45.8",388083,-0.009,-0.003,-0.006,295.4,24.04,22.02
"2020-09-19 21:17:45.9",388084,-0.009,-0.002,-0.006,295.4,24.04,22.02
"2020-09-19 21:17:46",388085,-0.009,-0.002,-0.006,295.4,24.04,22.02
"2020-09-19 21:17:46.1",388086,-0.009,-0.002,-0.006,295.4,24.04,22.02
"2020-09-19 21:17:46.2",388087,-0.009,-0.002,-0.006,295.4,24.04,22.02
"2020-09-19 21:17:46.3",388088,-0.009,-0.003,-0.006,295.4,24.04,22.02
"2020-09-19 21:17:46.4",388089,-0.009,-0.003,-0.006,295.4,24.04,22.02
"2020-09-19 21:17:46.5",388090,-0.009,-0.002,-0.006,295.4,24.04,22.02
"2020-09-19 21:17:46.6",388091,-0.009,-0.003,-0.006,295.4,24.04,22.02
"2020-09-19 21:17:46.7",388092,-0.009,-0.002,-0.006,295.4,24.04,22.02
"2020-09-19 21:17:46.8",388093,-0.009,-0.002,0.024,295.4,24.04,22.02
"2020-09-19 21:17:46.9",388094,0.012,-0.041,0.025,295.4,24.04,22.02
"2020-09-19 21:17:47",388095,0.011,-0.042,0.024,295.4,24.04,22.02
"2020-09-19 21:17:47.1",388096,0.011,-0.041,0.025,295.4,24.04,22.02
"2020-09-19 21:17:47.2",388097,0.012,-0.041,0.024,295.4,24.04,22.02
"2020-09-19 21:17:47.3",388098,0.011,-0.041,0.024,295.4,24.04,22.02
"2020-09-19 21:17:47.4",388099,0.012,-0.042,0.025,295.5,24.04,22.02
"2020-09-19 21:17:47.5",388100,0.011,-0.042,0.025,295.4,24.04,22.02
"2020-09-19 21:17:47.6",388101,0.011,-0.042,0.024,295.4,24.04,22.02
"2020-09-19 21:17:47.7",388102,0.011,-0.042,0.024,295.4,24.04,22.02
"2020-09-19 21:17:47.8",388103,0.012,-0.042,0.024,295.4,24.07,22.08
"2020-09-19 21:17:47.9",388104,0.011,-0.041,0.025,295.5,24.04,22.02
"2020-09-19 21:17:48",388105,0.011,-0.042,0.024,295.5,24.04,22.02
"2020-09-19 21:17:48.1",388106,-0.009,-0.002,-0.006,295.5,24.04,22.02
"2020-09-19 21:17:48.2",388107,-0.009,-0.002,-0.006,295.5,24.04,22.02
"2020-09-19 21:17:48.3",388108,-0.009,-0.002,-0.006,295.5,24.04,22.02
"2020-09-19 21:17:48.4",388109,-0.009,-0.003,-0.006,295.5,24.04,22.02
"2020-09-19 21:17:48.5",388110,-0.009,-0.003,-0.006,295.5,24.04,22.02
"2020-09-19 21:17:48.6",388111,-0.009,-0.002,-0.006,295.5,24.04,22.02
"2020-09-19 21:17:48.7",388112,-0.009,-0.002,-0.006,295.5,24.04,22.02
"2020-09-19 21:17:48.8",388113,-0.009,-0.003,-0.007,295.5,24.04,22.02
"2020-09-19 21:17:48.9",388114,-0.009,-0.002,-0.007,295.5,24.04,22.02
"2020-09-19 21:17:49",388115,-0.009,-0.002,-0.006,295.5,24.04,22.02
"2020-09-19 21:17:49.1",388116,-0.009,-0.002,-0.006,295.5,24.04,22.02
"2020-09-19 21:17:49.2",388117,-0.009,-0.002,-0.006,295.5,24.04,22.02
"2020-09-19 21:17:49.3",388118,-0.009,-0.003,-0.006,295.5,24.04,22.02
"2020-09-19 21:17:49.4",388119,-0.009,-0.002,-0.006,295.5,24.04,22.02
"2020-09-19 21:17:49.5",388120,-0.009,-0.002,-0.006,295.5,24.04,22.02
"2020-09-19 21:17:49.6",388121,-0.008,-0.003,-0.006,295.5,24.04,22.02
"2020-09-19 21:17:49.7",388122,-0.009,-0.002,-0.006,295.5,24.04,22.02
"2020-09-19 21:17:49.8",388123,-0.009,-0.002,-0.007,295.5,24.04,22.02
"2020-09-19 21:17:49.9",388124,0.012,0.008,0.024,295.5,24.04,22.02
"2020-09-19 21:17:50",388125,0.012,0.008,0.024,295.5,24.04,22.02
"2020-09-19 21:17:50.1",388126,0.011,0.008,0.024,295.5,24.04,22.02
"2020-09-19 21:17:50.2",388127,0.011,0.008,0.024,295.5,24.04,22.02
"2020-09-19 21:17:50.3",388128,0.011,0.008,0.024,295.5,24.09,22.08
"2020-09-19 21:17:50.4",388129,-0.009,-0.002,-0.006,295.5,24.04,22.02
"2020-09-19 21:17:50.5",388130,-0.009,-0.002,-0.006,295.5,24.04,22.02
"2020-09-19 21:17:50.6",388131,-0.009,-0.003,-0.006,295.5,24.04,22.02
"2020-09-19 21:17:50.7",388132,-0.009,-0.003,-0.006,295.5,24.04,22.02
"2020-09-19 21:17:50.8",388133,-0.009,-0.003,-0.006,295.5,24.04,22.02
"2020-09-19 21:17:50.9",388134,-0.009,-0.003,-0.006,295.5,24.04,22.02
"2020-09-19 21:17:51",388135,-0.009,-0.002,-0.006,295.5,24.04,22.02
"2020-09-19 21:17:51.1",388136,-0.009,-0.002,-0.006,295.5,24.04,22.02
"2020-09-19 21:17:51.2",388137,-0.009,-0.002,-0.006,295.5,24.04,22.02
"2020-09-19 21:17:51.3",388138,-0.009,-0.003,-0.006,295.5,24.04,22.02
"2020-09-19 21:17:51.4",388139,-0.009,-0.002,-0.006,295.5,24.04,22.02
"2020-09-19 21:17:51.5",388140,-0.009,-0.002,-0.006,295.5,24.04,22.02
"2020-09-19 21:17:51.6",388141,-0.018,-0.042,0.044,295.6,24.04,22.04
"2020-09-19 21:17:51.7",388142,-0.018,-0.042,0.044,295.6,24.04,22.02
"2020-09-19 21:17:51.8",388143,-0.019,-0.042,0.024,295.6,24.04,22.02
"2020-09-19 21:17:51.9",388144,0.012,-0.042,0.024,295.6,24.04,22.02
"2020-09-19 21:17:52",388145,0.012,-0.041,0.024,295.6,24.04,22.02
"2020-09-19 21:17:52.1",388146,-0.009,-0.002,-0.006,295.6,24.04,22.02
"2020-09-19 21:17:52.2",388147,-0.009,-0.003,-0.006,295.6,24.04,22.02
"2020-09-19 21:17:52.3",388148,-0.009,-0.002,0.024,295.6,24.04,22.02
"2020-09-19 21:17:52.4",388149,0.012,-0.041,0.024,295.6,24.04,22.02
"2020-09-19 21:17:52.5",388150,0.011,-0.041,0.024,295.6,24.04,22.02
"2020-09-19 21:17:52.6",388151,-0.009,-0.002,-0.006,295.6,24.04,22.02
"2020-09-19 21:17:52.7",388152,-0.009,-0.002,-0.006,295.6,24.04,22.02
"2020-09-19 21:17:52.8",388153,-0.009,-0.002,-0.007,295.6,24.09,22.06
"2020-09-19 21:17:52.9",388154,-0.009,-0.002,-0.006,295.6,24.04,22.02
"2020-09-19 21:17:53",388155,-0.009,-0.002,-0.006,295.6,24.04,22.02
"2020-09-19 21:17:53.1",388156,-0.028,-0.002,0.024,295.6,24.04,22.02
"2020-09-19 21:17:53.2",388157,-0.028,-0.003,0.024,295.6,24.04,22.02
"2020-09-19 21:17:53.3",388158,-0.028,-0.003,-0.002,295.6,24.04,22.02
"2020-09-19 21:17:53.4",388159,-0.009,-0.002,-0.006,295.6,24.04,22.02
"2020-09-19 21:17:53.5",388160,-0.009,-0.002,-0.006,295.6,24.04,22.02
"2020-09-19 21:17:53.6",388161,0.011,0.008,0.024,295.5,24.04,22.02
"2020-09-19 21:17:53.7",388162,0.011,0.008,0.024,295.5,24.04,22.02
"2020-09-19 21:17:53.8",388163,0.011,0.008,0.024,295.5,24.04,22.02
"2020-09-19 21:17:53.9",388164,0.012,0.008,0.024,295.5,24.04,22.02
"2020-09-19 21:17:54",388165,0.012,0.008,0.024,295.5,24.04,22.02
"2020-09-19 21:17:54.1",388166,0.011,0.008,0.025,295.5,24.04,22.05
"2020-09-19 21:17:54.2",388167,0.011,0.008,0.024,295.5,24.04,22.02
"2020-09-19 21:17:54.3",388168,0.011,0.008,0.024,295.5,24.04,22.02
"2020-09-19 21:17:54.4",388169,0.012,0.008,0.024,295.5,24.04,22.02
"2020-09-19 21:17:54.5",388170,0.011,0.008,0.024,295.5,24.04,22.02
"2020-09-19 21:17:54.6",388171,0.05,0.018,-0.006,295.5,24.04,22.02
"2020-09-19 21:17:54.7",388172,0.05,0.018,-0.006,295.5,24.04,22.02
"2020-09-19 21:17:54.8",388173,0.05,0.018,-0.006,295.5,24.04,22.02
"2020-09-19 21:17:54.9",388174,0.021,-0.002,-0.016,295.5,24.04,22.02
"2020-09-19 21:17:55",388175,0.021,-0.003,-0.016,295.5,24.04,22.02
"2020-09-19 21:17:55.1",388176,0.021,-0.002,-0.016,295.5,24.04,22.02
"2020-09-19 21:17:55.2",388177,0.021,-0.002,-0.016,295.5,24.04,22.02
"2020-09-19 21:17:55.3",388178,0.021,-0.003,-0.016,295.5,24.09,22.04
"2020-09-19 21:17:55.4",388179,0.021,-0.002,-0.016,295.5,24.04,22.02
"2020-09-19 21:17:55.5",388180,0.021,-0.003,-0.016,295.5,24.04,22.02
"2020-09-19 21:17:55.6",388181,0.021,-0.002,-0.016,295.5,24.04,22.02
"2020-09-19 21:17:55.7",388182,0.021,-0.002,-0.016,295.5,24.04,22.02
"2020-09-19 21:17:55.8",388183,0.021,-0.003,-0.007,295.5,24.04,22.02
"2020-09-19 21:17:55.9",388184,0.05,0.018,-0.006,295.5,24.04,22.02
"2020-09-19 21:17:56",388185,0.05,0.018,-0.006,295.5,24.04,22.02
"2020-09-19 21:17:56.1",388186,0.051,0.018,-0.006,295.5,24.04,22.02
"2020-09-19 21:17:56.2",388187,0.05,0.018,-0.006,295.5,24.04,22.02
"2020-09-19 21:17:56.3",388188,0.05,0.018,-0.007,295.5,24.04,22.02
"2020-09-19 21:17:56.4",388189,0.05,0.018,-0.006,295.5,24.04,22.02
"2020-09-19 21:17:56.5",388190,0.05,0.018,-0.006,295.5,24.04,22.02
"2020-09-19 21:17:56.6",388191,0.05,0.018,-0.006,295.5,24.04,22.06
"2020-09-19 21:17:56.7",388192,0.051,0.018,-0.006,295.5,24.04,22.02
"2020-09-19 21:17:56.8",388193,0.05,0.018,-0.006,295.5,24.04,22.02
"2020-09-19 21:17:56.9",388194,0.051,0.018,-0.006,295.5,24.04,22.02
"2020-09-19 21:17:57",388195,0.05,0.018,-0.006,295.5,24.04,22.02
"2020-09-19 21:17:57.1",388196,0.05,0.018,-0.006,295.5,24.04,22.02
"2020-09-19 21:17:57.2",388197,0.05,0.018,-0.006,295.5,24.04,22.02
"2020-09-19 21:17:57.3",388198,0.05,0.018,-0.007,295.5,24.04,22.02
"2020-09-19 21:17:57.4",388199,0.051,0.018,-0.006,295.5,24.04,22.02
