"TOA5","10329","CR6","10329","CR6.Std.09.01 CR6-WIFI.04.00.01","CPU:YOUNG81000_HMP60_10Hz.CR6","51185","Young10Hz_hmp"
"TIMESTAMP","RECORD","U","V","W","TSonic","RH","T_HMP60"
"TS","RN","mV","mV","mV","mV","%","Deg C"
"","","Smp","Smp","Smp","Smp","Smp","Smp"
"2020-09-20 19:13:03.8",1177200,-0.019,-0.041,0.117,296.7,23.94,22.75
"2020-09-20 19:13:03.9",1177201,-0.018,-0.081,0.073,296.7,23.94,22.75
"2020-09-20 19:13:04",1177202,-0.018,-0.081,0.073,296.7,23.94,22.75
"2020-09-20 19:13:04.1",1177203,-0.028,-0.002,0.093,296.6,23.99,22.75
"2020-09-20 19:13:04.2",1177204,-0.028,-0.002,0.093,296.6,23.94,22.74
"2020-09-20 19:13:04.3",1177205,-0.028,-0.002,0.093,296.6,23.94,22.74
"2020-09-20 19:13:04.4",1177206,-0.018,-0.042,0.117,296.5,23.94,22.74
"2020-09-20 19:13:04.5",1177207,-0.018,-0.041,0.117,296.5,23.94,22.75
"2020-09-20 19:13:04.6",1177208,-0.028,-0.081,0.093,296.5,23.94,22.75
"2020-09-20 19:13:04.7",1177209,-0.028,-0.081,0.093,296.5,23.94,22.74
"2020-09-20 19:13:04.8",1177210,-0.028,-0.081,0.093,296.5,23.94,22.75
"2020-09-20 19:13:04.9",1177211,-0.009,-0.002,0.073,296.5,23.94,22.75
"2020-09-20 19:13:05",1177212,-0.008,-0.003,0.073,296.5,23.94,22.75
"2020-09-20 19:13:05.1",1177213,-0.009,-0.002,0.073,296.4,23.94,22.75
"2020-09-20 19:13:05.2",1177214,-0.008,-0.002,0.074,296.4,23.94,22.75
"2020-09-20 19:13:05.3",1177215,-0.009,-0.002,0.073,296.4,23.94,22.74
"2020-09-20 19:13:05.4",1177216,-0.009,-0.002,0.073,296.4,23.95,22.77
"2020-09-20 19:13:05.5",1177217,-0.009,-0.002,0.073,296.4,23.94,22.74
"2020-09-20 19:13:05.6",1177218,-0.019,-0.041,0.044,296.5,23.94,22.74
"2020-09-20 19:13:05.7",1177219,-0.018,-0.042,0.044,296.5,23.94,22.75
"2020-09-20 19:13:05.8",1177220,-0.018,-0.041,0.044,296.5,23.94,22.75
"2020-09-20 19:13:05.9",1177221,-0.018,-0.041,0.044,296.5,23.94,22.75
"2020-09-20 19:13:06",1177222,-0.019,-0.041,0.044,296.5,23.94,22.75
"2020-09-20 19:13:06.1",1177223,-0.019,-0.042,0.044,296.5,23.94,22.75
"2020-09-20 19:13:06.2",1177224,-0.018,-0.042,0.044,296.5,23.94,22.75
"2020-09-20 19:13:06.3",1177225,-0.018,-0.041,0.044,296.5,23.94,22.75
"2020-09-20 19:13:06.4",1177226,-0.018,-0.041,0.044,296.5,23.94,22.75
"2020-09-20 19:13:06.5",1177227,-0.018,-0.042,0.044,296.5,23.94,22.75
"2020-09-20 19:13:06.6",1177228,-0.018,-0.041,0.044,296.5,23.97,22.75
"2020-09-20 19:13:06.7",1177229,-0.018,-0.042,0.044,296.5,23.94,22.75
"2020-09-20 19:13:06.8",1177230,-0.018,-0.041,0.044,296.5,23.94,22.74
"2020-09-20 19:13:06.9",1177231,-0.018,-0.041,0.044,296.5,23.94,22.75
"2020-09-20 19:13:07",1177232,-0.018,-0.042,0.044,296.5,23.94,22.75
"2020-09-20 19:13:07.1",1177233,-0.018,-0.041,0.044,296.6,23.94,22.75
"2020-09-20 19:13:07.2",1177234,-0.018,-0.042,0.044,296.6,23.94,22.75
"2020-09-20 19:13:07.3",1177235,-0.018,-0.041,0.044,296.6,23.94,22.74
"2020-09-20 19:13:07.4",1177236,-0.008,-0.002,0.073,296.6,23.94,22.74
"2020-09-20 19:13:07.5",1177237,-0.009,-0.002,0.073,296.6,23.94,22.74
"2020-09-20 19:13:07.6",1177238,0.012,0.008,0.093,296.6,23.94,22.74
"2020-09-20 19:13:07.7",1177239,0.012,0.008,0.093,296.6,23.94,22.74
"2020-09-20 19:13:07.8",1177240,0.012,0.008,0.093,296.6,23.94,22.75
"2020-09-20 19:13:07.9",1177241,-0.009,-0.002,0.073,296.7,23.97,22.79
"2020-09-20 19:13:08",1177242,-0.008,-0.002,0.073,296.7,23.94,22.75
"2020-09-20 19:13:08.1",1177243,0.031,-0.002,0.044,296.8,23.94,22.75
"2020-09-20 19:13:08.2",1177244,0.031,-0.002,0.044,296.8,23.94,22.75
"2020-09-20 19:13:08.3",1177245,0.031,-0.002,0.044,296.8,23.94,22.75
"2020-09-20 19:13:08.4",1177246,-0.009,0.008,0.044,296.8,23.94,22.75
"2020-09-20 19:13:08.5",1177247,-0.008,0.008,0.044,296.8,23.94,22.75
"2020-09-20 19:13:08.6",1177248,-0.028,-0.003,0.093,296.8,23.94,22.75
"2020-09-20 19:13:08.7",1177249,-0.028,-0.002,0.093,296.8,23.94,22.75
"2020-09-20 19:13:08.8",1177250,-0.028,-0.002,0.093,296.8,23.94,22.75
"2020-09-20 19:13:08.9",1177251,-0.028,-0.003,0.093,296.9,23.94,22.75
"2020-09-20 19:13:09",1177252,-0.028,-0.002,0.093,296.9,23.94,22.75
"2020-09-20 19:13:09.1",1177253,-0.019,-0.041,0.044,296.9,23.96,22.75
"2020-09-20 19:13:09.2",1177254,-0.018,-0.041,0.044,296.9,23.94,22.75
"2020-09-20 19:13:09.3",1177255,-0.018,-0.041,0.044,296.9,23.94,22.74
"2020-09-20 19:13:09.4",1177256,0.012,-0.041,0.093,296.9,23.94,22.74
"2020-09-20 19:13:09.5",1177257,0.012,-0.041,0.093,296.9,23.94,22.75
"2020-09-20 19:13:09.6",1177258,0.07,-0.051,0.073,296.8,23.94,22.75
"2020-09-20 19:13:09.7",1177259,0.07,-0.051,0.073,296.8,23.94,22.75
"2020-09-20 19:13:09.8",1177260,0.07,-0.051,0.073,296.8,23.94,22.75
"2020-09-20 19:13:09.9",1177261,-0.008,-0.002,0.073,296.8,23.94,22.75
"2020-09-20 19:13:10",1177262,-0.009,-0.002,0.073,296.8,23.94,22.75
"2020-09-20 19:13:10.1",1177263,-0.009,-0.002,0.063,296.8,23.94,22.75
"2020-09-20 19:13:10.2",1177264,-0.009,-0.002,0.064,296.8,23.94,22.75
"2020-09-20 19:13:10.3",1177265,-0.009,-0.002,0.064,296.8,23.94,22.75
"2020-09-20 19:13:10.4",1177266,-0.009,-0.002,0.063,296.8,23.97,22.81
"2020-09-20 19:13:10.5",1177267,-0.009,-0.002,0.063,296.8,23.94,22.74
"2020-09-20 19:13:10.6",1177268,-0.028,-0.002,0.093,296.8,23.94,22.74
"2020-09-20 19:13:10.7",1177269,-0.028,-0.002,0.093,296.8,23.94,22.74
"2020-09-20 19:13:10.8",1177270,-0.028,-0.002,0.093,296.8,23.94,22.74
"2020-09-20 19:13:10.9",1177271,-0.048,-0.051,0.073,296.8,23.94,22.75
"2020-09-20 19:13:11",1177272,-0.048,-0.051,0.073,296.8,23.94,22.74
"2020-09-20 19:13:11.1",1177273,-0.048,-0.051,0.073,296.9,23.94,22.75
"2020-09-20 19:13:11.2",1177274,-0.048,-0.051,0.073,296.9,23.94,22.75
"2020-09-20 19:13:11.3",1177275,-0.048,-0.051,0.073,296.9,23.94,22.75
"2020-09-20 19:13:11.4",1177276,-0.048,-0.051,0.073,296.8,23.94,22.75
"2020-09-20 19:13:11.5",1177277,-0.048,-0.051,0.073,296.8,23.94,22.75
"2020-09-20 19:13:11.6",1177278,-0.008,-0.002,0.073,296.9,23.94,22.75
"2020-09-20 19:13:11.7",1177279,-0.008,-0.002,0.073,296.9,23.94,22.75
"2020-09-20 19:13:11.8",1177280,-0.009,-0.002,0.073,296.9,23.94,22.75
"2020-09-20 19:13:11.9",1177281,-0.009,-0.002,0.073,297,23.94,22.75
"2020-09-20 19:13:12",1177282,-0.009,-0.002,0.073,297,23.94,22.75
"2020-09-20 19:13:12.1",1177283,0.012,-0.042,0.093,296.9,23.94,22.75
"2020-09-20 19:13:12.2",1177284,0.012,-0.042,0.093,296.9,23.94,22.75
"2020-09-20 19:13:12.3",1177285,0.012,-0.041,0.093,296.9,23.94,22.75
"2020-09-20 19:13:12.4",1177286,-0.008,-0.002,0.073,296.8,23.94,22.75
"2020-09-20 19:13:12.5",1177287,-0.009,-0.002,0.073,296.8,23.94,22.75
"2020-09-20 19:13:12.6",1177288,-0.019,-0.081,0.073,296.8,23.94,22.75
"2020-09-20 19:13:12.7",1177289,-0.018,-0.081,0.073,296.8,23.94,22.75
"2020-09-20 19:13:12.8",1177290,-0.018,-0.081,0.073,296.8,23.94,22.75
"2020-09-20 19:13:12.9",1177291,0.012,-0.041,0.093,296.7,23.97,22.8
"2020-09-20 19:13:13",1177292,0.012,-0.042,0.093,296.7,23.94,22.75
"2020-09-20 19:13:13.1",1177293,-0.008,-0.002,0.073,296.5,23.94,22.75
"2020-09-20 19:13:13.2",1177294,-0.009,-0.002,0.073,296.5,23.94,22.75
"2020-09-20 19:13:13.3",1177295,-0.009,-0.003,0.073,296.5,23.94,22.75
"2020-09-20 19:13:13.4",1177296,-0.018,-0.08,0.073,296.6,23.94,22.74
"2020-09-20 19:13:13.5",1177297,-0.018,-0.081,0.073,296.6,23.94,22.75
"2020-09-20 19:13:13.6",1177298,-0.009,-0.003,0.073,296.7,23.94,22.75
"2020-09-20 19:13:13.7",1177299,-0.008,-0.002,0.073,296.7,23.94,22.75
"2020-09-20 19:13:13.8",1177300,-0.009,-0.002,0.073,296.7,23.94,22.75
"2020-09-20 19:13:13.9",1177301,-0.008,-0.002,0.073,296.7,23.94,22.75
"2020-09-20 19:13:14",1177302,-0.009,-0.002,0.073,296.7,23.94,22.75
"2020-09-20 19:13:14.1",1177303,0.011,-0.042,0.093,296.8,23.94,22.75
"2020-09-20 19:13:14.2",1177304,0.012,-0.041,0.093,296.8,23.94,22.75
"2020-09-20 19:13:14.3",1177305,0.012,-0.041,0.093,296.8,23.94,22.74
"2020-09-20 19:13:14.4",1177306,-0.018,-0.042,0.117,296.8,23.94,22.75
"2020-09-20 19:13:14.5",1177307,-0.018,-0.042,0.117,296.8,23.94,22.75
"2020-09-20 19:13:14.6",1177308,0.012,-0.041,0.093,296.8,23.94,22.75
"2020-09-20 19:13:14.7",1177309,0.012,-0.042,0.093,296.8,23.94,22.75
"2020-09-20 19:13:14.8",1177310,0.011,-0.041,0.093,296.8,23.94,22.75
"2020-09-20 19:13:14.9",1177311,-0.009,-0.032,0.117,296.9,23.94,22.75
"2020-09-20 19:13:15",1177312,-0.009,-0.032,0.117,296.9,23.94,22.75
"2020-09-20 19:13:15.1",1177313,-0.038,-0.002,0.083,297,23.94,22.75
"2020-09-20 19:13:15.2",1177314,-0.038,-0.002,0.083,297,23.94,22.75
"2020-09-20 19:13:15.3",1177315,-0.038,-0.002,0.083,297,23.94,22.75
"2020-09-20 19:13:15.4",1177316,-0.008,-0.002,0.064,297.1,23.99,22.8
"2020-09-20 19:13:15.5",1177317,-0.009,-0.002,0.064,297.1,23.94,22.74
"2020-09-20 19:13:15.6",1177318,0.021,-0.032,0.083,297.1,23.94,22.74
"2020-09-20 19:13:15.7",1177319,0.021,-0.032,0.083,297.1,23.94,22.74
"2020-09-20 19:13:15.8",1177320,0.021,-0.032,0.083,297.1,23.94,22.75
"2020-09-20 19:13:15.9",1177321,-0.008,-0.003,0.073,296.9,23.94,22.75
"2020-09-20 19:13:16",1177322,-0.009,-0.003,0.073,296.9,23.94,22.75
"2020-09-20 19:13:16.1",1177323,-0.009,-0.002,0.073,296.9,23.94,22.75
"2020-09-20 19:13:16.2",1177324,-0.009,-0.002,0.073,296.9,23.94,22.75
"2020-09-20 19:13:16.3",1177325,-0.009,-0.002,0.073,296.9,23.94,22.75
"2020-09-20 19:13:16.4",1177326,-0.028,-0.002,0.093,296.9,23.94,22.75
"2020-09-20 19:13:16.5",1177327,-0.028,-0.002,0.093,296.9,23.94,22.75
"2020-09-20 19:13:16.6",1177328,-0.048,-0.051,0.073,296.8,23.94,22.75
"2020-09-20 19:13:16.7",1177329,-0.048,-0.051,0.073,296.8,23.94,22.77
"2020-09-20 19:13:16.8",1177330,-0.048,-0.051,0.073,296.8,23.94,22.75
"2020-09-20 19:13:16.9",1177331,-0.048,-0.051,0.073,296.8,23.94,22.75
"2020-09-20 19:13:17",1177332,-0.048,-0.051,0.073,296.8,23.94,22.75
"2020-09-20 19:13:17.1",1177333,-0.028,-0.002,0.093,296.9,23.94,22.74
"2020-09-20 19:13:17.2",1177334,-0.028,-0.002,0.093,296.9,23.94,22.75
"2020-09-20 19:13:17.3",1177335,-0.028,-0.002,0.093,296.9,23.94,22.75
"2020-09-20 19:13:17.4",1177336,-0.008,-0.002,0.063,297.2,23.94,22.75
"2020-09-20 19:13:17.5",1177337,-0.009,-0.002,0.063,297.2,23.94,22.74
"2020-09-20 19:13:17.6",1177338,-0.008,0.018,0.107,297.2,23.94,22.74
"2020-09-20 19:13:17.7",1177339,-0.009,0.018,0.107,297.2,23.94,22.75
"2020-09-20 19:13:17.8",1177340,-0.009,0.018,0.107,297.2,23.94,22.75
"2020-09-20 19:13:17.9",1177341,-0.009,-0.002,0.137,297.1,23.99,22.78
"2020-09-20 19:13:18",1177342,-0.009,-0.002,0.137,297.1,23.94,22.75
"2020-09-20 19:13:18.1",1177343,-0.009,-0.002,0.137,297,23.94,22.75
"2020-09-20 19:13:18.2",1177344,-0.009,-0.002,0.137,297,23.94,22.75
"2020-09-20 19:13:18.3",1177345,-0.009,-0.002,0.137,297,23.94,22.75
"2020-09-20 19:13:18.4",1177346,-0.008,0.008,0.117,297,23.94,22.75
"2020-09-20 19:13:18.5",1177347,-0.009,0.008,0.117,297,23.94,22.75
"2020-09-20 19:13:18.6",1177348,-0.009,-0.002,0.073,297,23.94,22.75
"2020-09-20 19:13:18.7",1177349,-0.008,-0.002,0.073,297,23.94,22.75
"2020-09-20 19:13:18.8",1177350,-0.009,-0.002,0.073,297,23.94,22.75
"2020-09-20 19:13:18.9",1177351,-0.008,-0.002,0.073,296.8,23.94,22.75
"2020-09-20 19:13:19",1177352,-0.008,-0.002,0.073,296.8,23.94,22.75
"2020-09-20 19:13:19.1",1177353,-0.008,-0.002,0.073,296.7,23.94,22.75
"2020-09-20 19:13:19.2",1177354,-0.009,-0.002,0.073,296.7,23.94,22.78
"2020-09-20 19:13:19.3",1177355,-0.008,-0.002,0.073,296.7,23.94,22.74
"2020-09-20 19:13:19.4",1177356,-0.009,-0.002,0.073,296.7,23.94,22.74
"2020-09-20 19:13:19.5",1177357,-0.009,-0.002,0.073,296.7,23.94,22.74
"2020-09-20 19:13:19.6",1177358,-0.018,-0.041,0.117,296.7,23.94,22.74
"2020-09-20 19:13:19.7",1177359,-0.018,-0.041,0.117,296.7,23.94,22.74
"2020-09-20 19:13:19.8",1177360,-0.018,-0.041,0.117,296.7,23.94,22.74
"2020-09-20 19:13:19.9",1177361,-0.018,-0.041,0.044,296.7,23.94,22.75
"2020-09-20 19:13:20",1177362,-0.018,-0.041,0.044,296.7,23.94,22.75
"2020-09-20 19:13:20.1",1177363,-0.008,0.008,0.044,296.9,23.94,22.75
"2020-09-20 19:13:20.2",1177364,-0.009,0.008,0.044,296.9,23.94,22.75
"2020-09-20 19:13:20.3",1177365,-0.008,0.008,0.044,296.9,23.94,22.75
"2020-09-20 19:13:20.4",1177366,-0.009,-0.002,0.064,297,23.99,22.75
"2020-09-20 19:13:20.5",1177367,-0.009,-0.002,0.064,297,23.94,22.74
"2020-09-20 19:13:20.6",1177368,-0.057,-0.042,0.064,297,23.94,22.74
"2020-09-20 19:13:20.7",1177369,-0.057,-0.042,0.063,297,23.94,22.74
"2020-09-20 19:13:20.8",1177370,-0.058,-0.042,0.063,297,23.94,22.74
"2020-09-20 19:13:20.9",1177371,-0.009,-0.002,0.064,296.9,23.94,22.74
"2020-09-20 19:13:21",1177372,-0.009,-0.002,0.063,296.9,23.94,22.75
"2020-09-20 19:13:21.1",1177373,-0.048,-0.051,0.073,296.8,23.94,22.75
"2020-09-20 19:13:21.2",1177374,-0.048,-0.051,0.073,296.8,23.94,22.75
"2020-09-20 19:13:21.3",1177375,-0.048,-0.051,0.073,296.8,23.94,22.74
"2020-09-20 19:13:21.4",1177376,-0.009,-0.002,0.073,296.7,23.94,22.75
"2020-09-20 19:13:21.5",1177377,-0.008,-0.002,0.073,296.7,23.94,22.74
"2020-09-20 19:13:21.6",1177378,-0.048,-0.051,0.073,296.7,23.94,22.74
"2020-09-20 19:13:21.7",1177379,-0.048,-0.051,0.073,296.7,23.96,22.77
"2020-09-20 19:13:21.8",1177380,-0.048,-0.051,0.073,296.7,23.94,22.75
"2020-09-20 19:13:21.9",1177381,-0.009,-0.002,0.073,296.6,23.94,22.75
"2020-09-20 19:13:22",1177382,-0.008,-0.002,0.073,296.6,23.94,22.75
"2020-09-20 19:13:22.1",1177383,-0.008,-0.002,0.073,296.6,23.94,22.75
"2020-09-20 19:13:22.2",1177384,-0.008,-0.002,0.073,296.6,23.94,22.75
"2020-09-20 19:13:22.3",1177385,-0.009,-0.002,0.073,296.6,23.94,22.75
"2020-09-20 19:13:22.4",1177386,-0.048,-0.051,0.073,296.8,23.94,22.75
"2020-09-20 19:13:22.5",1177387,-0.048,-0.051,0.073,296.8,23.94,22.75
"2020-09-20 19:13:22.6",1177388,-0.018,-0.041,0.044,296.7,23.94,22.75
"2020-09-20 19:13:22.7",1177389,-0.018,-0.041,0.044,296.7,23.94,22.75
"2020-09-20 19:13:22.8",1177390,-0.018,-0.041,0.044,296.7,23.94,22.75
"2020-09-20 19:13:22.9",1177391,-0.009,-0.002,0.073,296.6,23.98,22.75
"2020-09-20 19:13:23",1177392,-0.009,-0.002,0.073,296.5,23.94,22.75
"2020-09-20 19:13:23.1",1177393,-0.028,-0.003,0.093,296.4,23.94,22.75
"2020-09-20 19:13:23.2",1177394,-0.028,-0.002,0.093,296.4,23.94,22.75
"2020-09-20 19:13:23.3",1177395,-0.028,-0.002,0.093,296.4,23.94,22.75
"2020-09-20 19:13:23.4",1177396,-0.018,-0.042,0.044,296.4,23.94,22.75
"2020-09-20 19:13:23.5",1177397,-0.018,-0.041,0.044,296.4,23.94,22.75
"2020-09-20 19:13:23.6",1177398,-0.018,-0.041,0.044,296.4,23.94,22.75
"2020-09-20 19:13:23.7",1177399,-0.018,-0.041,0.044,296.4,23.94,22.75
"2020-09-20 19:13:23.8",1177400,-0.018,-0.041,0.044,296.4,23.94,22.75
"2020-09-20 19:13:23.9",1177401,-0.018,-0.081,0.073,296.5,23.94,22.75
"2020-09-20 19:13:24",1177402,-0.018,-0.08,0.073,296.5,23.94,22.75
"2020-09-20 19:13:24.1",1177403,-0.028,-0.071,0.015,296.5,23.94,22.75
"2020-09-20 19:13:24.2",1177404,-0.028,-0.071,0.015,296.5,23.96,22.8
"2020-09-20 19:13:24.3",1177405,-0.028,-0.071,0.015,296.5,23.94,22.75
"2020-09-20 19:13:24.4",1177406,-0.018,-0.081,0.073,296.4,23.94,22.75
"2020-09-20 19:13:24.5",1177407,-0.018,-0.081,0.073,296.5,23.94,22.75
"2020-09-20 19:13:24.6",1177408,-0.009,-0.115,0.034,296.4,23.94,22.75
"2020-09-20 19:13:24.7",1177409,-0.009,-0.115,0.034,296.4,23.94,22.75
"2020-09-20 19:13:24.8",1177410,-0.009,-0.115,0.034,296.4,23.94,22.75
"2020-09-20 19:13:24.9",1177411,-0.018,-0.081,0.073,296.5,23.94,22.75
"2020-09-20 19:13:25",1177412,-0.018,-0.081,0.073,296.4,23.94,22.75
"2020-09-20 19:13:25.1",1177413,0.031,-0.081,0.044,296.5,23.94,22.75
"2020-09-20 19:13:25.2",1177414,0.031,-0.081,0.044,296.5,23.94,22.75
"2020-09-20 19:13:25.3",1177415,0.031,-0.081,0.044,296.5,23.94,22.75
"2020-09-20 19:13:25.4",1177416,-0.009,-0.115,0.034,296.5,23.94,22.75
"2020-09-20 19:13:25.5",1177417,-0.009,-0.115,0.034,296.5,23.94,22.74
"2020-09-20 19:13:25.6",1177418,-0.028,-0.071,0.015,296.5,23.94,22.74
"2020-09-20 19:13:25.7",1177419,-0.028,-0.071,0.015,296.5,23.94,22.75
"2020-09-20 19:13:25.8",1177420,-0.028,-0.071,0.015,296.5,23.94,22.75
"2020-09-20 19:13:25.9",1177421,-0.047,-0.051,0.073,296.5,23.94,22.75
"2020-09-20 19:13:26",1177422,-0.048,-0.051,0.073,296.5,23.94,22.75
"2020-09-20 19:13:26.1",1177423,-0.028,-0.081,0.093,296.5,23.94,22.75
"2020-09-20 19:13:26.2",1177424,-0.028,-0.081,0.093,296.5,23.94,22.75
"2020-09-20 19:13:26.3",1177425,-0.028,-0.081,0.093,296.5,23.94,22.75
"2020-09-20 19:13:26.4",1177426,-0.028,-0.081,0.093,296.5,23.94,22.75
"2020-09-20 19:13:26.5",1177427,-0.028,-0.081,0.093,296.5,23.94,22.75
"2020-09-20 19:13:26.6",1177428,-0.019,-0.041,0.044,296.5,23.94,22.75
"2020-09-20 19:13:26.7",1177429,-0.018,-0.041,0.044,296.5,23.97,22.8
"2020-09-20 19:13:26.8",1177430,-0.018,-0.041,0.044,296.5,23.94,22.75
"2020-09-20 19:13:26.9",1177431,-0.018,-0.041,0.044,296.6,23.94,22.75
"2020-09-20 19:13:27",1177432,-0.018,-0.041,0.044,296.6,23.94,22.75
"2020-09-20 19:13:27.1",1177433,-0.028,-0.002,0.093,296.8,23.94,22.75
"2020-09-20 19:13:27.2",1177434,-0.028,-0.002,0.093,296.8,23.94,22.75
"2020-09-20 19:13:27.3",1177435,-0.028,-0.002,0.093,296.8,23.94,22.75
"2020-09-20 19:13:27.4",1177436,-0.028,-0.002,0.024,296.8,23.94,22.75
"2020-09-20 19:13:27.5",1177437,-0.028,-0.002,0.024,296.8,23.94,22.75
"2020-09-20 19:13:27.6",1177438,-0.028,-0.002,0.093,296.8,23.94,22.75
"2020-09-20 19:13:27.7",1177439,-0.028,-0.002,0.093,296.8,23.94,22.75
"2020-09-20 19:13:27.8",1177440,-0.028,-0.002,0.093,296.8,23.94,22.75
"2020-09-20 19:13:27.9",1177441,-0.057,0.008,0.073,296.8,23.94,22.75
"2020-09-20 19:13:28",1177442,-0.058,0.008,0.073,296.8,23.94,22.75
"2020-09-20 19:13:28.1",1177443,-0.009,-0.002,0.073,296.8,23.94,22.75
"2020-09-20 19:13:28.2",1177444,-0.008,-0.002,0.073,296.8,23.94,22.75
"2020-09-20 19:13:28.3",1177445,-0.009,-0.002,0.073,296.8,23.94,22.75
"2020-09-20 19:13:28.4",1177446,-0.028,-0.002,0.093,296.9,23.94,22.75
"2020-09-20 19:13:28.5",1177447,-0.028,-0.002,0.093,296.9,23.94,22.75
"2020-09-20 19:13:28.6",1177448,-0.028,-0.002,0.025,296.9,23.94,22.75
"2020-09-20 19:13:28.7",1177449,-0.028,-0.002,0.024,296.9,23.94,22.75
"2020-09-20 19:13:28.8",1177450,-0.028,-0.002,0.025,296.9,23.94,22.75
"2020-09-20 19:13:28.9",1177451,-0.028,-0.002,0.093,296.9,23.94,22.75
"2020-09-20 19:13:29",1177452,-0.028,-0.002,0.093,296.9,23.94,22.75
"2020-09-20 19:13:29.1",1177453,-0.018,-0.042,0.044,297,23.94,22.75
"2020-09-20 19:13:29.2",1177454,-0.018,-0.041,0.044,297,23.99,22.8
"2020-09-20 19:13:29.3",1177455,-0.019,-0.042,0.044,297,23.94,22.74
"2020-09-20 19:13:29.4",1177456,-0.028,-0.002,0.083,297.1,23.94,22.75
"2020-09-20 19:13:29.5",1177457,-0.028,-0.002,0.083,297.1,23.94,22.75
"2020-09-20 19:13:29.6",1177458,-0.009,-0.003,0.063,297.2,23.94,22.74
"2020-09-20 19:13:29.7",1177459,-0.009,-0.003,0.063,297.2,23.94,22.75
"2020-09-20 19:13:29.8",1177460,-0.009,-0.002,0.064,297.2,23.94,22.75
"2020-09-20 19:13:29.9",1177461,-0.028,-0.002,0.083,297.1,23.94,22.75
"2020-09-20 19:13:30",1177462,-0.028,-0.002,0.083,297.1,23.94,22.75
"2020-09-20 19:13:30.1",1177463,-0.009,0.018,0.107,297.1,23.94,22.75
"2020-09-20 19:13:30.2",1177464,-0.009,0.018,0.107,297.1,23.94,22.75
"2020-09-20 19:13:30.3",1177465,-0.009,0.018,0.107,297.1,23.94,22.75
"2020-09-20 19:13:30.4",1177466,0.012,-0.041,0.093,296.8,23.94,22.75
"2020-09-20 19:13:30.5",1177467,0.012,-0.041,0.093,296.8,23.94,22.78
"2020-09-20 19:13:30.6",1177468,0.012,-0.042,0.093,296.7,23.94,22.75
"2020-09-20 19:13:30.7",1177469,0.011,-0.041,0.093,296.7,23.94,22.75
"2020-09-20 19:13:30.8",1177470,0.012,-0.042,0.093,296.7,23.94,22.75
"2020-09-20 19:13:30.9",1177471,0.08,-0.002,0.093,296.7,23.94,22.75
"2020-09-20 19:13:31",1177472,0.08,-0.002,0.093,296.7,23.94,22.75
"2020-09-20 19:13:31.1",1177473,0.012,-0.041,0.093,296.6,23.94,22.75
"2020-09-20 19:13:31.2",1177474,0.012,-0.041,0.093,296.6,23.94,22.75
"2020-09-20 19:13:31.3",1177475,0.011,-0.041,0.093,296.6,23.94,22.75
"2020-09-20 19:13:31.4",1177476,0.06,0.018,0.073,296.6,23.94,22.75
"2020-09-20 19:13:31.5",1177477,0.06,0.018,0.073,296.5,23.94,22.75
"2020-09-20 19:13:31.6",1177478,0.012,-0.042,0.093,296.6,23.94,22.75
"2020-09-20 19:13:31.7",1177479,0.012,-0.042,0.093,296.6,23.99,22.77
"2020-09-20 19:13:31.8",1177480,0.012,-0.041,0.093,296.6,23.94,22.75
"2020-09-20 19:13:31.9",1177481,-0.009,-0.002,0.073,296.7,23.94,22.75
"2020-09-20 19:13:32",1177482,-0.009,-0.002,0.073,296.7,23.94,22.75
"2020-09-20 19:13:32.1",1177483,-0.028,-0.002,0.093,296.8,23.94,22.75
"2020-09-20 19:13:32.2",1177484,-0.028,-0.002,0.093,296.8,23.94,22.75
"2020-09-20 19:13:32.3",1177485,-0.028,-0.002,0.093,296.8,23.94,22.75
"2020-09-20 19:13:32.4",1177486,-0.028,-0.002,0.093,296.9,23.94,22.75
"2020-09-20 19:13:32.5",1177487,-0.028,-0.002,0.093,296.9,23.94,22.75
"2020-09-20 19:13:32.6",1177488,0.012,-0.041,0.093,296.8,23.94,22.75
"2020-09-20 19:13:32.7",1177489,0.011,-0.041,0.093,296.8,23.94,22.75
"2020-09-20 19:13:32.8",1177490,0.012,-0.041,0.093,296.8,23.94,22.75
"2020-09-20 19:13:32.9",1177491,-0.028,-0.081,0.093,296.9,23.94,22.75
"2020-09-20 19:13:33",1177492,-0.028,-0.081,0.093,296.9,23.94,22.78
"2020-09-20 19:13:33.1",1177493,-0.008,-0.002,0.073,296.9,23.94,22.74
"2020-09-20 19:13:33.2",1177494,-0.009,-0.002,0.073,296.9,23.94,22.75
"2020-09-20 19:13:33.3",1177495,-0.009,-0.002,0.073,296.9,23.94,22.75
"2020-09-20 19:13:33.4",1177496,0.012,-0.032,0.083,296.9,23.94,22.75
"2020-09-20 19:13:33.5",1177497,0.012,-0.032,0.083,296.9,23.94,22.75
"2020-09-20 19:13:33.6",1177498,0.012,-0.032,0.083,296.9,23.94,22.75
"2020-09-20 19:13:33.7",1177499,0.012,-0.032,0.083,296.9,23.94,22.75
"2020-09-20 19:13:33.8",1177500,0.011,-0.032,0.083,296.9,23.94,22.75
"2020-09-20 19:13:33.9",1177501,-0.009,-0.002,0.064,296.9,23.94,22.75
"2020-09-20 19:13:34",1177502,-0.009,-0.002,0.064,296.9,23.94,22.75
"2020-09-20 19:13:34.1",1177503,0.021,-0.032,0.083,297,23.94,22.75
"2020-09-20 19:13:34.2",1177504,0.021,-0.032,0.083,297,23.99,22.75
"2020-09-20 19:13:34.3",1177505,0.021,-0.032,0.083,297,23.94,22.74
"2020-09-20 19:13:34.4",1177506,-0.019,-0.002,0.083,296.9,23.94,22.74
"2020-09-20 19:13:34.5",1177507,-0.018,-0.002,0.083,296.9,23.94,22.74
"2020-09-20 19:13:34.6",1177508,-0.028,-0.002,0.093,296.8,23.94,22.75
"2020-09-20 19:13:34.7",1177509,-0.028,-0.002,0.093,296.8,23.94,22.74
"2020-09-20 19:13:34.8",1177510,-0.028,-0.002,0.093,296.8,23.94,22.75
"2020-09-20 19:13:34.9",1177511,-0.009,0.008,0.117,296.7,23.94,22.75
"2020-09-20 19:13:35",1177512,-0.009,0.008,0.117,296.7,23.94,22.75
"2020-09-20 19:13:35.1",1177513,-0.009,0.008,0.117,296.7,23.94,22.75
"2020-09-20 19:13:35.2",1177514,-0.009,0.008,0.117,296.7,23.94,22.75
"2020-09-20 19:13:35.3",1177515,-0.009,0.008,0.117,296.7,23.94,22.75
"2020-09-20 19:13:35.4",1177516,0.06,0.018,0.073,296.7,23.94,22.74
"2020-09-20 19:13:35.5",1177517,0.06,0.018,0.073,296.7,23.94,22.78
"2020-09-20 19:13:35.6",1177518,0.012,0.008,0.093,296.6,23.94,22.74
"2020-09-20 19:13:35.7",1177519,0.012,0.008,0.093,296.6,23.94,22.74
"2020-09-20 19:13:35.8",1177520,0.012,0.008,0.093,296.6,23.94,22.75
"2020-09-20 19:13:35.9",1177521,0.011,0.008,0.093,296.6,23.94,22.75
"2020-09-20 19:13:36",1177522,0.012,0.008,0.093,296.6,23.94,22.75
"2020-09-20 19:13:36.1",1177523,0.031,-0.002,0.044,296.6,23.94,22.75
"2020-09-20 19:13:36.2",1177524,0.031,-0.003,0.044,296.6,23.94,22.75
"2020-09-20 19:13:36.3",1177525,0.031,-0.002,0.044,296.6,23.94,22.75
"2020-09-20 19:13:36.4",1177526,0.031,-0.002,0.044,296.7,23.94,22.75
"2020-09-20 19:13:36.5",1177527,0.031,-0.002,0.044,296.7,23.94,22.75
"2020-09-20 19:13:36.6",1177528,-0.018,-0.041,0.044,296.7,23.94,22.75
"2020-09-20 19:13:36.7",1177529,-0.018,-0.041,0.044,296.7,23.98,22.75
"2020-09-20 19:13:36.8",1177530,-0.018,-0.041,0.044,296.7,23.94,22.75
"2020-09-20 19:13:36.9",1177531,-0.018,-0.081,0.073,296.8,23.94,22.75
"2020-09-20 19:13:37",1177532,-0.018,-0.081,0.073,296.8,23.94,22.75
"2020-09-20 19:13:37.1",1177533,-0.009,-0.002,0.073,296.9,23.94,22.75
"2020-09-20 19:13:37.2",1177534,-0.009,-0.002,0.073,296.9,23.94,22.75
"2020-09-20 19:13:37.3",1177535,-0.008,-0.002,0.073,296.9,23.94,22.75
"2020-09-20 19:13:37.4",1177536,-0.009,-0.002,0.063,296.9,23.94,22.75
"2020-09-20 19:13:37.5",1177537,-0.009,-0.002,0.064,296.9,23.94,22.74
"2020-09-20 19:13:37.6",1177538,-0.009,-0.002,0.063,296.9,23.94,22.75
"2020-09-20 19:13:37.7",1177539,-0.008,-0.002,0.064,296.9,23.94,22.75
"2020-09-20 19:13:37.8",1177540,-0.009,-0.002,0.064,296.9,23.94,22.75
"2020-09-20 19:13:37.9",1177541,-0.009,-0.002,0.073,296.9,23.94,22.75
"2020-09-20 19:13:38",1177542,-0.009,-0.002,0.073,296.9,23.97,22.79
"2020-09-20 19:13:38.1",1177543,-0.009,-0.002,0.073,296.8,23.94,22.75
"2020-09-20 19:13:38.2",1177544,-0.009,-0.002,0.073,296.8,23.94,22.75
"2020-09-20 19:13:38.3",1177545,-0.008,-0.002,0.073,296.8,23.94,22.75
"2020-09-20 19:13:38.4",1177546,-0.009,-0.002,0.064,296.9,23.94,22.75
"2020-09-20 19:13:38.5",1177547,-0.008,-0.002,0.064,296.9,23.94,22.75
"2020-09-20 19:13:38.6",1177548,-0.009,-0.003,0.073,296.9,23.94,22.75
"2020-09-20 19:13:38.7",1177549,-0.009,-0.002,0.073,296.9,23.94,22.75
"2020-09-20 19:13:38.8",1177550,-0.009,-0.003,0.073,296.9,23.94,22.74
"2020-09-20 19:13:38.9",1177551,-0.009,-0.002,0.137,297,23.94,22.74
"2020-09-20 19:13:39",1177552,-0.009,-0.002,0.137,297,23.94,22.74
"2020-09-20 19:13:39.1",1177553,0.012,0.008,0.093,296.9,23.94,22.75
"2020-09-20 19:13:39.2",1177554,0.012,0.008,0.093,296.9,23.96,22.75
"2020-09-20 19:13:39.3",1177555,0.012,0.008,0.093,296.9,23.94,22.75
"2020-09-20 19:13:39.4",1177556,0.06,0.018,0.073,296.7,23.94,22.75
"2020-09-20 19:13:39.5",1177557,0.06,0.018,0.073,296.7,23.94,22.75
"2020-09-20 19:13:39.6",1177558,0.06,0.018,0.073,296.6,23.94,22.74
"2020-09-20 19:13:39.7",1177559,0.06,0.018,0.073,296.6,23.94,22.74
"2020-09-20 19:13:39.8",1177560,0.06,0.018,0.073,296.6,23.94,22.75
"2020-09-20 19:13:39.9",1177561,0.012,0.008,0.093,296.6,23.94,22.75
"2020-09-20 19:13:40",1177562,0.011,0.008,0.093,296.6,23.94,22.75
"2020-09-20 19:13:40.1",1177563,0.031,-0.002,0.044,296.6,23.94,22.75
"2020-09-20 19:13:40.2",1177564,0.031,-0.002,0.044,296.6,23.94,22.75
"2020-09-20 19:13:40.3",1177565,0.031,-0.002,0.044,296.6,23.94,22.75
"2020-09-20 19:13:40.4",1177566,-0.009,-0.002,0.073,296.7,23.94,22.75
"2020-09-20 19:13:40.5",1177567,-0.009,-0.002,0.073,296.7,23.97,22.8
"2020-09-20 19:13:40.6",1177568,-0.009,-0.002,0.073,296.8,23.94,22.75
"2020-09-20 19:13:40.7",1177569,-0.009,-0.002,0.073,296.8,23.94,22.75
"2020-09-20 19:13:40.8",1177570,-0.009,-0.002,0.073,296.8,23.94,22.75
"2020-09-20 19:13:40.9",1177571,-0.028,-0.002,0.093,296.9,23.94,22.75
"2020-09-20 19:13:41",1177572,-0.028,-0.002,0.093,296.9,23.94,22.75
"2020-09-20 19:13:41.1",1177573,-0.009,-0.002,0.064,297,23.94,22.75
"2020-09-20 19:13:41.2",1177574,-0.009,-0.002,0.064,297,23.94,22.75
"2020-09-20 19:13:41.3",1177575,-0.009,-0.002,0.063,297,23.94,22.75
"2020-09-20 19:13:41.4",1177576,-0.009,0.018,0.108,297,23.94,22.75
"2020-09-20 19:13:41.5",1177577,-0.009,0.018,0.108,297,23.94,22.75
"2020-09-20 19:13:41.6",1177578,0.002,0.018,0.083,297,23.94,22.75
"2020-09-20 19:13:41.7",1177579,0.002,0.018,0.083,297,23.94,22.75
"2020-09-20 19:13:41.8",1177580,0.002,0.018,0.083,297,23.94,22.75
"2020-09-20 19:13:41.9",1177581,0.002,0.018,0.083,297,23.94,22.75
"2020-09-20 19:13:42",1177582,0.002,0.018,0.083,297,23.94,22.75
"2020-09-20 19:13:42.1",1177583,-0.008,-0.002,0.073,296.9,23.94,22.75
"2020-09-20 19:13:42.2",1177584,-0.008,-0.002,0.073,296.9,23.94,22.75
"2020-09-20 19:13:42.3",1177585,-0.008,-0.002,0.073,296.9,23.94,22.75
"2020-09-20 19:13:42.4",1177586,-0.009,-0.002,0.073,296.8,23.94,22.75
"2020-09-20 19:13:42.5",1177587,-0.009,-0.002,0.073,296.8,23.94,22.75
"2020-09-20 19:13:42.6",1177588,0.031,-0.002,0.117,296.7,23.94,22.75
"2020-09-20 19:13:42.7",1177589,0.031,-0.002,0.117,296.7,23.94,22.75
"2020-09-20 19:13:42.8",1177590,0.031,-0.002,0.117,296.7,23.94,22.75
"2020-09-20 19:13:42.9",1177591,0.012,0.008,0.093,296.7,23.94,22.75
"2020-09-20 19:13:43",1177592,0.012,0.008,0.093,296.7,23.97,22.8
"2020-09-20 19:13:43.1",1177593,-0.009,-0.002,0.073,296.7,23.94,22.75
"2020-09-20 19:13:43.2",1177594,-0.009,-0.002,0.073,296.7,23.94,22.75
"2020-09-20 19:13:43.3",1177595,-0.009,-0.002,0.073,296.7,23.94,22.75
"2020-09-20 19:13:43.4",1177596,-0.009,-0.002,0.073,296.7,23.94,22.75
"2020-09-20 19:13:43.5",1177597,-0.009,-0.002,0.073,296.7,23.94,22.74
"2020-09-20 19:13:43.6",1177598,0.012,-0.041,0.093,296.7,23.94,22.74
"2020-09-20 19:13:43.7",1177599,0.012,-0.042,0.093,296.7,23.94,22.74
"2020-09-20 19:13:43.8",1177600,0.012,-0.042,0.093,296.7,23.94,22.74
"2020-09-20 19:13:43.9",1177601,-0.009,-0.002,0.073,296.8,23.94,22.74
"2020-09-20 19:13:44",1177602,-0.008,-0.002,0.073,296.8,23.94,22.75
"2020-09-20 19:13:44.1",1177603,0.012,-0.041,0.093,296.8,23.94,22.75
"2020-09-20 19:13:44.2",1177604,0.012,-0.041,0.093,296.8,23.94,22.75
"2020-09-20 19:13:44.3",1177605,0.012,-0.041,0.093,296.8,23.94,22.75
"2020-09-20 19:13:44.4",1177606,-0.018,-0.041,0.117,296.7,23.94,22.75
"2020-09-20 19:13:44.5",1177607,-0.018,-0.042,0.117,296.7,23.94,22.75
"2020-09-20 19:13:44.6",1177608,0.012,-0.042,0.093,296.7,23.94,22.75
"2020-09-20 19:13:44.7",1177609,0.012,-0.041,0.093,296.7,23.94,22.75
"2020-09-20 19:13:44.8",1177610,0.012,-0.041,0.093,296.7,23.94,22.75
"2020-09-20 19:13:44.9",1177611,0.012,-0.041,0.093,296.6,23.94,22.75
"2020-09-20 19:13:45",1177612,0.012,-0.042,0.093,296.6,23.94,22.75
"2020-09-20 19:13:45.1",1177613,0.012,-0.042,0.093,296.7,23.94,22.75
"2020-09-20 19:13:45.2",1177614,0.012,-0.041,0.093,296.7,23.94,22.75
"2020-09-20 19:13:45.3",1177615,0.012,-0.041,0.093,296.7,23.94,22.75
"2020-09-20 19:13:45.4",1177616,0.012,-0.042,0.093,296.8,23.94,22.75
"2020-09-20 19:13:45.5",1177617,0.012,-0.041,0.093,296.8,23.97,22.8
"2020-09-20 19:13:45.6",1177618,0.031,-0.081,0.117,296.6,23.94,22.74
"2020-09-20 19:13:45.7",1177619,0.031,-0.081,0.117,296.6,23.94,22.74
"2020-09-20 19:13:45.8",1177620,0.031,-0.081,0.117,296.6,23.94,22.75
"2020-09-20 19:13:45.9",1177621,-0.009,-0.002,0.073,296.7,23.94,22.75
"2020-09-20 19:13:46",1177622,-0.008,-0.002,0.073,296.7,23.94,22.75
"2020-09-20 19:13:46.1",1177623,-0.009,-0.002,0.073,296.8,23.94,22.75
"2020-09-20 19:13:46.2",1177624,-0.008,-0.002,0.073,296.8,23.94,22.75
"2020-09-20 19:13:46.3",1177625,-0.009,-0.002,0.073,296.8,23.94,22.75
"2020-09-20 19:13:46.4",1177626,-0.009,-0.002,0.073,296.8,23.94,22.75
"2020-09-20 19:13:46.5",1177627,-0.008,-0.002,0.073,296.8,23.94,22.75
"2020-09-20 19:13:46.6",1177628,-0.018,-0.002,0.083,296.9,23.94,22.75
"2020-09-20 19:13:46.7",1177629,-0.018,-0.002,0.083,296.9,23.94,22.75
"2020-09-20 19:13:46.8",1177630,-0.018,-0.002,0.083,296.9,23.94,22.75
"2020-09-20 19:13:46.9",1177631,0.012,0.008,0.093,296.8,23.94,22.75
"2020-09-20 19:13:47",1177632,0.012,0.008,0.093,296.8,23.94,22.75
"2020-09-20 19:13:47.1",1177633,-0.057,0.008,0.073,296.7,23.94,22.75
"2020-09-20 19:13:47.2",1177634,-0.058,0.008,0.073,296.7,23.94,22.75
"2020-09-20 19:13:47.3",1177635,-0.057,0.008,0.073,296.7,23.94,22.75
"2020-09-20 19:13:47.4",1177636,-0.009,0.009,0.044,296.7,23.94,22.75
"2020-09-20 19:13:47.5",1177637,-0.009,0.008,0.044,296.7,23.94,22.75
"2020-09-20 19:13:47.6",1177638,-0.009,0.008,0.044,296.7,23.94,22.75
"2020-09-20 19:13:47.7",1177639,-0.009,0.008,0.044,296.7,23.94,22.75
"2020-09-20 19:13:47.8",1177640,-0.009,0.008,0.044,296.7,23.94,22.75
"2020-09-20 19:13:47.9",1177641,-0.009,0.008,0.044,296.7,23.94,22.75
"2020-09-20 19:13:48",1177642,-0.009,0.008,0.044,296.7,23.99,22.8
"2020-09-20 19:13:48.1",1177643,0.012,-0.041,0.025,296.7,23.94,22.74
"2020-09-20 19:13:48.2",1177644,0.012,-0.041,0.025,296.7,23.94,22.75
"2020-09-20 19:13:48.3",1177645,0.012,-0.042,0.024,296.7,23.94,22.75
"2020-09-20 19:13:48.4",1177646,-0.019,-0.042,0.044,296.8,23.94,22.75
"2020-09-20 19:13:48.5",1177647,-0.018,-0.041,0.044,296.8,23.94,22.75
"2020-09-20 19:13:48.6",1177648,-0.018,-0.041,0.044,296.8,23.94,22.75
"2020-09-20 19:13:48.7",1177649,-0.018,-0.042,0.044,296.8,23.94,22.75
"2020-09-20 19:13:48.8",1177650,-0.018,-0.042,0.044,296.8,23.94,22.75
"2020-09-20 19:13:48.9",1177651,-0.018,-0.081,0.073,296.8,23.94,22.75
"2020-09-20 19:13:49",1177652,-0.018,-0.081,0.073,296.8,23.94,22.75
"2020-09-20 19:13:49.1",1177653,-0.018,-0.081,0.073,296.8,23.94,22.75
"2020-09-20 19:13:49.2",1177654,-0.018,-0.081,0.073,296.8,23.94,22.75
"2020-09-20 19:13:49.3",1177655,-0.018,-0.081,0.073,296.8,23.94,22.77
"2020-09-20 19:13:49.4",1177656,-0.019,-0.041,0.117,296.8,23.94,22.75
"2020-09-20 19:13:49.5",1177657,-0.018,-0.041,0.117,296.8,23.94,22.74
"2020-09-20 19:13:49.6",1177658,-0.009,-0.003,0.073,296.7,23.94,22.75
"2020-09-20 19:13:49.7",1177659,-0.009,-0.002,0.073,296.7,23.94,22.74
"2020-09-20 19:13:49.8",1177660,-0.009,-0.002,0.073,296.7,23.94,22.75
"2020-09-20 19:13:49.9",1177661,-0.009,-0.002,0.073,296.7,23.94,22.75
"2020-09-20 19:13:50",1177662,-0.009,-0.002,0.074,296.7,23.94,22.75
"2020-09-20 19:13:50.1",1177663,-0.028,-0.002,0.093,296.7,23.94,22.75
"2020-09-20 19:13:50.2",1177664,-0.028,-0.002,0.093,296.7,23.94,22.75
"2020-09-20 19:13:50.3",1177665,-0.028,-0.002,0.093,296.7,23.94,22.75
"2020-09-20 19:13:50.4",1177666,0.012,-0.041,0.093,296.8,23.94,22.75
"2020-09-20 19:13:50.5",1177667,0.012,-0.041,0.093,296.8,23.99,22.79
"2020-09-20 19:13:50.6",1177668,-0.018,-0.041,0.117,296.8,23.94,22.74
"2020-09-20 19:13:50.7",1177669,-0.018,-0.041,0.117,296.8,23.94,22.74
"2020-09-20 19:13:50.8",1177670,-0.018,-0.042,0.117,296.8,23.94,22.75
"2020-09-20 19:13:50.9",1177671,0.012,-0.041,0.093,296.6,23.94,22.75
"2020-09-20 19:13:51",1177672,0.012,-0.041,0.093,296.6,23.94,22.75
"2020-09-20 19:13:51.1",1177673,-0.018,-0.081,0.073,296.5,23.94,22.75
"2020-09-20 19:13:51.2",1177674,-0.019,-0.081,0.073,296.5,23.94,22.75
"2020-09-20 19:13:51.3",1177675,-0.018,-0.081,0.073,296.4,23.94,22.75
"2020-09-20 19:13:51.4",1177676,0.031,-0.081,0.044,296.4,23.94,22.75
"2020-09-20 19:13:51.5",1177677,0.031,-0.081,0.044,296.4,23.94,22.75
"2020-09-20 19:13:51.6",1177678,0.012,-0.041,0.093,296.6,23.94,22.75
"2020-09-20 19:13:51.7",1177679,0.012,-0.041,0.093,296.6,23.94,22.74
"2020-09-20 19:13:51.8",1177680,0.012,-0.041,0.093,296.6,23.94,22.77
"2020-09-20 19:13:51.9",1177681,-0.018,-0.081,0.073,296.7,23.94,22.75
"2020-09-20 19:13:52",1177682,-0.018,-0.081,0.073,296.7,23.94,22.75
"2020-09-20 19:13:52.1",1177683,-0.009,-0.002,0.073,296.8,23.94,22.75
"2020-09-20 19:13:52.2",1177684,-0.009,-0.002,0.073,296.8,23.94,22.75
"2020-09-20 19:13:52.3",1177685,-0.008,-0.002,0.073,296.8,23.94,22.75
"2020-09-20 19:13:52.4",1177686,-0.038,-0.002,0.083,296.9,23.94,22.75
"2020-09-20 19:13:52.5",1177687,-0.038,-0.002,0.083,296.9,23.94,22.75
"2020-09-20 19:13:52.6",1177688,-0.009,-0.032,0.117,296.7,23.94,22.75
"2020-09-20 19:13:52.7",1177689,-0.008,-0.032,0.117,296.7,23.94,22.75
"2020-09-20 19:13:52.8",1177690,-0.009,-0.032,0.117,296.7,23.94,22.75
"2020-09-20 19:13:52.9",1177691,-0.038,-0.002,0.083,296.8,23.94,22.75
"2020-09-20 19:13:53",1177692,-0.038,-0.002,0.083,296.8,23.99,22.76
"2020-09-20 19:13:53.1",1177693,-0.008,0.018,0.044,296.9,23.94,22.75
"2020-09-20 19:13:53.2",1177694,-0.009,0.018,0.044,296.9,23.94,22.75
"2020-09-20 19:13:53.3",1177695,-0.008,0.018,0.044,296.9,23.94,22.75
"2020-09-20 19:13:53.4",1177696,0.002,0.018,0.083,296.9,23.94,22.74
"2020-09-20 19:13:53.5",1177697,0.002,0.018,0.083,296.9,23.94,22.74
"2020-09-20 19:13:53.6",1177698,-0.028,-0.002,0.093,296.8,23.94,22.74
"2020-09-20 19:13:53.7",1177699,-0.028,-0.002,0.093,296.8,23.94,22.74
"2020-09-20 19:13:53.8",1177700,-0.028,-0.002,0.093,296.8,23.94,22.74
"2020-09-20 19:13:53.9",1177701,-0.048,-0.051,0.073,296.8,23.94,22.75
"2020-09-20 19:13:54",1177702,-0.048,-0.051,0.073,296.8,23.94,22.75
"2020-09-20 19:13:54.1",1177703,-0.018,-0.041,0.044,296.8,23.94,22.75
"2020-09-20 19:13:54.2",1177704,-0.018,-0.041,0.044,296.8,23.94,22.75
"2020-09-20 19:13:54.3",1177705,-0.019,-0.041,0.044,296.8,23.96,22.77
"2020-09-20 19:13:54.4",1177706,-0.018,-0.041,0.044,296.8,23.94,22.74
"2020-09-20 19:13:54.5",1177707,-0.018,-0.041,0.044,296.8,23.94,22.75
"2020-09-20 19:13:54.6",1177708,-0.038,-0.002,0.083,296.9,23.94,22.75
"2020-09-20 19:13:54.7",1177709,-0.038,-0.002,0.083,296.9,23.94,22.75
"2020-09-20 19:13:54.8",1177710,-0.038,-0.002,0.083,296.9,23.94,22.75
"2020-09-20 19:13:54.9",1177711,-0.028,-0.002,0.093,296.9,23.94,22.75
"2020-09-20 19:13:55",1177712,-0.028,-0.002,0.093,296.9,23.94,22.75
"2020-09-20 19:13:55.1",1177713,-0.028,-0.002,0.093,296.8,23.94,22.75
"2020-09-20 19:13:55.2",1177714,-0.028,-0.002,0.093,296.8,23.94,22.75
"2020-09-20 19:13:55.3",1177715,-0.028,-0.002,0.093,296.8,23.94,22.75
"2020-09-20 19:13:55.4",1177716,0.012,-0.041,0.093,296.6,23.94,22.75
"2020-09-20 19:13:55.5",1177717,0.012,-0.041,0.093,296.6,23.98,22.75
"2020-09-20 19:13:55.6",1177718,-0.018,-0.081,0.073,296.7,23.94,22.74
"2020-09-20 19:13:55.7",1177719,-0.018,-0.081,0.073,296.7,23.94,22.75
"2020-09-20 19:13:55.8",1177720,-0.018,-0.081,0.073,296.7,23.94,22.75
"2020-09-20 19:13:55.9",1177721,0.031,-0.081,0.044,296.6,23.94,22.75
"2020-09-20 19:13:56",1177722,0.031,-0.08,0.044,296.6,23.94,22.75
"2020-09-20 19:13:56.1",1177723,-0.018,-0.08,0.073,296.5,23.94,22.75
"2020-09-20 19:13:56.2",1177724,-0.018,-0.081,0.074,296.5,23.94,22.75
"2020-09-20 19:13:56.3",1177725,-0.018,-0.08,0.073,296.5,23.94,22.75
"2020-09-20 19:13:56.4",1177726,0.012,-0.041,0.093,296.6,23.94,22.75
"2020-09-20 19:13:56.5",1177727,0.012,-0.041,0.093,296.6,23.94,22.75
"2020-09-20 19:13:56.6",1177728,0.031,-0.08,0.044,296.6,23.94,22.75
"2020-09-20 19:13:56.7",1177729,0.031,-0.081,0.044,296.6,23.94,22.75
"2020-09-20 19:13:56.8",1177730,0.031,-0.081,0.044,296.6,23.96,22.79
"2020-09-20 19:13:56.9",1177731,0.031,-0.081,0.044,296.6,23.94,22.74
"2020-09-20 19:13:57",1177732,0.031,-0.081,0.044,296.6,23.94,22.75
"2020-09-20 19:13:57.1",1177733,0.012,-0.041,0.025,296.5,23.94,22.75
"2020-09-20 19:13:57.2",1177734,0.012,-0.041,0.025,296.5,23.94,22.75
"2020-09-20 19:13:57.3",1177735,0.012,-0.041,0.025,296.5,23.94,22.75
"2020-09-20 19:13:57.4",1177736,-0.018,-0.041,0.044,296.5,23.94,22.75
"2020-09-20 19:13:57.5",1177737,-0.018,-0.041,0.044,296.5,23.94,22.75
"2020-09-20 19:13:57.6",1177738,0.031,-0.002,0.044,296.6,23.94,22.75
"2020-09-20 19:13:57.7",1177739,0.031,-0.002,0.044,296.6,23.94,22.74
"2020-09-20 19:13:57.8",1177740,0.031,-0.002,0.044,296.6,23.94,22.75
"2020-09-20 19:13:57.9",1177741,-0.018,-0.041,0.044,296.5,23.94,22.75
"2020-09-20 19:13:58",1177742,-0.018,-0.041,0.044,296.5,23.96,22.75
"2020-09-20 19:13:58.1",1177743,0.012,-0.042,0.024,296.5,23.94,22.75
"2020-09-20 19:13:58.2",1177744,0.012,-0.041,0.024,296.6,23.94,22.75
"2020-09-20 19:13:58.3",1177745,0.012,-0.041,0.025,296.5,23.94,22.76
"2020-09-20 19:13:58.4",1177746,-0.018,-0.041,0.044,296.6,23.94,22.76
"2020-09-20 19:13:58.5",1177747,-0.018,-0.041,0.044,296.6,23.94,22.76
"2020-09-20 19:13:58.6",1177748,-0.018,-0.041,0.044,296.7,23.94,22.76
"2020-09-20 19:13:58.7",1177749,-0.019,-0.041,0.044,296.7,23.94,22.76
"2020-09-20 19:13:58.8",1177750,-0.018,-0.041,0.044,296.7,23.94,22.76
"2020-09-20 19:13:58.9",1177751,-0.028,-0.002,0.024,296.7,23.94,22.76
"2020-09-20 19:13:59",1177752,-0.028,-0.002,0.024,296.7,23.94,22.77
"2020-09-20 19:13:59.1",1177753,-0.018,-0.041,0.044,296.7,23.94,22.76
"2020-09-20 19:13:59.2",1177754,-0.018,-0.042,0.044,296.7,23.94,22.77
"2020-09-20 19:13:59.3",1177755,-0.018,-0.042,0.044,296.7,23.97,22.82
"2020-09-20 19:13:59.4",1177756,-0.009,0.008,0.044,296.8,23.94,22.76
"2020-09-20 19:13:59.5",1177757,-0.008,0.008,0.044,296.8,23.94,22.76
"2020-09-20 19:13:59.6",1177758,-0.008,0.008,0.044,296.9,23.94,22.75
"2020-09-20 19:13:59.7",1177759,-0.009,0.008,0.044,296.9,23.94,22.75
"2020-09-20 19:13:59.8",1177760,-0.009,0.008,0.044,296.9,23.94,22.75
"2020-09-20 19:13:59.9",1177761,-0.028,-0.002,0.093,297,23.94,22.75
"2020-09-20 19:14:00",1177762,-0.028,-0.002,0.093,297,23.94,22.75
"2020-09-20 19:14:00.1",1177763,-0.047,0.008,0.063,297.1,23.94,22.75
"2020-09-20 19:14:00.2",1177764,-0.048,0.008,0.063,297.1,23.94,22.75
"2020-09-20 19:14:00.3",1177765,-0.048,0.008,0.064,297.1,23.94,22.75
"2020-09-20 19:14:00.4",1177766,-0.009,-0.002,0.073,296.9,23.94,22.75
"2020-09-20 19:14:00.5",1177767,-0.009,-0.003,0.073,296.9,23.94,22.75
"2020-09-20 19:14:00.6",1177768,-0.028,-0.002,0.093,296.9,23.94,22.75
"2020-09-20 19:14:00.7",1177769,-0.028,-0.002,0.093,296.9,23.94,22.75
"2020-09-20 19:14:00.8",1177770,-0.028,-0.003,0.093,296.9,23.94,22.75
"2020-09-20 19:14:00.9",1177771,-0.009,-0.002,0.073,296.8,23.94,22.75
"2020-09-20 19:14:01",1177772,-0.009,-0.002,0.073,296.8,23.94,22.75
"2020-09-20 19:14:01.1",1177773,-0.009,-0.002,0.073,296.7,23.94,22.75
"2020-09-20 19:14:01.2",1177774,-0.009,-0.003,0.073,296.7,23.94,22.75
"2020-09-20 19:14:01.3",1177775,-0.009,-0.002,0.073,296.7,23.94,22.75
"2020-09-20 19:14:01.4",1177776,-0.009,-0.002,0.073,296.7,23.94,22.75
"2020-09-20 19:14:01.5",1177777,-0.008,-0.002,0.073,296.7,23.94,22.75
"2020-09-20 19:14:01.6",1177778,-0.009,-0.002,0.073,296.7,23.94,22.75
"2020-09-20 19:14:01.7",1177779,-0.009,-0.002,0.073,296.7,23.94,22.75
"2020-09-20 19:14:01.8",1177780,-0.009,-0.002,0.073,296.7,23.98,22.8
"2020-09-20 19:14:01.9",1177781,-0.009,-0.002,0.073,296.7,23.94,22.74
"2020-09-20 19:14:02",1177782,-0.008,-0.002,0.073,296.7,23.94,22.74
"2020-09-20 19:14:02.1",1177783,-0.018,-0.041,0.117,296.7,23.94,22.74
"2020-09-20 19:14:02.2",1177784,-0.018,-0.041,0.117,296.7,23.94,22.75
"2020-09-20 19:14:02.3",1177785,-0.018,-0.042,0.117,296.7,23.94,22.75
"2020-09-20 19:14:02.4",1177786,0.012,-0.041,0.093,296.6,23.94,22.75
"2020-09-20 19:14:02.5",1177787,0.011,-0.041,0.093,296.6,23.94,22.75
"2020-09-20 19:14:02.6",1177788,-0.028,-0.081,0.093,296.7,23.94,22.75
"2020-09-20 19:14:02.7",1177789,-0.028,-0.081,0.093,296.7,23.94,22.75
"2020-09-20 19:14:02.8",1177790,-0.028,-0.081,0.093,296.7,23.94,22.75
"2020-09-20 19:14:02.9",1177791,-0.018,-0.08,0.074,296.7,23.94,22.75
"2020-09-20 19:14:03",1177792,-0.018,-0.081,0.073,296.7,23.94,22.75
"2020-09-20 19:14:03.1",1177793,-0.019,-0.081,0.073,296.5,23.94,22.75
"2020-09-20 19:14:03.2",1177794,-0.018,-0.081,0.073,296.5,23.94,22.74
"2020-09-20 19:14:03.3",1177795,-0.018,-0.081,0.073,296.5,23.94,22.75
"2020-09-20 19:14:03.4",1177796,-0.018,-0.081,0.073,296.5,23.94,22.75
"2020-09-20 19:14:03.5",1177797,-0.018,-0.08,0.073,296.5,23.94,22.74
"2020-09-20 19:14:03.6",1177798,0.012,-0.042,0.093,296.5,23.94,22.74
"2020-09-20 19:14:03.7",1177799,0.012,-0.041,0.093,296.5,23.94,22.74
