"TOA5","10329","CR6","10329","CR6.Std.09.01 CR6-WIFI.04.00.01","CPU:YOUNG81000_HMP60_10Hz.CR6","51185","Young10Hz_hmp"
"TIMESTAMP","RECORD","U","V","W","TSonic","RH","T_HMP60"
"TS","RN","mV","mV","mV","mV","%","Deg C"
"","","Smp","Smp","Smp","Smp","Smp","Smp"
"2020-09-20 08:40:03.8",797400,-0.028,-0.002,0.025,295.5,27.92,21.3
"2020-09-20 08:40:03.9",797401,-0.028,-0.002,0.025,295.5,27.92,21.3
"2020-09-20 08:40:04",797402,-0.047,0.008,-0.006,295.5,27.92,21.3
"2020-09-20 08:40:04.1",797403,-0.047,0.008,-0.006,295.5,27.92,21.3
"2020-09-20 08:40:04.2",797404,-0.048,0.008,-0.006,295.5,27.92,21.3
"2020-09-20 08:40:04.3",797405,-0.048,0.008,-0.006,295.5,27.92,21.3
"2020-09-20 08:40:04.4",797406,-0.048,0.008,-0.006,295.5,27.92,21.3
"2020-09-20 08:40:04.5",797407,-0.048,0.008,-0.006,295.5,27.92,21.3
"2020-09-20 08:40:04.6",797408,-0.048,0.008,-0.006,295.5,27.92,21.3
"2020-09-20 08:40:04.7",797409,-0.048,0.008,-0.006,295.5,27.92,21.3
"2020-09-20 08:40:04.8",797410,-0.048,0.008,-0.006,295.5,27.92,21.3
"2020-09-20 08:40:04.9",797411,-0.047,0.008,-0.006,295.5,27.92,21.3
"2020-09-20 08:40:05",797412,-0.048,0.008,-0.006,295.5,27.95,21.36
"2020-09-20 08:40:05.1",797413,-0.048,0.008,-0.006,295.5,27.92,21.3
"2020-09-20 08:40:05.2",797414,-0.048,0.008,-0.006,295.5,27.92,21.3
"2020-09-20 08:40:05.3",797415,-0.048,0.008,-0.006,295.5,27.92,21.3
"2020-09-20 08:40:05.4",797416,-0.048,0.008,-0.006,295.5,27.92,21.3
"2020-09-20 08:40:05.5",797417,-0.048,0.008,-0.006,295.5,27.92,21.3
"2020-09-20 08:40:05.6",797418,-0.048,0.008,-0.006,295.5,27.92,21.3
"2020-09-20 08:40:05.7",797419,-0.048,0.008,-0.006,295.5,27.92,21.3
"2020-09-20 08:40:05.8",797420,-0.048,0.008,-0.006,295.5,27.92,21.3
"2020-09-20 08:40:05.9",797421,-0.048,0.008,-0.006,295.5,27.92,21.3
"2020-09-20 08:40:06",797422,-0.067,-0.002,-0.016,295.5,27.92,21.3
"2020-09-20 08:40:06.1",797423,-0.067,-0.002,-0.016,295.5,27.92,21.3
"2020-09-20 08:40:06.2",797424,-0.067,-0.003,-0.016,295.5,27.93,21.3
"2020-09-20 08:40:06.3",797425,-0.028,-0.002,-0.036,295.5,27.92,21.3
"2020-09-20 08:40:06.4",797426,-0.028,-0.002,-0.036,295.5,27.92,21.3
"2020-09-20 08:40:06.5",797427,-0.067,-0.002,-0.016,295.5,27.92,21.3
"2020-09-20 08:40:06.6",797428,-0.067,-0.002,-0.016,295.5,27.92,21.3
"2020-09-20 08:40:06.7",797429,-0.067,-0.002,-0.016,295.5,27.92,21.3
"2020-09-20 08:40:06.8",797430,-0.048,0.008,-0.006,295.5,27.92,21.3
"2020-09-20 08:40:06.9",797431,-0.048,0.008,-0.006,295.5,27.92,21.3
"2020-09-20 08:40:07",797432,-0.048,0.008,-0.006,295.5,27.92,21.3
"2020-09-20 08:40:07.1",797433,-0.048,0.008,-0.006,295.5,27.92,21.3
"2020-09-20 08:40:07.2",797434,-0.048,0.008,-0.006,295.5,27.92,21.3
"2020-09-20 08:40:07.3",797435,-0.048,0.008,-0.006,295.5,27.92,21.3
"2020-09-20 08:40:07.4",797436,-0.048,0.008,-0.006,295.5,27.92,21.3
"2020-09-20 08:40:07.5",797437,-0.008,0.008,-0.016,295.6,27.95,21.36
"2020-09-20 08:40:07.6",797438,-0.009,0.008,-0.016,295.6,27.92,21.3
"2020-09-20 08:40:07.7",797439,-0.009,0.008,-0.016,295.6,27.92,21.3
"2020-09-20 08:40:07.8",797440,-0.009,0.008,-0.016,295.6,27.92,21.3
"2020-09-20 08:40:07.9",797441,-0.009,0.008,-0.016,295.6,27.92,21.3
"2020-09-20 08:40:08",797442,-0.008,0.008,-0.016,295.6,27.92,21.3
"2020-09-20 08:40:08.1",797443,-0.009,0.008,-0.016,295.6,27.92,21.3
"2020-09-20 08:40:08.2",797444,-0.009,0.008,-0.016,295.6,27.92,21.3
"2020-09-20 08:40:08.3",797445,-0.009,0.008,-0.016,295.6,27.92,21.3
"2020-09-20 08:40:08.4",797446,-0.009,0.008,-0.016,295.6,27.92,21.3
"2020-09-20 08:40:08.5",797447,-0.008,-0.002,-0.006,295.5,27.92,21.3
"2020-09-20 08:40:08.6",797448,-0.009,-0.002,-0.006,295.5,27.92,21.3
"2020-09-20 08:40:08.7",797449,-0.009,-0.002,-0.006,295.5,27.92,21.3
"2020-09-20 08:40:08.8",797450,-0.009,-0.002,-0.006,295.5,27.92,21.3
"2020-09-20 08:40:08.9",797451,-0.008,-0.002,-0.006,295.5,27.92,21.3
"2020-09-20 08:40:09",797452,-0.009,-0.003,-0.006,295.5,27.92,21.3
"2020-09-20 08:40:09.1",797453,-0.009,-0.002,-0.006,295.5,27.92,21.3
"2020-09-20 08:40:09.2",797454,-0.009,-0.003,-0.006,295.5,27.92,21.3
"2020-09-20 08:40:09.3",797455,-0.008,-0.002,-0.006,295.5,27.92,21.3
"2020-09-20 08:40:09.4",797456,-0.008,-0.002,-0.006,295.5,27.92,21.3
"2020-09-20 08:40:09.5",797457,-0.008,-0.002,-0.006,295.5,27.92,21.3
"2020-09-20 08:40:09.6",797458,-0.008,-0.002,-0.006,295.5,27.92,21.3
"2020-09-20 08:40:09.7",797459,-0.009,-0.003,-0.006,295.5,27.92,21.3
"2020-09-20 08:40:09.8",797460,-0.009,-0.002,-0.006,295.5,27.92,21.3
"2020-09-20 08:40:09.9",797461,-0.008,-0.002,-0.006,295.5,27.92,21.3
"2020-09-20 08:40:10",797462,-0.008,-0.002,-0.006,295.5,27.97,21.36
"2020-09-20 08:40:10.1",797463,-0.009,-0.002,-0.006,295.5,27.92,21.3
"2020-09-20 08:40:10.2",797464,-0.008,-0.003,-0.006,295.5,27.92,21.3
"2020-09-20 08:40:10.3",797465,-0.009,-0.003,-0.006,295.5,27.92,21.3
"2020-09-20 08:40:10.4",797466,-0.009,-0.002,-0.006,295.5,27.92,21.3
"2020-09-20 08:40:10.5",797467,-0.009,0.008,-0.016,295.6,27.92,21.3
"2020-09-20 08:40:10.6",797468,-0.009,0.008,-0.016,295.6,27.92,21.3
"2020-09-20 08:40:10.7",797469,-0.009,0.008,-0.016,295.6,27.92,21.3
"2020-09-20 08:40:10.8",797470,-0.028,-0.002,0.025,295.6,27.92,21.3
"2020-09-20 08:40:10.9",797471,-0.028,-0.002,0.024,295.6,27.92,21.3
"2020-09-20 08:40:11",797472,-0.028,-0.002,0.025,295.6,27.92,21.3
"2020-09-20 08:40:11.1",797473,-0.028,-0.002,0.025,295.6,27.92,21.3
"2020-09-20 08:40:11.2",797474,-0.028,-0.002,0.024,295.6,27.92,21.3
"2020-09-20 08:40:11.3",797475,-0.028,-0.002,0.024,295.6,27.92,21.3
"2020-09-20 08:40:11.4",797476,-0.028,-0.002,0.024,295.6,27.92,21.3
"2020-09-20 08:40:11.5",797477,-0.009,-0.002,-0.006,295.6,27.92,21.3
"2020-09-20 08:40:11.6",797478,-0.009,-0.002,-0.006,295.6,27.92,21.3
"2020-09-20 08:40:11.7",797479,-0.009,-0.002,-0.006,295.6,27.92,21.3
"2020-09-20 08:40:11.8",797480,-0.028,-0.002,0.025,295.7,27.92,21.3
"2020-09-20 08:40:11.9",797481,-0.028,-0.002,0.025,295.7,27.92,21.3
"2020-09-20 08:40:12",797482,-0.009,0.008,0.044,295.7,27.92,21.3
"2020-09-20 08:40:12.1",797483,-0.009,0.008,0.044,295.7,27.92,21.3
"2020-09-20 08:40:12.2",797484,-0.009,0.008,0.044,295.7,27.92,21.3
"2020-09-20 08:40:12.3",797485,-0.008,0.008,0.044,295.7,27.92,21.3
"2020-09-20 08:40:12.4",797486,-0.008,0.008,0.044,295.7,27.92,21.3
"2020-09-20 08:40:12.5",797487,-0.009,0.008,0.044,295.8,27.98,21.36
"2020-09-20 08:40:12.6",797488,-0.009,0.008,0.044,295.8,27.92,21.3
"2020-09-20 08:40:12.7",797489,-0.009,0.008,0.044,295.8,27.92,21.3
"2020-09-20 08:40:12.8",797490,-0.009,-0.012,0.063,295.8,27.92,21.3
"2020-09-20 08:40:12.9",797491,-0.009,-0.012,0.064,295.8,27.92,21.3
"2020-09-20 08:40:13",797492,-0.009,0.008,0.044,295.8,27.92,21.3
"2020-09-20 08:40:13.1",797493,-0.009,0.008,0.044,295.8,27.92,21.3
"2020-09-20 08:40:13.2",797494,-0.009,0.008,0.044,295.8,27.92,21.3
"2020-09-20 08:40:13.3",797495,-0.048,0.008,0.064,295.9,27.92,21.3
"2020-09-20 08:40:13.4",797496,-0.047,0.008,0.063,295.9,27.92,21.3
"2020-09-20 08:40:13.5",797497,-0.057,0.008,0.073,295.8,27.92,21.3
"2020-09-20 08:40:13.6",797498,-0.058,0.008,0.073,295.8,27.92,21.3
"2020-09-20 08:40:13.7",797499,-0.058,0.008,0.073,295.8,27.92,21.3
"2020-09-20 08:40:13.8",797500,0.002,-0.002,0.015,295.8,27.92,21.33
"2020-09-20 08:40:13.9",797501,0.002,-0.003,0.015,295.8,27.92,21.3
"2020-09-20 08:40:14",797502,-0.038,0.028,0.005,295.7,27.92,21.3
"2020-09-20 08:40:14.1",797503,-0.038,0.028,0.005,295.7,27.92,21.3
"2020-09-20 08:40:14.2",797504,-0.038,0.028,0.005,295.7,27.92,21.3
"2020-09-20 08:40:14.3",797505,-0.008,-0.002,0.044,295.7,27.92,21.3
"2020-09-20 08:40:14.4",797506,-0.008,-0.002,0.044,295.7,27.92,21.3
"2020-09-20 08:40:14.5",797507,-0.028,-0.002,0.025,295.7,27.92,21.3
"2020-09-20 08:40:14.6",797508,-0.028,-0.002,0.024,295.7,27.92,21.3
"2020-09-20 08:40:14.7",797509,-0.028,-0.002,0.024,295.7,27.92,21.3
"2020-09-20 08:40:14.8",797510,-0.028,-0.002,0.024,295.7,27.92,21.3
"2020-09-20 08:40:14.9",797511,-0.028,-0.002,0.024,295.7,27.92,21.3
"2020-09-20 08:40:15",797512,-0.028,0.047,0.024,295.6,27.98,21.33
"2020-09-20 08:40:15.1",797513,-0.028,0.047,0.024,295.6,27.92,21.3
"2020-09-20 08:40:15.2",797514,-0.028,0.047,0.024,295.6,27.92,21.3
"2020-09-20 08:40:15.3",797515,-0.028,-0.002,0.025,295.7,27.92,21.3
"2020-09-20 08:40:15.4",797516,-0.028,-0.002,0.025,295.7,27.92,21.3
"2020-09-20 08:40:15.5",797517,-0.028,-0.002,0.024,295.7,27.92,21.3
"2020-09-20 08:40:15.6",797518,-0.028,-0.002,0.025,295.7,27.92,21.3
"2020-09-20 08:40:15.7",797519,-0.028,-0.003,0.024,295.7,27.92,21.3
"2020-09-20 08:40:15.8",797520,-0.018,-0.041,0.044,295.7,27.92,21.3
"2020-09-20 08:40:15.9",797521,-0.018,-0.041,0.044,295.7,27.92,21.3
"2020-09-20 08:40:16",797522,-0.009,-0.012,0.063,295.7,27.92,21.3
"2020-09-20 08:40:16.1",797523,-0.009,-0.012,0.064,295.7,27.92,21.3
"2020-09-20 08:40:16.2",797524,-0.009,-0.012,0.063,295.7,27.92,21.3
"2020-09-20 08:40:16.3",797525,-0.018,-0.041,0.044,295.8,27.92,21.33
"2020-09-20 08:40:16.4",797526,-0.018,-0.042,0.044,295.8,27.92,21.3
"2020-09-20 08:40:16.5",797527,-0.009,-0.002,0.073,295.7,27.92,21.3
"2020-09-20 08:40:16.6",797528,-0.009,-0.002,0.073,295.7,27.92,21.3
"2020-09-20 08:40:16.7",797529,-0.009,-0.003,0.073,295.7,27.92,21.3
"2020-09-20 08:40:16.8",797530,-0.018,-0.041,0.044,295.7,27.92,21.3
"2020-09-20 08:40:16.9",797531,-0.018,-0.041,0.044,295.7,27.92,21.3
"2020-09-20 08:40:17",797532,-0.009,-0.002,0.073,295.6,27.92,21.3
"2020-09-20 08:40:17.1",797533,-0.009,-0.002,0.073,295.6,27.92,21.3
"2020-09-20 08:40:17.2",797534,-0.009,-0.003,0.073,295.6,27.92,21.3
"2020-09-20 08:40:17.3",797535,-0.009,-0.002,0.073,295.6,27.92,21.3
"2020-09-20 08:40:17.4",797536,-0.008,-0.002,0.073,295.6,27.92,21.3
"2020-09-20 08:40:17.5",797537,-0.008,-0.002,0.073,295.6,27.98,21.3
"2020-09-20 08:40:17.6",797538,-0.009,-0.002,0.073,295.6,27.92,21.3
"2020-09-20 08:40:17.7",797539,-0.009,-0.003,0.073,295.6,27.92,21.3
"2020-09-20 08:40:17.8",797540,-0.009,-0.002,0.073,295.6,27.92,21.3
"2020-09-20 08:40:17.9",797541,-0.008,-0.002,0.073,295.6,27.92,21.3
"2020-09-20 08:40:18",797542,-0.009,-0.002,0.073,295.6,27.92,21.3
"2020-09-20 08:40:18.1",797543,-0.009,-0.002,0.074,295.6,27.92,21.3
"2020-09-20 08:40:18.2",797544,-0.009,-0.003,0.073,295.6,27.92,21.3
"2020-09-20 08:40:18.3",797545,-0.009,0.008,0.044,295.5,27.92,21.3
"2020-09-20 08:40:18.4",797546,-0.009,0.008,0.044,295.5,27.92,21.3
"2020-09-20 08:40:18.5",797547,-0.057,0.009,0.073,295.6,27.92,21.3
"2020-09-20 08:40:18.6",797548,-0.057,0.008,0.073,295.6,27.92,21.3
"2020-09-20 08:40:18.7",797549,-0.057,0.008,0.073,295.6,27.92,21.3
"2020-09-20 08:40:18.8",797550,-0.009,-0.002,0.073,295.6,27.95,21.34
"2020-09-20 08:40:18.9",797551,-0.009,-0.002,0.074,295.6,27.92,21.3
"2020-09-20 08:40:19",797552,-0.009,0.047,0.073,295.6,27.92,21.3
"2020-09-20 08:40:19.1",797553,-0.009,0.047,0.073,295.6,27.92,21.3
"2020-09-20 08:40:19.2",797554,-0.009,0.047,0.073,295.6,27.92,21.3
"2020-09-20 08:40:19.3",797555,-0.008,0.008,0.044,295.5,27.92,21.3
"2020-09-20 08:40:19.4",797556,-0.008,0.008,0.044,295.5,27.92,21.3
"2020-09-20 08:40:19.5",797557,-0.008,0.008,0.044,295.5,27.92,21.3
"2020-09-20 08:40:19.6",797558,-0.009,0.008,0.044,295.5,27.92,21.3
"2020-09-20 08:40:19.7",797559,-0.009,0.008,0.044,295.5,27.92,21.3
"2020-09-20 08:40:19.8",797560,0.012,0.008,0.024,295.5,27.92,21.3
"2020-09-20 08:40:19.9",797561,0.011,0.008,0.025,295.5,27.92,21.3
"2020-09-20 08:40:20",797562,-0.008,0.008,0.044,295.5,27.96,21.3
"2020-09-20 08:40:20.1",797563,-0.008,0.008,0.044,295.5,27.92,21.3
"2020-09-20 08:40:20.2",797564,-0.009,0.008,0.044,295.5,27.92,21.3
"2020-09-20 08:40:20.3",797565,-0.008,0.008,0.044,295.5,27.92,21.3
"2020-09-20 08:40:20.4",797566,-0.009,0.008,0.044,295.5,27.92,21.3
"2020-09-20 08:40:20.5",797567,-0.009,0.008,0.044,295.5,27.92,21.3
"2020-09-20 08:40:20.6",797568,-0.008,0.008,0.044,295.5,27.92,21.3
"2020-09-20 08:40:20.7",797569,-0.009,0.008,0.044,295.5,27.92,21.3
"2020-09-20 08:40:20.8",797570,-0.009,0.008,0.044,295.5,27.92,21.3
"2020-09-20 08:40:20.9",797571,-0.009,0.008,0.044,295.5,27.92,21.3
"2020-09-20 08:40:21",797572,-0.028,-0.003,0.024,295.6,27.92,21.3
"2020-09-20 08:40:21.1",797573,-0.028,-0.003,0.024,295.6,27.92,21.3
"2020-09-20 08:40:21.2",797574,-0.028,-0.002,0.024,295.6,27.92,21.3
"2020-09-20 08:40:21.3",797575,-0.028,-0.002,0.025,295.6,27.95,21.36
"2020-09-20 08:40:21.4",797576,-0.028,-0.002,0.024,295.6,27.92,21.3
"2020-09-20 08:40:21.5",797577,-0.008,-0.012,0.063,295.7,27.92,21.3
"2020-09-20 08:40:21.6",797578,-0.008,-0.012,0.064,295.7,27.92,21.3
"2020-09-20 08:40:21.7",797579,-0.009,-0.012,0.063,295.7,27.92,21.3
"2020-09-20 08:40:21.8",797580,-0.009,-0.012,0.063,295.7,27.92,21.3
"2020-09-20 08:40:21.9",797581,-0.009,-0.012,0.064,295.7,27.92,21.3
"2020-09-20 08:40:22",797582,-0.008,-0.012,0.063,295.7,27.92,21.3
"2020-09-20 08:40:22.1",797583,-0.008,-0.012,0.064,295.7,27.92,21.3
"2020-09-20 08:40:22.2",797584,-0.009,-0.012,0.063,295.7,27.92,21.3
"2020-09-20 08:40:22.3",797585,-0.038,-0.022,0.083,295.6,27.92,21.3
"2020-09-20 08:40:22.4",797586,-0.038,-0.022,0.083,295.6,27.92,21.3
"2020-09-20 08:40:22.5",797587,-0.009,0.008,0.044,295.5,27.93,21.3
"2020-09-20 08:40:22.6",797588,-0.009,0.008,0.044,295.5,27.92,21.3
"2020-09-20 08:40:22.7",797589,-0.009,0.008,0.044,295.5,27.92,21.3
"2020-09-20 08:40:22.8",797590,-0.028,-0.002,0.025,295.6,27.92,21.3
"2020-09-20 08:40:22.9",797591,-0.028,-0.002,0.024,295.6,27.92,21.3
"2020-09-20 08:40:23",797592,-0.018,-0.041,0.044,295.5,27.92,21.3
"2020-09-20 08:40:23.1",797593,-0.018,-0.041,0.044,295.5,27.92,21.3
"2020-09-20 08:40:23.2",797594,-0.019,-0.042,0.044,295.5,27.92,21.3
"2020-09-20 08:40:23.3",797595,-0.028,-0.002,0.025,295.5,27.92,21.3
"2020-09-20 08:40:23.4",797596,-0.028,-0.003,0.024,295.5,27.92,21.3
"2020-09-20 08:40:23.5",797597,-0.009,0.008,0.044,295.5,27.92,21.3
"2020-09-20 08:40:23.6",797598,-0.008,0.008,0.044,295.5,27.92,21.3
"2020-09-20 08:40:23.7",797599,-0.009,0.008,0.044,295.5,27.92,21.3
"2020-09-20 08:40:23.8",797600,-0.028,-0.002,0.025,295.4,27.95,21.36
"2020-09-20 08:40:23.9",797601,-0.028,-0.002,0.025,295.4,27.92,21.3
"2020-09-20 08:40:24",797602,-0.008,0.008,0.044,295.5,27.92,21.3
"2020-09-20 08:40:24.1",797603,-0.009,0.008,0.044,295.5,27.92,21.3
"2020-09-20 08:40:24.2",797604,-0.009,0.008,0.044,295.5,27.92,21.3
"2020-09-20 08:40:24.3",797605,-0.028,-0.003,0.025,295.5,27.92,21.3
"2020-09-20 08:40:24.4",797606,-0.028,-0.002,0.025,295.5,27.92,21.3
"2020-09-20 08:40:24.5",797607,-0.077,-0.002,0.044,295.5,27.92,21.3
"2020-09-20 08:40:24.6",797608,-0.077,-0.002,0.044,295.5,27.92,21.3
"2020-09-20 08:40:24.7",797609,-0.077,-0.002,0.044,295.5,27.92,21.3
"2020-09-20 08:40:24.8",797610,-0.048,-0.051,0.073,295.5,27.92,21.3
"2020-09-20 08:40:24.9",797611,-0.048,-0.051,0.073,295.4,27.92,21.3
"2020-09-20 08:40:25",797612,-0.087,-0.125,0.005,295.4,27.92,21.3
"2020-09-20 08:40:25.1",797613,-0.087,-0.125,0.005,295.4,27.92,21.3
"2020-09-20 08:40:25.2",797614,-0.087,-0.125,0.005,295.4,27.92,21.3
"2020-09-20 08:40:25.3",797615,-0.14,-0.081,0.073,295.3,27.92,21.3
"2020-09-20 08:40:25.4",797616,-0.14,-0.081,0.074,295.3,27.92,21.3
"2020-09-20 08:40:25.5",797617,-0.106,-0.051,0.093,295.4,27.92,21.3
"2020-09-20 08:40:25.6",797618,-0.106,-0.051,0.093,295.4,27.92,21.3
"2020-09-20 08:40:25.7",797619,-0.106,-0.051,0.093,295.4,27.92,21.3
"2020-09-20 08:40:25.8",797620,-0.106,-0.051,0.093,295.4,27.92,21.3
"2020-09-20 08:40:25.9",797621,-0.106,-0.051,0.093,295.4,27.92,21.3
"2020-09-20 08:40:26",797622,-0.087,-0.08,0.034,295.4,27.92,21.3
"2020-09-20 08:40:26.1",797623,-0.087,-0.081,0.034,295.4,27.92,21.3
"2020-09-20 08:40:26.2",797624,-0.087,-0.081,0.034,295.4,27.92,21.3
"2020-09-20 08:40:26.3",797625,-0.097,-0.125,0.093,295.4,27.97,21.36
"2020-09-20 08:40:26.4",797626,-0.096,-0.124,0.093,295.4,27.92,21.3
"2020-09-20 08:40:26.5",797627,-0.057,-0.125,0.073,295.4,27.92,21.3
"2020-09-20 08:40:26.6",797628,-0.057,-0.125,0.074,295.4,27.92,21.3
"2020-09-20 08:40:26.7",797629,-0.057,-0.125,0.073,295.4,27.92,21.3
"2020-09-20 08:40:26.8",797630,-0.096,-0.125,0.093,295.3,27.92,21.3
"2020-09-20 08:40:26.9",797631,-0.096,-0.125,0.093,295.3,27.92,21.3
"2020-09-20 08:40:27",797632,-0.057,-0.125,0.073,295.3,27.92,21.3
"2020-09-20 08:40:27.1",797633,-0.057,-0.124,0.073,295.3,27.92,21.3
"2020-09-20 08:40:27.2",797634,-0.057,-0.125,0.073,295.3,27.92,21.3
"2020-09-20 08:40:27.3",797635,-0.058,-0.125,0.073,295.3,27.92,21.3
"2020-09-20 08:40:27.4",797636,-0.057,-0.124,0.073,295.3,27.92,21.3
"2020-09-20 08:40:27.5",797637,-0.087,-0.08,0.117,295.3,27.92,21.3
"2020-09-20 08:40:27.6",797638,-0.087,-0.081,0.117,295.3,27.92,21.3
"2020-09-20 08:40:27.7",797639,-0.087,-0.081,0.117,295.3,27.92,21.3
"2020-09-20 08:40:27.8",797640,-0.096,-0.125,0.093,295.4,27.92,21.3
"2020-09-20 08:40:27.9",797641,-0.096,-0.125,0.093,295.4,27.92,21.3
"2020-09-20 08:40:28",797642,-0.096,-0.125,0.093,295.4,27.92,21.3
"2020-09-20 08:40:28.1",797643,-0.096,-0.124,0.093,295.4,27.92,21.3
"2020-09-20 08:40:28.2",797644,-0.097,-0.125,0.093,295.4,27.92,21.3
"2020-09-20 08:40:28.3",797645,-0.087,-0.08,0.117,295.4,27.92,21.3
"2020-09-20 08:40:28.4",797646,-0.087,-0.081,0.117,295.4,27.92,21.3
"2020-09-20 08:40:28.5",797647,-0.087,-0.081,0.117,295.4,27.92,21.3
"2020-09-20 08:40:28.6",797648,-0.086,-0.081,0.117,295.4,27.92,21.3
"2020-09-20 08:40:28.7",797649,-0.087,-0.081,0.117,295.4,27.92,21.3
"2020-09-20 08:40:28.8",797650,-0.096,-0.125,0.093,295.4,27.98,21.36
"2020-09-20 08:40:28.9",797651,-0.096,-0.125,0.093,295.4,27.92,21.3
"2020-09-20 08:40:29",797652,-0.047,-0.051,0.146,295.4,27.92,21.3
"2020-09-20 08:40:29.1",797653,-0.048,-0.051,0.147,295.4,27.92,21.3
"2020-09-20 08:40:29.2",797654,-0.048,-0.052,0.146,295.4,27.92,21.3
"2020-09-20 08:40:29.3",797655,-0.14,-0.081,0.146,295.4,27.92,21.3
"2020-09-20 08:40:29.4",797656,-0.141,-0.081,0.147,295.4,27.92,21.3
"2020-09-20 08:40:29.5",797657,-0.087,-0.081,0.117,295.4,27.92,21.3
"2020-09-20 08:40:29.6",797658,-0.086,-0.081,0.117,295.4,27.92,21.3
"2020-09-20 08:40:29.7",797659,-0.087,-0.081,0.117,295.4,27.92,21.3
"2020-09-20 08:40:29.8",797660,-0.106,-0.051,0.093,295.4,27.92,21.3
"2020-09-20 08:40:29.9",797661,-0.106,-0.051,0.093,295.4,27.92,21.3
"2020-09-20 08:40:30",797662,-0.106,-0.051,0.093,295.4,27.92,21.3
"2020-09-20 08:40:30.1",797663,-0.106,-0.051,0.093,295.4,27.92,21.32
"2020-09-20 08:40:30.2",797664,-0.106,-0.051,0.093,295.4,27.92,21.3
"2020-09-20 08:40:30.3",797665,-0.048,-0.051,0.073,295.5,27.92,21.3
"2020-09-20 08:40:30.4",797666,-0.048,-0.051,0.073,295.5,27.92,21.3
"2020-09-20 08:40:30.5",797667,-0.048,-0.051,0.073,295.5,27.92,21.3
"2020-09-20 08:40:30.6",797668,-0.048,-0.051,0.073,295.5,27.92,21.3
"2020-09-20 08:40:30.7",797669,-0.048,-0.051,0.073,295.4,27.92,21.3
"2020-09-20 08:40:30.8",797670,-0.077,-0.002,0.044,295.4,27.92,21.3
"2020-09-20 08:40:30.9",797671,-0.077,-0.002,0.044,295.4,27.92,21.3
"2020-09-20 08:40:31",797672,-0.028,-0.003,0.093,295.4,27.92,21.3
"2020-09-20 08:40:31.1",797673,-0.028,-0.002,0.093,295.4,27.92,21.3
"2020-09-20 08:40:31.2",797674,-0.028,-0.002,0.093,295.4,27.92,21.3
"2020-09-20 08:40:31.3",797675,-0.047,-0.051,0.073,295.4,27.98,21.35
"2020-09-20 08:40:31.4",797676,-0.047,-0.051,0.073,295.4,27.92,21.3
"2020-09-20 08:40:31.5",797677,-0.077,-0.002,0.044,295.4,27.92,21.3
"2020-09-20 08:40:31.6",797678,-0.077,-0.002,0.044,295.4,27.92,21.3
"2020-09-20 08:40:31.7",797679,-0.077,-0.002,0.044,295.4,27.92,21.3
"2020-09-20 08:40:31.8",797680,-0.087,0.008,0.015,295.4,27.92,21.3
"2020-09-20 08:40:31.9",797681,-0.087,0.008,0.015,295.4,27.92,21.3
"2020-09-20 08:40:32",797682,-0.087,0.008,0.015,295.4,27.92,21.3
"2020-09-20 08:40:32.1",797683,-0.087,0.008,0.015,295.4,27.92,21.3
"2020-09-20 08:40:32.2",797684,-0.087,0.008,0.015,295.4,27.92,21.3
"2020-09-20 08:40:32.3",797685,-0.087,0.008,0.015,295.4,27.92,21.3
"2020-09-20 08:40:32.4",797686,-0.087,0.008,0.015,295.4,27.92,21.3
"2020-09-20 08:40:32.5",797687,-0.087,0.008,0.015,295.4,27.92,21.3
"2020-09-20 08:40:32.6",797688,-0.087,0.008,0.015,295.4,27.92,21.33
"2020-09-20 08:40:32.7",797689,-0.087,0.008,0.015,295.4,27.92,21.3
"2020-09-20 08:40:32.8",797690,-0.087,0.008,0.015,295.4,27.92,21.3
"2020-09-20 08:40:32.9",797691,-0.087,0.008,0.015,295.4,27.92,21.3
"2020-09-20 08:40:33",797692,-0.048,0.008,-0.006,295.4,27.92,21.3
"2020-09-20 08:40:33.1",797693,-0.048,0.008,-0.006,295.4,27.92,21.3
"2020-09-20 08:40:33.2",797694,-0.048,0.008,-0.006,295.4,27.92,21.3
"2020-09-20 08:40:33.3",797695,-0.048,0.008,-0.006,295.4,27.92,21.3
"2020-09-20 08:40:33.4",797696,-0.048,0.008,-0.006,295.4,27.92,21.3
"2020-09-20 08:40:33.5",797697,-0.028,-0.002,0.024,295.4,27.92,21.3
"2020-09-20 08:40:33.6",797698,-0.028,-0.002,0.024,295.5,27.92,21.3
"2020-09-20 08:40:33.7",797699,-0.028,-0.002,0.024,295.5,27.92,21.3
"2020-09-20 08:40:33.8",797700,-0.028,-0.002,0.024,295.5,27.98,21.33
"2020-09-20 08:40:33.9",797701,-0.028,-0.003,0.024,295.5,27.92,21.3
"2020-09-20 08:40:34",797702,-0.028,-0.002,0.024,295.4,27.92,21.3
"2020-09-20 08:40:34.1",797703,-0.028,-0.002,0.025,295.5,27.92,21.3
"2020-09-20 08:40:34.2",797704,-0.028,-0.002,0.024,295.4,27.92,21.3
"2020-09-20 08:40:34.3",797705,-0.028,-0.002,0.025,295.4,27.92,21.3
"2020-09-20 08:40:34.4",797706,-0.028,-0.002,0.024,295.5,27.92,21.3
"2020-09-20 08:40:34.5",797707,-0.008,0.008,0.044,295.5,27.92,21.3
"2020-09-20 08:40:34.6",797708,-0.009,0.008,0.044,295.5,27.92,21.3
"2020-09-20 08:40:34.7",797709,-0.009,0.008,0.044,295.5,27.92,21.3
"2020-09-20 08:40:34.8",797710,-0.019,-0.041,0.044,295.5,27.92,21.3
"2020-09-20 08:40:34.9",797711,-0.018,-0.041,0.044,295.5,27.92,21.3
"2020-09-20 08:40:35",797712,-0.018,-0.041,0.044,295.5,27.92,21.3
"2020-09-20 08:40:35.1",797713,-0.018,-0.041,0.044,295.5,27.92,21.34
"2020-09-20 08:40:35.2",797714,-0.018,-0.041,0.044,295.5,27.92,21.3
"2020-09-20 08:40:35.3",797715,-0.028,-0.002,0.025,295.5,27.92,21.3
"2020-09-20 08:40:35.4",797716,-0.028,-0.002,0.025,295.5,27.92,21.3
"2020-09-20 08:40:35.5",797717,-0.057,0.008,0.073,295.5,27.92,21.3
"2020-09-20 08:40:35.6",797718,-0.057,0.008,0.073,295.4,27.92,21.3
"2020-09-20 08:40:35.7",797719,-0.058,0.008,0.073,295.4,27.92,21.3
"2020-09-20 08:40:35.8",797720,-0.077,-0.002,0.044,295.5,27.92,21.3
"2020-09-20 08:40:35.9",797721,-0.077,-0.002,0.044,295.5,27.92,21.3
"2020-09-20 08:40:36",797722,0.011,0.008,0.024,295.5,27.92,21.3
"2020-09-20 08:40:36.1",797723,0.012,0.008,0.025,295.5,27.92,21.3
"2020-09-20 08:40:36.2",797724,0.011,0.008,0.024,295.5,27.92,21.3
"2020-09-20 08:40:36.3",797725,-0.009,-0.002,-0.007,295.5,27.98,21.3
"2020-09-20 08:40:36.4",797726,-0.009,-0.002,-0.006,295.5,27.92,21.3
"2020-09-20 08:40:36.5",797727,-0.008,-0.002,0.044,295.6,27.92,21.3
"2020-09-20 08:40:36.6",797728,-0.008,-0.002,0.044,295.6,27.92,21.3
"2020-09-20 08:40:36.7",797729,-0.009,-0.003,0.044,295.6,27.92,21.3
"2020-09-20 08:40:36.8",797730,-0.038,0.028,0.005,295.6,27.92,21.3
"2020-09-20 08:40:36.9",797731,-0.038,0.028,0.005,295.6,27.92,21.3
"2020-09-20 08:40:37",797732,-0.038,0.028,0.005,295.6,27.92,21.3
"2020-09-20 08:40:37.1",797733,-0.038,0.028,0.005,295.6,27.92,21.3
"2020-09-20 08:40:37.2",797734,-0.038,0.028,0.005,295.6,27.92,21.3
"2020-09-20 08:40:37.3",797735,-0.028,-0.002,0.025,295.6,27.92,21.3
"2020-09-20 08:40:37.4",797736,-0.028,-0.002,0.025,295.6,27.92,21.3
"2020-09-20 08:40:37.5",797737,-0.048,0.008,-0.006,295.5,27.92,21.3
"2020-09-20 08:40:37.6",797738,-0.048,0.008,-0.006,295.5,27.94,21.33
"2020-09-20 08:40:37.7",797739,-0.048,0.008,-0.006,295.5,27.92,21.3
"2020-09-20 08:40:37.8",797740,-0.077,-0.002,0.044,295.4,27.92,21.3
"2020-09-20 08:40:37.9",797741,-0.077,-0.002,0.044,295.4,27.92,21.3
"2020-09-20 08:40:38",797742,-0.028,-0.002,-0.036,295.4,27.92,21.3
"2020-09-20 08:40:38.1",797743,-0.028,-0.002,-0.035,295.4,27.92,21.3
"2020-09-20 08:40:38.2",797744,-0.028,-0.003,-0.036,295.4,27.92,21.3
"2020-09-20 08:40:38.3",797745,-0.028,-0.002,-0.035,295.4,27.92,21.3
"2020-09-20 08:40:38.4",797746,-0.028,-0.002,-0.036,295.4,27.92,21.3
"2020-09-20 08:40:38.5",797747,-0.028,-0.002,-0.036,295.4,27.92,21.3
"2020-09-20 08:40:38.6",797748,-0.028,-0.002,-0.036,295.4,27.92,21.3
"2020-09-20 08:40:38.7",797749,-0.028,-0.003,-0.036,295.4,27.92,21.3
"2020-09-20 08:40:38.8",797750,-0.028,-0.002,-0.035,295.4,27.96,21.3
"2020-09-20 08:40:38.9",797751,-0.028,-0.002,-0.036,295.4,27.92,21.3
"2020-09-20 08:40:39",797752,-0.028,-0.002,-0.036,295.4,27.92,21.3
"2020-09-20 08:40:39.1",797753,-0.028,-0.003,-0.036,295.4,27.92,21.3
"2020-09-20 08:40:39.2",797754,-0.028,-0.002,-0.036,295.4,27.92,21.3
"2020-09-20 08:40:39.3",797755,-0.028,-0.002,-0.036,295.5,27.92,21.3
"2020-09-20 08:40:39.4",797756,-0.028,-0.002,-0.036,295.5,27.92,21.3
"2020-09-20 08:40:39.5",797757,-0.028,-0.003,-0.036,295.5,27.92,21.3
"2020-09-20 08:40:39.6",797758,-0.028,-0.002,-0.035,295.5,27.92,21.3
"2020-09-20 08:40:39.7",797759,-0.028,-0.003,-0.036,295.5,27.92,21.3
"2020-09-20 08:40:39.8",797760,-0.028,-0.002,-0.036,295.5,27.92,21.3
"2020-09-20 08:40:39.9",797761,-0.028,-0.002,-0.036,295.5,27.92,21.3
"2020-09-20 08:40:40",797762,-0.028,-0.002,-0.036,295.5,27.92,21.3
"2020-09-20 08:40:40.1",797763,-0.028,-0.002,-0.036,295.5,27.95,21.35
"2020-09-20 08:40:40.2",797764,-0.028,-0.002,-0.036,295.5,27.92,21.3
"2020-09-20 08:40:40.3",797765,-0.009,-0.002,-0.065,295.5,27.92,21.3
"2020-09-20 08:40:40.4",797766,-0.009,-0.002,-0.065,295.5,27.92,21.3
"2020-09-20 08:40:40.5",797767,-0.028,-0.002,-0.036,295.5,27.92,21.3
"2020-09-20 08:40:40.6",797768,-0.028,-0.002,-0.036,295.5,27.92,21.3
"2020-09-20 08:40:40.7",797769,-0.028,-0.002,-0.036,295.5,27.92,21.3
"2020-09-20 08:40:40.8",797770,-0.009,-0.002,-0.006,295.5,27.92,21.3
"2020-09-20 08:40:40.9",797771,-0.008,-0.002,-0.006,295.5,27.92,21.3
"2020-09-20 08:40:41",797772,-0.009,-0.002,-0.006,295.5,27.92,21.3
"2020-09-20 08:40:41.1",797773,-0.009,-0.002,-0.006,295.5,27.92,21.3
"2020-09-20 08:40:41.2",797774,-0.009,-0.003,-0.006,295.5,27.92,21.3
"2020-09-20 08:40:41.3",797775,-0.009,-0.003,-0.006,295.5,27.94,21.3
"2020-09-20 08:40:41.4",797776,-0.008,-0.002,-0.006,295.5,27.92,21.3
"2020-09-20 08:40:41.5",797777,-0.009,-0.002,-0.006,295.5,27.92,21.3
"2020-09-20 08:40:41.6",797778,-0.009,-0.003,-0.006,295.5,27.92,21.3
"2020-09-20 08:40:41.7",797779,-0.009,-0.003,-0.006,295.5,27.92,21.3
"2020-09-20 08:40:41.8",797780,-0.009,-0.002,-0.006,295.5,27.92,21.3
"2020-09-20 08:40:41.9",797781,-0.008,-0.002,-0.006,295.5,27.92,21.3
"2020-09-20 08:40:42",797782,-0.009,-0.032,-0.016,295.5,27.92,21.3
"2020-09-20 08:40:42.1",797783,-0.009,-0.032,-0.016,295.5,27.92,21.3
"2020-09-20 08:40:42.2",797784,-0.009,-0.032,-0.016,295.5,27.92,21.3
"2020-09-20 08:40:42.3",797785,-0.009,-0.032,-0.016,295.5,27.92,21.3
"2020-09-20 08:40:42.4",797786,-0.008,-0.032,-0.016,295.5,27.92,21.3
"2020-09-20 08:40:42.5",797787,-0.009,-0.032,-0.016,295.5,27.92,21.3
"2020-09-20 08:40:42.6",797788,-0.009,-0.032,-0.016,295.5,27.96,21.36
"2020-09-20 08:40:42.7",797789,-0.009,-0.032,-0.016,295.5,27.92,21.3
"2020-09-20 08:40:42.8",797790,-0.009,-0.032,-0.016,295.5,27.92,21.3
"2020-09-20 08:40:42.9",797791,-0.008,-0.032,-0.016,295.5,27.92,21.3
"2020-09-20 08:40:43",797792,0.012,-0.041,-0.036,295.5,27.92,21.3
"2020-09-20 08:40:43.1",797793,0.012,-0.041,-0.035,295.5,27.92,21.3
"2020-09-20 08:40:43.2",797794,0.012,-0.042,-0.036,295.5,27.92,21.3
"2020-09-20 08:40:43.3",797795,0.021,-0.002,-0.016,295.5,27.92,21.3
"2020-09-20 08:40:43.4",797796,0.022,-0.002,-0.016,295.5,27.92,21.3
"2020-09-20 08:40:43.5",797797,0.021,-0.002,-0.016,295.5,27.92,21.3
"2020-09-20 08:40:43.6",797798,0.022,-0.002,-0.016,295.5,27.92,21.3
"2020-09-20 08:40:43.7",797799,0.021,-0.002,-0.016,295.5,27.92,21.3
"2020-09-20 08:40:43.8",797800,0.021,-0.002,-0.016,295.5,27.92,21.3
"2020-09-20 08:40:43.9",797801,0.021,-0.002,-0.016,295.5,27.92,21.3
"2020-09-20 08:40:44",797802,-0.008,-0.002,-0.006,295.5,27.92,21.3
"2020-09-20 08:40:44.1",797803,-0.009,-0.002,-0.006,295.5,27.92,21.3
"2020-09-20 08:40:44.2",797804,-0.009,-0.002,-0.006,295.5,27.92,21.3
"2020-09-20 08:40:44.3",797805,-0.009,-0.002,-0.006,295.5,27.92,21.3
"2020-09-20 08:40:44.4",797806,-0.008,-0.002,-0.006,295.5,27.92,21.3
"2020-09-20 08:40:44.5",797807,-0.009,-0.002,-0.006,295.5,27.92,21.3
"2020-09-20 08:40:44.6",797808,-0.008,-0.002,-0.006,295.5,27.92,21.3
"2020-09-20 08:40:44.7",797809,-0.009,-0.003,-0.006,295.5,27.92,21.3
"2020-09-20 08:40:44.8",797810,-0.028,-0.002,0.025,295.5,27.92,21.3
"2020-09-20 08:40:44.9",797811,-0.028,-0.002,0.025,295.5,27.92,21.3
"2020-09-20 08:40:45",797812,-0.008,-0.002,-0.006,295.5,27.92,21.3
"2020-09-20 08:40:45.1",797813,-0.008,-0.002,-0.006,295.5,27.96,21.36
"2020-09-20 08:40:45.2",797814,-0.009,-0.003,-0.006,295.5,27.92,21.3
"2020-09-20 08:40:45.3",797815,-0.008,-0.002,-0.006,295.6,27.92,21.3
"2020-09-20 08:40:45.4",797816,-0.009,-0.002,-0.006,295.6,27.92,21.3
"2020-09-20 08:40:45.5",797817,-0.028,-0.002,0.025,295.6,27.92,21.3
"2020-09-20 08:40:45.6",797818,-0.028,-0.002,0.025,295.6,27.92,21.3
"2020-09-20 08:40:45.7",797819,-0.028,-0.002,0.024,295.6,27.92,21.3
"2020-09-20 08:40:45.8",797820,-0.028,-0.002,0.024,295.7,27.92,21.3
"2020-09-20 08:40:45.9",797821,-0.028,-0.002,0.024,295.7,27.92,21.3
"2020-09-20 08:40:46",797822,-0.028,-0.002,0.025,295.7,27.92,21.3
"2020-09-20 08:40:46.1",797823,-0.028,-0.002,0.025,295.7,27.92,21.3
"2020-09-20 08:40:46.2",797824,-0.028,-0.002,0.024,295.7,27.92,21.3
"2020-09-20 08:40:46.3",797825,-0.028,-0.002,0.024,295.7,27.92,21.3
"2020-09-20 08:40:46.4",797826,-0.028,-0.002,0.024,295.7,27.92,21.3
"2020-09-20 08:40:46.5",797827,-0.028,-0.002,0.025,295.6,27.92,21.3
"2020-09-20 08:40:46.6",797828,-0.028,-0.002,0.024,295.6,27.92,21.3
"2020-09-20 08:40:46.7",797829,-0.028,-0.002,0.024,295.6,27.92,21.3
"2020-09-20 08:40:46.8",797830,-0.028,-0.002,0.024,295.5,27.92,21.3
"2020-09-20 08:40:46.9",797831,-0.028,-0.002,0.024,295.5,27.92,21.3
"2020-09-20 08:40:47",797832,-0.028,-0.002,0.024,295.5,27.92,21.3
"2020-09-20 08:40:47.1",797833,-0.028,-0.002,0.025,295.5,27.92,21.3
"2020-09-20 08:40:47.2",797834,-0.028,-0.003,0.024,295.5,27.92,21.3
"2020-09-20 08:40:47.3",797835,-0.028,-0.002,0.025,295.5,27.92,21.3
"2020-09-20 08:40:47.4",797836,-0.028,-0.002,0.025,295.5,27.92,21.3
"2020-09-20 08:40:47.5",797837,-0.028,-0.002,0.025,295.5,27.92,21.3
"2020-09-20 08:40:47.6",797838,-0.028,-0.002,0.025,295.5,27.98,21.36
"2020-09-20 08:40:47.7",797839,-0.028,-0.002,0.024,295.5,27.92,21.3
"2020-09-20 08:40:47.8",797840,-0.048,0.008,-0.006,295.6,27.92,21.3
"2020-09-20 08:40:47.9",797841,-0.048,0.008,-0.006,295.6,27.92,21.3
"2020-09-20 08:40:48",797842,-0.028,-0.002,0.024,295.6,27.92,21.3
"2020-09-20 08:40:48.1",797843,-0.028,-0.002,0.025,295.6,27.92,21.3
"2020-09-20 08:40:48.2",797844,-0.028,-0.002,0.024,295.6,27.92,21.3
"2020-09-20 08:40:48.3",797845,-0.028,-0.002,0.024,295.6,27.92,21.3
"2020-09-20 08:40:48.4",797846,-0.028,-0.002,0.025,295.6,27.92,21.3
"2020-09-20 08:40:48.5",797847,-0.028,-0.002,0.025,295.7,27.92,21.3
"2020-09-20 08:40:48.6",797848,-0.028,-0.002,0.024,295.7,27.92,21.3
"2020-09-20 08:40:48.7",797849,-0.028,-0.003,0.024,295.7,27.92,21.3
"2020-09-20 08:40:48.8",797850,-0.028,-0.002,0.025,295.7,27.92,21.3
"2020-09-20 08:40:48.9",797851,-0.028,-0.002,0.025,295.7,27.92,21.33
"2020-09-20 08:40:49",797852,-0.018,-0.041,0.044,295.6,27.92,21.3
"2020-09-20 08:40:49.1",797853,-0.018,-0.041,0.044,295.6,27.92,21.3
"2020-09-20 08:40:49.2",797854,-0.018,-0.042,0.044,295.6,27.92,21.3
"2020-09-20 08:40:49.3",797855,-0.018,-0.041,0.044,295.6,27.92,21.3
"2020-09-20 08:40:49.4",797856,-0.018,-0.041,0.044,295.6,27.92,21.3
"2020-09-20 08:40:49.5",797857,-0.028,-0.002,0.025,295.7,27.92,21.3
"2020-09-20 08:40:49.6",797858,-0.028,-0.002,0.025,295.7,27.92,21.3
"2020-09-20 08:40:49.7",797859,-0.028,-0.003,0.024,295.7,27.92,21.3
"2020-09-20 08:40:49.8",797860,-0.018,-0.041,0.044,295.7,27.92,21.3
"2020-09-20 08:40:49.9",797861,-0.018,-0.041,0.044,295.7,27.92,21.3
"2020-09-20 08:40:50",797862,-0.009,-0.002,-0.006,295.7,27.92,21.3
"2020-09-20 08:40:50.1",797863,-0.009,-0.002,-0.006,295.7,27.98,21.33
"2020-09-20 08:40:50.2",797864,-0.009,-0.003,-0.006,295.7,27.92,21.3
"2020-09-20 08:40:50.3",797865,-0.028,-0.002,0.024,295.7,27.92,21.31
"2020-09-20 08:40:50.4",797866,-0.028,-0.002,0.025,295.7,27.92,21.31
"2020-09-20 08:40:50.5",797867,-0.008,-0.002,-0.006,295.7,27.92,21.32
"2020-09-20 08:40:50.6",797868,-0.008,-0.002,-0.006,295.7,27.92,21.32
"2020-09-20 08:40:50.7",797869,-0.009,-0.003,-0.006,295.7,27.92,21.32
"2020-09-20 08:40:50.8",797870,-0.019,-0.041,0.044,295.8,27.92,21.32
"2020-09-20 08:40:50.9",797871,-0.018,-0.041,0.044,295.8,27.92,21.32
"2020-09-20 08:40:51",797872,-0.019,-0.041,0.044,295.8,27.92,21.32
"2020-09-20 08:40:51.1",797873,-0.018,-0.041,0.044,295.8,27.92,21.32
"2020-09-20 08:40:51.2",797874,-0.018,-0.042,0.044,295.8,27.92,21.32
"2020-09-20 08:40:51.3",797875,-0.009,-0.002,0.073,295.8,27.92,21.32
"2020-09-20 08:40:51.4",797876,-0.008,-0.002,0.073,295.8,27.92,21.35
"2020-09-20 08:40:51.5",797877,-0.048,-0.041,0.064,295.8,27.92,21.32
"2020-09-20 08:40:51.6",797878,-0.048,-0.041,0.063,295.8,27.92,21.32
"2020-09-20 08:40:51.7",797879,-0.048,-0.042,0.063,295.8,27.92,21.32
"2020-09-20 08:40:51.8",797880,-0.047,-0.002,0.063,295.9,27.92,21.32
"2020-09-20 08:40:51.9",797881,-0.048,-0.002,0.064,295.9,27.92,21.32
"2020-09-20 08:40:52",797882,-0.047,-0.002,0.063,295.9,27.92,21.32
"2020-09-20 08:40:52.1",797883,-0.048,-0.002,0.064,295.9,27.92,21.32
"2020-09-20 08:40:52.2",797884,-0.048,-0.003,0.063,295.9,27.92,21.32
"2020-09-20 08:40:52.3",797885,-0.009,-0.002,0.034,295.9,27.92,21.32
"2020-09-20 08:40:52.4",797886,-0.009,-0.003,0.034,295.9,27.92,21.32
"2020-09-20 08:40:52.5",797887,-0.067,-0.002,0.044,295.9,27.92,21.32
"2020-09-20 08:40:52.6",797888,-0.067,-0.002,0.044,295.9,27.98,21.32
"2020-09-20 08:40:52.7",797889,-0.067,-0.002,0.044,295.9,27.92,21.32
"2020-09-20 08:40:52.8",797890,-0.067,-0.002,0.044,295.9,27.92,21.32
"2020-09-20 08:40:52.9",797891,-0.067,-0.002,0.044,295.9,27.92,21.32
"2020-09-20 08:40:53",797892,-0.009,-0.012,0.064,295.8,27.92,21.32
"2020-09-20 08:40:53.1",797893,-0.009,-0.012,0.064,295.8,27.92,21.32
"2020-09-20 08:40:53.2",797894,-0.009,-0.012,0.063,295.8,27.92,21.32
"2020-09-20 08:40:53.3",797895,-0.057,-0.002,0.063,295.8,27.92,21.32
"2020-09-20 08:40:53.4",797896,-0.057,-0.002,0.064,295.8,27.92,21.32
"2020-09-20 08:40:53.5",797897,-0.057,-0.002,0.064,295.8,27.92,21.32
"2020-09-20 08:40:53.6",797898,-0.057,-0.002,0.064,295.8,27.92,21.32
"2020-09-20 08:40:53.7",797899,-0.058,-0.003,0.063,295.8,27.92,21.32
"2020-09-20 08:40:53.8",797900,-0.009,-0.012,0.064,295.8,27.92,21.32
"2020-09-20 08:40:53.9",797901,-0.008,-0.012,0.064,295.8,27.95,21.36
"2020-09-20 08:40:54",797902,-0.009,-0.012,0.064,295.8,27.92,21.32
"2020-09-20 08:40:54.1",797903,-0.009,-0.012,0.064,295.8,27.92,21.32
"2020-09-20 08:40:54.2",797904,-0.009,-0.012,0.063,295.8,27.92,21.32
"2020-09-20 08:40:54.3",797905,-0.009,-0.012,0.064,295.8,27.92,21.32
"2020-09-20 08:40:54.4",797906,-0.009,-0.012,0.064,295.8,27.92,21.32
"2020-09-20 08:40:54.5",797907,0.002,-0.002,0.083,295.8,27.92,21.32
"2020-09-20 08:40:54.6",797908,0.002,-0.002,0.083,295.8,27.92,21.32
"2020-09-20 08:40:54.7",797909,0.002,-0.002,0.083,295.8,27.92,21.32
"2020-09-20 08:40:54.8",797910,-0.009,-0.002,0.073,295.8,27.92,21.32
"2020-09-20 08:40:54.9",797911,-0.008,-0.002,0.073,295.8,27.92,21.32
"2020-09-20 08:40:55",797912,-0.008,-0.002,0.073,295.8,27.92,21.32
"2020-09-20 08:40:55.1",797913,-0.009,-0.002,0.073,295.8,27.96,21.32
"2020-09-20 08:40:55.2",797914,-0.009,-0.003,0.073,295.8,27.92,21.32
"2020-09-20 08:40:55.3",797915,-0.009,-0.002,0.063,295.9,27.92,21.32
"2020-09-20 08:40:55.4",797916,-0.009,-0.002,0.063,295.9,27.92,21.32
"2020-09-20 08:40:55.5",797917,-0.009,-0.002,0.063,295.8,27.92,21.32
"2020-09-20 08:40:55.6",797918,-0.008,-0.002,0.063,295.8,27.92,21.32
"2020-09-20 08:40:55.7",797919,-0.009,-0.003,0.063,295.8,27.92,21.32
"2020-09-20 08:40:55.8",797920,-0.009,-0.002,0.063,295.9,27.92,21.32
"2020-09-20 08:40:55.9",797921,-0.009,-0.002,0.064,295.9,27.92,21.32
"2020-09-20 08:40:56",797922,-0.008,-0.002,0.073,295.8,27.92,21.32
"2020-09-20 08:40:56.1",797923,-0.008,-0.002,0.073,295.8,27.92,21.32
"2020-09-20 08:40:56.2",797924,-0.009,-0.002,0.073,295.8,27.92,21.32
"2020-09-20 08:40:56.3",797925,-0.009,-0.002,0.073,295.8,27.92,21.32
"2020-09-20 08:40:56.4",797926,-0.009,-0.002,0.073,295.8,27.95,21.38
"2020-09-20 08:40:56.5",797927,-0.009,0.047,0.073,295.8,27.92,21.32
"2020-09-20 08:40:56.6",797928,-0.009,0.047,0.073,295.8,27.92,21.32
"2020-09-20 08:40:56.7",797929,-0.009,0.047,0.073,295.8,27.92,21.32
"2020-09-20 08:40:56.8",797930,-0.028,-0.002,0.093,295.9,27.92,21.32
"2020-09-20 08:40:56.9",797931,-0.028,-0.002,0.093,295.9,27.92,21.32
"2020-09-20 08:40:57",797932,-0.028,-0.002,0.093,295.9,27.92,21.32
"2020-09-20 08:40:57.1",797933,-0.028,-0.003,0.093,295.9,27.92,21.32
"2020-09-20 08:40:57.2",797934,-0.028,-0.002,0.093,295.9,27.92,21.32
"2020-09-20 08:40:57.3",797935,-0.009,0.008,0.117,295.9,27.92,21.32
"2020-09-20 08:40:57.4",797936,-0.008,0.008,0.117,295.9,27.92,21.32
"2020-09-20 08:40:57.5",797937,-0.028,-0.002,0.093,295.9,27.92,21.32
"2020-09-20 08:40:57.6",797938,-0.028,-0.002,0.093,295.9,27.93,21.32
"2020-09-20 08:40:57.7",797939,-0.028,-0.002,0.093,295.9,27.92,21.32
"2020-09-20 08:40:57.8",797940,-0.028,-0.002,0.093,295.9,27.92,21.32
"2020-09-20 08:40:57.9",797941,-0.028,-0.002,0.093,295.9,27.91,21.32
"2020-09-20 08:40:58",797942,-0.028,-0.002,0.093,295.9,27.91,21.32
"2020-09-20 08:40:58.1",797943,-0.028,-0.002,0.093,295.9,27.91,21.32
"2020-09-20 08:40:58.2",797944,-0.028,-0.002,0.093,295.9,27.91,21.32
"2020-09-20 08:40:58.3",797945,-0.028,-0.002,0.093,295.8,27.9,21.32
"2020-09-20 08:40:58.4",797946,-0.028,-0.002,0.093,295.8,27.9,21.32
"2020-09-20 08:40:58.5",797947,-0.009,-0.002,0.073,295.8,27.9,21.32
"2020-09-20 08:40:58.6",797948,-0.009,-0.002,0.074,295.8,27.9,21.32
"2020-09-20 08:40:58.7",797949,-0.009,-0.002,0.073,295.8,27.9,21.32
"2020-09-20 08:40:58.8",797950,0.002,-0.002,0.083,295.7,27.9,21.32
"2020-09-20 08:40:58.9",797951,0.002,-0.002,0.083,295.7,27.93,21.38
"2020-09-20 08:40:59",797952,-0.009,0.038,0.064,295.7,27.9,21.32
"2020-09-20 08:40:59.1",797953,-0.009,0.038,0.064,295.7,27.9,21.32
"2020-09-20 08:40:59.2",797954,-0.009,0.037,0.064,295.7,27.9,21.32
"2020-09-20 08:40:59.3",797955,-0.009,0.008,0.044,295.6,27.9,21.32
"2020-09-20 08:40:59.4",797956,-0.009,0.008,0.044,295.6,27.9,21.32
"2020-09-20 08:40:59.5",797957,-0.057,0.008,0.073,295.5,27.9,21.32
"2020-09-20 08:40:59.6",797958,-0.057,0.008,0.073,295.5,27.9,21.32
"2020-09-20 08:40:59.7",797959,-0.058,0.008,0.073,295.5,27.9,21.32
"2020-09-20 08:40:59.8",797960,-0.009,0.008,0.044,295.5,27.9,21.32
"2020-09-20 08:40:59.9",797961,-0.008,0.008,0.044,295.5,27.9,21.32
"2020-09-20 08:41:00",797962,-0.009,0.008,0.044,295.5,27.9,21.32
"2020-09-20 08:41:00.1",797963,-0.009,0.008,0.044,295.5,27.9,21.32
"2020-09-20 08:41:00.2",797964,-0.009,0.008,0.044,295.5,27.9,21.32
"2020-09-20 08:41:00.3",797965,0.012,0.008,0.025,295.5,27.9,21.32
"2020-09-20 08:41:00.4",797966,0.012,0.008,0.024,295.5,27.9,21.32
"2020-09-20 08:41:00.5",797967,0.012,0.008,0.024,295.5,27.9,21.32
"2020-09-20 08:41:00.6",797968,0.011,0.008,0.024,295.5,27.9,21.32
"2020-09-20 08:41:00.7",797969,0.012,0.008,0.024,295.5,27.9,21.32
"2020-09-20 08:41:00.8",797970,0.012,0.008,0.025,295.5,27.9,21.32
"2020-09-20 08:41:00.9",797971,0.012,0.008,0.024,295.5,27.9,21.32
"2020-09-20 08:41:01",797972,0.011,0.008,0.024,295.5,27.9,21.32
"2020-09-20 08:41:01.1",797973,0.012,0.008,0.025,295.5,27.9,21.32
"2020-09-20 08:41:01.2",797974,0.011,0.008,0.024,295.4,27.9,21.32
"2020-09-20 08:41:01.3",797975,0.05,0.018,-0.006,295.5,27.9,21.32
"2020-09-20 08:41:01.4",797976,0.051,0.018,-0.006,295.5,27.96,21.38
"2020-09-20 08:41:01.5",797977,-0.009,0.038,-0.006,295.4,27.9,21.32
"2020-09-20 08:41:01.6",797978,-0.009,0.038,-0.006,295.4,27.9,21.32
"2020-09-20 08:41:01.7",797979,-0.009,0.037,-0.006,295.4,27.9,21.32
"2020-09-20 08:41:01.8",797980,0.051,0.018,-0.006,295.5,27.9,21.32
"2020-09-20 08:41:01.9",797981,0.051,0.018,-0.006,295.5,27.9,21.32
"2020-09-20 08:41:02",797982,0.051,0.018,-0.006,295.5,27.9,21.32
"2020-09-20 08:41:02.1",797983,0.051,0.018,-0.006,295.5,27.9,21.32
"2020-09-20 08:41:02.2",797984,0.05,0.018,-0.006,295.5,27.9,21.32
"2020-09-20 08:41:02.3",797985,0.011,0.008,0.024,295.4,27.9,21.32
"2020-09-20 08:41:02.4",797986,0.012,0.008,0.024,295.4,27.9,21.32
"2020-09-20 08:41:02.5",797987,-0.008,0.008,0.044,295.5,27.9,21.32
"2020-09-20 08:41:02.6",797988,-0.009,0.008,0.044,295.5,27.9,21.32
"2020-09-20 08:41:02.7",797989,-0.009,0.008,0.044,295.5,27.9,21.34
"2020-09-20 08:41:02.8",797990,-0.009,-0.002,0.073,295.5,27.9,21.32
"2020-09-20 08:41:02.9",797991,-0.009,-0.002,0.073,295.5,27.9,21.32
"2020-09-20 08:41:03",797992,-0.009,-0.002,0.073,295.5,27.9,21.32
"2020-09-20 08:41:03.1",797993,-0.009,-0.002,0.073,295.5,27.9,21.32
"2020-09-20 08:41:03.2",797994,-0.009,-0.002,0.073,295.5,27.9,21.32
"2020-09-20 08:41:03.3",797995,0.031,-0.002,0.044,295.5,27.9,21.32
"2020-09-20 08:41:03.4",797996,0.031,-0.002,0.044,295.5,27.9,21.32
"2020-09-20 08:41:03.5",797997,-0.009,-0.003,0.073,295.6,27.9,21.32
"2020-09-20 08:41:03.6",797998,-0.009,-0.002,0.073,295.6,27.9,21.32
"2020-09-20 08:41:03.7",797999,-0.009,-0.002,0.073,295.6,27.9,21.32
