"TOA5","10329","CR6","10329","CR6.Std.09.01 CR6-WIFI.04.00.01","CPU:YOUNG81000_HMP60_10Hz.CR6","51185","Young10Hz_hmp"
"TIMESTAMP","RECORD","U","V","W","TSonic","RH","T_HMP60"
"TS","RN","mV","mV","mV","mV","%","Deg C"
"","","Smp","Smp","Smp","Smp","Smp","Smp"
"2020-09-19 14:02:57.5",127200,-0.087,-0.081,0.034,297,19.43,23.24
"2020-09-19 14:02:57.6",127201,-0.087,-0.081,0.034,297,19.43,23.24
"2020-09-19 14:02:57.7",127202,-0.048,-0.052,0.073,297,19.43,23.24
"2020-09-19 14:02:57.8",127203,-0.048,-0.052,0.073,297,19.43,23.24
"2020-09-19 14:02:57.9",127204,-0.077,-0.002,0.044,297,19.43,23.24
"2020-09-19 14:02:58",127205,-0.077,-0.003,0.044,297,19.43,23.24
"2020-09-19 14:02:58.1",127206,-0.077,-0.003,0.044,297,19.47,23.24
"2020-09-19 14:02:58.2",127207,-0.097,-0.042,0.014,296.9,19.43,23.24
"2020-09-19 14:02:58.3",127208,-0.097,-0.042,0.014,296.9,19.43,23.24
"2020-09-19 14:02:58.4",127209,-0.097,-0.042,0.014,296.9,19.43,23.24
"2020-09-19 14:02:58.5",127210,-0.097,-0.042,0.014,296.9,19.43,23.24
"2020-09-19 14:02:58.6",127211,-0.097,-0.042,0.014,296.9,19.43,23.24
"2020-09-19 14:02:58.7",127212,-0.097,-0.042,0.014,296.9,19.43,23.24
"2020-09-19 14:02:58.8",127213,-0.097,-0.042,0.014,296.9,19.43,23.24
"2020-09-19 14:02:58.9",127214,-0.019,-0.042,0.044,297,19.43,23.24
"2020-09-19 14:02:59",127215,-0.019,-0.042,0.044,297,19.43,23.24
"2020-09-19 14:02:59.1",127216,-0.019,-0.042,0.044,297,19.43,23.24
"2020-09-19 14:02:59.2",127217,-0.038,-0.003,0.083,297,19.43,23.24
"2020-09-19 14:02:59.3",127218,-0.038,-0.003,0.083,297,19.43,23.24
"2020-09-19 14:02:59.4",127219,-0.077,-0.003,0.044,297,19.47,23.29
"2020-09-19 14:02:59.5",127220,-0.077,-0.003,0.044,297,19.43,23.24
"2020-09-19 14:02:59.6",127221,-0.077,-0.003,0.044,297,19.43,23.24
"2020-09-19 14:02:59.7",127222,-0.038,-0.003,0.083,297,19.43,23.24
"2020-09-19 14:02:59.8",127223,-0.038,-0.003,0.083,297,19.43,23.24
"2020-09-19 14:02:59.9",127224,-0.019,-0.042,0.044,297,19.43,23.24
"2020-09-19 14:03:00",127225,-0.018,-0.042,0.044,297,19.43,23.24
"2020-09-19 14:03:00.1",127226,-0.019,-0.042,0.044,297,19.43,23.25
"2020-09-19 14:03:00.2",127227,-0.028,-0.003,0.024,297,19.43,23.24
"2020-09-19 14:03:00.3",127228,-0.028,-0.003,0.024,297,19.43,23.24
"2020-09-19 14:03:00.4",127229,-0.097,-0.042,0.014,297,19.43,23.24
"2020-09-19 14:03:00.5",127230,-0.097,-0.041,0.015,297,19.43,23.24
"2020-09-19 14:03:00.6",127231,-0.097,-0.042,0.015,297,19.43,23.24
"2020-09-19 14:03:00.7",127232,-0.077,-0.081,-0.006,297,19.43,23.24
"2020-09-19 14:03:00.8",127233,-0.077,-0.081,-0.006,297,19.43,23.24
"2020-09-19 14:03:00.9",127234,-0.097,-0.042,0.014,296.9,19.43,23.24
"2020-09-19 14:03:01",127235,-0.097,-0.041,0.014,296.9,19.43,23.24
"2020-09-19 14:03:01.1",127236,-0.097,-0.042,0.014,296.9,19.43,23.24
"2020-09-19 14:03:01.2",127237,-0.097,-0.042,0.015,296.9,19.43,23.24
"2020-09-19 14:03:01.3",127238,-0.097,-0.042,0.014,296.9,19.43,23.24
"2020-09-19 14:03:01.4",127239,-0.097,-0.042,0.015,296.9,19.43,23.24
"2020-09-19 14:03:01.5",127240,-0.097,-0.042,0.015,296.9,19.43,23.24
"2020-09-19 14:03:01.6",127241,-0.097,-0.042,0.015,296.9,19.43,23.24
"2020-09-19 14:03:01.7",127242,-0.131,-0.042,0.034,297,19.43,23.24
"2020-09-19 14:03:01.8",127243,-0.131,-0.042,0.034,297,19.43,23.24
"2020-09-19 14:03:01.9",127244,-0.028,-0.003,0.024,297,19.46,23.3
"2020-09-19 14:03:02",127245,-0.029,-0.003,0.024,297,19.43,23.24
"2020-09-19 14:03:02.1",127246,-0.028,-0.002,0.024,297,19.43,23.24
"2020-09-19 14:03:02.2",127247,-0.028,-0.003,0.024,297,19.43,23.24
"2020-09-19 14:03:02.3",127248,-0.029,-0.003,0.024,297,19.43,23.24
"2020-09-19 14:03:02.4",127249,-0.077,-0.071,0.044,297,19.43,23.24
"2020-09-19 14:03:02.5",127250,-0.077,-0.071,0.044,297,19.43,23.24
"2020-09-19 14:03:02.6",127251,-0.077,-0.071,0.044,297,19.43,23.24
"2020-09-19 14:03:02.7",127252,-0.048,-0.042,-0.006,297,19.43,23.24
"2020-09-19 14:03:02.8",127253,-0.048,-0.042,-0.006,297,19.43,23.24
"2020-09-19 14:03:02.9",127254,-0.077,-0.081,-0.006,297,19.43,23.24
"2020-09-19 14:03:03",127255,-0.077,-0.081,-0.006,297,19.43,23.24
"2020-09-19 14:03:03.1",127256,-0.077,-0.081,-0.007,297,19.43,23.24
"2020-09-19 14:03:03.2",127257,-0.077,-0.081,-0.006,297,19.43,23.25
"2020-09-19 14:03:03.3",127258,-0.077,-0.081,-0.007,297,19.43,23.24
"2020-09-19 14:03:03.4",127259,-0.048,-0.042,-0.006,297,19.43,23.25
"2020-09-19 14:03:03.5",127260,-0.048,-0.042,-0.007,297,19.43,23.24
"2020-09-19 14:03:03.6",127261,-0.048,-0.042,-0.006,297,19.43,23.24
"2020-09-19 14:03:03.7",127262,-0.048,-0.042,-0.007,297,19.43,23.25
"2020-09-19 14:03:03.8",127263,-0.048,-0.042,-0.007,297,19.43,23.24
"2020-09-19 14:03:03.9",127264,-0.048,-0.042,-0.007,297,19.43,23.24
"2020-09-19 14:03:04",127265,-0.048,-0.042,-0.007,297,19.43,23.24
"2020-09-19 14:03:04.1",127266,-0.048,-0.042,-0.006,297,19.43,23.24
"2020-09-19 14:03:04.2",127267,-0.048,-0.042,-0.006,297,19.43,23.24
"2020-09-19 14:03:04.3",127268,-0.048,-0.042,-0.007,297,19.43,23.24
"2020-09-19 14:03:04.4",127269,-0.048,-0.042,-0.006,297,19.49,23.29
"2020-09-19 14:03:04.5",127270,-0.048,-0.042,-0.007,297,19.43,23.24
"2020-09-19 14:03:04.6",127271,-0.048,-0.042,-0.006,297,19.43,23.24
"2020-09-19 14:03:04.7",127272,-0.048,-0.042,-0.006,297,19.43,23.24
"2020-09-19 14:03:04.8",127273,-0.048,-0.042,-0.006,297,19.43,23.24
"2020-09-19 14:03:04.9",127274,-0.048,-0.042,-0.007,297,19.43,23.24
"2020-09-19 14:03:05",127275,-0.048,-0.042,-0.007,297,19.43,23.24
"2020-09-19 14:03:05.1",127276,-0.048,-0.042,-0.006,297,19.43,23.24
"2020-09-19 14:03:05.2",127277,-0.048,-0.042,-0.007,297,19.43,23.24
"2020-09-19 14:03:05.3",127278,-0.048,-0.042,-0.007,297,19.43,23.24
"2020-09-19 14:03:05.4",127279,-0.048,-0.042,-0.007,297,19.43,23.24
"2020-09-19 14:03:05.5",127280,-0.048,-0.042,-0.007,297,19.43,23.24
"2020-09-19 14:03:05.6",127281,-0.048,-0.042,-0.006,297,19.43,23.24
"2020-09-19 14:03:05.7",127282,-0.048,-0.042,-0.007,297,19.43,23.28
"2020-09-19 14:03:05.8",127283,-0.048,-0.042,-0.007,297,19.43,23.24
"2020-09-19 14:03:05.9",127284,-0.048,-0.042,-0.007,297,19.43,23.24
"2020-09-19 14:03:06",127285,-0.048,-0.042,-0.007,297,19.43,23.24
"2020-09-19 14:03:06.1",127286,-0.048,-0.042,-0.006,297,19.43,23.24
"2020-09-19 14:03:06.2",127287,-0.048,-0.042,-0.006,297,19.43,23.24
"2020-09-19 14:03:06.3",127288,-0.048,-0.042,-0.007,297,19.43,23.24
"2020-09-19 14:03:06.4",127289,-0.048,-0.042,-0.006,297,19.43,23.24
"2020-09-19 14:03:06.5",127290,-0.048,-0.042,-0.006,297,19.43,23.24
"2020-09-19 14:03:06.6",127291,-0.048,-0.042,-0.006,297,19.43,23.24
"2020-09-19 14:03:06.7",127292,-0.048,0.008,-0.006,297,19.43,23.24
"2020-09-19 14:03:06.8",127293,-0.048,0.008,-0.006,297,19.43,23.24
"2020-09-19 14:03:06.9",127294,-0.048,0.008,-0.006,297,19.49,23.24
"2020-09-19 14:03:07",127295,-0.048,0.008,-0.006,297,19.43,23.24
"2020-09-19 14:03:07.1",127296,-0.048,0.008,-0.006,297,19.43,23.24
"2020-09-19 14:03:07.2",127297,-0.048,0.008,-0.006,297,19.43,23.24
"2020-09-19 14:03:07.3",127298,-0.048,0.008,-0.006,297,19.43,23.24
"2020-09-19 14:03:07.4",127299,-0.067,-0.003,-0.016,297,19.43,23.24
"2020-09-19 14:03:07.5",127300,-0.068,-0.003,-0.016,297,19.43,23.24
"2020-09-19 14:03:07.6",127301,-0.067,-0.003,-0.016,297,19.43,23.24
"2020-09-19 14:03:07.7",127302,-0.048,-0.042,-0.006,297,19.43,23.24
"2020-09-19 14:03:07.8",127303,-0.048,-0.042,-0.007,297,19.43,23.24
"2020-09-19 14:03:07.9",127304,-0.048,-0.042,-0.007,297,19.43,23.24
"2020-09-19 14:03:08",127305,-0.048,-0.042,-0.007,297,19.43,23.24
"2020-09-19 14:03:08.1",127306,-0.048,-0.042,-0.006,297,19.43,23.24
"2020-09-19 14:03:08.2",127307,-0.048,-0.042,-0.006,297,19.47,23.28
"2020-09-19 14:03:08.3",127308,-0.048,-0.042,-0.007,297,19.43,23.24
"2020-09-19 14:03:08.4",127309,-0.048,-0.042,-0.006,297,19.43,23.24
"2020-09-19 14:03:08.5",127310,-0.048,-0.042,-0.006,297,19.43,23.24
"2020-09-19 14:03:08.6",127311,-0.048,-0.042,-0.006,297,19.43,23.24
"2020-09-19 14:03:08.7",127312,-0.048,-0.042,-0.007,297,19.43,23.24
"2020-09-19 14:03:08.8",127313,-0.048,-0.042,-0.006,297,19.43,23.24
"2020-09-19 14:03:08.9",127314,-0.048,-0.042,-0.006,297,19.43,23.24
"2020-09-19 14:03:09",127315,-0.048,-0.041,-0.007,297,19.43,23.24
"2020-09-19 14:03:09.1",127316,-0.048,-0.042,-0.006,297,19.43,23.24
"2020-09-19 14:03:09.2",127317,-0.048,-0.042,-0.006,297,19.43,23.24
"2020-09-19 14:03:09.3",127318,-0.048,-0.042,-0.006,297,19.43,23.24
"2020-09-19 14:03:09.4",127319,-0.048,-0.042,-0.007,297,19.45,23.24
"2020-09-19 14:03:09.5",127320,-0.048,-0.042,-0.007,297,19.43,23.24
"2020-09-19 14:03:09.6",127321,-0.048,-0.042,-0.007,297,19.43,23.24
"2020-09-19 14:03:09.7",127322,-0.048,-0.042,-0.006,297,19.43,23.24
"2020-09-19 14:03:09.8",127323,-0.048,-0.042,-0.007,297,19.43,23.24
"2020-09-19 14:03:09.9",127324,-0.048,-0.042,-0.006,297,19.43,23.24
"2020-09-19 14:03:10",127325,-0.048,-0.042,-0.007,297,19.43,23.24
"2020-09-19 14:03:10.1",127326,-0.048,-0.042,-0.007,297,19.43,23.24
"2020-09-19 14:03:10.2",127327,-0.048,-0.041,-0.007,297,19.43,23.24
"2020-09-19 14:03:10.3",127328,-0.048,-0.042,-0.006,297,19.43,23.24
"2020-09-19 14:03:10.4",127329,-0.048,-0.042,-0.006,297,19.43,23.24
"2020-09-19 14:03:10.5",127330,-0.048,-0.042,-0.006,297,19.43,23.24
"2020-09-19 14:03:10.6",127331,-0.048,-0.042,-0.006,297,19.43,23.24
"2020-09-19 14:03:10.7",127332,-0.009,-0.032,-0.016,296.9,19.46,23.3
"2020-09-19 14:03:10.8",127333,-0.009,-0.032,-0.016,296.9,19.43,23.24
"2020-09-19 14:03:10.9",127334,-0.009,-0.032,-0.016,296.9,19.43,23.24
"2020-09-19 14:03:11",127335,-0.009,-0.032,-0.016,296.9,19.43,23.24
"2020-09-19 14:03:11.1",127336,-0.009,-0.032,-0.016,296.9,19.43,23.24
"2020-09-19 14:03:11.2",127337,-0.048,-0.042,-0.006,297,19.43,23.24
"2020-09-19 14:03:11.3",127338,-0.048,-0.042,-0.006,297,19.43,23.24
"2020-09-19 14:03:11.4",127339,-0.048,-0.042,-0.007,297,19.43,23.24
"2020-09-19 14:03:11.5",127340,-0.048,-0.042,-0.007,297,19.43,23.24
"2020-09-19 14:03:11.6",127341,-0.048,-0.042,-0.006,297,19.43,23.24
"2020-09-19 14:03:11.7",127342,-0.048,-0.042,-0.006,297,19.43,23.24
"2020-09-19 14:03:11.8",127343,-0.048,-0.042,-0.006,297,19.43,23.24
"2020-09-19 14:03:11.9",127344,-0.009,-0.003,-0.006,297,19.43,23.24
"2020-09-19 14:03:12",127345,-0.009,-0.002,-0.006,297,19.43,23.24
"2020-09-19 14:03:12.1",127346,-0.009,-0.003,-0.007,297,19.43,23.24
"2020-09-19 14:03:12.2",127347,-0.009,0.008,-0.016,297,19.43,23.24
"2020-09-19 14:03:12.3",127348,-0.009,0.008,-0.016,297,19.43,23.24
"2020-09-19 14:03:12.4",127349,-0.009,0.008,-0.016,297,19.43,23.24
"2020-09-19 14:03:12.5",127350,-0.009,0.008,-0.016,297,19.43,23.24
"2020-09-19 14:03:12.6",127351,-0.009,0.008,-0.016,297,19.43,23.24
"2020-09-19 14:03:12.7",127352,0.011,-0.032,0.015,297,19.43,23.24
"2020-09-19 14:03:12.8",127353,0.011,-0.032,0.014,297,19.43,23.24
"2020-09-19 14:03:12.9",127354,0.011,-0.032,0.014,297,19.43,23.24
"2020-09-19 14:03:13",127355,0.011,-0.032,0.014,297,19.43,23.24
"2020-09-19 14:03:13.1",127356,0.011,-0.032,0.014,297,19.43,23.24
"2020-09-19 14:03:13.2",127357,-0.009,-0.002,-0.006,297,19.49,23.3
"2020-09-19 14:03:13.3",127358,-0.009,-0.003,-0.006,297,19.43,23.24
"2020-09-19 14:03:13.4",127359,-0.009,-0.003,-0.007,297,19.43,23.24
"2020-09-19 14:03:13.5",127360,-0.009,-0.003,-0.007,297,19.43,23.24
"2020-09-19 14:03:13.6",127361,-0.009,-0.003,-0.007,297,19.43,23.24
"2020-09-19 14:03:13.7",127362,-0.009,-0.003,-0.006,297,19.43,23.24
"2020-09-19 14:03:13.8",127363,-0.009,-0.003,-0.007,297,19.43,23.24
"2020-09-19 14:03:13.9",127364,0.011,-0.032,0.014,297,19.43,23.24
"2020-09-19 14:03:14",127365,0.011,-0.032,0.014,297,19.43,23.24
"2020-09-19 14:03:14.1",127366,0.011,-0.032,0.014,297,19.43,23.24
"2020-09-19 14:03:14.2",127367,-0.009,-0.032,0.044,297,19.43,23.24
"2020-09-19 14:03:14.3",127368,-0.009,-0.032,0.044,297,19.43,23.24
"2020-09-19 14:03:14.4",127369,-0.009,-0.032,0.044,297,19.43,23.24
"2020-09-19 14:03:14.5",127370,-0.009,-0.032,0.044,297,19.43,23.28
"2020-09-19 14:03:14.6",127371,-0.009,-0.032,0.044,297,19.44,23.24
"2020-09-19 14:03:14.7",127372,-0.038,-0.003,0.014,297.1,19.44,23.24
"2020-09-19 14:03:14.8",127373,-0.038,-0.003,0.014,297.1,19.44,23.24
"2020-09-19 14:03:14.9",127374,-0.038,-0.003,0.015,297.1,19.45,23.24
"2020-09-19 14:03:15",127375,-0.038,-0.003,0.014,297.1,19.45,23.24
"2020-09-19 14:03:15.1",127376,-0.038,-0.003,0.014,297.1,19.45,23.25
"2020-09-19 14:03:15.2",127377,-0.009,-0.032,0.044,297,19.45,23.25
"2020-09-19 14:03:15.3",127378,-0.009,-0.032,0.044,297,19.45,23.24
"2020-09-19 14:03:15.4",127379,-0.009,-0.032,0.044,297,19.45,23.25
"2020-09-19 14:03:15.5",127380,-0.009,-0.032,0.044,297,19.45,23.24
"2020-09-19 14:03:15.6",127381,-0.009,-0.032,0.044,297,19.45,23.24
"2020-09-19 14:03:15.7",127382,-0.009,-0.032,0.044,297,19.51,23.26
"2020-09-19 14:03:15.8",127383,-0.009,-0.032,0.044,297,19.45,23.24
"2020-09-19 14:03:15.9",127384,0.011,-0.032,0.014,297.1,19.45,23.24
"2020-09-19 14:03:16",127385,0.011,-0.032,0.014,297.1,19.45,23.24
"2020-09-19 14:03:16.1",127386,0.011,-0.032,0.014,297.1,19.45,23.24
"2020-09-19 14:03:16.2",127387,-0.009,-0.032,0.034,297.1,19.45,23.24
"2020-09-19 14:03:16.3",127388,-0.009,-0.032,0.034,297.1,19.45,23.24
"2020-09-19 14:03:16.4",127389,-0.077,-0.071,0.024,297.1,19.45,23.24
"2020-09-19 14:03:16.5",127390,-0.077,-0.071,0.024,297.1,19.45,23.24
"2020-09-19 14:03:16.6",127391,-0.077,-0.071,0.024,297.1,19.45,23.24
"2020-09-19 14:03:16.7",127392,-0.009,-0.032,0.043,297.1,19.45,23.24
"2020-09-19 14:03:16.8",127393,-0.009,-0.032,0.044,297.1,19.45,23.24
"2020-09-19 14:03:16.9",127394,-0.009,-0.032,0.044,297.1,19.45,23.24
"2020-09-19 14:03:17",127395,-0.009,-0.032,0.044,297.1,19.47,23.27
"2020-09-19 14:03:17.1",127396,-0.009,-0.032,0.044,297.1,19.45,23.24
"2020-09-19 14:03:17.2",127397,-0.009,-0.032,0.034,297.1,19.45,23.24
"2020-09-19 14:03:17.3",127398,-0.009,-0.032,0.034,297.1,19.45,23.24
"2020-09-19 14:03:17.4",127399,-0.009,-0.032,0.044,297.3,19.45,23.24
"2020-09-19 14:03:17.5",127400,-0.009,-0.032,0.044,297.3,19.45,23.24
"2020-09-19 14:03:17.6",127401,-0.009,-0.032,0.044,297.3,19.45,23.24
"2020-09-19 14:03:17.7",127402,-0.009,-0.032,0.044,297.3,19.45,23.24
"2020-09-19 14:03:17.8",127403,-0.009,-0.032,0.044,297.3,19.45,23.24
"2020-09-19 14:03:17.9",127404,-0.009,-0.003,0.073,297.3,19.45,23.24
"2020-09-19 14:03:18",127405,-0.009,-0.003,0.073,297.3,19.45,23.24
"2020-09-19 14:03:18.1",127406,-0.009,-0.003,0.073,297.3,19.45,23.24
"2020-09-19 14:03:18.2",127407,-0.029,-0.003,0.083,297.3,19.49,23.24
"2020-09-19 14:03:18.3",127408,-0.028,-0.003,0.083,297.3,19.45,23.24
"2020-09-19 14:03:18.4",127409,-0.009,-0.003,0.063,297.2,19.45,23.24
"2020-09-19 14:03:18.5",127410,-0.009,-0.003,0.063,297.2,19.45,23.24
"2020-09-19 14:03:18.6",127411,-0.009,-0.003,0.063,297.2,19.45,23.24
"2020-09-19 14:03:18.7",127412,-0.009,-0.003,0.063,297.3,19.45,23.24
"2020-09-19 14:03:18.8",127413,-0.009,-0.003,0.063,297.3,19.45,23.24
"2020-09-19 14:03:18.9",127414,-0.009,0.008,0.044,297.3,19.45,23.24
"2020-09-19 14:03:19",127415,-0.009,0.008,0.044,297.3,19.45,23.24
"2020-09-19 14:03:19.1",127416,-0.009,0.008,0.044,297.3,19.45,23.24
"2020-09-19 14:03:19.2",127417,-0.009,0.008,0.044,297.3,19.45,23.24
"2020-09-19 14:03:19.3",127418,-0.009,0.008,0.044,297.3,19.45,23.24
"2020-09-19 14:03:19.4",127419,-0.009,-0.013,0.063,297.3,19.45,23.24
"2020-09-19 14:03:19.5",127420,-0.009,-0.012,0.063,297.3,19.49,23.3
"2020-09-19 14:03:19.6",127421,-0.009,-0.013,0.063,297.3,19.45,23.25
"2020-09-19 14:03:19.7",127422,-0.009,-0.003,0.034,297.3,19.45,23.24
"2020-09-19 14:03:19.8",127423,-0.009,-0.002,0.034,297.3,19.45,23.24
"2020-09-19 14:03:19.9",127424,-0.009,0.008,0.107,297.3,19.45,23.24
"2020-09-19 14:03:20",127425,-0.009,0.008,0.107,297.3,19.45,23.24
"2020-09-19 14:03:20.1",127426,-0.009,0.008,0.107,297.3,19.45,23.24
"2020-09-19 14:03:20.2",127427,-0.048,0.018,0.063,297.2,19.45,23.24
"2020-09-19 14:03:20.3",127428,-0.048,0.018,0.063,297.2,19.45,23.24
"2020-09-19 14:03:20.4",127429,-0.009,0.018,0.034,297.2,19.45,23.24
"2020-09-19 14:03:20.5",127430,-0.009,0.018,0.034,297.2,19.45,23.24
"2020-09-19 14:03:20.6",127431,-0.009,0.018,0.034,297.2,19.45,23.24
"2020-09-19 14:03:20.7",127432,-0.009,-0.003,0.053,297.3,19.45,23.24
"2020-09-19 14:03:20.8",127433,-0.009,-0.003,0.053,297.3,19.45,23.24
"2020-09-19 14:03:20.9",127434,-0.009,-0.003,0.053,297.3,19.45,23.24
"2020-09-19 14:03:21",127435,-0.009,-0.003,0.054,297.3,19.45,23.24
"2020-09-19 14:03:21.1",127436,-0.009,-0.003,0.053,297.3,19.45,23.24
"2020-09-19 14:03:21.2",127437,-0.009,0.008,0.034,297.3,19.45,23.24
"2020-09-19 14:03:21.3",127438,-0.009,0.008,0.034,297.3,19.45,23.24
"2020-09-19 14:03:21.4",127439,-0.009,0.008,0.034,297.3,19.45,23.24
"2020-09-19 14:03:21.5",127440,-0.009,0.008,0.034,297.3,19.45,23.24
"2020-09-19 14:03:21.6",127441,-0.009,0.008,0.034,297.3,19.45,23.24
"2020-09-19 14:03:21.7",127442,-0.009,0.008,0.034,297.3,19.45,23.24
"2020-09-19 14:03:21.8",127443,-0.009,0.008,0.034,297.3,19.45,23.24
"2020-09-19 14:03:21.9",127444,-0.077,-0.003,0.034,297.3,19.45,23.24
"2020-09-19 14:03:22",127445,-0.077,-0.003,0.034,297.3,19.48,23.3
"2020-09-19 14:03:22.1",127446,-0.077,-0.003,0.034,297.3,19.45,23.24
"2020-09-19 14:03:22.2",127447,-0.077,-0.003,0.034,297.3,19.45,23.24
"2020-09-19 14:03:22.3",127448,-0.077,-0.003,0.034,297.3,19.45,23.24
"2020-09-19 14:03:22.4",127449,-0.048,0.018,0.063,297.2,19.45,23.24
"2020-09-19 14:03:22.5",127450,-0.048,0.018,0.063,297.2,19.45,23.24
"2020-09-19 14:03:22.6",127451,-0.048,0.018,0.063,297.2,19.45,23.24
"2020-09-19 14:03:22.7",127452,-0.028,-0.003,0.015,297.2,19.45,23.24
"2020-09-19 14:03:22.8",127453,-0.029,-0.003,0.014,297.2,19.45,23.24
"2020-09-19 14:03:22.9",127454,-0.009,0.018,0.034,297.2,19.45,23.24
"2020-09-19 14:03:23",127455,-0.009,0.018,0.034,297.2,19.45,23.24
"2020-09-19 14:03:23.1",127456,-0.009,0.018,0.034,297.2,19.45,23.24
"2020-09-19 14:03:23.2",127457,-0.009,0.018,0.034,297.2,19.45,23.24
"2020-09-19 14:03:23.3",127458,-0.009,0.018,0.034,297.2,19.45,23.24
"2020-09-19 14:03:23.4",127459,-0.028,-0.003,0.015,297.2,19.45,23.24
"2020-09-19 14:03:23.5",127460,-0.028,-0.003,0.014,297.2,19.45,23.24
"2020-09-19 14:03:23.6",127461,-0.028,-0.003,0.015,297.2,19.45,23.24
"2020-09-19 14:03:23.7",127462,-0.029,-0.003,0.014,297.2,19.45,23.24
"2020-09-19 14:03:23.8",127463,-0.029,-0.003,0.014,297.2,19.45,23.24
"2020-09-19 14:03:23.9",127464,-0.028,-0.003,0.014,297.2,19.45,23.24
"2020-09-19 14:03:24",127465,-0.029,-0.003,0.014,297.2,19.45,23.24
"2020-09-19 14:03:24.1",127466,-0.028,-0.003,0.014,297.2,19.45,23.24
"2020-09-19 14:03:24.2",127467,-0.029,-0.003,0.015,297.2,19.45,23.24
"2020-09-19 14:03:24.3",127468,-0.029,-0.003,0.015,297.2,19.45,23.24
"2020-09-19 14:03:24.4",127469,-0.009,-0.003,-0.007,297.2,19.45,23.24
"2020-09-19 14:03:24.5",127470,-0.009,-0.003,-0.006,297.2,19.51,23.3
"2020-09-19 14:03:24.6",127471,-0.009,-0.003,-0.006,297.2,19.45,23.24
"2020-09-19 14:03:24.7",127472,-0.038,-0.032,-0.007,297.1,19.45,23.24
"2020-09-19 14:03:24.8",127473,-0.038,-0.032,-0.007,297.1,19.45,23.24
"2020-09-19 14:03:24.9",127474,-0.038,-0.032,-0.006,297.1,19.45,23.24
"2020-09-19 14:03:25",127475,-0.038,-0.032,-0.007,297.1,19.45,23.24
"2020-09-19 14:03:25.1",127476,-0.038,-0.032,-0.007,297.1,19.45,23.24
"2020-09-19 14:03:25.2",127477,-0.038,-0.032,-0.006,297.1,19.45,23.24
"2020-09-19 14:03:25.3",127478,-0.038,-0.032,-0.007,297.1,19.45,23.24
"2020-09-19 14:03:25.4",127479,-0.038,-0.032,-0.006,297.1,19.45,23.24
"2020-09-19 14:03:25.5",127480,-0.038,-0.032,-0.007,297.1,19.45,23.25
"2020-09-19 14:03:25.6",127481,-0.038,-0.032,-0.006,297.1,19.45,23.25
"2020-09-19 14:03:25.7",127482,-0.038,-0.032,-0.006,297.1,19.45,23.24
"2020-09-19 14:03:25.8",127483,-0.038,-0.032,-0.006,297.1,19.45,23.28
"2020-09-19 14:03:25.9",127484,-0.038,-0.032,-0.006,297.1,19.45,23.24
"2020-09-19 14:03:26",127485,-0.038,-0.032,-0.007,297.1,19.45,23.24
"2020-09-19 14:03:26.1",127486,-0.038,-0.032,-0.006,297.1,19.45,23.24
"2020-09-19 14:03:26.2",127487,-0.038,-0.032,-0.006,297.1,19.45,23.24
"2020-09-19 14:03:26.3",127488,-0.038,-0.032,-0.007,297.1,19.45,23.24
"2020-09-19 14:03:26.4",127489,-0.038,-0.032,-0.007,297.1,19.45,23.24
"2020-09-19 14:03:26.5",127490,-0.038,-0.032,-0.006,297.1,19.45,23.24
"2020-09-19 14:03:26.6",127491,-0.038,-0.032,-0.006,297.1,19.45,23.24
"2020-09-19 14:03:26.7",127492,-0.038,-0.032,-0.007,297.1,19.45,23.24
"2020-09-19 14:03:26.8",127493,-0.038,-0.032,-0.007,297.1,19.45,23.24
"2020-09-19 14:03:26.9",127494,-0.038,-0.032,-0.006,297.1,19.45,23.24
"2020-09-19 14:03:27",127495,-0.038,-0.032,-0.006,297.1,19.51,23.25
"2020-09-19 14:03:27.1",127496,-0.038,-0.032,-0.006,297.1,19.45,23.24
"2020-09-19 14:03:27.2",127497,-0.038,-0.032,-0.007,297.1,19.45,23.24
"2020-09-19 14:03:27.3",127498,-0.038,-0.032,-0.007,297.1,19.45,23.24
"2020-09-19 14:03:27.4",127499,-0.038,-0.032,-0.007,297.1,19.45,23.24
"2020-09-19 14:03:27.5",127500,-0.038,-0.032,-0.007,297.1,19.45,23.24
"2020-09-19 14:03:27.6",127501,-0.038,-0.032,-0.007,297.1,19.45,23.24
"2020-09-19 14:03:27.7",127502,-0.038,-0.032,-0.007,297.1,19.45,23.24
"2020-09-19 14:03:27.8",127503,-0.038,-0.032,-0.006,297.1,19.45,23.24
"2020-09-19 14:03:27.9",127504,-0.009,-0.022,-0.007,297.1,19.45,23.24
"2020-09-19 14:03:28",127505,-0.009,-0.022,-0.007,297.1,19.45,23.24
"2020-09-19 14:03:28.1",127506,-0.009,-0.022,-0.007,297.1,19.45,23.24
"2020-09-19 14:03:28.2",127507,-0.009,-0.032,0.044,297,19.45,23.24
"2020-09-19 14:03:28.3",127508,-0.009,-0.032,0.044,297,19.49,23.28
"2020-09-19 14:03:28.4",127509,-0.009,-0.032,0.044,297,19.45,23.24
"2020-09-19 14:03:28.5",127510,-0.009,-0.032,0.044,297,19.45,23.24
"2020-09-19 14:03:28.6",127511,-0.009,-0.032,0.044,297,19.45,23.24
"2020-09-19 14:03:28.7",127512,-0.009,-0.032,0.044,297,19.45,23.24
"2020-09-19 14:03:28.8",127513,-0.009,-0.032,0.044,297,19.45,23.24
"2020-09-19 14:03:28.9",127514,-0.038,-0.071,0.005,297,19.45,23.24
"2020-09-19 14:03:29",127515,-0.038,-0.071,0.005,297,19.45,23.24
"2020-09-19 14:03:29.1",127516,-0.038,-0.071,0.005,297,19.45,23.24
"2020-09-19 14:03:29.2",127517,-0.009,-0.032,0.044,297,19.45,23.24
"2020-09-19 14:03:29.3",127518,-0.009,-0.032,0.043,297,19.45,23.24
"2020-09-19 14:03:29.4",127519,-0.009,-0.032,0.044,297,19.45,23.24
"2020-09-19 14:03:29.5",127520,-0.009,-0.032,0.044,297,19.47,23.24
"2020-09-19 14:03:29.6",127521,-0.009,-0.032,0.044,297,19.45,23.24
"2020-09-19 14:03:29.7",127522,-0.048,-0.032,0.063,297.1,19.45,23.24
"2020-09-19 14:03:29.8",127523,-0.048,-0.032,0.063,297.1,19.45,23.24
"2020-09-19 14:03:29.9",127524,-0.048,-0.032,0.063,297.1,19.45,23.24
"2020-09-19 14:03:30",127525,-0.048,-0.032,0.063,297.1,19.45,23.24
"2020-09-19 14:03:30.1",127526,-0.048,-0.032,0.063,297.1,19.45,23.24
"2020-09-19 14:03:30.2",127527,-0.077,-0.071,0.024,297.1,19.45,23.24
"2020-09-19 14:03:30.3",127528,-0.077,-0.071,0.024,297.1,19.45,23.24
"2020-09-19 14:03:30.4",127529,-0.038,-0.071,0.005,297.1,19.45,23.24
"2020-09-19 14:03:30.5",127530,-0.038,-0.071,0.005,297.1,19.45,23.24
"2020-09-19 14:03:30.6",127531,-0.038,-0.071,0.005,297.1,19.45,23.24
"2020-09-19 14:03:30.7",127532,-0.048,-0.042,-0.006,297,19.45,23.24
"2020-09-19 14:03:30.8",127533,-0.048,-0.042,-0.007,297,19.48,23.3
"2020-09-19 14:03:30.9",127534,-0.087,-0.042,0.005,297.1,19.45,23.24
"2020-09-19 14:03:31",127535,-0.087,-0.042,0.005,297.1,19.45,23.24
"2020-09-19 14:03:31.1",127536,-0.087,-0.042,0.005,297.1,19.45,23.24
"2020-09-19 14:03:31.2",127537,-0.077,-0.071,0.024,297.1,19.45,23.24
"2020-09-19 14:03:31.3",127538,-0.077,-0.071,0.024,297.1,19.45,23.24
"2020-09-19 14:03:31.4",127539,-0.087,-0.125,-0.006,297.1,19.45,23.24
"2020-09-19 14:03:31.5",127540,-0.087,-0.125,-0.006,297.1,19.45,23.24
"2020-09-19 14:03:31.6",127541,-0.087,-0.125,-0.007,297.1,19.45,23.24
"2020-09-19 14:03:31.7",127542,-0.048,-0.125,-0.006,297,19.45,23.24
"2020-09-19 14:03:31.8",127543,-0.048,-0.125,-0.006,297,19.45,23.24
"2020-09-19 14:03:31.9",127544,-0.077,-0.071,0.044,297,19.45,23.24
"2020-09-19 14:03:32",127545,-0.077,-0.071,0.044,297,19.45,23.24
"2020-09-19 14:03:32.1",127546,-0.077,-0.071,0.044,297,19.45,23.24
"2020-09-19 14:03:32.2",127547,-0.058,-0.125,0.063,296.9,19.45,23.24
"2020-09-19 14:03:32.3",127548,-0.058,-0.125,0.063,296.9,19.45,23.24
"2020-09-19 14:03:32.4",127549,-0.058,-0.125,0.063,296.9,19.45,23.24
"2020-09-19 14:03:32.5",127550,-0.058,-0.125,0.063,296.9,19.45,23.24
"2020-09-19 14:03:32.6",127551,-0.058,-0.125,0.063,296.9,19.45,23.24
"2020-09-19 14:03:32.7",127552,-0.097,-0.125,0.083,297,19.45,23.24
"2020-09-19 14:03:32.8",127553,-0.097,-0.125,0.083,297,19.45,23.24
"2020-09-19 14:03:32.9",127554,-0.097,-0.125,0.083,297,19.45,23.24
"2020-09-19 14:03:33",127555,-0.097,-0.125,0.083,297,19.45,23.24
"2020-09-19 14:03:33.1",127556,-0.097,-0.125,0.083,297,19.45,23.24
"2020-09-19 14:03:33.2",127557,-0.121,-0.154,0.053,297,19.45,23.25
"2020-09-19 14:03:33.3",127558,-0.121,-0.154,0.053,297,19.51,23.3
"2020-09-19 14:03:33.4",127559,-0.121,-0.154,0.054,297,19.45,23.24
"2020-09-19 14:03:33.5",127560,-0.121,-0.154,0.053,297,19.45,23.24
"2020-09-19 14:03:33.6",127561,-0.121,-0.154,0.053,297,19.45,23.24
"2020-09-19 14:03:33.7",127562,-0.121,-0.154,0.054,297,19.45,23.24
"2020-09-19 14:03:33.8",127563,-0.121,-0.154,0.054,297,19.45,23.24
"2020-09-19 14:03:33.9",127564,-0.058,-0.144,0.044,297,19.45,23.24
"2020-09-19 14:03:34",127565,-0.058,-0.144,0.044,297,19.45,23.24
"2020-09-19 14:03:34.1",127566,-0.058,-0.144,0.044,297,19.45,23.24
"2020-09-19 14:03:34.2",127567,-0.058,-0.125,0.063,296.9,19.45,23.24
"2020-09-19 14:03:34.3",127568,-0.058,-0.125,0.063,296.9,19.45,23.24
"2020-09-19 14:03:34.4",127569,-0.077,-0.071,0.107,297,19.45,23.24
"2020-09-19 14:03:34.5",127570,-0.077,-0.071,0.107,297,19.45,23.24
"2020-09-19 14:03:34.6",127571,-0.077,-0.071,0.107,297,19.45,23.28
"2020-09-19 14:03:34.7",127572,-0.077,-0.071,0.107,297,19.45,23.24
"2020-09-19 14:03:34.8",127573,-0.077,-0.071,0.107,297,19.45,23.24
"2020-09-19 14:03:34.9",127574,-0.097,-0.125,0.083,297,19.45,23.24
"2020-09-19 14:03:35",127575,-0.097,-0.125,0.083,297,19.45,23.24
"2020-09-19 14:03:35.1",127576,-0.097,-0.125,0.083,297,19.45,23.25
"2020-09-19 14:03:35.2",127577,-0.058,-0.144,0.044,297,19.45,23.24
"2020-09-19 14:03:35.3",127578,-0.058,-0.144,0.044,297,19.45,23.25
"2020-09-19 14:03:35.4",127579,-0.121,-0.154,0.054,297,19.45,23.25
"2020-09-19 14:03:35.5",127580,-0.121,-0.154,0.053,297,19.45,23.25
"2020-09-19 14:03:35.6",127581,-0.121,-0.154,0.054,297,19.45,23.24
"2020-09-19 14:03:35.7",127582,-0.131,-0.081,-0.006,297,19.45,23.24
"2020-09-19 14:03:35.8",127583,-0.131,-0.081,-0.006,297,19.51,23.27
"2020-09-19 14:03:35.9",127584,-0.077,-0.003,0.044,297,19.45,23.24
"2020-09-19 14:03:36",127585,-0.077,-0.003,0.044,297,19.45,23.24
"2020-09-19 14:03:36.1",127586,-0.077,-0.003,0.044,297,19.45,23.24
"2020-09-19 14:03:36.2",127587,-0.077,-0.081,-0.006,297,19.45,23.24
"2020-09-19 14:03:36.3",127588,-0.077,-0.081,-0.007,297,19.45,23.24
"2020-09-19 14:03:36.4",127589,-0.131,-0.081,-0.006,297,19.45,23.24
"2020-09-19 14:03:36.5",127590,-0.131,-0.081,-0.006,297,19.45,23.24
"2020-09-19 14:03:36.6",127591,-0.131,-0.081,-0.006,297,19.45,23.24
"2020-09-19 14:03:36.7",127592,-0.077,-0.081,-0.007,297,19.45,23.24
"2020-09-19 14:03:36.8",127593,-0.077,-0.081,-0.006,297,19.45,23.24
"2020-09-19 14:03:36.9",127594,-0.077,-0.081,-0.006,297,19.45,23.24
"2020-09-19 14:03:37",127595,-0.077,-0.081,-0.006,297,19.45,23.25
"2020-09-19 14:03:37.1",127596,-0.077,-0.081,-0.006,297,19.45,23.28
"2020-09-19 14:03:37.2",127597,-0.028,-0.003,0.024,297,19.45,23.24
"2020-09-19 14:03:37.3",127598,-0.028,-0.002,0.024,297,19.45,23.24
"2020-09-19 14:03:37.4",127599,-0.009,-0.032,0.107,297.1,19.45,23.24
"2020-09-19 14:03:37.5",127600,-0.009,-0.032,0.107,297.1,19.45,23.24
"2020-09-19 14:03:37.6",127601,-0.009,-0.032,0.107,297.1,19.45,23.24
"2020-09-19 14:03:37.7",127602,-0.028,-0.002,0.083,297.1,19.45,23.24
"2020-09-19 14:03:37.8",127603,-0.028,-0.003,0.083,297.1,19.45,23.24
"2020-09-19 14:03:37.9",127604,-0.077,-0.003,0.107,297.2,19.45,23.25
"2020-09-19 14:03:38",127605,-0.077,-0.003,0.107,297.2,19.45,23.24
"2020-09-19 14:03:38.1",127606,-0.077,-0.003,0.107,297.2,19.45,23.25
"2020-09-19 14:03:38.2",127607,-0.077,-0.071,0.175,297.1,19.45,23.24
"2020-09-19 14:03:38.3",127608,-0.077,-0.071,0.175,297.1,19.51,23.24
"2020-09-19 14:03:38.4",127609,-0.019,-0.125,0.175,297,19.45,23.24
"2020-09-19 14:03:38.5",127610,-0.019,-0.125,0.175,297,19.45,23.24
"2020-09-19 14:03:38.6",127611,-0.019,-0.125,0.175,297,19.45,23.24
"2020-09-19 14:03:38.7",127612,-0.028,-0.164,0.156,297,19.45,23.24
"2020-09-19 14:03:38.8",127613,-0.028,-0.164,0.156,297,19.45,23.24
"2020-09-19 14:03:38.9",127614,-0.038,-0.164,0.083,296.9,19.45,23.24
"2020-09-19 14:03:39",127615,-0.038,-0.164,0.083,296.9,19.45,23.25
"2020-09-19 14:03:39.1",127616,-0.038,-0.164,0.083,296.9,19.45,23.25
"2020-09-19 14:03:39.2",127617,-0.067,-0.164,0.107,296.9,19.45,23.25
"2020-09-19 14:03:39.3",127618,-0.067,-0.164,0.107,296.9,19.45,23.25
"2020-09-19 14:03:39.4",127619,-0.058,-0.125,0.063,296.9,19.45,23.25
"2020-09-19 14:03:39.5",127620,-0.058,-0.125,0.063,296.9,19.45,23.24
"2020-09-19 14:03:39.6",127621,-0.058,-0.125,0.063,296.9,19.49,23.28
"2020-09-19 14:03:39.7",127622,-0.077,-0.071,0.107,297,19.45,23.24
"2020-09-19 14:03:39.8",127623,-0.077,-0.071,0.107,297,19.45,23.24
"2020-09-19 14:03:39.9",127624,-0.038,-0.081,0.083,297,19.45,23.24
"2020-09-19 14:03:40",127625,-0.038,-0.081,0.083,297,19.45,23.24
"2020-09-19 14:03:40.1",127626,-0.038,-0.081,0.083,297,19.45,23.24
"2020-09-19 14:03:40.2",127627,-0.028,-0.071,0.083,297,19.45,23.24
"2020-09-19 14:03:40.3",127628,-0.028,-0.071,0.083,297,19.45,23.24
"2020-09-19 14:03:40.4",127629,-0.028,-0.071,0.083,297.1,19.45,23.24
"2020-09-19 14:03:40.5",127630,-0.028,-0.071,0.083,297.1,19.45,23.24
"2020-09-19 14:03:40.6",127631,-0.028,-0.071,0.083,297.1,19.45,23.24
"2020-09-19 14:03:40.7",127632,-0.077,-0.071,0.024,297.1,19.45,23.24
"2020-09-19 14:03:40.8",127633,-0.077,-0.071,0.024,297.1,19.46,23.24
"2020-09-19 14:03:40.9",127634,-0.048,-0.042,0.063,297,19.45,23.24
"2020-09-19 14:03:41",127635,-0.048,-0.042,0.063,297,19.45,23.24
"2020-09-19 14:03:41.1",127636,-0.048,-0.042,0.063,297,19.45,23.24
"2020-09-19 14:03:41.2",127637,-0.028,-0.071,0.083,297,19.45,23.25
"2020-09-19 14:03:41.3",127638,-0.028,-0.071,0.083,297,19.45,23.24
"2020-09-19 14:03:41.4",127639,-0.077,-0.071,0.024,297.1,19.45,23.25
"2020-09-19 14:03:41.5",127640,-0.077,-0.071,0.024,297.1,19.45,23.24
"2020-09-19 14:03:41.6",127641,-0.077,-0.071,0.024,297.1,19.45,23.24
"2020-09-19 14:03:41.7",127642,-0.077,-0.003,0.107,297.1,19.45,23.24
"2020-09-19 14:03:41.8",127643,-0.077,-0.003,0.107,297.1,19.45,23.24
"2020-09-19 14:03:41.9",127644,-0.028,-0.003,0.083,297.1,19.45,23.25
"2020-09-19 14:03:42",127645,-0.028,-0.003,0.083,297.1,19.45,23.24
"2020-09-19 14:03:42.1",127646,-0.029,-0.003,0.083,297.1,19.48,23.3
"2020-09-19 14:03:42.2",127647,-0.028,-0.003,0.083,297.1,19.45,23.24
"2020-09-19 14:03:42.3",127648,-0.029,-0.003,0.083,297.1,19.45,23.24
"2020-09-19 14:03:42.4",127649,-0.048,-0.032,0.063,297.1,19.45,23.24
"2020-09-19 14:03:42.5",127650,-0.048,-0.032,0.063,297.1,19.45,23.24
"2020-09-19 14:03:42.6",127651,-0.048,-0.032,0.063,297.1,19.45,23.24
"2020-09-19 14:03:42.7",127652,-0.087,-0.032,0.005,297.1,19.45,23.24
"2020-09-19 14:03:42.8",127653,-0.087,-0.032,0.005,297.1,19.45,23.24
"2020-09-19 14:03:42.9",127654,-0.068,-0.003,0.044,297,19.45,23.24
"2020-09-19 14:03:43",127655,-0.068,-0.003,0.044,297,19.45,23.24
"2020-09-19 14:03:43.1",127656,-0.067,-0.003,0.044,297,19.45,23.24
"2020-09-19 14:03:43.2",127657,-0.121,-0.003,0.063,297,19.45,23.24
"2020-09-19 14:03:43.3",127658,-0.121,-0.003,0.063,297,19.45,23.24
"2020-09-19 14:03:43.4",127659,-0.131,-0.042,0.034,297,19.45,23.24
"2020-09-19 14:03:43.5",127660,-0.131,-0.042,0.034,297,19.45,23.24
"2020-09-19 14:03:43.6",127661,-0.131,-0.042,0.034,297,19.45,23.24
"2020-09-19 14:03:43.7",127662,-0.131,-0.042,0.034,297,19.45,23.24
"2020-09-19 14:03:43.8",127663,-0.131,-0.042,0.034,297,19.45,23.24
"2020-09-19 14:03:43.9",127664,-0.131,-0.042,0.034,297,19.45,23.24
"2020-09-19 14:03:44",127665,-0.131,-0.042,0.034,297,19.45,23.24
"2020-09-19 14:03:44.1",127666,-0.131,-0.042,0.034,297,19.45,23.24
"2020-09-19 14:03:44.2",127667,-0.131,-0.042,0.034,297,19.45,23.24
"2020-09-19 14:03:44.3",127668,-0.131,-0.042,0.034,297,19.45,23.24
"2020-09-19 14:03:44.4",127669,-0.131,-0.042,0.034,297,19.45,23.24
"2020-09-19 14:03:44.5",127670,-0.131,-0.042,0.034,297,19.45,23.24
"2020-09-19 14:03:44.6",127671,-0.131,-0.042,0.034,297,19.51,23.3
"2020-09-19 14:03:44.7",127672,-0.121,-0.003,0.063,297,19.45,23.24
"2020-09-19 14:03:44.8",127673,-0.121,-0.003,0.063,297,19.45,23.24
"2020-09-19 14:03:44.9",127674,-0.097,-0.051,0.083,297,19.45,23.24
"2020-09-19 14:03:45",127675,-0.097,-0.051,0.083,297,19.45,23.24
"2020-09-19 14:03:45.1",127676,-0.097,-0.052,0.083,297,19.45,23.24
"2020-09-19 14:03:45.2",127677,-0.121,-0.003,0.063,297,19.45,23.24
"2020-09-19 14:03:45.3",127678,-0.121,-0.003,0.063,297,19.45,23.24
"2020-09-19 14:03:45.4",127679,-0.121,-0.002,0.063,297,19.45,23.25
"2020-09-19 14:03:45.5",127680,-0.121,-0.003,0.063,297,19.45,23.24
"2020-09-19 14:03:45.6",127681,-0.121,-0.003,0.063,297,19.45,23.24
"2020-09-19 14:03:45.7",127682,-0.077,-0.003,0.107,297,19.45,23.24
"2020-09-19 14:03:45.8",127683,-0.077,-0.003,0.107,297,19.45,23.24
"2020-09-19 14:03:45.9",127684,-0.097,-0.032,0.083,297,19.45,23.28
"2020-09-19 14:03:46",127685,-0.097,-0.032,0.083,297,19.45,23.24
"2020-09-19 14:03:46.1",127686,-0.097,-0.032,0.083,297,19.45,23.24
"2020-09-19 14:03:46.2",127687,-0.028,-0.003,0.083,297.1,19.45,23.24
"2020-09-19 14:03:46.3",127688,-0.029,-0.003,0.083,297.1,19.45,23.24
"2020-09-19 14:03:46.4",127689,-0.028,-0.002,0.083,297.3,19.45,23.24
"2020-09-19 14:03:46.5",127690,-0.029,-0.003,0.083,297.3,19.45,23.24
"2020-09-19 14:03:46.6",127691,-0.028,-0.003,0.083,297.3,19.45,23.24
"2020-09-19 14:03:46.7",127692,-0.058,-0.042,0.063,297.3,19.45,23.24
"2020-09-19 14:03:46.8",127693,-0.058,-0.042,0.063,297.3,19.45,23.24
"2020-09-19 14:03:46.9",127694,-0.048,-0.032,0.063,297.2,19.45,23.24
"2020-09-19 14:03:47",127695,-0.048,-0.032,0.063,297.2,19.45,23.24
"2020-09-19 14:03:47.1",127696,-0.048,-0.032,0.063,297.2,19.51,23.27
"2020-09-19 14:03:47.2",127697,-0.048,-0.032,0.063,297.2,19.45,23.25
"2020-09-19 14:03:47.3",127698,-0.048,-0.032,0.063,297.2,19.45,23.25
"2020-09-19 14:03:47.4",127699,-0.028,-0.003,0.083,297.2,19.45,23.24
"2020-09-19 14:03:47.5",127700,-0.028,-0.003,0.083,297.2,19.45,23.24
"2020-09-19 14:03:47.6",127701,-0.028,-0.003,0.083,297.2,19.45,23.24
"2020-09-19 14:03:47.7",127702,-0.077,-0.003,0.107,297.2,19.45,23.24
"2020-09-19 14:03:47.8",127703,-0.077,-0.003,0.107,297.2,19.45,23.24
"2020-09-19 14:03:47.9",127704,-0.097,-0.032,0.082,297.1,19.45,23.24
"2020-09-19 14:03:48",127705,-0.097,-0.032,0.083,297.1,19.45,23.25
"2020-09-19 14:03:48.1",127706,-0.097,-0.032,0.083,297.1,19.45,23.25
"2020-09-19 14:03:48.2",127707,-0.097,-0.032,0.083,297.1,19.45,23.25
"2020-09-19 14:03:48.3",127708,-0.097,-0.032,0.083,297.1,19.45,23.24
"2020-09-19 14:03:48.4",127709,-0.097,-0.032,0.083,297.1,19.47,23.27
"2020-09-19 14:03:48.5",127710,-0.097,-0.032,0.083,297.1,19.45,23.24
"2020-09-19 14:03:48.6",127711,-0.097,-0.032,0.083,297.1,19.45,23.24
"2020-09-19 14:03:48.7",127712,-0.077,-0.002,0.107,297.1,19.45,23.24
"2020-09-19 14:03:48.8",127713,-0.077,-0.003,0.107,297.1,19.45,23.24
"2020-09-19 14:03:48.9",127714,-0.077,-0.003,0.107,297.1,19.45,23.24
"2020-09-19 14:03:49",127715,-0.077,-0.002,0.107,297.1,19.45,23.24
"2020-09-19 14:03:49.1",127716,-0.077,-0.003,0.107,297.1,19.45,23.24
"2020-09-19 14:03:49.2",127717,-0.048,-0.032,0.137,297,19.45,23.24
"2020-09-19 14:03:49.3",127718,-0.048,-0.032,0.137,297,19.45,23.25
"2020-09-19 14:03:49.4",127719,-0.048,-0.032,0.137,297,19.45,23.25
"2020-09-19 14:03:49.5",127720,-0.048,-0.032,0.137,297,19.45,23.24
"2020-09-19 14:03:49.6",127721,-0.048,-0.032,0.137,297,19.49,23.24
"2020-09-19 14:03:49.7",127722,-0.048,-0.125,0.063,297.1,19.45,23.24
"2020-09-19 14:03:49.8",127723,-0.048,-0.125,0.063,297.1,19.45,23.24
"2020-09-19 14:03:49.9",127724,-0.009,-0.115,0.034,297,19.45,23.24
"2020-09-19 14:03:50",127725,-0.009,-0.115,0.034,297,19.45,23.24
"2020-09-19 14:03:50.1",127726,-0.009,-0.115,0.034,297,19.45,23.24
"2020-09-19 14:03:50.2",127727,-0.087,-0.081,0.034,296.9,19.45,23.24
"2020-09-19 14:03:50.3",127728,-0.087,-0.081,0.034,296.9,19.45,23.24
"2020-09-19 14:03:50.4",127729,-0.087,-0.125,0.005,296.9,19.45,23.24
"2020-09-19 14:03:50.5",127730,-0.087,-0.125,0.005,296.9,19.45,23.24
"2020-09-19 14:03:50.6",127731,-0.087,-0.125,0.005,296.9,19.45,23.24
"2020-09-19 14:03:50.7",127732,-0.087,-0.081,0.034,296.9,19.45,23.24
"2020-09-19 14:03:50.8",127733,-0.087,-0.081,0.034,296.9,19.45,23.24
"2020-09-19 14:03:50.9",127734,-0.087,-0.081,0.034,296.9,19.49,23.3
"2020-09-19 14:03:51",127735,-0.087,-0.081,0.034,296.9,19.45,23.24
"2020-09-19 14:03:51.1",127736,-0.087,-0.081,0.034,296.9,19.45,23.24
"2020-09-19 14:03:51.2",127737,-0.058,-0.125,0.063,296.9,19.45,23.24
"2020-09-19 14:03:51.3",127738,-0.058,-0.125,0.063,296.9,19.45,23.25
"2020-09-19 14:03:51.4",127739,-0.057,-0.125,0.063,296.9,19.45,23.24
"2020-09-19 14:03:51.5",127740,-0.058,-0.125,0.063,296.9,19.45,23.24
"2020-09-19 14:03:51.6",127741,-0.058,-0.125,0.063,296.9,19.45,23.24
"2020-09-19 14:03:51.7",127742,-0.058,-0.125,0.063,296.9,19.45,23.24
"2020-09-19 14:03:51.8",127743,-0.058,-0.125,0.063,296.9,19.45,23.24
"2020-09-19 14:03:51.9",127744,-0.058,-0.125,0.063,296.9,19.45,23.24
"2020-09-19 14:03:52",127745,-0.058,-0.125,0.063,296.9,19.45,23.24
"2020-09-19 14:03:52.1",127746,-0.058,-0.125,0.063,296.9,19.45,23.24
"2020-09-19 14:03:52.2",127747,-0.097,-0.125,0.083,297,19.45,23.24
"2020-09-19 14:03:52.3",127748,-0.097,-0.125,0.083,297,19.45,23.24
"2020-09-19 14:03:52.4",127749,-0.097,-0.125,0.082,297,19.45,23.24
"2020-09-19 14:03:52.5",127750,-0.097,-0.125,0.083,297,19.45,23.24
"2020-09-19 14:03:52.6",127751,-0.097,-0.125,0.083,297,19.45,23.24
"2020-09-19 14:03:52.7",127752,-0.097,-0.125,0.083,297,19.45,23.24
"2020-09-19 14:03:52.8",127753,-0.097,-0.125,0.083,297,19.45,23.24
"2020-09-19 14:03:52.9",127754,-0.077,-0.071,0.107,297.1,19.45,23.24
"2020-09-19 14:03:53",127755,-0.077,-0.071,0.107,297.1,19.45,23.25
"2020-09-19 14:03:53.1",127756,-0.077,-0.071,0.107,297.1,19.45,23.25
"2020-09-19 14:03:53.2",127757,-0.077,-0.071,0.107,297.1,19.45,23.25
"2020-09-19 14:03:53.3",127758,-0.077,-0.071,0.107,297.1,19.45,23.25
"2020-09-19 14:03:53.4",127759,-0.077,-0.071,0.107,297.1,19.5,23.3
"2020-09-19 14:03:53.5",127760,-0.077,-0.071,0.107,297.1,19.45,23.24
"2020-09-19 14:03:53.6",127761,-0.077,-0.071,0.107,297.1,19.45,23.24
"2020-09-19 14:03:53.7",127762,-0.077,-0.071,0.107,297.1,19.45,23.24
"2020-09-19 14:03:53.8",127763,-0.077,-0.071,0.107,297.1,19.45,23.24
"2020-09-19 14:03:53.9",127764,-0.077,-0.071,0.107,297.1,19.45,23.24
"2020-09-19 14:03:54",127765,-0.077,-0.071,0.107,297.1,19.45,23.24
"2020-09-19 14:03:54.1",127766,-0.077,-0.071,0.107,297.1,19.45,23.24
"2020-09-19 14:03:54.2",127767,-0.077,-0.071,0.107,297.1,19.45,23.24
"2020-09-19 14:03:54.3",127768,-0.077,-0.071,0.107,297.1,19.45,23.24
"2020-09-19 14:03:54.4",127769,-0.038,-0.081,0.083,297,19.45,23.24
"2020-09-19 14:03:54.5",127770,-0.038,-0.081,0.083,297,19.45,23.24
"2020-09-19 14:03:54.6",127771,-0.038,-0.081,0.083,297,19.45,23.24
"2020-09-19 14:03:54.7",127772,-0.048,-0.125,0.137,297.1,19.45,23.27
"2020-09-19 14:03:54.8",127773,-0.048,-0.125,0.137,297.1,19.45,23.24
"2020-09-19 14:03:54.9",127774,-0.028,-0.071,0.156,297.1,19.45,23.24
"2020-09-19 14:03:55",127775,-0.028,-0.071,0.156,297.1,19.45,23.24
"2020-09-19 14:03:55.1",127776,-0.028,-0.071,0.156,297.1,19.45,23.24
"2020-09-19 14:03:55.2",127777,-0.048,-0.032,0.136,297.1,19.45,23.24
"2020-09-19 14:03:55.3",127778,-0.048,-0.032,0.137,297.1,19.45,23.24
"2020-09-19 14:03:55.4",127779,-0.131,-0.081,0.136,297.1,19.45,23.24
"2020-09-19 14:03:55.5",127780,-0.131,-0.081,0.136,297.1,19.45,23.24
"2020-09-19 14:03:55.6",127781,-0.131,-0.081,0.136,297.1,19.45,23.24
"2020-09-19 14:03:55.7",127782,-0.077,-0.071,0.107,297.1,19.45,23.24
"2020-09-19 14:03:55.8",127783,-0.077,-0.071,0.107,297.1,19.45,23.24
"2020-09-19 14:03:55.9",127784,-0.077,-0.071,0.107,297.1,19.51,23.29
"2020-09-19 14:03:56",127785,-0.077,-0.071,0.107,297.1,19.45,23.24
"2020-09-19 14:03:56.1",127786,-0.077,-0.071,0.107,297.1,19.45,23.24
"2020-09-19 14:03:56.2",127787,-0.097,-0.125,0.083,297,19.45,23.24
"2020-09-19 14:03:56.3",127788,-0.097,-0.125,0.083,297,19.45,23.24
"2020-09-19 14:03:56.4",127789,-0.077,-0.071,0.107,297,19.45,23.24
"2020-09-19 14:03:56.5",127790,-0.077,-0.071,0.107,297,19.45,23.24
"2020-09-19 14:03:56.6",127791,-0.077,-0.071,0.107,297,19.45,23.24
"2020-09-19 14:03:56.7",127792,-0.038,-0.081,0.083,297,19.45,23.24
"2020-09-19 14:03:56.8",127793,-0.038,-0.081,0.083,297,19.45,23.24
"2020-09-19 14:03:56.9",127794,-0.058,-0.125,0.063,296.9,19.45,23.24
"2020-09-19 14:03:57",127795,-0.058,-0.125,0.063,296.9,19.45,23.24
"2020-09-19 14:03:57.1",127796,-0.058,-0.125,0.063,296.9,19.45,23.24
"2020-09-19 14:03:57.2",127797,-0.087,-0.081,0.034,296.9,19.45,23.29
"2020-09-19 14:03:57.3",127798,-0.087,-0.081,0.034,296.9,19.45,23.24
"2020-09-19 14:03:57.4",127799,-0.048,-0.051,0.073,296.9,19.45,23.25
