"TOA5","10329","CR6","10329","CR6.Std.09.01 CR6-WIFI.04.00.01","CPU:YOUNG81000_HMP60_10Hz.CR6","51185","Young10Hz_hmp"
"TIMESTAMP","RECORD","U","V","W","TSonic","RH","T_HMP60"
"TS","RN","mV","mV","mV","mV","%","Deg C"
"","","Smp","Smp","Smp","Smp","Smp","Smp"
"2020-09-21 08:54:03.8",1669800,-0.018,0.038,0.005,296.1,29.08,21.62
"2020-09-21 08:54:03.9",1669801,-0.018,0.038,0.005,296.1,29.08,21.62
"2020-09-21 08:54:04",1669802,-0.018,0.038,0.005,296.1,29.08,21.62
"2020-09-21 08:54:04.1",1669803,-0.018,0.038,0.005,296.1,29.08,21.63
"2020-09-21 08:54:04.2",1669804,-0.018,0.037,0.005,296.1,29.08,21.62
"2020-09-21 08:54:04.3",1669805,-0.009,0.009,0.044,296.1,29.08,21.62
"2020-09-21 08:54:04.4",1669806,-0.009,0.009,0.044,296.1,29.08,21.62
"2020-09-21 08:54:04.5",1669807,-0.038,0.008,-0.006,296.1,29.08,21.62
"2020-09-21 08:54:04.6",1669808,-0.038,0.008,-0.006,296.1,29.08,21.62
"2020-09-21 08:54:04.7",1669809,-0.038,0.008,-0.006,296.1,29.08,21.62
"2020-09-21 08:54:04.8",1669810,-0.018,-0.002,0.015,296,29.08,21.62
"2020-09-21 08:54:04.9",1669811,-0.018,-0.002,0.015,296,29.08,21.62
"2020-09-21 08:54:05",1669812,-0.018,-0.002,0.015,296,29.08,21.62
"2020-09-21 08:54:05.1",1669813,-0.018,-0.002,0.015,296,29.08,21.62
"2020-09-21 08:54:05.2",1669814,-0.018,-0.002,0.015,296,29.08,21.62
"2020-09-21 08:54:05.3",1669815,-0.018,-0.002,0.015,296,29.08,21.62
"2020-09-21 08:54:05.4",1669816,-0.018,-0.002,0.015,296,29.12,21.68
"2020-09-21 08:54:05.5",1669817,-0.009,0.008,0.044,296.1,29.08,21.63
"2020-09-21 08:54:05.6",1669818,-0.008,0.008,0.044,296.1,29.08,21.62
"2020-09-21 08:54:05.7",1669819,-0.009,0.008,0.044,296.1,29.08,21.62
"2020-09-21 08:54:05.8",1669820,-0.008,0.008,0.044,296.1,29.08,21.62
"2020-09-21 08:54:05.9",1669821,-0.008,0.008,0.044,296.1,29.08,21.62
"2020-09-21 08:54:06",1669822,0.012,0.009,0.025,296,29.08,21.62
"2020-09-21 08:54:06.1",1669823,0.012,0.008,0.025,296,29.08,21.62
"2020-09-21 08:54:06.2",1669824,0.012,0.008,0.024,296,29.08,21.62
"2020-09-21 08:54:06.3",1669825,0.012,0.009,0.025,296,29.08,21.62
"2020-09-21 08:54:06.4",1669826,0.012,0.008,0.025,296,29.08,21.62
"2020-09-21 08:54:06.5",1669827,-0.008,-0.002,-0.006,296,29.08,21.62
"2020-09-21 08:54:06.6",1669828,-0.008,-0.002,-0.006,296,29.08,21.62
"2020-09-21 08:54:06.7",1669829,-0.008,-0.002,-0.006,296,29.08,21.62
"2020-09-21 08:54:06.8",1669830,-0.008,-0.002,-0.006,296,29.08,21.62
"2020-09-21 08:54:06.9",1669831,-0.008,-0.002,-0.006,296,29.08,21.62
"2020-09-21 08:54:07",1669832,-0.008,-0.002,-0.006,296,29.08,21.62
"2020-09-21 08:54:07.1",1669833,-0.008,-0.002,-0.006,296,29.08,21.62
"2020-09-21 08:54:07.2",1669834,-0.008,-0.002,-0.006,296,29.08,21.62
"2020-09-21 08:54:07.3",1669835,-0.028,-0.002,-0.006,296,29.08,21.62
"2020-09-21 08:54:07.4",1669836,-0.028,-0.002,-0.006,296,29.08,21.62
"2020-09-21 08:54:07.5",1669837,-0.018,-0.002,0.015,296,29.08,21.62
"2020-09-21 08:54:07.6",1669838,-0.018,-0.002,0.015,296,29.08,21.62
"2020-09-21 08:54:07.7",1669839,-0.018,-0.002,0.015,296,29.08,21.62
"2020-09-21 08:54:07.8",1669840,-0.008,0.008,0.044,296.1,29.08,21.62
"2020-09-21 08:54:07.9",1669841,-0.008,0.008,0.044,296.1,29.14,21.68
"2020-09-21 08:54:08",1669842,-0.008,0.008,0.044,296.1,29.08,21.62
"2020-09-21 08:54:08.1",1669843,-0.008,0.008,0.044,296.1,29.08,21.62
"2020-09-21 08:54:08.2",1669844,-0.008,0.008,0.044,296.1,29.08,21.62
"2020-09-21 08:54:08.3",1669845,-0.008,0.008,0.044,296.1,29.08,21.62
"2020-09-21 08:54:08.4",1669846,-0.008,0.008,0.044,296.1,29.08,21.62
"2020-09-21 08:54:08.5",1669847,-0.009,-0.002,0.064,296.1,29.08,21.62
"2020-09-21 08:54:08.6",1669848,-0.008,-0.002,0.064,296.1,29.08,21.62
"2020-09-21 08:54:08.7",1669849,-0.009,-0.002,0.064,296.1,29.08,21.62
"2020-09-21 08:54:08.8",1669850,-0.009,0.008,0.044,296,29.08,21.62
"2020-09-21 08:54:08.9",1669851,-0.008,0.008,0.044,296,29.08,21.62
"2020-09-21 08:54:09",1669852,-0.009,0.008,0.044,296,29.08,21.62
"2020-09-21 08:54:09.1",1669853,-0.008,0.008,0.044,296,29.08,21.62
"2020-09-21 08:54:09.2",1669854,-0.008,0.008,0.044,296,29.09,21.64
"2020-09-21 08:54:09.3",1669855,0.012,0.008,0.025,296,29.08,21.62
"2020-09-21 08:54:09.4",1669856,0.012,0.009,0.025,296,29.08,21.62
"2020-09-21 08:54:09.5",1669857,0.012,0.008,0.025,296,29.08,21.62
"2020-09-21 08:54:09.6",1669858,0.012,0.009,0.025,296,29.08,21.62
"2020-09-21 08:54:09.7",1669859,0.012,0.008,0.024,296,29.08,21.62
"2020-09-21 08:54:09.8",1669860,0.012,0.008,0.025,296,29.08,21.62
"2020-09-21 08:54:09.9",1669861,0.012,0.008,0.025,296,29.08,21.62
"2020-09-21 08:54:10",1669862,0.012,0.009,0.025,296,29.08,21.62
"2020-09-21 08:54:10.1",1669863,0.012,0.008,0.025,296,29.08,21.62
"2020-09-21 08:54:10.2",1669864,0.012,0.008,0.024,296,29.08,21.62
"2020-09-21 08:54:10.3",1669865,0.012,0.009,0.024,296,29.08,21.62
"2020-09-21 08:54:10.4",1669866,0.012,0.008,0.025,296,29.14,21.67
"2020-09-21 08:54:10.5",1669867,-0.009,0.009,0.044,296,29.08,21.62
"2020-09-21 08:54:10.6",1669868,-0.008,0.008,0.044,296,29.08,21.62
"2020-09-21 08:54:10.7",1669869,-0.008,0.009,0.044,296,29.07,21.62
"2020-09-21 08:54:10.8",1669870,-0.008,0.008,0.044,296,29.07,21.62
"2020-09-21 08:54:10.9",1669871,-0.009,0.008,0.044,296,29.07,21.62
"2020-09-21 08:54:11",1669872,-0.008,0.009,0.044,296,29.07,21.62
"2020-09-21 08:54:11.1",1669873,-0.008,0.008,0.044,296,29.07,21.62
"2020-09-21 08:54:11.2",1669874,-0.009,0.008,0.044,296,29.07,21.62
"2020-09-21 08:54:11.3",1669875,-0.008,0.009,0.044,296,29.06,21.62
"2020-09-21 08:54:11.4",1669876,-0.008,0.008,0.044,296,29.06,21.62
"2020-09-21 08:54:11.5",1669877,-0.008,0.008,0.044,296,29.06,21.63
"2020-09-21 08:54:11.6",1669878,-0.008,0.008,0.044,296,29.06,21.63
"2020-09-21 08:54:11.7",1669879,-0.009,0.008,0.044,296,29.06,21.65
"2020-09-21 08:54:11.8",1669880,-0.018,-0.002,0.015,295.9,29.06,21.62
"2020-09-21 08:54:11.9",1669881,-0.018,-0.002,0.015,295.9,29.06,21.63
"2020-09-21 08:54:12",1669882,-0.018,-0.002,0.015,295.9,29.06,21.62
"2020-09-21 08:54:12.1",1669883,-0.018,-0.002,0.015,295.9,29.06,21.62
"2020-09-21 08:54:12.2",1669884,-0.018,-0.002,0.015,295.9,29.06,21.62
"2020-09-21 08:54:12.3",1669885,-0.048,0.008,-0.006,295.9,29.06,21.62
"2020-09-21 08:54:12.4",1669886,-0.047,0.008,-0.006,295.9,29.06,21.62
"2020-09-21 08:54:12.5",1669887,-0.047,0.008,-0.006,295.9,29.06,21.62
"2020-09-21 08:54:12.6",1669888,-0.047,0.008,-0.006,295.9,29.06,21.62
"2020-09-21 08:54:12.7",1669889,-0.047,0.008,-0.006,295.9,29.06,21.62
"2020-09-21 08:54:12.8",1669890,-0.048,0.008,-0.006,295.9,29.06,21.62
"2020-09-21 08:54:12.9",1669891,-0.047,0.009,-0.006,295.9,29.12,21.65
"2020-09-21 08:54:13",1669892,-0.047,0.008,-0.006,295.9,29.06,21.62
"2020-09-21 08:54:13.1",1669893,-0.048,0.008,-0.006,295.9,29.06,21.62
"2020-09-21 08:54:13.2",1669894,-0.047,0.008,-0.006,295.9,29.06,21.62
"2020-09-21 08:54:13.3",1669895,-0.048,0.008,-0.006,295.9,29.06,21.62
"2020-09-21 08:54:13.4",1669896,-0.047,0.008,-0.006,295.9,29.06,21.62
"2020-09-21 08:54:13.5",1669897,-0.028,-0.002,0.025,295.8,29.06,21.62
"2020-09-21 08:54:13.6",1669898,-0.028,-0.002,0.024,295.8,29.06,21.62
"2020-09-21 08:54:13.7",1669899,-0.028,-0.002,0.024,295.8,29.06,21.62
"2020-09-21 08:54:13.8",1669900,-0.028,0.047,0.024,295.9,29.06,21.62
"2020-09-21 08:54:13.9",1669901,-0.028,0.047,0.025,295.9,29.06,21.62
"2020-09-21 08:54:14",1669902,-0.018,0.038,0.005,295.9,29.06,21.63
"2020-09-21 08:54:14.1",1669903,-0.018,0.038,0.005,295.9,29.06,21.62
"2020-09-21 08:54:14.2",1669904,-0.018,0.038,0.005,295.9,29.06,21.65
"2020-09-21 08:54:14.3",1669905,-0.018,0.038,0.024,296,29.06,21.62
"2020-09-21 08:54:14.4",1669906,-0.018,0.038,0.025,296,29.06,21.62
"2020-09-21 08:54:14.5",1669907,-0.009,0.008,0.044,296,29.06,21.62
"2020-09-21 08:54:14.6",1669908,-0.008,0.008,0.044,296,29.06,21.62
"2020-09-21 08:54:14.7",1669909,-0.008,0.008,0.044,296,29.06,21.62
"2020-09-21 08:54:14.8",1669910,-0.009,0.008,0.044,296,29.06,21.62
"2020-09-21 08:54:14.9",1669911,-0.008,0.008,0.044,296,29.06,21.62
"2020-09-21 08:54:15",1669912,-0.008,0.008,0.044,296,29.06,21.62
"2020-09-21 08:54:15.1",1669913,-0.008,0.008,0.044,296,29.06,21.62
"2020-09-21 08:54:15.2",1669914,-0.009,0.008,0.044,296,29.06,21.62
"2020-09-21 08:54:15.3",1669915,-0.008,0.008,0.044,296,29.06,21.62
"2020-09-21 08:54:15.4",1669916,-0.009,0.008,0.044,296,29.12,21.63
"2020-09-21 08:54:15.5",1669917,-0.008,0.008,0.044,296,29.06,21.62
"2020-09-21 08:54:15.6",1669918,-0.008,0.008,0.044,296,29.06,21.62
"2020-09-21 08:54:15.7",1669919,-0.009,0.008,0.044,296,29.06,21.62
"2020-09-21 08:54:15.8",1669920,-0.018,-0.002,0.015,296,29.06,21.62
"2020-09-21 08:54:15.9",1669921,-0.018,-0.002,0.015,296,29.06,21.62
"2020-09-21 08:54:16",1669922,-0.008,0.008,0.044,296.1,29.06,21.62
"2020-09-21 08:54:16.1",1669923,-0.009,0.009,0.044,296.1,29.06,21.62
"2020-09-21 08:54:16.2",1669924,-0.009,0.008,0.044,296.1,29.06,21.62
"2020-09-21 08:54:16.3",1669925,-0.008,0.009,0.044,296.1,29.06,21.62
"2020-09-21 08:54:16.4",1669926,-0.009,0.008,0.044,296.1,29.06,21.62
"2020-09-21 08:54:16.5",1669927,-0.008,0.008,0.044,296,29.06,21.62
"2020-09-21 08:54:16.6",1669928,-0.008,0.008,0.044,296,29.06,21.62
"2020-09-21 08:54:16.7",1669929,-0.009,0.008,0.044,296,29.07,21.66
"2020-09-21 08:54:16.8",1669930,-0.018,0.038,0.025,296,29.06,21.62
"2020-09-21 08:54:16.9",1669931,-0.018,0.038,0.025,296,29.05,21.62
"2020-09-21 08:54:17",1669932,-0.018,0.038,0.024,296,29.05,21.62
"2020-09-21 08:54:17.1",1669933,-0.018,0.038,0.024,296,29.05,21.62
"2020-09-21 08:54:17.2",1669934,-0.018,0.038,0.025,296,29.05,21.62
"2020-09-21 08:54:17.3",1669935,-0.018,0.038,0.025,296,29.05,21.62
"2020-09-21 08:54:17.4",1669936,-0.018,0.038,0.025,296,29.05,21.62
"2020-09-21 08:54:17.5",1669937,-0.067,0.047,0.044,296.1,29.05,21.62
"2020-09-21 08:54:17.6",1669938,-0.067,0.047,0.044,296.1,29.05,21.62
"2020-09-21 08:54:17.7",1669939,-0.067,0.047,0.044,296.1,29.04,21.62
"2020-09-21 08:54:17.8",1669940,-0.018,0.037,0.025,296.1,29.04,21.62
"2020-09-21 08:54:17.9",1669941,-0.018,0.038,0.025,296.1,29.08,21.62
"2020-09-21 08:54:18",1669942,-0.018,0.038,0.024,296.1,29.04,21.62
"2020-09-21 08:54:18.1",1669943,-0.018,0.038,0.025,296.1,29.04,21.63
"2020-09-21 08:54:18.2",1669944,-0.018,0.038,0.025,296.1,29.04,21.63
"2020-09-21 08:54:18.3",1669945,-0.008,0.008,0.044,296.1,29.04,21.64
"2020-09-21 08:54:18.4",1669946,-0.009,0.008,0.044,296.1,29.04,21.64
"2020-09-21 08:54:18.5",1669947,-0.009,0.008,0.044,296.1,29.04,21.64
"2020-09-21 08:54:18.6",1669948,-0.008,0.008,0.044,296.1,29.04,21.64
"2020-09-21 08:54:18.7",1669949,-0.008,0.008,0.044,296.1,29.04,21.64
"2020-09-21 08:54:18.8",1669950,-0.008,0.009,0.044,296.1,29.04,21.64
"2020-09-21 08:54:18.9",1669951,-0.009,0.009,0.044,296.1,29.04,21.64
"2020-09-21 08:54:19",1669952,-0.009,0.008,0.044,296.1,29.04,21.64
"2020-09-21 08:54:19.1",1669953,-0.009,0.009,0.044,296.1,29.04,21.64
"2020-09-21 08:54:19.2",1669954,-0.009,0.008,0.044,296.1,29.07,21.7
"2020-09-21 08:54:19.3",1669955,0.041,0.038,0.044,296.1,29.04,21.64
"2020-09-21 08:54:19.4",1669956,0.041,0.038,0.044,296.1,29.04,21.64
"2020-09-21 08:54:19.5",1669957,0.012,0.008,0.025,296,29.04,21.64
"2020-09-21 08:54:19.6",1669958,0.012,0.008,0.024,296,29.04,21.64
"2020-09-21 08:54:19.7",1669959,0.012,0.008,0.024,296,29.04,21.64
"2020-09-21 08:54:19.8",1669960,-0.009,0.038,-0.006,295.9,29.04,21.64
"2020-09-21 08:54:19.9",1669961,-0.009,0.038,-0.006,295.9,29.04,21.64
"2020-09-21 08:54:20",1669962,-0.009,0.038,-0.006,295.9,29.04,21.64
"2020-09-21 08:54:20.1",1669963,-0.008,0.038,-0.006,295.9,29.04,21.64
"2020-09-21 08:54:20.2",1669964,-0.008,0.038,-0.006,295.9,29.04,21.64
"2020-09-21 08:54:20.3",1669965,-0.008,0.038,-0.006,295.9,29.04,21.64
"2020-09-21 08:54:20.4",1669966,-0.009,0.038,-0.006,295.9,29.05,21.64
"2020-09-21 08:54:20.5",1669967,-0.008,0.038,-0.006,295.9,29.04,21.64
"2020-09-21 08:54:20.6",1669968,-0.009,0.038,-0.006,295.9,29.04,21.64
"2020-09-21 08:54:20.7",1669969,-0.009,0.038,-0.006,295.9,29.04,21.64
"2020-09-21 08:54:20.8",1669970,-0.009,0.038,-0.006,295.9,29.04,21.64
"2020-09-21 08:54:20.9",1669971,-0.009,0.038,-0.006,295.9,29.04,21.64
"2020-09-21 08:54:21",1669972,-0.008,0.038,-0.006,295.9,29.04,21.64
"2020-09-21 08:54:21.1",1669973,-0.008,0.038,-0.006,295.9,29.04,21.64
"2020-09-21 08:54:21.2",1669974,-0.009,0.037,-0.006,295.9,29.04,21.64
"2020-09-21 08:54:21.3",1669975,-0.008,0.038,-0.006,295.9,29.04,21.64
"2020-09-21 08:54:21.4",1669976,-0.008,0.038,-0.006,295.9,29.04,21.64
"2020-09-21 08:54:21.5",1669977,-0.009,0.038,-0.006,295.9,29.04,21.64
"2020-09-21 08:54:21.6",1669978,-0.008,0.038,-0.006,295.9,29.04,21.64
"2020-09-21 08:54:21.7",1669979,-0.008,0.037,-0.006,295.9,29.08,21.7
"2020-09-21 08:54:21.8",1669980,-0.008,0.038,-0.006,295.9,29.04,21.64
"2020-09-21 08:54:21.9",1669981,-0.008,0.038,-0.006,295.9,29.04,21.64
"2020-09-21 08:54:22",1669982,-0.008,0.038,-0.006,295.9,29.05,21.64
"2020-09-21 08:54:22.1",1669983,-0.009,0.038,-0.006,295.9,29.04,21.64
"2020-09-21 08:54:22.2",1669984,-0.008,0.037,-0.006,295.9,29.04,21.64
"2020-09-21 08:54:22.3",1669985,0.012,0.008,0.025,296,29.04,21.64
"2020-09-21 08:54:22.4",1669986,0.012,0.008,0.025,296,29.04,21.64
"2020-09-21 08:54:22.5",1669987,0.012,0.008,0.025,296,29.04,21.64
"2020-09-21 08:54:22.6",1669988,0.012,0.009,0.025,296,29.04,21.64
"2020-09-21 08:54:22.7",1669989,0.012,0.008,0.024,296,29.04,21.64
"2020-09-21 08:54:22.8",1669990,0.012,0.008,0.025,296,29.04,21.64
"2020-09-21 08:54:22.9",1669991,0.012,0.009,0.025,296,29.04,21.64
"2020-09-21 08:54:23",1669992,-0.008,0.008,0.044,296,29.04,21.64
"2020-09-21 08:54:23.1",1669993,-0.009,0.008,0.044,296,29.04,21.64
"2020-09-21 08:54:23.2",1669994,-0.008,0.008,0.044,296,29.04,21.64
"2020-09-21 08:54:23.3",1669995,-0.008,0.008,0.044,296,29.04,21.64
"2020-09-21 08:54:23.4",1669996,-0.008,0.008,0.044,296,29.04,21.64
"2020-09-21 08:54:23.5",1669997,0.012,0.008,0.025,296,29.04,21.64
"2020-09-21 08:54:23.6",1669998,0.012,0.008,0.025,296,29.04,21.64
"2020-09-21 08:54:23.7",1669999,0.012,0.008,0.025,296,29.04,21.64
"2020-09-21 08:54:23.8",1670000,0.012,0.009,0.025,296,29.04,21.64
"2020-09-21 08:54:23.9",1670001,0.012,0.008,0.025,296,29.04,21.64
"2020-09-21 08:54:24",1670002,0.012,0.008,0.025,296,29.04,21.64
"2020-09-21 08:54:24.1",1670003,0.012,0.008,0.025,296,29.04,21.64
"2020-09-21 08:54:24.2",1670004,0.012,0.008,0.025,296,29.08,21.7
"2020-09-21 08:54:24.3",1670005,0.012,0.008,0.025,296,29.04,21.64
"2020-09-21 08:54:24.4",1670006,0.012,0.009,0.025,296,29.04,21.64
"2020-09-21 08:54:24.5",1670007,0.012,0.008,0.025,296,29.04,21.64
"2020-09-21 08:54:24.6",1670008,0.012,0.008,0.025,296,29.04,21.64
"2020-09-21 08:54:24.7",1670009,0.012,0.008,0.024,296,29.04,21.64
"2020-09-21 08:54:24.8",1670010,0.041,0.008,-0.006,296,29.04,21.64
"2020-09-21 08:54:24.9",1670011,0.041,0.008,-0.006,296,29.04,21.64
"2020-09-21 08:54:25",1670012,0.041,0.008,-0.006,296,29.04,21.64
"2020-09-21 08:54:25.1",1670013,0.041,0.008,-0.006,296,29.04,21.64
"2020-09-21 08:54:25.2",1670014,0.041,0.008,-0.006,296,29.04,21.64
"2020-09-21 08:54:25.3",1670015,0.021,0.038,-0.006,295.9,29.04,21.64
"2020-09-21 08:54:25.4",1670016,0.021,0.038,-0.006,295.9,29.04,21.64
"2020-09-21 08:54:25.5",1670017,0.021,0.038,-0.006,295.9,29.04,21.64
"2020-09-21 08:54:25.6",1670018,0.021,0.038,-0.006,295.9,29.04,21.64
"2020-09-21 08:54:25.7",1670019,0.021,0.038,-0.006,295.9,29.04,21.64
"2020-09-21 08:54:25.8",1670020,0.041,0.008,-0.006,296,29.04,21.64
"2020-09-21 08:54:25.9",1670021,0.041,0.008,-0.006,296,29.04,21.64
"2020-09-21 08:54:26",1670022,0.041,0.008,-0.006,296,29.04,21.64
"2020-09-21 08:54:26.1",1670023,0.041,0.009,-0.006,296,29.04,21.64
"2020-09-21 08:54:26.2",1670024,0.041,0.008,-0.006,296,29.04,21.64
"2020-09-21 08:54:26.3",1670025,-0.009,0.008,0.044,296,29.04,21.64
"2020-09-21 08:54:26.4",1670026,-0.009,0.008,0.044,296,29.04,21.64
"2020-09-21 08:54:26.5",1670027,0.041,0.038,0.044,296,29.04,21.64
"2020-09-21 08:54:26.6",1670028,0.041,0.038,0.044,296,29.04,21.64
"2020-09-21 08:54:26.7",1670029,0.041,0.038,0.044,296,29.1,21.69
"2020-09-21 08:54:26.8",1670030,-0.008,0.047,0.073,296.1,29.04,21.64
"2020-09-21 08:54:26.9",1670031,-0.008,0.047,0.074,296.1,29.04,21.64
"2020-09-21 08:54:27",1670032,-0.008,0.008,0.044,296.4,29.04,21.64
"2020-09-21 08:54:27.1",1670033,-0.009,0.008,0.044,296.4,29.04,21.64
"2020-09-21 08:54:27.2",1670034,-0.008,0.008,0.044,296.4,29.04,21.64
"2020-09-21 08:54:27.3",1670035,-0.008,-0.002,0.073,296.3,29.04,21.64
"2020-09-21 08:54:27.4",1670036,-0.008,-0.002,0.073,296.3,29.04,21.64
"2020-09-21 08:54:27.5",1670037,-0.008,0.009,0.044,296.2,29.04,21.64
"2020-09-21 08:54:27.6",1670038,-0.008,0.008,0.044,296.2,29.04,21.64
"2020-09-21 08:54:27.7",1670039,-0.009,0.008,0.044,296.2,29.04,21.64
"2020-09-21 08:54:27.8",1670040,-0.008,0.008,0.044,296.1,29.04,21.64
"2020-09-21 08:54:27.9",1670041,-0.008,0.008,0.044,296.1,29.04,21.64
"2020-09-21 08:54:28",1670042,0.012,-0.032,0.015,296,29.04,21.67
"2020-09-21 08:54:28.1",1670043,0.012,-0.032,0.015,296,29.04,21.64
"2020-09-21 08:54:28.2",1670044,0.012,-0.032,0.015,296,29.05,21.64
"2020-09-21 08:54:28.3",1670045,0.012,-0.032,0.015,295.9,29.04,21.64
"2020-09-21 08:54:28.4",1670046,0.012,-0.032,0.015,295.9,29.04,21.64
"2020-09-21 08:54:28.5",1670047,-0.009,-0.032,0.034,296,29.04,21.64
"2020-09-21 08:54:28.6",1670048,-0.008,-0.032,0.034,296,29.04,21.64
"2020-09-21 08:54:28.7",1670049,-0.008,-0.032,0.034,296,29.04,21.64
"2020-09-21 08:54:28.8",1670050,-0.018,-0.002,0.015,296,29.04,21.64
"2020-09-21 08:54:28.9",1670051,-0.018,-0.002,0.015,296,29.04,21.64
"2020-09-21 08:54:29",1670052,-0.018,-0.002,0.015,296,29.04,21.64
"2020-09-21 08:54:29.1",1670053,-0.018,-0.002,0.015,296,29.04,21.64
"2020-09-21 08:54:29.2",1670054,-0.018,-0.002,0.015,296,29.1,21.67
"2020-09-21 08:54:29.3",1670055,-0.047,-0.041,0.064,295.9,29.04,21.64
"2020-09-21 08:54:29.4",1670056,-0.047,-0.041,0.064,295.9,29.04,21.64
"2020-09-21 08:54:29.5",1670057,-0.008,-0.041,0.044,295.9,29.04,21.64
"2020-09-21 08:54:29.6",1670058,-0.009,-0.041,0.044,295.9,29.04,21.64
"2020-09-21 08:54:29.7",1670059,-0.009,-0.041,0.044,295.9,29.04,21.64
"2020-09-21 08:54:29.8",1670060,-0.008,-0.041,0.044,295.9,29.04,21.64
"2020-09-21 08:54:29.9",1670061,-0.008,-0.041,0.044,295.9,29.04,21.64
"2020-09-21 08:54:30",1670062,-0.008,-0.041,0.044,296,29.04,21.64
"2020-09-21 08:54:30.1",1670063,-0.008,-0.041,0.044,296,29.04,21.64
"2020-09-21 08:54:30.2",1670064,-0.009,-0.041,0.044,296,29.04,21.64
"2020-09-21 08:54:30.3",1670065,-0.008,-0.041,0.044,296,29.04,21.64
"2020-09-21 08:54:30.4",1670066,-0.008,-0.041,0.044,296,29.04,21.64
"2020-09-21 08:54:30.5",1670067,-0.008,-0.041,0.044,296,29.04,21.68
"2020-09-21 08:54:30.6",1670068,-0.009,-0.041,0.044,296,29.04,21.64
"2020-09-21 08:54:30.7",1670069,-0.009,-0.041,0.044,296,29.04,21.64
"2020-09-21 08:54:30.8",1670070,-0.008,-0.002,0.064,296.1,29.04,21.64
"2020-09-21 08:54:30.9",1670071,-0.008,-0.002,0.064,296.1,29.04,21.64
"2020-09-21 08:54:31",1670072,-0.018,-0.002,0.083,296.2,29.04,21.64
"2020-09-21 08:54:31.1",1670073,-0.018,-0.002,0.083,296.2,29.04,21.64
"2020-09-21 08:54:31.2",1670074,-0.018,-0.002,0.083,296.2,29.04,21.64
"2020-09-21 08:54:31.3",1670075,-0.018,-0.002,0.083,296.1,29.04,21.64
"2020-09-21 08:54:31.4",1670076,-0.018,-0.002,0.083,296.1,29.04,21.64
"2020-09-21 08:54:31.5",1670077,-0.028,-0.002,0.083,296.1,29.04,21.64
"2020-09-21 08:54:31.6",1670078,-0.028,-0.002,0.083,296.1,29.04,21.64
"2020-09-21 08:54:31.7",1670079,-0.028,-0.002,0.083,296.1,29.1,21.65
"2020-09-21 08:54:31.8",1670080,-0.028,-0.002,0.083,296,29.04,21.64
"2020-09-21 08:54:31.9",1670081,-0.028,-0.002,0.083,296,29.04,21.64
"2020-09-21 08:54:32",1670082,-0.028,-0.002,0.083,296,29.04,21.64
"2020-09-21 08:54:32.1",1670083,-0.028,-0.002,0.083,296,29.04,21.64
"2020-09-21 08:54:32.2",1670084,-0.028,-0.002,0.083,296,29.04,21.64
"2020-09-21 08:54:32.3",1670085,-0.047,0.008,0.064,295.9,29.04,21.64
"2020-09-21 08:54:32.4",1670086,-0.048,0.008,0.064,295.9,29.04,21.64
"2020-09-21 08:54:32.5",1670087,-0.008,0.008,0.044,296,29.04,21.64
"2020-09-21 08:54:32.6",1670088,-0.009,0.009,0.044,296,29.04,21.64
"2020-09-21 08:54:32.7",1670089,-0.009,0.008,0.044,296,29.04,21.64
"2020-09-21 08:54:32.8",1670090,-0.008,-0.041,0.044,295.9,29.04,21.64
"2020-09-21 08:54:32.9",1670091,-0.008,-0.041,0.044,295.9,29.04,21.64
"2020-09-21 08:54:33",1670092,-0.047,0.008,0.064,295.9,29.07,21.68
"2020-09-21 08:54:33.1",1670093,-0.048,0.008,0.064,295.9,29.04,21.64
"2020-09-21 08:54:33.2",1670094,-0.048,0.008,0.063,295.9,29.04,21.64
"2020-09-21 08:54:33.3",1670095,-0.018,-0.002,0.083,295.9,29.04,21.64
"2020-09-21 08:54:33.4",1670096,-0.018,-0.002,0.083,295.9,29.04,21.64
"2020-09-21 08:54:33.5",1670097,-0.048,-0.041,0.063,295.9,29.04,21.64
"2020-09-21 08:54:33.6",1670098,-0.047,-0.041,0.064,295.9,29.04,21.64
"2020-09-21 08:54:33.7",1670099,-0.047,-0.041,0.063,295.9,29.04,21.64
"2020-09-21 08:54:33.8",1670100,-0.048,-0.041,0.064,295.9,29.04,21.64
"2020-09-21 08:54:33.9",1670101,-0.048,-0.041,0.064,295.9,29.04,21.64
"2020-09-21 08:54:34",1670102,-0.028,-0.002,0.025,295.9,29.04,21.64
"2020-09-21 08:54:34.1",1670103,-0.028,-0.002,0.025,295.9,29.04,21.64
"2020-09-21 08:54:34.2",1670104,-0.028,-0.002,0.024,295.9,29.08,21.64
"2020-09-21 08:54:34.3",1670105,-0.008,-0.032,0.044,295.9,29.04,21.64
"2020-09-21 08:54:34.4",1670106,-0.008,-0.032,0.044,295.9,29.04,21.64
"2020-09-21 08:54:34.5",1670107,-0.008,-0.032,0.044,295.9,29.04,21.64
"2020-09-21 08:54:34.6",1670108,-0.008,-0.032,0.044,295.9,29.04,21.64
"2020-09-21 08:54:34.7",1670109,-0.008,-0.031,0.044,295.9,29.04,21.64
"2020-09-21 08:54:34.8",1670110,-0.008,-0.032,0.044,295.9,29.04,21.64
"2020-09-21 08:54:34.9",1670111,-0.009,-0.032,0.044,295.9,29.04,21.64
"2020-09-21 08:54:35",1670112,-0.028,-0.002,0.025,295.9,29.04,21.64
"2020-09-21 08:54:35.1",1670113,-0.028,-0.002,0.024,295.9,29.04,21.64
"2020-09-21 08:54:35.2",1670114,-0.028,-0.002,0.024,295.9,29.04,21.64
"2020-09-21 08:54:35.3",1670115,-0.028,-0.002,0.025,295.9,29.04,21.64
"2020-09-21 08:54:35.4",1670116,-0.028,-0.002,0.025,295.9,29.04,21.64
"2020-09-21 08:54:35.5",1670117,-0.028,-0.002,0.025,295.9,29.07,21.7
"2020-09-21 08:54:35.6",1670118,-0.028,-0.002,0.025,295.9,29.04,21.64
"2020-09-21 08:54:35.7",1670119,-0.028,-0.002,0.024,295.9,29.04,21.64
"2020-09-21 08:54:35.8",1670120,-0.028,-0.002,0.025,295.8,29.04,21.64
"2020-09-21 08:54:35.9",1670121,-0.028,-0.002,0.025,295.8,29.04,21.64
"2020-09-21 08:54:36",1670122,-0.028,-0.002,0.025,295.8,29.04,21.64
"2020-09-21 08:54:36.1",1670123,-0.028,-0.002,0.025,295.8,29.04,21.64
"2020-09-21 08:54:36.2",1670124,-0.028,-0.002,0.024,295.8,29.04,21.64
"2020-09-21 08:54:36.3",1670125,-0.028,-0.002,0.025,295.8,29.04,21.64
"2020-09-21 08:54:36.4",1670126,-0.028,-0.002,0.025,295.8,29.04,21.64
"2020-09-21 08:54:36.5",1670127,-0.048,0.008,-0.006,295.9,29.04,21.64
"2020-09-21 08:54:36.6",1670128,-0.048,0.009,-0.006,295.9,29.04,21.64
"2020-09-21 08:54:36.7",1670129,-0.048,0.008,-0.006,295.9,29.06,21.64
"2020-09-21 08:54:36.8",1670130,-0.047,0.009,-0.006,295.9,29.04,21.64
"2020-09-21 08:54:36.9",1670131,-0.047,0.009,-0.006,295.9,29.04,21.64
"2020-09-21 08:54:37",1670132,-0.047,0.008,-0.006,295.9,29.04,21.64
"2020-09-21 08:54:37.1",1670133,-0.048,0.009,-0.006,295.9,29.04,21.64
"2020-09-21 08:54:37.2",1670134,-0.048,0.008,-0.006,295.9,29.04,21.64
"2020-09-21 08:54:37.3",1670135,-0.048,0.008,-0.006,295.9,29.04,21.64
"2020-09-21 08:54:37.4",1670136,-0.047,0.008,-0.006,295.9,29.04,21.64
"2020-09-21 08:54:37.5",1670137,-0.048,0.008,-0.006,295.9,29.04,21.64
"2020-09-21 08:54:37.6",1670138,-0.047,0.008,-0.006,295.9,29.04,21.64
"2020-09-21 08:54:37.7",1670139,-0.048,0.008,-0.006,295.9,29.04,21.64
"2020-09-21 08:54:37.8",1670140,-0.028,-0.002,0.025,295.9,29.04,21.64
"2020-09-21 08:54:37.9",1670141,-0.028,-0.002,0.025,295.9,29.04,21.64
"2020-09-21 08:54:38",1670142,-0.048,0.008,-0.006,295.9,29.08,21.7
"2020-09-21 08:54:38.1",1670143,-0.047,0.008,-0.006,295.9,29.04,21.64
"2020-09-21 08:54:38.2",1670144,-0.048,0.008,-0.006,295.9,29.04,21.64
"2020-09-21 08:54:38.3",1670145,-0.047,0.009,-0.006,295.9,29.04,21.64
"2020-09-21 08:54:38.4",1670146,-0.047,0.008,-0.006,295.9,29.04,21.64
"2020-09-21 08:54:38.5",1670147,-0.047,0.009,-0.006,295.9,29.04,21.64
"2020-09-21 08:54:38.6",1670148,-0.047,0.008,-0.006,295.9,29.04,21.64
"2020-09-21 08:54:38.7",1670149,-0.047,0.008,-0.006,295.9,29.04,21.64
"2020-09-21 08:54:38.8",1670150,-0.048,0.008,-0.006,295.9,29.04,21.64
"2020-09-21 08:54:38.9",1670151,-0.048,0.008,-0.006,295.9,29.04,21.64
"2020-09-21 08:54:39",1670152,-0.028,-0.002,0.025,295.9,29.04,21.64
"2020-09-21 08:54:39.1",1670153,-0.028,-0.002,0.025,295.9,29.04,21.64
"2020-09-21 08:54:39.2",1670154,-0.028,-0.002,0.025,295.9,29.04,21.64
"2020-09-21 08:54:39.3",1670155,-0.009,-0.002,0.044,295.9,29.04,21.64
"2020-09-21 08:54:39.4",1670156,-0.009,-0.002,0.044,295.9,29.04,21.64
"2020-09-21 08:54:39.5",1670157,-0.008,0.008,-0.016,296,29.04,21.64
"2020-09-21 08:54:39.6",1670158,-0.009,0.009,-0.016,296,29.04,21.64
"2020-09-21 08:54:39.7",1670159,-0.009,0.008,-0.016,296,29.04,21.64
"2020-09-21 08:54:39.8",1670160,-0.009,0.009,0.044,296.2,29.04,21.64
"2020-09-21 08:54:39.9",1670161,-0.008,0.008,0.044,296.2,29.04,21.64
"2020-09-21 08:54:40",1670162,-0.028,-0.002,0.024,296.2,29.04,21.64
"2020-09-21 08:54:40.1",1670163,-0.028,-0.002,0.024,296.2,29.04,21.64
"2020-09-21 08:54:40.2",1670164,-0.028,-0.002,0.025,296.2,29.04,21.64
"2020-09-21 08:54:40.3",1670165,-0.028,-0.002,0.025,296.2,29.04,21.64
"2020-09-21 08:54:40.4",1670166,-0.028,-0.002,0.025,296.2,29.04,21.64
"2020-09-21 08:54:40.5",1670167,-0.028,-0.002,0.025,296.2,29.08,21.7
"2020-09-21 08:54:40.6",1670168,-0.028,-0.002,0.025,296.2,29.04,21.64
"2020-09-21 08:54:40.7",1670169,-0.028,-0.002,0.025,296.2,29.04,21.64
"2020-09-21 08:54:40.8",1670170,-0.009,0.009,0.044,296.2,29.04,21.64
"2020-09-21 08:54:40.9",1670171,-0.008,0.008,0.044,296.2,29.04,21.64
"2020-09-21 08:54:41",1670172,-0.008,0.008,0.044,296.3,29.04,21.64
"2020-09-21 08:54:41.1",1670173,-0.008,0.009,0.044,296.3,29.04,21.64
"2020-09-21 08:54:41.2",1670174,-0.008,0.008,0.044,296.3,29.04,21.64
"2020-09-21 08:54:41.3",1670175,0.012,0.008,0.025,296.3,29.04,21.64
"2020-09-21 08:54:41.4",1670176,0.012,0.008,0.024,296.3,29.04,21.64
"2020-09-21 08:54:41.5",1670177,0.012,0.008,0.025,296.3,29.04,21.64
"2020-09-21 08:54:41.6",1670178,0.011,0.008,0.025,296.3,29.04,21.65
"2020-09-21 08:54:41.7",1670179,0.012,0.008,0.025,296.3,29.04,21.64
"2020-09-21 08:54:41.8",1670180,-0.008,-0.002,0.073,296.3,29.04,21.64
"2020-09-21 08:54:41.9",1670181,-0.008,-0.002,0.073,296.3,29.04,21.64
"2020-09-21 08:54:42",1670182,-0.009,-0.002,0.073,296.3,29.04,21.64
"2020-09-21 08:54:42.1",1670183,-0.008,-0.002,0.073,296.3,29.04,21.64
"2020-09-21 08:54:42.2",1670184,-0.008,-0.002,0.073,296.3,29.04,21.64
"2020-09-21 08:54:42.3",1670185,-0.008,0.008,0.044,296.4,29.04,21.64
"2020-09-21 08:54:42.4",1670186,-0.008,0.008,0.044,296.4,29.04,21.64
"2020-09-21 08:54:42.5",1670187,-0.008,-0.002,0.073,296.4,29.04,21.64
"2020-09-21 08:54:42.6",1670188,-0.008,-0.002,0.073,296.4,29.04,21.64
"2020-09-21 08:54:42.7",1670189,-0.008,-0.002,0.073,296.4,29.04,21.64
"2020-09-21 08:54:42.8",1670190,-0.008,0.008,0.044,296.4,29.04,21.64
"2020-09-21 08:54:42.9",1670191,-0.008,0.008,0.044,296.4,29.04,21.64
"2020-09-21 08:54:43",1670192,-0.008,0.008,0.044,296.3,29.1,21.7
"2020-09-21 08:54:43.1",1670193,-0.008,0.008,0.044,296.3,29.04,21.64
"2020-09-21 08:54:43.2",1670194,-0.009,0.008,0.044,296.3,29.04,21.64
"2020-09-21 08:54:43.3",1670195,-0.009,-0.002,0.064,296.2,29.04,21.64
"2020-09-21 08:54:43.4",1670196,-0.008,-0.002,0.064,296.2,29.04,21.64
"2020-09-21 08:54:43.5",1670197,-0.009,-0.032,0.044,296.2,29.04,21.64
"2020-09-21 08:54:43.6",1670198,-0.008,-0.032,0.044,296.2,29.04,21.64
"2020-09-21 08:54:43.7",1670199,-0.008,-0.032,0.044,296.2,29.04,21.64
"2020-09-21 08:54:43.8",1670200,0.031,-0.002,0.044,296.1,29.04,21.64
"2020-09-21 08:54:43.9",1670201,0.031,-0.002,0.044,296.1,29.04,21.64
"2020-09-21 08:54:44",1670202,-0.008,-0.032,0.044,296.1,29.04,21.64
"2020-09-21 08:54:44.1",1670203,-0.008,-0.031,0.044,296.1,29.04,21.64
"2020-09-21 08:54:44.2",1670204,-0.009,-0.032,0.044,296.1,29.04,21.64
"2020-09-21 08:54:44.3",1670205,0.012,-0.032,0.015,296,29.04,21.65
"2020-09-21 08:54:44.4",1670206,0.012,-0.032,0.015,296,29.04,21.64
"2020-09-21 08:54:44.5",1670207,-0.008,-0.002,-0.006,296,29.04,21.64
"2020-09-21 08:54:44.6",1670208,-0.009,-0.002,-0.006,296,29.04,21.64
"2020-09-21 08:54:44.7",1670209,-0.008,-0.002,-0.006,296,29.04,21.64
"2020-09-21 08:54:44.8",1670210,-0.008,-0.002,-0.006,296,29.04,21.64
"2020-09-21 08:54:44.9",1670211,-0.009,-0.002,-0.006,296,29.04,21.64
"2020-09-21 08:54:45",1670212,-0.009,-0.002,-0.006,296,29.04,21.64
"2020-09-21 08:54:45.1",1670213,-0.009,-0.002,-0.006,296,29.04,21.64
"2020-09-21 08:54:45.2",1670214,-0.009,-0.002,-0.006,296,29.04,21.64
"2020-09-21 08:54:45.3",1670215,-0.008,-0.002,-0.006,296,29.04,21.64
"2020-09-21 08:54:45.4",1670216,-0.008,-0.002,-0.006,296,29.04,21.64
"2020-09-21 08:54:45.5",1670217,-0.008,-0.002,-0.006,296,29.1,21.69
"2020-09-21 08:54:45.6",1670218,-0.009,-0.002,-0.006,296,29.04,21.64
"2020-09-21 08:54:45.7",1670219,-0.009,-0.002,-0.006,296,29.04,21.64
"2020-09-21 08:54:45.8",1670220,-0.008,-0.002,-0.006,296,29.04,21.64
"2020-09-21 08:54:45.9",1670221,-0.008,-0.002,-0.006,296,29.04,21.64
"2020-09-21 08:54:46",1670222,-0.008,-0.002,-0.006,296,29.04,21.64
"2020-09-21 08:54:46.1",1670223,-0.008,-0.002,-0.006,296,29.04,21.64
"2020-09-21 08:54:46.2",1670224,-0.009,-0.002,-0.006,296,29.04,21.64
"2020-09-21 08:54:46.3",1670225,-0.008,-0.002,-0.006,296,29.04,21.64
"2020-09-21 08:54:46.4",1670226,-0.008,-0.002,-0.006,296,29.04,21.64
"2020-09-21 08:54:46.5",1670227,-0.008,-0.002,-0.006,296,29.04,21.64
"2020-09-21 08:54:46.6",1670228,-0.008,-0.002,-0.006,296,29.04,21.64
"2020-09-21 08:54:46.7",1670229,-0.009,-0.002,-0.006,296,29.04,21.64
"2020-09-21 08:54:46.8",1670230,-0.008,-0.002,-0.006,296,29.04,21.67
"2020-09-21 08:54:46.9",1670231,-0.008,-0.002,-0.006,296,29.04,21.64
"2020-09-21 08:54:47",1670232,-0.008,-0.002,-0.006,296.1,29.04,21.64
"2020-09-21 08:54:47.1",1670233,-0.008,-0.002,-0.006,296.1,29.04,21.64
"2020-09-21 08:54:47.2",1670234,-0.008,-0.002,-0.006,296.1,29.04,21.64
"2020-09-21 08:54:47.3",1670235,-0.008,-0.002,-0.006,296.1,29.04,21.64
"2020-09-21 08:54:47.4",1670236,-0.008,-0.002,-0.006,296.1,29.04,21.64
"2020-09-21 08:54:47.5",1670237,-0.009,-0.002,-0.006,296.2,29.04,21.64
"2020-09-21 08:54:47.6",1670238,-0.008,-0.002,-0.006,296.2,29.04,21.64
"2020-09-21 08:54:47.7",1670239,-0.008,-0.002,-0.006,296.2,29.04,21.64
"2020-09-21 08:54:47.8",1670240,-0.008,-0.002,-0.006,296.2,29.04,21.64
"2020-09-21 08:54:47.9",1670241,-0.009,-0.002,-0.006,296.2,29.04,21.64
"2020-09-21 08:54:48",1670242,-0.009,0.008,0.044,296.2,29.1,21.66
"2020-09-21 08:54:48.1",1670243,-0.008,0.009,0.044,296.2,29.04,21.64
"2020-09-21 08:54:48.2",1670244,-0.008,0.008,0.044,296.2,29.04,21.64
"2020-09-21 08:54:48.3",1670245,-0.018,-0.071,-0.006,296.3,29.04,21.64
"2020-09-21 08:54:48.4",1670246,-0.018,-0.071,-0.006,296.3,29.04,21.64
"2020-09-21 08:54:48.5",1670247,0.012,-0.041,0.025,296.3,29.04,21.64
"2020-09-21 08:54:48.6",1670248,0.012,-0.041,0.025,296.3,29.04,21.64
"2020-09-21 08:54:48.7",1670249,0.012,-0.041,0.024,296.3,29.04,21.64
"2020-09-21 08:54:48.8",1670250,-0.028,-0.002,0.025,296.3,29.04,21.64
"2020-09-21 08:54:48.9",1670251,-0.028,-0.002,0.025,296.3,29.04,21.64
"2020-09-21 08:54:49",1670252,-0.018,-0.041,0.044,296.3,29.04,21.64
"2020-09-21 08:54:49.1",1670253,-0.018,-0.041,0.044,296.3,29.04,21.64
"2020-09-21 08:54:49.2",1670254,-0.018,-0.041,0.044,296.3,29.04,21.64
"2020-09-21 08:54:49.3",1670255,-0.008,-0.002,0.074,296.3,29.05,21.67
"2020-09-21 08:54:49.4",1670256,-0.008,-0.002,0.073,296.3,29.04,21.64
"2020-09-21 08:54:49.5",1670257,-0.008,0.008,0.044,296.3,29.04,21.64
"2020-09-21 08:54:49.6",1670258,-0.009,0.009,0.044,296.3,29.04,21.64
"2020-09-21 08:54:49.7",1670259,-0.008,0.008,0.044,296.3,29.04,21.64
"2020-09-21 08:54:49.8",1670260,-0.028,-0.002,0.025,296.3,29.04,21.64
"2020-09-21 08:54:49.9",1670261,-0.028,-0.002,0.025,296.3,29.04,21.64
"2020-09-21 08:54:50",1670262,-0.018,-0.041,0.044,296.3,29.04,21.64
"2020-09-21 08:54:50.1",1670263,-0.019,-0.041,0.044,296.3,29.04,21.64
"2020-09-21 08:54:50.2",1670264,-0.018,-0.041,0.044,296.3,29.04,21.64
"2020-09-21 08:54:50.3",1670265,-0.028,-0.002,0.025,296.3,29.04,21.64
"2020-09-21 08:54:50.4",1670266,-0.028,-0.002,0.025,296.3,29.04,21.64
"2020-09-21 08:54:50.5",1670267,-0.028,-0.002,0.025,296.3,29.09,21.64
"2020-09-21 08:54:50.6",1670268,-0.028,-0.002,0.025,296.3,29.04,21.64
"2020-09-21 08:54:50.7",1670269,-0.028,-0.002,0.025,296.3,29.04,21.64
"2020-09-21 08:54:50.8",1670270,-0.038,-0.002,-0.006,296.3,29.04,21.64
"2020-09-21 08:54:50.9",1670271,-0.038,-0.002,-0.006,296.3,29.04,21.64
"2020-09-21 08:54:51",1670272,-0.028,0.038,0.024,296.3,29.04,21.64
"2020-09-21 08:54:51.1",1670273,-0.028,0.038,0.025,296.3,29.04,21.64
"2020-09-21 08:54:51.2",1670274,-0.028,0.038,0.024,296.3,29.04,21.64
"2020-09-21 08:54:51.3",1670275,-0.028,0.037,0.025,296.3,29.04,21.64
"2020-09-21 08:54:51.4",1670276,-0.028,0.038,0.025,296.3,29.04,21.64
"2020-09-21 08:54:51.5",1670277,-0.028,-0.002,0.025,296.2,29.04,21.64
"2020-09-21 08:54:51.6",1670278,-0.028,-0.002,0.025,296.2,29.04,21.64
"2020-09-21 08:54:51.7",1670279,-0.028,-0.002,0.024,296.2,29.04,21.64
"2020-09-21 08:54:51.8",1670280,-0.028,-0.002,0.024,296.1,29.07,21.68
"2020-09-21 08:54:51.9",1670281,-0.028,-0.002,0.025,296.1,29.04,21.64
"2020-09-21 08:54:52",1670282,-0.008,0.008,0.044,296.1,29.04,21.64
"2020-09-21 08:54:52.1",1670283,-0.008,0.008,0.044,296.1,29.04,21.64
"2020-09-21 08:54:52.2",1670284,-0.009,0.008,0.044,296.1,29.04,21.64
"2020-09-21 08:54:52.3",1670285,-0.008,0.008,0.044,296.3,29.04,21.64
"2020-09-21 08:54:52.4",1670286,-0.008,0.008,0.044,296.3,29.04,21.64
"2020-09-21 08:54:52.5",1670287,-0.008,0.008,0.044,296.3,29.04,21.64
"2020-09-21 08:54:52.6",1670288,-0.008,0.009,0.044,296.3,29.04,21.64
"2020-09-21 08:54:52.7",1670289,-0.009,0.008,0.044,296.3,29.04,21.64
"2020-09-21 08:54:52.8",1670290,-0.008,-0.002,0.073,296.3,29.04,21.64
"2020-09-21 08:54:52.9",1670291,-0.008,-0.002,0.073,296.3,29.04,21.64
"2020-09-21 08:54:53",1670292,-0.028,-0.002,0.025,296.3,29.07,21.64
"2020-09-21 08:54:53.1",1670293,-0.028,-0.002,0.025,296.3,29.04,21.64
"2020-09-21 08:54:53.2",1670294,-0.028,-0.002,0.024,296.3,29.04,21.64
"2020-09-21 08:54:53.3",1670295,-0.028,-0.002,0.025,296.3,29.04,21.64
"2020-09-21 08:54:53.4",1670296,-0.028,-0.002,0.025,296.3,29.04,21.64
"2020-09-21 08:54:53.5",1670297,-0.008,0.008,0.044,296.4,29.04,21.64
"2020-09-21 08:54:53.6",1670298,-0.009,0.009,0.044,296.4,29.04,21.64
"2020-09-21 08:54:53.7",1670299,-0.008,0.008,0.044,296.4,29.04,21.64
"2020-09-21 08:54:53.8",1670300,-0.008,0.009,0.044,296.5,29.04,21.64
"2020-09-21 08:54:53.9",1670301,-0.008,0.008,0.044,296.5,29.04,21.64
"2020-09-21 08:54:54",1670302,-0.009,0.008,0.044,296.6,29.04,21.64
"2020-09-21 08:54:54.1",1670303,-0.008,0.009,0.044,296.6,29.04,21.64
"2020-09-21 08:54:54.2",1670304,-0.009,0.009,0.044,296.6,29.04,21.64
"2020-09-21 08:54:54.3",1670305,-0.008,-0.002,-0.006,296.5,29.07,21.7
"2020-09-21 08:54:54.4",1670306,-0.009,-0.002,-0.006,296.5,29.04,21.64
"2020-09-21 08:54:54.5",1670307,-0.008,-0.002,-0.006,296.3,29.04,21.64
"2020-09-21 08:54:54.6",1670308,-0.008,-0.002,-0.006,296.3,29.04,21.64
"2020-09-21 08:54:54.7",1670309,-0.009,-0.002,-0.006,296.3,29.04,21.64
"2020-09-21 08:54:54.8",1670310,-0.008,0.028,-0.006,296.1,29.04,21.64
"2020-09-21 08:54:54.9",1670311,-0.008,0.028,-0.006,296.1,29.04,21.64
"2020-09-21 08:54:55",1670312,0.012,0.008,0.025,296.1,29.04,21.64
"2020-09-21 08:54:55.1",1670313,0.012,0.008,0.025,296.1,29.04,21.64
"2020-09-21 08:54:55.2",1670314,0.012,0.008,0.024,296.1,29.04,21.64
"2020-09-21 08:54:55.3",1670315,0.012,0.008,0.025,296,29.04,21.64
"2020-09-21 08:54:55.4",1670316,0.012,0.009,0.025,296,29.04,21.64
"2020-09-21 08:54:55.5",1670317,0.012,0.008,0.025,296,29.04,21.64
"2020-09-21 08:54:55.6",1670318,0.012,0.008,0.025,296,29.04,21.64
"2020-09-21 08:54:55.7",1670319,0.012,0.008,0.025,296,29.04,21.64
"2020-09-21 08:54:55.8",1670320,0.012,0.008,0.025,296,29.04,21.64
"2020-09-21 08:54:55.9",1670321,0.012,0.008,0.025,296,29.04,21.64
"2020-09-21 08:54:56",1670322,0.012,0.008,0.025,296,29.04,21.64
"2020-09-21 08:54:56.1",1670323,0.012,0.008,0.025,296,29.04,21.64
"2020-09-21 08:54:56.2",1670324,0.011,0.008,0.024,296,29.04,21.64
"2020-09-21 08:54:56.3",1670325,0.012,0.009,0.025,296,29.04,21.64
"2020-09-21 08:54:56.4",1670326,0.012,0.008,0.025,296,29.04,21.64
"2020-09-21 08:54:56.5",1670327,-0.008,0.008,0.044,296,29.04,21.64
"2020-09-21 08:54:56.6",1670328,-0.008,0.008,0.044,296,29.04,21.64
"2020-09-21 08:54:56.7",1670329,-0.009,0.008,0.044,296,29.04,21.64
"2020-09-21 08:54:56.8",1670330,0.012,0.008,0.025,296,29.07,21.7
"2020-09-21 08:54:56.9",1670331,0.012,0.009,0.025,296,29.04,21.64
"2020-09-21 08:54:57",1670332,0.012,0.008,0.025,296,29.04,21.64
"2020-09-21 08:54:57.1",1670333,0.012,0.009,0.025,296,29.04,21.64
"2020-09-21 08:54:57.2",1670334,0.012,0.008,0.025,296,29.04,21.64
"2020-09-21 08:54:57.3",1670335,0.012,0.008,0.024,296,29.04,21.64
"2020-09-21 08:54:57.4",1670336,0.012,0.008,0.025,296,29.04,21.64
"2020-09-21 08:54:57.5",1670337,0.012,0.009,0.025,296,29.04,21.64
"2020-09-21 08:54:57.6",1670338,0.012,0.008,0.025,296,29.04,21.64
"2020-09-21 08:54:57.7",1670339,0.012,0.008,0.025,296,29.04,21.64
"2020-09-21 08:54:57.8",1670340,-0.008,0.028,-0.006,296,29.04,21.64
"2020-09-21 08:54:57.9",1670341,-0.008,0.028,-0.006,296,29.04,21.64
"2020-09-21 08:54:58",1670342,-0.028,0.038,0.025,296,29.04,21.64
"2020-09-21 08:54:58.1",1670343,-0.028,0.038,0.025,296,29.04,21.64
"2020-09-21 08:54:58.2",1670344,-0.028,0.037,0.024,296,29.04,21.64
"2020-09-21 08:54:58.3",1670345,-0.008,0.028,-0.006,296.1,29.04,21.64
"2020-09-21 08:54:58.4",1670346,-0.008,0.028,-0.006,296.1,29.04,21.64
"2020-09-21 08:54:58.5",1670347,-0.008,0.028,-0.006,296.1,29.04,21.64
"2020-09-21 08:54:58.6",1670348,-0.008,0.028,-0.006,296.1,29.04,21.64
"2020-09-21 08:54:58.7",1670349,-0.009,0.028,-0.006,296.1,29.04,21.64
"2020-09-21 08:54:58.8",1670350,0.012,0.009,0.025,296.1,29.04,21.64
"2020-09-21 08:54:58.9",1670351,0.012,0.008,0.025,296.1,29.04,21.64
"2020-09-21 08:54:59",1670352,-0.008,0.038,-0.006,296.1,29.04,21.64
"2020-09-21 08:54:59.1",1670353,-0.008,0.038,-0.006,296.1,29.04,21.64
"2020-09-21 08:54:59.2",1670354,-0.009,0.038,-0.006,296.1,29.04,21.64
"2020-09-21 08:54:59.3",1670355,-0.008,0.038,-0.006,296.1,29.1,21.7
"2020-09-21 08:54:59.4",1670356,-0.008,0.038,-0.006,296.1,29.04,21.64
"2020-09-21 08:54:59.5",1670357,-0.008,0.038,-0.006,296.1,29.04,21.64
"2020-09-21 08:54:59.6",1670358,-0.008,0.038,-0.006,296.1,29.04,21.64
"2020-09-21 08:54:59.7",1670359,-0.009,0.037,-0.006,296.1,29.04,21.64
"2020-09-21 08:54:59.8",1670360,-0.008,0.008,0.044,296,29.04,21.64
"2020-09-21 08:54:59.9",1670361,-0.009,0.009,0.044,296,29.04,21.64
"2020-09-21 08:55:00",1670362,-0.008,0.008,0.044,296,29.04,21.64
"2020-09-21 08:55:00.1",1670363,-0.008,0.008,0.044,296,29.04,21.64
"2020-09-21 08:55:00.2",1670364,-0.009,0.008,0.044,296,29.04,21.64
"2020-09-21 08:55:00.3",1670365,-0.018,0.038,0.025,296,29.04,21.64
"2020-09-21 08:55:00.4",1670366,-0.018,0.038,0.024,296,29.04,21.64
"2020-09-21 08:55:00.5",1670367,-0.028,-0.002,-0.006,296,29.04,21.64
"2020-09-21 08:55:00.6",1670368,-0.028,-0.002,-0.006,296,29.04,21.66
"2020-09-21 08:55:00.7",1670369,-0.028,-0.002,-0.006,296,29.04,21.64
"2020-09-21 08:55:00.8",1670370,-0.018,-0.002,0.015,295.9,29.04,21.64
"2020-09-21 08:55:00.9",1670371,-0.018,-0.002,0.015,295.9,29.04,21.64
"2020-09-21 08:55:01",1670372,-0.067,-0.002,0.044,295.9,29.04,21.64
"2020-09-21 08:55:01.1",1670373,-0.067,-0.002,0.044,295.9,29.04,21.64
"2020-09-21 08:55:01.2",1670374,-0.067,-0.002,0.044,295.9,29.04,21.64
"2020-09-21 08:55:01.3",1670375,-0.067,-0.002,0.044,295.9,29.04,21.64
"2020-09-21 08:55:01.4",1670376,-0.067,-0.002,0.044,295.9,29.04,21.64
"2020-09-21 08:55:01.5",1670377,-0.067,-0.002,0.044,295.8,29.04,21.64
"2020-09-21 08:55:01.6",1670378,-0.067,-0.002,0.044,295.8,29.04,21.64
"2020-09-21 08:55:01.7",1670379,-0.067,-0.002,0.044,295.8,29.04,21.64
"2020-09-21 08:55:01.8",1670380,-0.077,-0.022,0.015,295.8,29.1,21.69
"2020-09-21 08:55:01.9",1670381,-0.077,-0.022,0.015,295.8,29.04,21.65
"2020-09-21 08:55:02",1670382,-0.047,-0.041,0.064,295.8,29.04,21.64
"2020-09-21 08:55:02.1",1670383,-0.048,-0.041,0.063,295.8,29.04,21.65
"2020-09-21 08:55:02.2",1670384,-0.048,-0.041,0.064,295.8,29.04,21.64
"2020-09-21 08:55:02.3",1670385,-0.096,-0.051,0.083,295.8,29.04,21.64
"2020-09-21 08:55:02.4",1670386,-0.096,-0.051,0.083,295.8,29.04,21.64
"2020-09-21 08:55:02.5",1670387,-0.077,-0.002,0.044,295.8,29.04,21.64
"2020-09-21 08:55:02.6",1670388,-0.077,-0.002,0.044,295.8,29.04,21.64
"2020-09-21 08:55:02.7",1670389,-0.077,-0.002,0.044,295.8,29.04,21.64
"2020-09-21 08:55:02.8",1670390,-0.087,-0.032,0.015,295.8,29.04,21.64
"2020-09-21 08:55:02.9",1670391,-0.087,-0.031,0.015,295.8,29.04,21.64
"2020-09-21 08:55:03",1670392,-0.028,-0.002,0.025,295.8,29.04,21.64
"2020-09-21 08:55:03.1",1670393,-0.028,-0.002,0.025,295.8,29.04,21.67
"2020-09-21 08:55:03.2",1670394,-0.028,-0.002,0.024,295.8,29.04,21.64
"2020-09-21 08:55:03.3",1670395,-0.067,-0.002,0.044,295.8,29.04,21.64
"2020-09-21 08:55:03.4",1670396,-0.067,-0.002,0.044,295.8,29.04,21.64
"2020-09-21 08:55:03.5",1670397,-0.038,-0.032,-0.006,295.8,29.04,21.64
"2020-09-21 08:55:03.6",1670398,-0.038,-0.032,-0.006,295.8,29.04,21.64
"2020-09-21 08:55:03.7",1670399,-0.038,-0.032,-0.006,295.8,29.04,21.64
