"TOA5","10329","CR6","10329","CR6.Std.09.01 CR6-WIFI.04.00.01","CPU:YOUNG81000_HMP60_10Hz.CR6","51185","Young10Hz_hmp"
"TIMESTAMP","RECORD","U","V","W","TSonic","RH","T_HMP60"
"TS","RN","mV","mV","mV","mV","%","Deg C"
"","","Smp","Smp","Smp","Smp","Smp","Smp"
"2020-09-20 13:21:03.8",966000,-0.097,-0.125,0.093,297.5,21.85,23.57
"2020-09-20 13:21:03.9",966001,-0.077,-0.232,0.034,297.4,21.85,23.57
"2020-09-20 13:21:04",966002,-0.077,-0.232,0.034,297.4,21.85,23.57
"2020-09-20 13:21:04.1",966003,-0.077,-0.232,0.034,297.4,21.85,23.57
"2020-09-20 13:21:04.2",966004,-0.106,-0.213,0.063,297.4,21.85,23.57
"2020-09-20 13:21:04.3",966005,-0.106,-0.212,0.063,297.4,21.85,23.57
"2020-09-20 13:21:04.4",966006,-0.028,-0.154,0.093,297.4,21.85,23.57
"2020-09-20 13:21:04.5",966007,-0.028,-0.154,0.093,297.4,21.85,23.57
"2020-09-20 13:21:04.6",966008,-0.028,-0.154,0.093,297.4,21.85,23.57
"2020-09-20 13:21:04.7",966009,-0.028,-0.154,0.093,297.4,21.89,23.62
"2020-09-20 13:21:04.8",966010,-0.028,-0.154,0.093,297.4,21.85,23.56
"2020-09-20 13:21:04.9",966011,-0.17,-0.164,0.093,297.5,21.85,23.56
"2020-09-20 13:21:05",966012,-0.17,-0.164,0.093,297.5,21.85,23.56
"2020-09-20 13:21:05.1",966013,-0.17,-0.164,0.093,297.5,21.85,23.56
"2020-09-20 13:21:05.2",966014,-0.17,-0.164,0.093,297.5,21.85,23.56
"2020-09-20 13:21:05.3",966015,-0.17,-0.164,0.093,297.5,21.85,23.57
"2020-09-20 13:21:05.4",966016,-0.097,-0.125,0.093,297.5,21.85,23.57
"2020-09-20 13:21:05.5",966017,-0.097,-0.125,0.093,297.5,21.85,23.57
"2020-09-20 13:21:05.6",966018,-0.097,-0.125,0.093,297.5,21.85,23.57
"2020-09-20 13:21:05.7",966019,-0.097,-0.125,0.093,297.5,21.85,23.57
"2020-09-20 13:21:05.8",966020,-0.097,-0.125,0.093,297.5,21.85,23.57
"2020-09-20 13:21:05.9",966021,-0.121,-0.164,0.073,297.5,21.85,23.56
"2020-09-20 13:21:06",966022,-0.121,-0.164,0.073,297.5,21.85,23.56
"2020-09-20 13:21:06.1",966023,-0.121,-0.164,0.073,297.5,21.85,23.56
"2020-09-20 13:21:06.2",966024,-0.097,-0.125,0.093,297.5,21.85,23.56
"2020-09-20 13:21:06.3",966025,-0.097,-0.125,0.092,297.5,21.85,23.56
"2020-09-20 13:21:06.4",966026,-0.097,-0.125,0.093,297.5,21.85,23.57
"2020-09-20 13:21:06.5",966027,-0.097,-0.125,0.093,297.5,21.85,23.57
"2020-09-20 13:21:06.6",966028,-0.097,-0.125,0.092,297.5,21.85,23.57
"2020-09-20 13:21:06.7",966029,-0.048,-0.125,0.073,297.5,21.85,23.56
"2020-09-20 13:21:06.8",966030,-0.048,-0.125,0.073,297.5,21.85,23.57
"2020-09-20 13:21:06.9",966031,-0.048,-0.125,0.073,297.5,21.85,23.56
"2020-09-20 13:21:07",966032,-0.048,-0.125,0.073,297.5,21.85,23.56
"2020-09-20 13:21:07.1",966033,-0.048,-0.125,0.073,297.4,21.85,23.57
"2020-09-20 13:21:07.2",966034,-0.087,-0.081,0.117,297.5,21.91,23.62
"2020-09-20 13:21:07.3",966035,-0.087,-0.081,0.117,297.5,21.85,23.56
"2020-09-20 13:21:07.4",966036,-0.028,-0.081,0.093,297.5,21.85,23.56
"2020-09-20 13:21:07.5",966037,-0.028,-0.081,0.093,297.5,21.85,23.56
"2020-09-20 13:21:07.6",966038,-0.028,-0.081,0.093,297.5,21.85,23.57
"2020-09-20 13:21:07.7",966039,-0.028,-0.081,0.093,297.5,21.85,23.56
"2020-09-20 13:21:07.8",966040,-0.028,-0.081,0.093,297.5,21.85,23.56
"2020-09-20 13:21:07.9",966041,-0.087,-0.081,0.117,297.5,21.85,23.56
"2020-09-20 13:21:08",966042,-0.087,-0.081,0.117,297.5,21.85,23.56
"2020-09-20 13:21:08.1",966043,-0.087,-0.081,0.117,297.5,21.85,23.57
"2020-09-20 13:21:08.2",966044,-0.087,-0.081,0.117,297.5,21.85,23.57
"2020-09-20 13:21:08.3",966045,-0.087,-0.081,0.117,297.5,21.85,23.57
"2020-09-20 13:21:08.4",966046,-0.087,-0.081,0.117,297.5,21.85,23.56
"2020-09-20 13:21:08.5",966047,-0.087,-0.081,0.117,297.5,21.85,23.58
"2020-09-20 13:21:08.6",966048,-0.087,-0.081,0.117,297.5,21.85,23.56
"2020-09-20 13:21:08.7",966049,-0.097,-0.125,0.093,297.5,21.85,23.56
"2020-09-20 13:21:08.8",966050,-0.097,-0.125,0.093,297.5,21.85,23.56
"2020-09-20 13:21:08.9",966051,-0.097,-0.125,0.093,297.5,21.85,23.56
"2020-09-20 13:21:09",966052,-0.097,-0.125,0.093,297.5,21.85,23.56
"2020-09-20 13:21:09.1",966053,-0.096,-0.125,0.093,297.5,21.85,23.56
"2020-09-20 13:21:09.2",966054,-0.097,-0.125,0.093,297.5,21.85,23.57
"2020-09-20 13:21:09.3",966055,-0.097,-0.125,0.093,297.5,21.85,23.57
"2020-09-20 13:21:09.4",966056,-0.097,-0.125,0.093,297.5,21.85,23.56
"2020-09-20 13:21:09.5",966057,-0.097,-0.125,0.093,297.5,21.85,23.57
"2020-09-20 13:21:09.6",966058,-0.097,-0.125,0.093,297.5,21.85,23.57
"2020-09-20 13:21:09.7",966059,-0.097,-0.125,0.093,297.5,21.91,23.61
"2020-09-20 13:21:09.8",966060,-0.097,-0.125,0.093,297.5,21.85,23.56
"2020-09-20 13:21:09.9",966061,-0.087,-0.081,0.117,297.5,21.85,23.56
"2020-09-20 13:21:10",966062,-0.087,-0.081,0.117,297.5,21.84,23.56
"2020-09-20 13:21:10.1",966063,-0.087,-0.081,0.117,297.5,21.84,23.56
"2020-09-20 13:21:10.2",966064,-0.106,-0.051,0.093,297.5,21.84,23.56
"2020-09-20 13:21:10.3",966065,-0.106,-0.051,0.093,297.5,21.84,23.56
"2020-09-20 13:21:10.4",966066,-0.087,-0.081,0.117,297.5,21.84,23.56
"2020-09-20 13:21:10.5",966067,-0.087,-0.081,0.117,297.5,21.83,23.56
"2020-09-20 13:21:10.6",966068,-0.087,-0.081,0.117,297.5,21.83,23.56
"2020-09-20 13:21:10.7",966069,-0.087,-0.081,0.117,297.5,21.83,23.56
"2020-09-20 13:21:10.8",966070,-0.087,-0.081,0.117,297.5,21.83,23.56
"2020-09-20 13:21:10.9",966071,-0.131,-0.002,0.073,297.5,21.83,23.56
"2020-09-20 13:21:11",966072,-0.131,-0.002,0.073,297.5,21.83,23.59
"2020-09-20 13:21:11.1",966073,-0.131,-0.002,0.073,297.5,21.83,23.56
"2020-09-20 13:21:11.2",966074,-0.131,-0.003,0.073,297.5,21.83,23.56
"2020-09-20 13:21:11.3",966075,-0.131,-0.002,0.073,297.5,21.83,23.56
"2020-09-20 13:21:11.4",966076,-0.131,-0.002,0.073,297.5,21.83,23.57
"2020-09-20 13:21:11.5",966077,-0.131,-0.002,0.073,297.5,21.83,23.57
"2020-09-20 13:21:11.6",966078,-0.131,-0.002,0.073,297.5,21.83,23.57
"2020-09-20 13:21:11.7",966079,-0.131,-0.002,0.073,297.5,21.83,23.57
"2020-09-20 13:21:11.8",966080,-0.131,-0.003,0.073,297.5,21.83,23.57
"2020-09-20 13:21:11.9",966081,-0.15,-0.032,0.044,297.5,21.83,23.57
"2020-09-20 13:21:12",966082,-0.15,-0.032,0.044,297.5,21.83,23.56
"2020-09-20 13:21:12.1",966083,-0.15,-0.032,0.044,297.5,21.83,23.56
"2020-09-20 13:21:12.2",966084,-0.15,-0.032,0.044,297.5,21.89,23.58
"2020-09-20 13:21:12.3",966085,-0.15,-0.032,0.044,297.5,21.83,23.56
"2020-09-20 13:21:12.4",966086,-0.15,-0.032,0.044,297.5,21.83,23.56
"2020-09-20 13:21:12.5",966087,-0.15,-0.032,0.044,297.5,21.83,23.56
"2020-09-20 13:21:12.6",966088,-0.15,-0.032,0.044,297.5,21.83,23.56
"2020-09-20 13:21:12.7",966089,-0.15,-0.032,0.044,297.5,21.83,23.56
"2020-09-20 13:21:12.8",966090,-0.15,-0.032,0.044,297.5,21.83,23.57
"2020-09-20 13:21:12.9",966091,-0.15,-0.032,0.044,297.5,21.83,23.56
"2020-09-20 13:21:13",966092,-0.15,-0.032,0.044,297.5,21.83,23.56
"2020-09-20 13:21:13.1",966093,-0.15,-0.032,0.044,297.5,21.83,23.56
"2020-09-20 13:21:13.2",966094,-0.15,-0.032,0.044,297.5,21.83,23.56
"2020-09-20 13:21:13.3",966095,-0.15,-0.032,0.044,297.5,21.83,23.57
"2020-09-20 13:21:13.4",966096,-0.131,-0.002,0.073,297.5,21.83,23.57
"2020-09-20 13:21:13.5",966097,-0.131,-0.002,0.073,297.5,21.85,23.59
"2020-09-20 13:21:13.6",966098,-0.131,-0.002,0.073,297.5,21.83,23.56
"2020-09-20 13:21:13.7",966099,-0.106,-0.051,0.093,297.5,21.83,23.56
"2020-09-20 13:21:13.8",966100,-0.106,-0.051,0.093,297.5,21.83,23.57
"2020-09-20 13:21:13.9",966101,-0.131,-0.002,0.073,297.5,21.83,23.56
"2020-09-20 13:21:14",966102,-0.131,-0.003,0.073,297.5,21.83,23.57
"2020-09-20 13:21:14.1",966103,-0.131,-0.002,0.073,297.5,21.83,23.56
"2020-09-20 13:21:14.2",966104,-0.106,-0.052,0.092,297.5,21.83,23.57
"2020-09-20 13:21:14.3",966105,-0.107,-0.051,0.093,297.5,21.83,23.57
"2020-09-20 13:21:14.4",966106,-0.106,-0.051,0.093,297.5,21.83,23.57
"2020-09-20 13:21:14.5",966107,-0.106,-0.051,0.093,297.5,21.83,23.57
"2020-09-20 13:21:14.6",966108,-0.106,-0.051,0.093,297.5,21.83,23.57
"2020-09-20 13:21:14.7",966109,-0.15,-0.032,0.044,297.5,21.88,23.57
"2020-09-20 13:21:14.8",966110,-0.15,-0.032,0.044,297.5,21.83,23.56
"2020-09-20 13:21:14.9",966111,-0.077,-0.003,0.044,297.5,21.83,23.56
"2020-09-20 13:21:15",966112,-0.077,-0.003,0.044,297.5,21.83,23.56
"2020-09-20 13:21:15.1",966113,-0.077,-0.003,0.044,297.5,21.83,23.56
"2020-09-20 13:21:15.2",966114,-0.087,-0.032,0.015,297.4,21.83,23.56
"2020-09-20 13:21:15.3",966115,-0.087,-0.032,0.015,297.5,21.83,23.56
"2020-09-20 13:21:15.4",966116,-0.087,-0.032,0.015,297.5,21.83,23.57
"2020-09-20 13:21:15.5",966117,-0.087,-0.032,0.015,297.5,21.83,23.57
"2020-09-20 13:21:15.6",966118,-0.087,-0.032,0.015,297.5,21.83,23.57
"2020-09-20 13:21:15.7",966119,-0.087,-0.032,0.014,297.5,21.83,23.57
"2020-09-20 13:21:15.8",966120,-0.087,-0.032,0.015,297.5,21.83,23.57
"2020-09-20 13:21:15.9",966121,-0.121,-0.081,-0.006,297.5,21.83,23.57
"2020-09-20 13:21:16",966122,-0.121,-0.081,-0.007,297.5,21.86,23.62
"2020-09-20 13:21:16.1",966123,-0.121,-0.081,-0.006,297.5,21.83,23.56
"2020-09-20 13:21:16.2",966124,-0.14,-0.115,-0.006,297.5,21.83,23.56
"2020-09-20 13:21:16.3",966125,-0.141,-0.115,-0.006,297.5,21.83,23.56
"2020-09-20 13:21:16.4",966126,-0.14,-0.115,-0.006,297.5,21.83,23.56
"2020-09-20 13:21:16.5",966127,-0.14,-0.115,-0.006,297.5,21.83,23.57
"2020-09-20 13:21:16.6",966128,-0.141,-0.115,-0.006,297.4,21.83,23.57
"2020-09-20 13:21:16.7",966129,-0.121,-0.154,-0.006,297.4,21.83,23.57
"2020-09-20 13:21:16.8",966130,-0.121,-0.154,-0.007,297.4,21.83,23.57
"2020-09-20 13:21:16.9",966131,-0.086,-0.125,0.005,297.4,21.83,23.57
"2020-09-20 13:21:17",966132,-0.087,-0.125,0.005,297.4,21.83,23.56
"2020-09-20 13:21:17.1",966133,-0.087,-0.125,0.005,297.4,21.83,23.56
"2020-09-20 13:21:17.2",966134,-0.121,-0.081,-0.006,297.4,21.85,23.56
"2020-09-20 13:21:17.3",966135,-0.121,-0.081,-0.007,297.4,21.83,23.57
"2020-09-20 13:21:17.4",966136,-0.121,-0.081,-0.006,297.4,21.83,23.57
"2020-09-20 13:21:17.5",966137,-0.121,-0.081,-0.006,297.4,21.83,23.57
"2020-09-20 13:21:17.6",966138,-0.121,-0.081,-0.006,297.4,21.83,23.57
"2020-09-20 13:21:17.7",966139,-0.121,-0.081,-0.006,297.4,21.83,23.57
"2020-09-20 13:21:17.8",966140,-0.121,-0.081,-0.006,297.4,21.83,23.57
"2020-09-20 13:21:17.9",966141,-0.121,-0.081,-0.006,297.5,21.83,23.57
"2020-09-20 13:21:18",966142,-0.121,-0.081,-0.006,297.5,21.83,23.57
"2020-09-20 13:21:18.1",966143,-0.121,-0.081,-0.006,297.5,21.83,23.56
"2020-09-20 13:21:18.2",966144,-0.121,-0.081,-0.006,297.5,21.83,23.56
"2020-09-20 13:21:18.3",966145,-0.121,-0.081,-0.006,297.5,21.83,23.56
"2020-09-20 13:21:18.4",966146,-0.087,-0.032,0.014,297.5,21.83,23.56
"2020-09-20 13:21:18.5",966147,-0.087,-0.032,0.015,297.5,21.87,23.62
"2020-09-20 13:21:18.6",966148,-0.087,-0.032,0.014,297.5,21.83,23.56
"2020-09-20 13:21:18.7",966149,-0.087,-0.032,0.015,297.4,21.83,23.56
"2020-09-20 13:21:18.8",966150,-0.087,-0.032,0.014,297.4,21.83,23.56
"2020-09-20 13:21:18.9",966151,-0.077,-0.071,0.054,297.4,21.83,23.56
"2020-09-20 13:21:19",966152,-0.077,-0.071,0.054,297.4,21.83,23.56
"2020-09-20 13:21:19.1",966153,-0.077,-0.071,0.054,297.4,21.83,23.56
"2020-09-20 13:21:19.2",966154,-0.077,-0.071,0.053,297.4,21.83,23.56
"2020-09-20 13:21:19.3",966155,-0.077,-0.071,0.054,297.4,21.83,23.56
"2020-09-20 13:21:19.4",966156,-0.077,-0.071,0.054,297.4,21.83,23.57
"2020-09-20 13:21:19.5",966157,-0.077,-0.071,0.054,297.4,21.83,23.56
"2020-09-20 13:21:19.6",966158,-0.077,-0.071,0.054,297.4,21.83,23.57
"2020-09-20 13:21:19.7",966159,-0.077,-0.071,0.054,297.4,21.83,23.57
"2020-09-20 13:21:19.8",966160,-0.077,-0.071,0.054,297.4,21.83,23.57
"2020-09-20 13:21:19.9",966161,-0.077,-0.071,0.054,297.4,21.83,23.57
"2020-09-20 13:21:20",966162,-0.077,-0.071,0.054,297.4,21.84,23.57
"2020-09-20 13:21:20.1",966163,-0.077,-0.071,0.054,297.4,21.83,23.57
"2020-09-20 13:21:20.2",966164,-0.048,-0.052,0.073,297.4,21.83,23.57
"2020-09-20 13:21:20.3",966165,-0.048,-0.051,0.073,297.4,21.83,23.57
"2020-09-20 13:21:20.4",966166,-0.038,-0.115,-0.006,297.4,21.83,23.57
"2020-09-20 13:21:20.5",966167,-0.038,-0.115,-0.006,297.4,21.83,23.56
"2020-09-20 13:21:20.6",966168,-0.038,-0.115,-0.006,297.4,21.83,23.57
"2020-09-20 13:21:20.7",966169,-0.038,-0.115,-0.006,297.4,21.83,23.56
"2020-09-20 13:21:20.8",966170,-0.038,-0.115,-0.006,297.4,21.83,23.56
"2020-09-20 13:21:20.9",966171,-0.038,-0.115,-0.006,297.4,21.83,23.56
"2020-09-20 13:21:21",966172,-0.038,-0.115,-0.006,297.4,21.88,23.62
"2020-09-20 13:21:21.1",966173,-0.038,-0.115,-0.006,297.4,21.83,23.56
"2020-09-20 13:21:21.2",966174,-0.028,-0.061,0.015,297.4,21.83,23.56
"2020-09-20 13:21:21.3",966175,-0.028,-0.061,0.015,297.4,21.83,23.56
"2020-09-20 13:21:21.4",966176,-0.087,-0.125,0.005,297.4,21.83,23.56
"2020-09-20 13:21:21.5",966177,-0.087,-0.125,0.005,297.4,21.83,23.56
"2020-09-20 13:21:21.6",966178,-0.087,-0.125,0.005,297.4,21.83,23.56
"2020-09-20 13:21:21.7",966179,-0.038,-0.115,-0.006,297.4,21.83,23.57
"2020-09-20 13:21:21.8",966180,-0.038,-0.115,-0.006,297.4,21.83,23.57
"2020-09-20 13:21:21.9",966181,-0.077,-0.071,0.054,297.4,21.83,23.56
"2020-09-20 13:21:22",966182,-0.077,-0.071,0.054,297.4,21.83,23.56
"2020-09-20 13:21:22.1",966183,-0.077,-0.071,0.054,297.4,21.83,23.56
"2020-09-20 13:21:22.2",966184,-0.077,-0.071,0.054,297.4,21.83,23.57
"2020-09-20 13:21:22.3",966185,-0.077,-0.071,0.054,297.4,21.83,23.56
"2020-09-20 13:21:22.4",966186,-0.077,-0.071,0.054,297.4,21.84,23.56
"2020-09-20 13:21:22.5",966187,-0.077,-0.071,0.053,297.4,21.84,23.56
"2020-09-20 13:21:22.6",966188,-0.077,-0.071,0.054,297.4,21.85,23.56
"2020-09-20 13:21:22.7",966189,-0.077,-0.071,0.054,297.4,21.85,23.57
"2020-09-20 13:21:22.8",966190,-0.077,-0.071,0.054,297.4,21.85,23.56
"2020-09-20 13:21:22.9",966191,-0.077,-0.071,0.054,297.4,21.85,23.56
"2020-09-20 13:21:23",966192,-0.077,-0.071,0.054,297.4,21.85,23.56
"2020-09-20 13:21:23.1",966193,-0.077,-0.071,0.054,297.4,21.85,23.56
"2020-09-20 13:21:23.2",966194,-0.077,-0.071,0.054,297.4,21.85,23.56
"2020-09-20 13:21:23.3",966195,-0.077,-0.071,0.054,297.4,21.85,23.56
"2020-09-20 13:21:23.4",966196,-0.077,-0.071,0.053,297.4,21.85,23.57
"2020-09-20 13:21:23.5",966197,-0.077,-0.071,0.054,297.4,21.91,23.62
"2020-09-20 13:21:23.6",966198,-0.077,-0.071,0.053,297.4,21.85,23.56
"2020-09-20 13:21:23.7",966199,-0.077,-0.071,0.054,297.4,21.85,23.56
"2020-09-20 13:21:23.8",966200,-0.077,-0.071,0.054,297.4,21.85,23.56
"2020-09-20 13:21:23.9",966201,-0.121,-0.081,-0.006,297.5,21.85,23.56
"2020-09-20 13:21:24",966202,-0.121,-0.081,-0.006,297.5,21.85,23.56
"2020-09-20 13:21:24.1",966203,-0.121,-0.081,-0.007,297.5,21.85,23.57
"2020-09-20 13:21:24.2",966204,-0.17,-0.061,0.015,297.5,21.85,23.56
"2020-09-20 13:21:24.3",966205,-0.17,-0.061,0.015,297.5,21.85,23.57
"2020-09-20 13:21:24.4",966206,-0.15,-0.032,0.044,297.5,21.85,23.56
"2020-09-20 13:21:24.5",966207,-0.15,-0.032,0.044,297.5,21.85,23.57
"2020-09-20 13:21:24.6",966208,-0.15,-0.032,0.044,297.5,21.85,23.57
"2020-09-20 13:21:24.7",966209,-0.048,-0.051,0.073,297.5,21.85,23.56
"2020-09-20 13:21:24.8",966210,-0.048,-0.051,0.073,297.5,21.85,23.59
"2020-09-20 13:21:24.9",966211,-0.087,-0.081,0.034,297.6,21.85,23.56
"2020-09-20 13:21:25",966212,-0.087,-0.081,0.034,297.6,21.85,23.56
"2020-09-20 13:21:25.1",966213,-0.087,-0.081,0.034,297.6,21.85,23.56
"2020-09-20 13:21:25.2",966214,-0.141,-0.081,0.073,297.5,21.85,23.56
"2020-09-20 13:21:25.3",966215,-0.141,-0.081,0.073,297.5,21.85,23.57
"2020-09-20 13:21:25.4",966216,-0.141,-0.081,0.073,297.5,21.85,23.56
"2020-09-20 13:21:25.5",966217,-0.141,-0.081,0.073,297.5,21.85,23.57
"2020-09-20 13:21:25.6",966218,-0.141,-0.081,0.073,297.5,21.85,23.57
"2020-09-20 13:21:25.7",966219,-0.14,-0.081,0.073,297.5,21.85,23.57
"2020-09-20 13:21:25.8",966220,-0.141,-0.081,0.073,297.5,21.85,23.57
"2020-09-20 13:21:25.9",966221,-0.141,-0.081,0.073,297.5,21.85,23.57
"2020-09-20 13:21:26",966222,-0.141,-0.081,0.073,297.5,21.91,23.6
"2020-09-20 13:21:26.1",966223,-0.141,-0.081,0.073,297.5,21.86,23.57
"2020-09-20 13:21:26.2",966224,-0.087,-0.081,0.034,297.5,21.86,23.57
"2020-09-20 13:21:26.3",966225,-0.087,-0.081,0.034,297.5,21.87,23.57
"2020-09-20 13:21:26.4",966226,-0.058,-0.125,0.073,297.5,21.87,23.57
"2020-09-20 13:21:26.5",966227,-0.058,-0.125,0.073,297.5,21.87,23.56
"2020-09-20 13:21:26.6",966228,-0.058,-0.125,0.073,297.5,21.87,23.57
"2020-09-20 13:21:26.7",966229,-0.057,-0.125,0.073,297.5,21.87,23.56
"2020-09-20 13:21:26.8",966230,-0.058,-0.125,0.073,297.5,21.87,23.56
"2020-09-20 13:21:26.9",966231,-0.097,-0.125,0.093,297.5,21.87,23.56
"2020-09-20 13:21:27",966232,-0.097,-0.125,0.093,297.5,21.87,23.56
"2020-09-20 13:21:27.1",966233,-0.097,-0.125,0.093,297.5,21.87,23.56
"2020-09-20 13:21:27.2",966234,-0.058,-0.125,0.073,297.5,21.87,23.56
"2020-09-20 13:21:27.3",966235,-0.058,-0.125,0.073,297.5,21.87,23.59
"2020-09-20 13:21:27.4",966236,-0.058,-0.125,0.073,297.5,21.87,23.56
"2020-09-20 13:21:27.5",966237,-0.058,-0.124,0.073,297.5,21.87,23.57
"2020-09-20 13:21:27.6",966238,-0.058,-0.125,0.073,297.5,21.87,23.57
"2020-09-20 13:21:27.7",966239,-0.058,-0.125,0.073,297.5,21.87,23.57
"2020-09-20 13:21:27.8",966240,-0.058,-0.125,0.073,297.5,21.87,23.57
"2020-09-20 13:21:27.9",966241,-0.097,-0.125,0.093,297.5,21.87,23.57
"2020-09-20 13:21:28",966242,-0.097,-0.125,0.093,297.5,21.87,23.57
"2020-09-20 13:21:28.1",966243,-0.097,-0.125,0.093,297.5,21.87,23.57
"2020-09-20 13:21:28.2",966244,-0.067,-0.164,0.117,297.5,21.87,23.57
"2020-09-20 13:21:28.3",966245,-0.067,-0.164,0.117,297.5,21.87,23.57
"2020-09-20 13:21:28.4",966246,-0.067,-0.154,0.054,297.6,21.87,23.57
"2020-09-20 13:21:28.5",966247,-0.067,-0.154,0.054,297.6,21.93,23.57
"2020-09-20 13:21:28.6",966248,-0.067,-0.154,0.054,297.6,21.87,23.56
"2020-09-20 13:21:28.7",966249,-0.067,-0.154,0.054,297.6,21.87,23.56
"2020-09-20 13:21:28.8",966250,-0.067,-0.154,0.054,297.6,21.87,23.56
"2020-09-20 13:21:28.9",966251,-0.087,-0.081,0.034,297.6,21.87,23.56
"2020-09-20 13:21:29",966252,-0.087,-0.081,0.034,297.6,21.87,23.56
"2020-09-20 13:21:29.1",966253,-0.087,-0.081,0.034,297.6,21.87,23.56
"2020-09-20 13:21:29.2",966254,-0.087,-0.125,0.005,297.6,21.87,23.56
"2020-09-20 13:21:29.3",966255,-0.087,-0.125,0.005,297.6,21.87,23.56
"2020-09-20 13:21:29.4",966256,-0.087,-0.081,0.034,297.6,21.87,23.56
"2020-09-20 13:21:29.5",966257,-0.087,-0.081,0.034,297.6,21.87,23.57
"2020-09-20 13:21:29.6",966258,-0.087,-0.081,0.034,297.6,21.87,23.57
"2020-09-20 13:21:29.7",966259,-0.087,-0.081,0.034,297.6,21.87,23.57
"2020-09-20 13:21:29.8",966260,-0.087,-0.081,0.034,297.6,21.88,23.6
"2020-09-20 13:21:29.9",966261,-0.087,-0.081,0.034,297.6,21.87,23.56
"2020-09-20 13:21:30",966262,-0.087,-0.081,0.034,297.6,21.87,23.56
"2020-09-20 13:21:30.1",966263,-0.087,-0.081,0.034,297.6,21.87,23.57
"2020-09-20 13:21:30.2",966264,-0.019,-0.042,0.044,297.5,21.87,23.57
"2020-09-20 13:21:30.3",966265,-0.018,-0.042,0.044,297.5,21.87,23.56
"2020-09-20 13:21:30.4",966266,-0.018,-0.081,0.073,297.5,21.87,23.56
"2020-09-20 13:21:30.5",966267,-0.018,-0.081,0.073,297.5,21.87,23.56
"2020-09-20 13:21:30.6",966268,-0.018,-0.081,0.073,297.5,21.87,23.57
"2020-09-20 13:21:30.7",966269,-0.028,-0.081,0.093,297.6,21.87,23.56
"2020-09-20 13:21:30.8",966270,-0.028,-0.081,0.093,297.6,21.87,23.56
"2020-09-20 13:21:30.9",966271,-0.087,-0.081,0.117,297.5,21.87,23.56
"2020-09-20 13:21:31",966272,-0.087,-0.081,0.117,297.5,21.92,23.56
"2020-09-20 13:21:31.1",966273,-0.087,-0.081,0.117,297.5,21.88,23.56
"2020-09-20 13:21:31.2",966274,-0.018,-0.042,0.117,297.5,21.88,23.56
"2020-09-20 13:21:31.3",966275,-0.018,-0.041,0.117,297.5,21.89,23.56
"2020-09-20 13:21:31.4",966276,-0.019,-0.042,0.117,297.5,21.89,23.56
"2020-09-20 13:21:31.5",966277,-0.019,-0.042,0.117,297.5,21.89,23.57
"2020-09-20 13:21:31.6",966278,-0.019,-0.042,0.117,297.5,21.89,23.57
"2020-09-20 13:21:31.7",966279,-0.028,-0.081,0.093,297.5,21.89,23.57
"2020-09-20 13:21:31.8",966280,-0.028,-0.081,0.093,297.5,21.89,23.57
"2020-09-20 13:21:31.9",966281,-0.028,-0.081,0.093,297.5,21.89,23.57
"2020-09-20 13:21:32",966282,-0.028,-0.081,0.093,297.5,21.89,23.57
"2020-09-20 13:21:32.1",966283,-0.028,-0.081,0.093,297.5,21.89,23.57
"2020-09-20 13:21:32.2",966284,-0.028,-0.081,0.093,297.5,21.89,23.57
"2020-09-20 13:21:32.3",966285,-0.028,-0.081,0.093,297.5,21.92,23.6
"2020-09-20 13:21:32.4",966286,-0.038,-0.081,0.083,297.4,21.89,23.56
"2020-09-20 13:21:32.5",966287,-0.038,-0.081,0.083,297.4,21.89,23.56
"2020-09-20 13:21:32.6",966288,-0.038,-0.081,0.083,297.4,21.89,23.56
"2020-09-20 13:21:32.7",966289,-0.077,-0.071,0.107,297.4,21.89,23.57
"2020-09-20 13:21:32.8",966290,-0.077,-0.071,0.107,297.4,21.89,23.56
"2020-09-20 13:21:32.9",966291,-0.097,-0.115,0.083,297.4,21.89,23.56
"2020-09-20 13:21:33",966292,-0.097,-0.115,0.083,297.4,21.89,23.56
"2020-09-20 13:21:33.1",966293,-0.097,-0.115,0.083,297.4,21.89,23.56
"2020-09-20 13:21:33.2",966294,-0.058,-0.115,0.073,297.4,21.89,23.57
"2020-09-20 13:21:33.3",966295,-0.058,-0.115,0.073,297.4,21.89,23.57
"2020-09-20 13:21:33.4",966296,-0.028,-0.081,0.093,297.5,21.89,23.57
"2020-09-20 13:21:33.5",966297,-0.028,-0.081,0.093,297.5,21.92,23.57
"2020-09-20 13:21:33.6",966298,-0.028,-0.081,0.093,297.5,21.89,23.56
"2020-09-20 13:21:33.7",966299,-0.087,-0.081,0.117,297.5,21.89,23.57
"2020-09-20 13:21:33.8",966300,-0.087,-0.081,0.117,297.5,21.89,23.56
"2020-09-20 13:21:33.9",966301,-0.067,-0.164,0.117,297.5,21.89,23.56
"2020-09-20 13:21:34",966302,-0.067,-0.164,0.117,297.5,21.89,23.57
"2020-09-20 13:21:34.1",966303,-0.067,-0.164,0.117,297.5,21.89,23.56
"2020-09-20 13:21:34.2",966304,-0.058,-0.125,0.073,297.5,21.89,23.56
"2020-09-20 13:21:34.3",966305,-0.057,-0.125,0.073,297.5,21.89,23.56
"2020-09-20 13:21:34.4",966306,-0.067,-0.164,0.117,297.6,21.89,23.56
"2020-09-20 13:21:34.5",966307,-0.067,-0.164,0.117,297.6,21.89,23.56
"2020-09-20 13:21:34.6",966308,-0.067,-0.164,0.117,297.6,21.89,23.56
"2020-09-20 13:21:34.7",966309,-0.018,-0.125,0.117,297.6,21.89,23.56
"2020-09-20 13:21:34.8",966310,-0.019,-0.125,0.117,297.6,21.92,23.62
"2020-09-20 13:21:34.9",966311,-0.058,-0.125,0.073,297.6,21.89,23.56
"2020-09-20 13:21:35",966312,-0.058,-0.125,0.073,297.6,21.89,23.56
"2020-09-20 13:21:35.1",966313,-0.057,-0.125,0.073,297.6,21.89,23.56
"2020-09-20 13:21:35.2",966314,-0.087,-0.081,0.034,297.6,21.89,23.56
"2020-09-20 13:21:35.3",966315,-0.087,-0.081,0.034,297.6,21.89,23.57
"2020-09-20 13:21:35.4",966316,-0.028,-0.081,0.093,297.6,21.89,23.57
"2020-09-20 13:21:35.5",966317,-0.028,-0.081,0.093,297.6,21.89,23.57
"2020-09-20 13:21:35.6",966318,-0.028,-0.081,0.093,297.6,21.89,23.57
"2020-09-20 13:21:35.7",966319,-0.028,-0.081,0.093,297.6,21.89,23.57
"2020-09-20 13:21:35.8",966320,-0.028,-0.081,0.092,297.6,21.89,23.57
"2020-09-20 13:21:35.9",966321,-0.028,-0.081,0.093,297.6,21.89,23.57
"2020-09-20 13:21:36",966322,-0.028,-0.081,0.093,297.6,21.89,23.57
"2020-09-20 13:21:36.1",966323,-0.028,-0.081,0.093,297.6,21.89,23.56
"2020-09-20 13:21:36.2",966324,-0.087,-0.081,0.117,297.6,21.89,23.56
"2020-09-20 13:21:36.3",966325,-0.087,-0.081,0.117,297.6,21.89,23.56
"2020-09-20 13:21:36.4",966326,-0.087,-0.081,0.117,297.6,21.89,23.56
"2020-09-20 13:21:36.5",966327,-0.087,-0.081,0.117,297.6,21.89,23.56
"2020-09-20 13:21:36.6",966328,-0.087,-0.081,0.117,297.6,21.89,23.56
"2020-09-20 13:21:36.7",966329,-0.141,-0.081,0.146,297.6,21.89,23.56
"2020-09-20 13:21:36.8",966330,-0.141,-0.081,0.147,297.6,21.89,23.56
"2020-09-20 13:21:36.9",966331,-0.097,-0.125,0.093,297.6,21.89,23.56
"2020-09-20 13:21:37",966332,-0.097,-0.125,0.093,297.6,21.89,23.56
"2020-09-20 13:21:37.1",966333,-0.097,-0.124,0.092,297.6,21.89,23.56
"2020-09-20 13:21:37.2",966334,-0.15,-0.125,0.117,297.6,21.89,23.56
"2020-09-20 13:21:37.3",966335,-0.15,-0.125,0.117,297.6,21.92,23.62
"2020-09-20 13:21:37.4",966336,-0.058,-0.125,0.073,297.6,21.9,23.56
"2020-09-20 13:21:37.5",966337,-0.058,-0.125,0.073,297.6,21.89,23.56
"2020-09-20 13:21:37.6",966338,-0.057,-0.125,0.073,297.6,21.89,23.57
"2020-09-20 13:21:37.7",966339,-0.058,-0.125,0.073,297.6,21.89,23.57
"2020-09-20 13:21:37.8",966340,-0.058,-0.125,0.073,297.6,21.89,23.57
"2020-09-20 13:21:37.9",966341,-0.058,-0.125,0.073,297.6,21.89,23.56
"2020-09-20 13:21:38",966342,-0.058,-0.125,0.073,297.6,21.89,23.57
"2020-09-20 13:21:38.1",966343,-0.058,-0.125,0.073,297.6,21.89,23.56
"2020-09-20 13:21:38.2",966344,-0.057,-0.125,0.073,297.6,21.89,23.56
"2020-09-20 13:21:38.3",966345,-0.057,-0.125,0.073,297.6,21.89,23.56
"2020-09-20 13:21:38.4",966346,-0.087,-0.081,0.117,297.6,21.89,23.56
"2020-09-20 13:21:38.5",966347,-0.087,-0.081,0.117,297.6,21.89,23.57
"2020-09-20 13:21:38.6",966348,-0.087,-0.081,0.117,297.6,21.89,23.56
"2020-09-20 13:21:38.7",966349,-0.087,-0.081,0.117,297.7,21.89,23.56
"2020-09-20 13:21:38.8",966350,-0.087,-0.081,0.117,297.7,21.89,23.56
"2020-09-20 13:21:38.9",966351,-0.087,-0.081,0.117,297.7,21.89,23.56
"2020-09-20 13:21:39",966352,-0.087,-0.081,0.117,297.7,21.89,23.56
"2020-09-20 13:21:39.1",966353,-0.087,-0.081,0.117,297.7,21.89,23.56
"2020-09-20 13:21:39.2",966354,-0.028,-0.081,0.093,297.6,21.89,23.56
"2020-09-20 13:21:39.3",966355,-0.028,-0.081,0.093,297.6,21.89,23.56
"2020-09-20 13:21:39.4",966356,-0.048,-0.051,0.073,297.6,21.89,23.56
"2020-09-20 13:21:39.5",966357,-0.048,-0.051,0.073,297.6,21.89,23.56
"2020-09-20 13:21:39.6",966358,-0.048,-0.051,0.073,297.6,21.89,23.57
"2020-09-20 13:21:39.7",966359,-0.048,-0.051,0.073,297.6,21.89,23.56
"2020-09-20 13:21:39.8",966360,-0.048,-0.051,0.073,297.6,21.95,23.62
"2020-09-20 13:21:39.9",966361,-0.048,-0.051,0.073,297.6,21.89,23.56
"2020-09-20 13:21:40",966362,-0.048,-0.051,0.073,297.6,21.89,23.56
"2020-09-20 13:21:40.1",966363,-0.048,-0.051,0.073,297.6,21.89,23.56
"2020-09-20 13:21:40.2",966364,-0.048,-0.051,0.073,297.6,21.89,23.56
"2020-09-20 13:21:40.3",966365,-0.048,-0.051,0.073,297.6,21.89,23.56
"2020-09-20 13:21:40.4",966366,-0.048,-0.051,0.073,297.5,21.89,23.56
"2020-09-20 13:21:40.5",966367,-0.048,-0.051,0.073,297.5,21.89,23.57
"2020-09-20 13:21:40.6",966368,-0.048,-0.051,0.073,297.5,21.89,23.56
"2020-09-20 13:21:40.7",966369,-0.087,-0.081,0.034,297.6,21.89,23.57
"2020-09-20 13:21:40.8",966370,-0.087,-0.081,0.034,297.6,21.89,23.56
"2020-09-20 13:21:40.9",966371,-0.087,-0.081,0.034,297.6,21.89,23.56
"2020-09-20 13:21:41",966372,-0.087,-0.081,0.034,297.6,21.89,23.56
"2020-09-20 13:21:41.1",966373,-0.087,-0.081,0.034,297.6,21.89,23.58
"2020-09-20 13:21:41.2",966374,-0.048,-0.051,0.073,297.5,21.89,23.56
"2020-09-20 13:21:41.3",966375,-0.048,-0.051,0.073,297.5,21.88,23.56
"2020-09-20 13:21:41.4",966376,-0.048,-0.051,0.073,297.6,21.88,23.57
"2020-09-20 13:21:41.5",966377,-0.048,-0.051,0.073,297.6,21.88,23.57
"2020-09-20 13:21:41.6",966378,-0.048,-0.051,0.073,297.6,21.88,23.56
"2020-09-20 13:21:41.7",966379,-0.048,-0.051,0.073,297.6,21.88,23.57
"2020-09-20 13:21:41.8",966380,-0.048,-0.051,0.073,297.6,21.88,23.57
"2020-09-20 13:21:41.9",966381,-0.048,-0.052,0.073,297.7,21.88,23.57
"2020-09-20 13:21:42",966382,-0.048,-0.051,0.073,297.7,21.87,23.56
"2020-09-20 13:21:42.1",966383,-0.048,-0.051,0.073,297.7,21.87,23.56
"2020-09-20 13:21:42.2",966384,-0.097,-0.042,0.015,297.6,21.87,23.56
"2020-09-20 13:21:42.3",966385,-0.097,-0.041,0.015,297.6,21.93,23.61
"2020-09-20 13:21:42.4",966386,-0.097,-0.041,0.014,297.6,21.87,23.56
"2020-09-20 13:21:42.5",966387,-0.096,-0.041,0.015,297.6,21.87,23.56
"2020-09-20 13:21:42.6",966388,-0.097,-0.041,0.015,297.6,21.87,23.56
"2020-09-20 13:21:42.7",966389,-0.097,-0.042,0.015,297.6,21.87,23.56
"2020-09-20 13:21:42.8",966390,-0.097,-0.042,0.015,297.6,21.87,23.56
"2020-09-20 13:21:42.9",966391,-0.077,-0.002,0.044,297.6,21.87,23.56
"2020-09-20 13:21:43",966392,-0.077,-0.002,0.044,297.6,21.87,23.56
"2020-09-20 13:21:43.1",966393,-0.077,-0.003,0.044,297.6,21.87,23.57
"2020-09-20 13:21:43.2",966394,-0.077,-0.002,0.044,297.6,21.87,23.56
"2020-09-20 13:21:43.3",966395,-0.077,-0.002,0.044,297.6,21.87,23.57
"2020-09-20 13:21:43.4",966396,-0.077,-0.002,0.044,297.6,21.87,23.57
"2020-09-20 13:21:43.5",966397,-0.077,-0.002,0.044,297.6,21.87,23.57
"2020-09-20 13:21:43.6",966398,-0.077,-0.002,0.044,297.6,21.87,23.59
"2020-09-20 13:21:43.7",966399,-0.028,-0.003,0.092,297.6,21.87,23.56
"2020-09-20 13:21:43.8",966400,-0.028,-0.003,0.093,297.6,21.87,23.56
"2020-09-20 13:21:43.9",966401,-0.009,-0.002,0.073,297.7,21.87,23.56
"2020-09-20 13:21:44",966402,-0.009,-0.003,0.073,297.7,21.87,23.57
"2020-09-20 13:21:44.1",966403,-0.009,-0.002,0.073,297.7,21.87,23.56
"2020-09-20 13:21:44.2",966404,-0.048,-0.051,0.073,297.8,21.87,23.57
"2020-09-20 13:21:44.3",966405,-0.047,-0.051,0.073,297.8,21.87,23.57
"2020-09-20 13:21:44.4",966406,0.011,-0.042,0.093,297.8,21.87,23.56
"2020-09-20 13:21:44.5",966407,0.011,-0.042,0.093,297.8,21.87,23.57
"2020-09-20 13:21:44.6",966408,0.012,-0.041,0.093,297.8,21.87,23.57
"2020-09-20 13:21:44.7",966409,-0.009,-0.003,0.073,297.8,21.87,23.57
"2020-09-20 13:21:44.8",966410,-0.009,-0.003,0.073,297.8,21.93,23.58
"2020-09-20 13:21:44.9",966411,-0.009,-0.003,0.073,297.8,21.87,23.56
"2020-09-20 13:21:45",966412,-0.009,-0.003,0.073,297.8,21.87,23.56
"2020-09-20 13:21:45.1",966413,-0.009,-0.003,0.073,297.8,21.87,23.56
"2020-09-20 13:21:45.2",966414,-0.009,-0.002,0.073,297.8,21.87,23.56
"2020-09-20 13:21:45.3",966415,-0.009,-0.003,0.073,297.8,21.87,23.56
"2020-09-20 13:21:45.4",966416,-0.009,-0.003,0.073,297.8,21.87,23.57
"2020-09-20 13:21:45.5",966417,-0.009,-0.003,0.073,297.8,21.87,23.57
"2020-09-20 13:21:45.6",966418,-0.009,-0.002,0.073,297.8,21.87,23.57
"2020-09-20 13:21:45.7",966419,-0.028,-0.002,0.093,297.7,21.87,23.57
"2020-09-20 13:21:45.8",966420,-0.028,-0.003,0.092,297.7,21.87,23.57
"2020-09-20 13:21:45.9",966421,-0.048,-0.051,0.073,297.7,21.87,23.57
"2020-09-20 13:21:46",966422,-0.048,-0.051,0.073,297.7,21.87,23.57
"2020-09-20 13:21:46.1",966423,-0.047,-0.052,0.073,297.7,21.88,23.6
"2020-09-20 13:21:46.2",966424,-0.028,-0.081,0.093,297.6,21.87,23.56
"2020-09-20 13:21:46.3",966425,-0.028,-0.081,0.093,297.6,21.87,23.56
"2020-09-20 13:21:46.4",966426,0.011,-0.042,0.093,297.6,21.87,23.56
"2020-09-20 13:21:46.5",966427,0.011,-0.041,0.093,297.6,21.87,23.56
"2020-09-20 13:21:46.6",966428,0.012,-0.042,0.093,297.6,21.87,23.56
"2020-09-20 13:21:46.7",966429,0.012,-0.042,0.093,297.6,21.87,23.56
"2020-09-20 13:21:46.8",966430,0.012,-0.042,0.093,297.6,21.87,23.56
"2020-09-20 13:21:46.9",966431,-0.018,-0.081,0.073,297.5,21.87,23.56
"2020-09-20 13:21:47",966432,-0.019,-0.081,0.073,297.5,21.87,23.56
"2020-09-20 13:21:47.1",966433,-0.018,-0.081,0.073,297.5,21.87,23.56
"2020-09-20 13:21:47.2",966434,-0.008,-0.115,0.034,297.5,21.87,23.56
"2020-09-20 13:21:47.3",966435,-0.009,-0.115,0.034,297.5,21.93,23.56
"2020-09-20 13:21:47.4",966436,-0.048,-0.051,0.073,297.5,21.87,23.56
"2020-09-20 13:21:47.5",966437,-0.048,-0.051,0.073,297.5,21.87,23.57
"2020-09-20 13:21:47.6",966438,-0.048,-0.051,0.073,297.5,21.87,23.57
"2020-09-20 13:21:47.7",966439,-0.018,-0.041,0.044,297.5,21.87,23.57
"2020-09-20 13:21:47.8",966440,-0.019,-0.041,0.044,297.5,21.87,23.57
"2020-09-20 13:21:47.9",966441,-0.018,-0.042,0.044,297.6,21.87,23.56
"2020-09-20 13:21:48",966442,-0.019,-0.041,0.044,297.6,21.87,23.57
"2020-09-20 13:21:48.1",966443,-0.019,-0.041,0.044,297.6,21.87,23.57
"2020-09-20 13:21:48.2",966444,-0.009,-0.003,0.073,297.7,21.87,23.56
"2020-09-20 13:21:48.3",966445,-0.009,-0.003,0.073,297.7,21.87,23.57
"2020-09-20 13:21:48.4",966446,-0.028,-0.002,0.093,297.6,21.87,23.57
"2020-09-20 13:21:48.5",966447,-0.028,-0.003,0.093,297.6,21.87,23.57
"2020-09-20 13:21:48.6",966448,-0.028,-0.003,0.093,297.6,21.9,23.61
"2020-09-20 13:21:48.7",966449,-0.048,-0.051,0.073,297.5,21.87,23.56
"2020-09-20 13:21:48.8",966450,-0.048,-0.051,0.073,297.5,21.87,23.56
"2020-09-20 13:21:48.9",966451,-0.019,-0.041,0.044,297.5,21.87,23.55
"2020-09-20 13:21:49",966452,-0.018,-0.042,0.044,297.5,21.87,23.55
"2020-09-20 13:21:49.1",966453,-0.018,-0.042,0.044,297.5,21.87,23.55
"2020-09-20 13:21:49.2",966454,-0.028,-0.071,0.015,297.4,21.87,23.55
"2020-09-20 13:21:49.3",966455,-0.028,-0.071,0.015,297.4,21.87,23.55
"2020-09-20 13:21:49.4",966456,-0.018,-0.042,0.044,297.4,21.87,23.55
"2020-09-20 13:21:49.5",966457,-0.019,-0.041,0.044,297.4,21.87,23.55
"2020-09-20 13:21:49.6",966458,-0.019,-0.042,0.044,297.4,21.87,23.55
"2020-09-20 13:21:49.7",966459,-0.018,-0.042,0.044,297.4,21.87,23.55
"2020-09-20 13:21:49.8",966460,-0.018,-0.041,0.044,297.4,21.9,23.55
"2020-09-20 13:21:49.9",966461,-0.019,-0.041,0.044,297.4,21.87,23.54
"2020-09-20 13:21:50",966462,-0.019,-0.042,0.044,297.4,21.87,23.54
"2020-09-20 13:21:50.1",966463,-0.018,-0.041,0.044,297.4,21.87,23.55
"2020-09-20 13:21:50.2",966464,-0.018,-0.042,0.044,297.4,21.88,23.54
"2020-09-20 13:21:50.3",966465,-0.018,-0.042,0.044,297.4,21.87,23.54
"2020-09-20 13:21:50.4",966466,-0.028,-0.061,0.015,297.4,21.87,23.55
"2020-09-20 13:21:50.5",966467,-0.028,-0.061,0.014,297.4,21.87,23.55
"2020-09-20 13:21:50.6",966468,-0.028,-0.061,0.015,297.4,21.87,23.55
"2020-09-20 13:21:50.7",966469,-0.028,-0.061,0.015,297.4,21.87,23.54
"2020-09-20 13:21:50.8",966470,-0.028,-0.061,0.015,297.4,21.87,23.54
"2020-09-20 13:21:50.9",966471,-0.028,-0.061,0.015,297.4,21.87,23.54
"2020-09-20 13:21:51",966472,-0.028,-0.061,0.015,297.4,21.87,23.54
"2020-09-20 13:21:51.1",966473,-0.028,-0.061,0.015,297.4,21.91,23.6
"2020-09-20 13:21:51.2",966474,-0.077,-0.071,0.054,297.4,21.87,23.55
"2020-09-20 13:21:51.3",966475,-0.077,-0.071,0.054,297.4,21.87,23.55
"2020-09-20 13:21:51.4",966476,-0.077,-0.071,0.054,297.4,21.87,23.55
"2020-09-20 13:21:51.5",966477,-0.077,-0.071,0.054,297.4,21.87,23.55
"2020-09-20 13:21:51.6",966478,-0.077,-0.071,0.054,297.4,21.87,23.55
"2020-09-20 13:21:51.7",966479,-0.077,-0.071,0.054,297.4,21.87,23.55
"2020-09-20 13:21:51.8",966480,-0.077,-0.071,0.054,297.4,21.87,23.55
"2020-09-20 13:21:51.9",966481,-0.028,-0.061,0.015,297.4,21.87,23.55
"2020-09-20 13:21:52",966482,-0.028,-0.061,0.015,297.5,21.87,23.55
"2020-09-20 13:21:52.1",966483,-0.028,-0.061,0.015,297.5,21.87,23.55
"2020-09-20 13:21:52.2",966484,-0.028,-0.061,0.014,297.5,21.87,23.55
"2020-09-20 13:21:52.3",966485,-0.028,-0.061,0.015,297.5,21.87,23.55
"2020-09-20 13:21:52.4",966486,-0.038,-0.032,-0.006,297.5,21.87,23.54
"2020-09-20 13:21:52.5",966487,-0.038,-0.032,-0.006,297.5,21.87,23.54
"2020-09-20 13:21:52.6",966488,-0.038,-0.032,-0.006,297.5,21.87,23.54
"2020-09-20 13:21:52.7",966489,-0.028,-0.071,0.015,297.5,21.87,23.54
"2020-09-20 13:21:52.8",966490,-0.028,-0.071,0.015,297.5,21.87,23.54
"2020-09-20 13:21:52.9",966491,-0.048,-0.042,-0.006,297.6,21.87,23.54
"2020-09-20 13:21:53",966492,-0.048,-0.041,-0.006,297.6,21.87,23.54
"2020-09-20 13:21:53.1",966493,-0.048,-0.041,-0.006,297.6,21.87,23.54
"2020-09-20 13:21:53.2",966494,-0.028,-0.071,0.015,297.5,21.87,23.54
"2020-09-20 13:21:53.3",966495,-0.028,-0.071,0.015,297.5,21.87,23.54
"2020-09-20 13:21:53.4",966496,-0.097,-0.042,0.015,297.6,21.87,23.55
"2020-09-20 13:21:53.5",966497,-0.097,-0.041,0.014,297.6,21.87,23.55
"2020-09-20 13:21:53.6",966498,-0.097,-0.042,0.014,297.6,21.9,23.6
"2020-09-20 13:21:53.7",966499,-0.087,-0.081,0.034,297.6,21.87,23.54
"2020-09-20 13:21:53.8",966500,-0.087,-0.081,0.034,297.6,21.87,23.55
"2020-09-20 13:21:53.9",966501,-0.028,-0.071,0.015,297.5,21.87,23.55
"2020-09-20 13:21:54",966502,-0.028,-0.071,0.014,297.5,21.87,23.55
"2020-09-20 13:21:54.1",966503,-0.028,-0.071,0.015,297.5,21.87,23.55
"2020-09-20 13:21:54.2",966504,-0.019,-0.042,0.044,297.5,21.87,23.55
"2020-09-20 13:21:54.3",966505,-0.019,-0.042,0.044,297.5,21.87,23.55
"2020-09-20 13:21:54.4",966506,-0.028,-0.002,0.024,297.5,21.87,23.55
"2020-09-20 13:21:54.5",966507,-0.028,-0.003,0.024,297.5,21.87,23.55
"2020-09-20 13:21:54.6",966508,-0.028,-0.002,0.024,297.5,21.87,23.55
"2020-09-20 13:21:54.7",966509,-0.028,-0.003,0.024,297.5,21.87,23.54
"2020-09-20 13:21:54.8",966510,-0.028,-0.003,0.024,297.5,21.87,23.54
"2020-09-20 13:21:54.9",966511,-0.087,-0.081,0.034,297.5,21.87,23.54
"2020-09-20 13:21:55",966512,-0.087,-0.081,0.034,297.5,21.87,23.54
"2020-09-20 13:21:55.1",966513,-0.087,-0.081,0.034,297.5,21.87,23.54
"2020-09-20 13:21:55.2",966514,-0.018,-0.041,0.044,297.5,21.87,23.54
"2020-09-20 13:21:55.3",966515,-0.018,-0.042,0.044,297.5,21.87,23.54
"2020-09-20 13:21:55.4",966516,-0.018,-0.042,0.044,297.4,21.87,23.54
"2020-09-20 13:21:55.5",966517,-0.019,-0.041,0.044,297.4,21.87,23.55
"2020-09-20 13:21:55.6",966518,-0.019,-0.042,0.044,297.4,21.87,23.55
"2020-09-20 13:21:55.7",966519,-0.028,-0.071,0.015,297.4,21.87,23.55
"2020-09-20 13:21:55.8",966520,-0.028,-0.071,0.014,297.4,21.87,23.55
"2020-09-20 13:21:55.9",966521,-0.018,-0.042,0.044,297.4,21.87,23.55
"2020-09-20 13:21:56",966522,-0.018,-0.041,0.044,297.4,21.87,23.55
"2020-09-20 13:21:56.1",966523,-0.018,-0.042,0.044,297.4,21.93,23.6
"2020-09-20 13:21:56.2",966524,-0.019,-0.041,0.044,297.4,21.87,23.54
"2020-09-20 13:21:56.3",966525,-0.019,-0.042,0.044,297.4,21.87,23.54
"2020-09-20 13:21:56.4",966526,-0.028,-0.061,0.015,297.4,21.87,23.54
"2020-09-20 13:21:56.5",966527,-0.028,-0.061,0.014,297.4,21.87,23.54
"2020-09-20 13:21:56.6",966528,-0.028,-0.061,0.015,297.4,21.87,23.55
"2020-09-20 13:21:56.7",966529,-0.028,-0.061,0.015,297.4,21.87,23.55
"2020-09-20 13:21:56.8",966530,-0.028,-0.061,0.015,297.4,21.87,23.54
"2020-09-20 13:21:56.9",966531,-0.018,-0.041,0.044,297.4,21.87,23.54
"2020-09-20 13:21:57",966532,-0.019,-0.041,0.044,297.4,21.87,23.54
"2020-09-20 13:21:57.1",966533,-0.018,-0.042,0.044,297.4,21.87,23.54
"2020-09-20 13:21:57.2",966534,-0.028,-0.061,0.015,297.4,21.87,23.54
"2020-09-20 13:21:57.3",966535,-0.028,-0.061,0.015,297.4,21.87,23.54
"2020-09-20 13:21:57.4",966536,-0.028,-0.061,0.015,297.4,21.87,23.55
"2020-09-20 13:21:57.5",966537,-0.028,-0.061,0.015,297.4,21.87,23.54
"2020-09-20 13:21:57.6",966538,-0.028,-0.061,0.015,297.4,21.87,23.55
"2020-09-20 13:21:57.7",966539,-0.028,-0.061,0.014,297.4,21.87,23.54
"2020-09-20 13:21:57.8",966540,-0.028,-0.061,0.015,297.4,21.87,23.55
"2020-09-20 13:21:57.9",966541,-0.018,-0.042,0.044,297.4,21.87,23.55
"2020-09-20 13:21:58",966542,-0.019,-0.042,0.044,297.4,21.87,23.55
"2020-09-20 13:21:58.1",966543,-0.018,-0.041,0.044,297.4,21.87,23.55
"2020-09-20 13:21:58.2",966544,-0.018,-0.042,0.044,297.4,21.87,23.55
"2020-09-20 13:21:58.3",966545,-0.018,-0.042,0.044,297.4,21.87,23.55
"2020-09-20 13:21:58.4",966546,-0.018,-0.042,0.044,297.4,21.87,23.55
"2020-09-20 13:21:58.5",966547,-0.018,-0.041,0.044,297.4,21.87,23.55
"2020-09-20 13:21:58.6",966548,-0.018,-0.041,0.044,297.4,21.93,23.6
"2020-09-20 13:21:58.7",966549,-0.019,-0.042,0.044,297.4,21.88,23.54
"2020-09-20 13:21:58.8",966550,-0.018,-0.041,0.044,297.4,21.87,23.54
"2020-09-20 13:21:58.9",966551,-0.028,-0.061,0.014,297.4,21.87,23.54
"2020-09-20 13:21:59",966552,-0.028,-0.061,0.015,297.4,21.87,23.54
"2020-09-20 13:21:59.1",966553,-0.028,-0.061,0.014,297.4,21.87,23.54
"2020-09-20 13:21:59.2",966554,-0.028,-0.061,0.015,297.4,21.87,23.54
"2020-09-20 13:21:59.3",966555,-0.028,-0.061,0.015,297.4,21.87,23.54
"2020-09-20 13:21:59.4",966556,-0.028,-0.061,0.015,297.4,21.87,23.55
"2020-09-20 13:21:59.5",966557,-0.028,-0.061,0.014,297.4,21.87,23.55
"2020-09-20 13:21:59.6",966558,-0.028,-0.061,0.015,297.4,21.87,23.55
"2020-09-20 13:21:59.7",966559,-0.028,-0.061,0.015,297.4,21.87,23.55
"2020-09-20 13:21:59.8",966560,-0.028,-0.061,0.015,297.4,21.87,23.55
"2020-09-20 13:21:59.9",966561,-0.028,-0.061,0.015,297.4,21.87,23.57
"2020-09-20 13:22:00",966562,-0.028,-0.061,0.015,297.4,21.87,23.55
"2020-09-20 13:22:00.1",966563,-0.028,-0.061,0.015,297.4,21.87,23.54
"2020-09-20 13:22:00.2",966564,-0.028,-0.061,0.015,297.4,21.87,23.54
"2020-09-20 13:22:00.3",966565,-0.028,-0.061,0.014,297.4,21.87,23.54
"2020-09-20 13:22:00.4",966566,-0.028,-0.061,0.015,297.4,21.87,23.54
"2020-09-20 13:22:00.5",966567,-0.028,-0.061,0.015,297.4,21.87,23.55
"2020-09-20 13:22:00.6",966568,-0.028,-0.061,0.015,297.4,21.87,23.55
"2020-09-20 13:22:00.7",966569,-0.028,-0.061,0.015,297.4,21.87,23.55
"2020-09-20 13:22:00.8",966570,-0.028,-0.061,0.014,297.4,21.87,23.54
"2020-09-20 13:22:00.9",966571,-0.028,-0.061,0.015,297.4,21.87,23.54
"2020-09-20 13:22:01",966572,-0.028,-0.061,0.015,297.4,21.87,23.54
"2020-09-20 13:22:01.1",966573,-0.028,-0.061,0.015,297.4,21.93,23.57
"2020-09-20 13:22:01.2",966574,-0.077,-0.071,0.054,297.4,21.87,23.54
"2020-09-20 13:22:01.3",966575,-0.077,-0.071,0.054,297.4,21.87,23.54
"2020-09-20 13:22:01.4",966576,-0.048,-0.051,0.073,297.4,21.87,23.54
"2020-09-20 13:22:01.5",966577,-0.048,-0.051,0.073,297.4,21.87,23.54
"2020-09-20 13:22:01.6",966578,-0.048,-0.051,0.073,297.4,21.87,23.54
"2020-09-20 13:22:01.7",966579,-0.048,-0.051,0.073,297.4,21.87,23.54
"2020-09-20 13:22:01.8",966580,-0.048,-0.051,0.073,297.4,21.87,23.55
"2020-09-20 13:22:01.9",966581,-0.048,-0.051,0.073,297.4,21.87,23.55
"2020-09-20 13:22:02",966582,-0.048,-0.051,0.073,297.4,21.87,23.54
"2020-09-20 13:22:02.1",966583,-0.048,-0.051,0.073,297.4,21.87,23.55
"2020-09-20 13:22:02.2",966584,-0.048,-0.051,0.073,297.4,21.87,23.54
"2020-09-20 13:22:02.3",966585,-0.048,-0.051,0.073,297.4,21.87,23.55
"2020-09-20 13:22:02.4",966586,-0.048,-0.051,0.073,297.4,21.87,23.57
"2020-09-20 13:22:02.5",966587,-0.048,-0.051,0.073,297.4,21.87,23.54
"2020-09-20 13:22:02.6",966588,-0.048,-0.051,0.073,297.4,21.87,23.54
"2020-09-20 13:22:02.7",966589,-0.077,-0.071,0.054,297.4,21.87,23.54
"2020-09-20 13:22:02.8",966590,-0.077,-0.071,0.054,297.4,21.87,23.54
"2020-09-20 13:22:02.9",966591,-0.077,-0.071,0.054,297.4,21.87,23.54
"2020-09-20 13:22:03",966592,-0.077,-0.071,0.054,297.4,21.87,23.54
"2020-09-20 13:22:03.1",966593,-0.077,-0.071,0.054,297.4,21.87,23.54
"2020-09-20 13:22:03.2",966594,-0.048,-0.051,0.073,297.4,21.87,23.54
"2020-09-20 13:22:03.3",966595,-0.048,-0.051,0.073,297.4,21.87,23.54
"2020-09-20 13:22:03.4",966596,-0.047,-0.051,0.073,297.4,21.87,23.54
"2020-09-20 13:22:03.5",966597,-0.048,-0.051,0.073,297.4,21.87,23.55
"2020-09-20 13:22:03.6",966598,-0.048,-0.051,0.073,297.4,21.93,23.54
"2020-09-20 13:22:03.7",966599,-0.019,-0.042,0.044,297.5,21.87,23.54
