"TOA5","10329","CR6","10329","CR6.Std.09.01 CR6-WIFI.04.00.01","CPU:YOUNG81000_HMP60_10Hz.CR6","51185","Young10Hz_hmp"
"TIMESTAMP","RECORD","U","V","W","TSonic","RH","T_HMP60"
"TS","RN","mV","mV","mV","mV","%","Deg C"
"","","Smp","Smp","Smp","Smp","Smp","Smp"
"2020-09-19 19:08:57.5",310800,-0.009,-0.002,-0.006,295.7,21.77,22.36
"2020-09-19 19:08:57.6",310801,-0.009,-0.003,-0.006,295.7,21.77,22.41
"2020-09-19 19:08:57.7",310802,-0.009,-0.002,-0.006,295.7,21.77,22.36
"2020-09-19 19:08:57.8",310803,-0.009,-0.002,-0.006,295.7,21.77,22.36
"2020-09-19 19:08:57.9",310804,-0.009,-0.003,-0.006,295.7,21.77,22.36
"2020-09-19 19:08:58",310805,-0.009,-0.003,-0.006,295.7,21.77,22.36
"2020-09-19 19:08:58.1",310806,-0.009,-0.002,-0.006,295.7,21.77,22.36
"2020-09-19 19:08:58.2",310807,-0.009,-0.002,-0.006,295.7,21.77,22.36
"2020-09-19 19:08:58.3",310808,-0.009,-0.002,-0.006,295.7,21.77,22.36
"2020-09-19 19:08:58.4",310809,-0.009,-0.002,-0.006,295.7,21.77,22.36
"2020-09-19 19:08:58.5",310810,-0.008,-0.002,-0.006,295.7,21.77,22.36
"2020-09-19 19:08:58.6",310811,-0.009,-0.002,-0.006,295.7,21.77,22.36
"2020-09-19 19:08:58.7",310812,-0.008,-0.003,-0.006,295.8,21.77,22.36
"2020-09-19 19:08:58.8",310813,-0.009,-0.003,-0.006,295.8,21.83,22.39
"2020-09-19 19:08:58.9",310814,-0.028,-0.003,0.024,295.7,21.77,22.36
"2020-09-19 19:08:59",310815,-0.028,-0.002,0.024,295.7,21.77,22.36
"2020-09-19 19:08:59.1",310816,-0.028,-0.003,0.024,295.7,21.77,22.36
"2020-09-19 19:08:59.2",310817,-0.009,-0.002,-0.006,295.7,21.77,22.36
"2020-09-19 19:08:59.3",310818,-0.009,-0.003,-0.006,295.7,21.77,22.36
"2020-09-19 19:08:59.4",310819,-0.009,-0.002,-0.006,295.7,21.77,22.36
"2020-09-19 19:08:59.5",310820,-0.009,-0.002,-0.006,295.7,21.77,22.36
"2020-09-19 19:08:59.6",310821,-0.008,-0.002,-0.006,295.7,21.77,22.36
"2020-09-19 19:08:59.7",310822,-0.009,-0.003,-0.006,295.7,21.77,22.36
"2020-09-19 19:08:59.8",310823,-0.008,-0.002,-0.006,295.7,21.77,22.36
"2020-09-19 19:08:59.9",310824,-0.009,-0.002,-0.006,295.7,21.77,22.36
"2020-09-19 19:09:00",310825,-0.009,-0.003,-0.006,295.7,21.77,22.36
"2020-09-19 19:09:00.1",310826,-0.009,-0.003,-0.006,295.7,21.79,22.4
"2020-09-19 19:09:00.2",310827,-0.009,-0.003,-0.006,295.7,21.77,22.36
"2020-09-19 19:09:00.3",310828,-0.008,-0.003,-0.006,295.7,21.78,22.36
"2020-09-19 19:09:00.4",310829,-0.009,-0.003,-0.006,295.7,21.77,22.36
"2020-09-19 19:09:00.5",310830,-0.009,-0.003,-0.007,295.7,21.77,22.36
"2020-09-19 19:09:00.6",310831,-0.009,-0.002,-0.006,295.7,21.77,22.36
"2020-09-19 19:09:00.7",310832,-0.009,-0.002,-0.006,295.7,21.77,22.36
"2020-09-19 19:09:00.8",310833,-0.009,-0.003,-0.006,295.7,21.77,22.36
"2020-09-19 19:09:00.9",310834,-0.009,-0.003,-0.006,295.7,21.77,22.36
"2020-09-19 19:09:01",310835,-0.009,-0.002,-0.006,295.7,21.77,22.36
"2020-09-19 19:09:01.1",310836,-0.009,-0.003,-0.006,295.7,21.77,22.36
"2020-09-19 19:09:01.2",310837,-0.009,-0.002,-0.006,295.8,21.77,22.36
"2020-09-19 19:09:01.3",310838,-0.009,-0.003,-0.006,295.8,21.82,22.36
"2020-09-19 19:09:01.4",310839,-0.009,-0.003,-0.006,295.8,21.77,22.36
"2020-09-19 19:09:01.5",310840,-0.009,-0.002,-0.006,295.8,21.77,22.36
"2020-09-19 19:09:01.6",310841,-0.009,-0.002,-0.006,295.8,21.77,22.35
"2020-09-19 19:09:01.7",310842,-0.009,-0.002,-0.006,295.8,21.77,22.35
"2020-09-19 19:09:01.8",310843,-0.009,-0.002,-0.006,295.8,21.77,22.35
"2020-09-19 19:09:01.9",310844,-0.008,-0.002,-0.007,295.8,21.77,22.35
"2020-09-19 19:09:02",310845,-0.009,-0.002,-0.006,295.8,21.77,22.35
"2020-09-19 19:09:02.1",310846,-0.009,-0.002,-0.006,295.8,21.77,22.35
"2020-09-19 19:09:02.2",310847,-0.009,-0.002,-0.006,295.8,21.77,22.35
"2020-09-19 19:09:02.3",310848,-0.009,-0.002,-0.006,295.8,21.77,22.34
"2020-09-19 19:09:02.4",310849,0.012,0.008,0.024,295.8,21.77,22.35
"2020-09-19 19:09:02.5",310850,0.011,0.008,0.024,295.8,21.77,22.35
"2020-09-19 19:09:02.6",310851,0.011,0.008,0.024,295.8,21.82,22.39
"2020-09-19 19:09:02.7",310852,0.011,0.008,0.024,295.8,21.77,22.34
"2020-09-19 19:09:02.8",310853,0.012,0.008,0.024,295.8,21.77,22.34
"2020-09-19 19:09:02.9",310854,0.011,0.008,0.024,295.8,21.77,22.34
"2020-09-19 19:09:03",310855,0.011,0.008,0.024,295.8,21.77,22.34
"2020-09-19 19:09:03.1",310856,0.011,0.008,0.024,295.8,21.77,22.34
"2020-09-19 19:09:03.2",310857,0.012,0.008,0.024,295.8,21.77,22.34
"2020-09-19 19:09:03.3",310858,0.011,0.008,0.024,295.8,21.77,22.34
"2020-09-19 19:09:03.4",310859,-0.018,-0.002,0.015,295.8,21.77,22.34
"2020-09-19 19:09:03.5",310860,-0.019,-0.002,0.014,295.8,21.77,22.34
"2020-09-19 19:09:03.6",310861,-0.019,-0.003,0.015,295.8,21.77,22.34
"2020-09-19 19:09:03.7",310862,-0.018,-0.003,0.015,295.8,21.77,22.34
"2020-09-19 19:09:03.8",310863,-0.018,-0.003,0.015,295.8,21.79,22.34
"2020-09-19 19:09:03.9",310864,-0.009,-0.002,-0.006,295.8,21.77,22.34
"2020-09-19 19:09:04",310865,-0.009,-0.002,-0.006,295.8,21.77,22.34
"2020-09-19 19:09:04.1",310866,-0.009,-0.003,-0.006,295.8,21.77,22.34
"2020-09-19 19:09:04.2",310867,-0.009,-0.003,-0.006,295.8,21.77,22.34
"2020-09-19 19:09:04.3",310868,-0.009,-0.002,-0.006,295.8,21.77,22.34
"2020-09-19 19:09:04.4",310869,-0.008,-0.002,-0.006,295.8,21.77,22.34
"2020-09-19 19:09:04.5",310870,-0.009,-0.002,-0.006,295.8,21.77,22.34
"2020-09-19 19:09:04.6",310871,-0.009,-0.002,-0.006,295.8,21.77,22.35
"2020-09-19 19:09:04.7",310872,-0.009,-0.003,-0.006,295.8,21.77,22.34
"2020-09-19 19:09:04.8",310873,-0.009,-0.003,-0.006,295.8,21.77,22.34
"2020-09-19 19:09:04.9",310874,-0.009,-0.002,-0.006,295.8,21.77,22.34
"2020-09-19 19:09:05",310875,-0.009,-0.003,-0.006,295.8,21.77,22.34
"2020-09-19 19:09:05.1",310876,-0.009,-0.003,-0.006,295.8,21.81,22.4
"2020-09-19 19:09:05.2",310877,0.021,-0.003,-0.016,295.7,21.77,22.34
"2020-09-19 19:09:05.3",310878,0.021,-0.002,-0.016,295.7,21.77,22.34
"2020-09-19 19:09:05.4",310879,-0.009,-0.002,-0.006,295.7,21.77,22.34
"2020-09-19 19:09:05.5",310880,-0.009,-0.002,-0.006,295.7,21.77,22.34
"2020-09-19 19:09:05.6",310881,-0.009,-0.003,-0.006,295.7,21.77,22.34
"2020-09-19 19:09:05.7",310882,0.021,-0.003,-0.016,295.7,21.77,22.34
"2020-09-19 19:09:05.8",310883,0.021,-0.003,-0.016,295.7,21.77,22.34
"2020-09-19 19:09:05.9",310884,0.021,-0.002,-0.016,295.7,21.77,22.34
"2020-09-19 19:09:06",310885,0.021,-0.002,-0.016,295.7,21.77,22.34
"2020-09-19 19:09:06.1",310886,0.021,-0.002,-0.016,295.7,21.77,22.34
"2020-09-19 19:09:06.2",310887,0.021,-0.002,-0.016,295.7,21.77,22.34
"2020-09-19 19:09:06.3",310888,0.021,-0.003,-0.016,295.7,21.77,22.34
"2020-09-19 19:09:06.4",310889,0.021,-0.003,-0.016,295.7,21.77,22.34
"2020-09-19 19:09:06.5",310890,0.021,-0.002,-0.016,295.7,21.77,22.34
"2020-09-19 19:09:06.6",310891,0.021,-0.002,-0.016,295.7,21.77,22.34
"2020-09-19 19:09:06.7",310892,0.021,-0.002,-0.016,295.7,21.77,22.34
"2020-09-19 19:09:06.8",310893,0.021,-0.003,-0.016,295.7,21.77,22.34
"2020-09-19 19:09:06.9",310894,0.021,-0.003,-0.016,295.7,21.77,22.34
"2020-09-19 19:09:07",310895,0.021,-0.003,-0.016,295.7,21.77,22.34
"2020-09-19 19:09:07.1",310896,0.021,-0.002,-0.016,295.7,21.77,22.34
"2020-09-19 19:09:07.2",310897,0.021,-0.002,-0.016,295.7,21.77,22.34
"2020-09-19 19:09:07.3",310898,0.021,-0.003,-0.016,295.7,21.77,22.34
"2020-09-19 19:09:07.4",310899,-0.009,-0.003,-0.006,295.7,21.77,22.34
"2020-09-19 19:09:07.5",310900,-0.009,-0.002,-0.006,295.7,21.77,22.34
"2020-09-19 19:09:07.6",310901,-0.009,-0.003,-0.006,295.7,21.82,22.4
"2020-09-19 19:09:07.7",310902,-0.009,-0.003,-0.006,295.7,21.77,22.34
"2020-09-19 19:09:07.8",310903,-0.009,-0.003,-0.006,295.7,21.77,22.34
"2020-09-19 19:09:07.9",310904,-0.009,-0.002,-0.007,295.7,21.77,22.34
"2020-09-19 19:09:08",310905,-0.009,-0.002,-0.007,295.7,21.77,22.34
"2020-09-19 19:09:08.1",310906,-0.009,-0.002,-0.006,295.7,21.77,22.34
"2020-09-19 19:09:08.2",310907,-0.009,-0.003,-0.006,295.7,21.77,22.34
"2020-09-19 19:09:08.3",310908,-0.009,-0.002,-0.006,295.7,21.77,22.34
"2020-09-19 19:09:08.4",310909,-0.009,-0.002,-0.006,295.7,21.77,22.34
"2020-09-19 19:09:08.5",310910,-0.009,-0.003,-0.006,295.7,21.77,22.34
"2020-09-19 19:09:08.6",310911,-0.009,-0.003,-0.006,295.7,21.77,22.34
"2020-09-19 19:09:08.7",310912,-0.009,-0.002,-0.006,295.7,21.77,22.34
"2020-09-19 19:09:08.8",310913,-0.009,-0.003,-0.006,295.7,21.77,22.34
"2020-09-19 19:09:08.9",310914,-0.009,-0.002,-0.006,295.7,21.77,22.37
"2020-09-19 19:09:09",310915,-0.009,-0.002,-0.006,295.7,21.77,22.34
"2020-09-19 19:09:09.1",310916,-0.009,-0.002,-0.006,295.7,21.77,22.34
"2020-09-19 19:09:09.2",310917,-0.009,-0.003,-0.006,295.7,21.77,22.34
"2020-09-19 19:09:09.3",310918,-0.009,-0.003,-0.006,295.7,21.77,22.34
"2020-09-19 19:09:09.4",310919,-0.009,-0.003,-0.006,295.7,21.77,22.34
"2020-09-19 19:09:09.5",310920,-0.009,-0.002,-0.006,295.7,21.77,22.34
"2020-09-19 19:09:09.6",310921,-0.009,-0.002,-0.006,295.7,21.77,22.34
"2020-09-19 19:09:09.7",310922,-0.009,-0.002,-0.006,295.7,21.77,22.34
"2020-09-19 19:09:09.8",310923,-0.009,-0.002,-0.006,295.7,21.77,22.34
"2020-09-19 19:09:09.9",310924,0.021,-0.002,-0.016,295.7,21.77,22.34
"2020-09-19 19:09:10",310925,0.021,-0.002,-0.016,295.7,21.77,22.34
"2020-09-19 19:09:10.1",310926,0.021,-0.002,-0.016,295.7,21.83,22.38
"2020-09-19 19:09:10.2",310927,0.021,-0.002,-0.016,295.7,21.77,22.34
"2020-09-19 19:09:10.3",310928,0.021,-0.002,-0.016,295.7,21.77,22.34
"2020-09-19 19:09:10.4",310929,0.021,-0.003,-0.016,295.7,21.77,22.34
"2020-09-19 19:09:10.5",310930,0.021,-0.003,-0.016,295.7,21.77,22.34
"2020-09-19 19:09:10.6",310931,0.021,-0.003,-0.016,295.7,21.77,22.34
"2020-09-19 19:09:10.7",310932,0.021,-0.002,-0.016,295.7,21.77,22.34
"2020-09-19 19:09:10.8",310933,0.021,-0.003,-0.016,295.7,21.77,22.34
"2020-09-19 19:09:10.9",310934,0.021,-0.002,-0.016,295.7,21.77,22.34
"2020-09-19 19:09:11",310935,0.021,-0.003,-0.016,295.7,21.77,22.34
"2020-09-19 19:09:11.1",310936,0.021,-0.003,-0.016,295.7,21.77,22.34
"2020-09-19 19:09:11.2",310937,0.021,-0.003,-0.016,295.7,21.77,22.34
"2020-09-19 19:09:11.3",310938,0.021,-0.002,-0.016,295.7,21.77,22.34
"2020-09-19 19:09:11.4",310939,0.021,-0.003,-0.016,295.7,21.77,22.38
"2020-09-19 19:09:11.5",310940,0.021,-0.003,-0.016,295.7,21.77,22.34
"2020-09-19 19:09:11.6",310941,0.021,-0.003,-0.016,295.7,21.77,22.34
"2020-09-19 19:09:11.7",310942,0.021,-0.003,-0.016,295.7,21.77,22.34
"2020-09-19 19:09:11.8",310943,0.021,-0.002,-0.016,295.7,21.77,22.34
"2020-09-19 19:09:11.9",310944,0.021,-0.002,-0.016,295.7,21.77,22.34
"2020-09-19 19:09:12",310945,0.021,-0.003,-0.016,295.7,21.77,22.34
"2020-09-19 19:09:12.1",310946,0.021,-0.003,-0.016,295.7,21.77,22.34
"2020-09-19 19:09:12.2",310947,0.021,-0.002,-0.016,295.7,21.77,22.34
"2020-09-19 19:09:12.3",310948,0.021,-0.002,-0.016,295.7,21.77,22.34
"2020-09-19 19:09:12.4",310949,0.021,-0.003,-0.016,295.7,21.77,22.34
"2020-09-19 19:09:12.5",310950,0.021,-0.002,-0.016,295.7,21.77,22.34
"2020-09-19 19:09:12.6",310951,0.021,-0.002,-0.016,295.7,21.83,22.34
"2020-09-19 19:09:12.7",310952,0.021,-0.003,-0.016,295.7,21.77,22.34
"2020-09-19 19:09:12.8",310953,0.021,-0.002,-0.016,295.7,21.77,22.34
"2020-09-19 19:09:12.9",310954,0.021,-0.002,-0.016,295.7,21.77,22.34
"2020-09-19 19:09:13",310955,0.021,-0.003,-0.016,295.7,21.77,22.34
"2020-09-19 19:09:13.1",310956,0.021,-0.002,-0.016,295.7,21.77,22.34
"2020-09-19 19:09:13.2",310957,0.021,-0.003,-0.016,295.7,21.77,22.34
"2020-09-19 19:09:13.3",310958,0.021,-0.003,-0.016,295.7,21.77,22.34
"2020-09-19 19:09:13.4",310959,-0.009,-0.002,-0.006,295.7,21.77,22.34
"2020-09-19 19:09:13.5",310960,-0.009,-0.002,-0.006,295.7,21.77,22.34
"2020-09-19 19:09:13.6",310961,-0.009,-0.003,-0.006,295.7,21.77,22.34
"2020-09-19 19:09:13.7",310962,-0.009,-0.002,-0.006,295.7,21.77,22.34
"2020-09-19 19:09:13.8",310963,-0.009,-0.003,-0.006,295.7,21.77,22.34
"2020-09-19 19:09:13.9",310964,-0.008,-0.003,-0.006,295.7,21.81,22.38
"2020-09-19 19:09:14",310965,-0.009,-0.002,-0.006,295.7,21.77,22.34
"2020-09-19 19:09:14.1",310966,-0.009,-0.003,-0.006,295.7,21.77,22.34
"2020-09-19 19:09:14.2",310967,-0.009,-0.002,-0.006,295.7,21.77,22.34
"2020-09-19 19:09:14.3",310968,-0.009,-0.002,-0.006,295.7,21.77,22.34
"2020-09-19 19:09:14.4",310969,-0.009,-0.002,-0.006,295.7,21.77,22.34
"2020-09-19 19:09:14.5",310970,-0.009,-0.002,-0.006,295.7,21.77,22.34
"2020-09-19 19:09:14.6",310971,-0.009,-0.003,-0.006,295.7,21.77,22.34
"2020-09-19 19:09:14.7",310972,-0.009,-0.002,-0.006,295.7,21.77,22.34
"2020-09-19 19:09:14.8",310973,-0.009,-0.003,-0.006,295.7,21.77,22.34
"2020-09-19 19:09:14.9",310974,-0.009,-0.002,-0.006,295.7,21.77,22.34
"2020-09-19 19:09:15",310975,-0.009,-0.002,-0.006,295.7,21.77,22.34
"2020-09-19 19:09:15.1",310976,-0.009,-0.002,-0.006,295.7,21.8,22.34
"2020-09-19 19:09:15.2",310977,-0.009,-0.002,-0.006,295.7,21.77,22.35
"2020-09-19 19:09:15.3",310978,-0.009,-0.003,-0.006,295.7,21.77,22.34
"2020-09-19 19:09:15.4",310979,-0.009,-0.003,-0.006,295.7,21.77,22.34
"2020-09-19 19:09:15.5",310980,-0.009,-0.003,-0.006,295.7,21.77,22.34
"2020-09-19 19:09:15.6",310981,-0.008,-0.003,-0.006,295.7,21.77,22.34
"2020-09-19 19:09:15.7",310982,-0.008,-0.002,-0.006,295.7,21.77,22.34
"2020-09-19 19:09:15.8",310983,-0.009,-0.003,-0.006,295.7,21.77,22.34
"2020-09-19 19:09:15.9",310984,-0.009,-0.003,-0.006,295.7,21.77,22.34
"2020-09-19 19:09:16",310985,-0.009,-0.002,-0.006,295.7,21.77,22.34
"2020-09-19 19:09:16.1",310986,-0.009,-0.002,-0.006,295.7,21.77,22.34
"2020-09-19 19:09:16.2",310987,-0.009,-0.002,-0.006,295.7,21.77,22.34
"2020-09-19 19:09:16.3",310988,-0.009,-0.002,-0.006,295.7,21.77,22.34
"2020-09-19 19:09:16.4",310989,-0.009,-0.002,-0.006,295.7,21.81,22.4
"2020-09-19 19:09:16.5",310990,-0.009,-0.002,-0.006,295.7,21.77,22.34
"2020-09-19 19:09:16.6",310991,-0.009,-0.002,-0.006,295.7,21.78,22.34
"2020-09-19 19:09:16.7",310992,0.021,-0.003,-0.016,295.7,21.77,22.34
"2020-09-19 19:09:16.8",310993,0.021,-0.003,-0.016,295.7,21.77,22.34
"2020-09-19 19:09:16.9",310994,0.021,-0.002,-0.016,295.7,21.77,22.34
"2020-09-19 19:09:17",310995,0.021,-0.002,-0.016,295.7,21.77,22.34
"2020-09-19 19:09:17.1",310996,0.021,-0.002,-0.016,295.7,21.77,22.34
"2020-09-19 19:09:17.2",310997,0.021,-0.002,-0.016,295.7,21.77,22.34
"2020-09-19 19:09:17.3",310998,0.021,-0.002,-0.016,295.7,21.77,22.34
"2020-09-19 19:09:17.4",310999,0.021,-0.003,-0.016,295.7,21.77,22.34
"2020-09-19 19:09:17.5",311000,0.021,-0.002,-0.016,295.7,21.77,22.34
"2020-09-19 19:09:17.6",311001,0.021,-0.003,-0.016,295.7,21.77,22.34
"2020-09-19 19:09:17.7",311002,0.021,-0.003,-0.016,295.7,21.77,22.34
"2020-09-19 19:09:17.8",311003,0.021,-0.003,-0.016,295.7,21.77,22.34
"2020-09-19 19:09:17.9",311004,0.021,-0.002,-0.016,295.7,21.77,22.34
"2020-09-19 19:09:18",311005,0.021,-0.002,-0.016,295.7,21.77,22.34
"2020-09-19 19:09:18.1",311006,0.021,-0.002,-0.016,295.7,21.77,22.34
"2020-09-19 19:09:18.2",311007,0.06,-0.041,-0.006,295.7,21.77,22.34
"2020-09-19 19:09:18.3",311008,0.06,-0.042,-0.006,295.7,21.77,22.34
"2020-09-19 19:09:18.4",311009,0.07,-0.003,0.015,295.7,21.77,22.34
"2020-09-19 19:09:18.5",311010,0.07,-0.002,0.015,295.7,21.77,22.34
"2020-09-19 19:09:18.6",311011,0.07,-0.002,0.015,295.7,21.77,22.35
"2020-09-19 19:09:18.7",311012,0.06,-0.042,-0.006,295.7,21.77,22.35
"2020-09-19 19:09:18.8",311013,0.06,-0.041,-0.006,295.7,21.77,22.34
"2020-09-19 19:09:18.9",311014,0.021,-0.002,-0.016,295.7,21.83,22.4
"2020-09-19 19:09:19",311015,0.021,-0.002,-0.016,295.7,21.77,22.34
"2020-09-19 19:09:19.1",311016,0.021,-0.003,-0.016,295.7,21.77,22.34
"2020-09-19 19:09:19.2",311017,-0.009,-0.002,-0.006,295.7,21.77,22.34
"2020-09-19 19:09:19.3",311018,-0.009,-0.002,-0.006,295.7,21.77,22.34
"2020-09-19 19:09:19.4",311019,0.011,-0.041,0.024,295.7,21.77,22.34
"2020-09-19 19:09:19.5",311020,0.011,-0.041,0.024,295.7,21.77,22.34
"2020-09-19 19:09:19.6",311021,0.011,-0.042,0.024,295.7,21.77,22.34
"2020-09-19 19:09:19.7",311022,0.012,-0.041,0.024,295.7,21.77,22.34
"2020-09-19 19:09:19.8",311023,0.011,-0.041,0.024,295.7,21.77,22.34
"2020-09-19 19:09:19.9",311024,0.011,-0.042,0.024,295.7,21.77,22.34
"2020-09-19 19:09:20",311025,0.012,-0.042,0.024,295.7,21.77,22.34
"2020-09-19 19:09:20.1",311026,0.011,-0.042,0.024,295.7,21.77,22.34
"2020-09-19 19:09:20.2",311027,0.012,-0.041,0.025,295.8,21.77,22.37
"2020-09-19 19:09:20.3",311028,0.012,-0.042,0.024,295.8,21.77,22.34
"2020-09-19 19:09:20.4",311029,0.011,-0.042,0.024,295.8,21.77,22.34
"2020-09-19 19:09:20.5",311030,0.011,-0.041,0.024,295.8,21.77,22.34
"2020-09-19 19:09:20.6",311031,0.011,-0.042,0.024,295.8,21.77,22.34
"2020-09-19 19:09:20.7",311032,0.012,-0.041,0.024,295.8,21.77,22.34
"2020-09-19 19:09:20.8",311033,0.011,-0.041,0.024,295.8,21.77,22.34
"2020-09-19 19:09:20.9",311034,-0.019,-0.003,0.015,295.8,21.77,22.34
"2020-09-19 19:09:21",311035,-0.018,-0.002,0.015,295.8,21.77,22.34
"2020-09-19 19:09:21.1",311036,-0.019,-0.002,0.015,295.8,21.77,22.34
"2020-09-19 19:09:21.2",311037,-0.009,-0.002,-0.006,295.8,21.77,22.34
"2020-09-19 19:09:21.3",311038,-0.009,-0.003,-0.006,295.8,21.77,22.34
"2020-09-19 19:09:21.4",311039,-0.008,-0.003,-0.006,295.8,21.83,22.38
"2020-09-19 19:09:21.5",311040,-0.009,-0.003,-0.006,295.8,21.77,22.34
"2020-09-19 19:09:21.6",311041,-0.009,-0.003,-0.006,295.8,21.77,22.34
"2020-09-19 19:09:21.7",311042,0.011,0.008,0.024,295.8,21.77,22.34
"2020-09-19 19:09:21.8",311043,0.011,0.008,0.024,295.8,21.77,22.34
"2020-09-19 19:09:21.9",311044,0.05,0.018,-0.006,295.7,21.77,22.34
"2020-09-19 19:09:22",311045,0.05,0.018,-0.006,295.7,21.77,22.34
"2020-09-19 19:09:22.1",311046,0.051,0.018,-0.006,295.7,21.77,22.34
"2020-09-19 19:09:22.2",311047,0.05,0.018,-0.006,295.7,21.77,22.34
"2020-09-19 19:09:22.3",311048,0.051,0.018,-0.006,295.7,21.77,22.34
"2020-09-19 19:09:22.4",311049,0.05,0.018,-0.006,295.6,21.77,22.34
"2020-09-19 19:09:22.5",311050,0.05,0.018,-0.006,295.6,21.77,22.34
"2020-09-19 19:09:22.6",311051,0.05,0.018,-0.006,295.6,21.77,22.34
"2020-09-19 19:09:22.7",311052,0.05,0.018,-0.006,295.6,21.77,22.39
"2020-09-19 19:09:22.8",311053,0.051,0.018,-0.006,295.6,21.77,22.35
"2020-09-19 19:09:22.9",311054,0.051,0.018,-0.006,295.6,21.77,22.35
"2020-09-19 19:09:23",311055,0.051,0.018,-0.006,295.6,21.77,22.34
"2020-09-19 19:09:23.1",311056,0.05,0.018,-0.006,295.6,21.77,22.34
"2020-09-19 19:09:23.2",311057,0.021,-0.003,-0.016,295.7,21.77,22.34
"2020-09-19 19:09:23.3",311058,0.021,-0.002,-0.016,295.7,21.77,22.34
"2020-09-19 19:09:23.4",311059,0.021,-0.002,-0.016,295.7,21.77,22.34
"2020-09-19 19:09:23.5",311060,0.021,-0.003,-0.016,295.7,21.77,22.34
"2020-09-19 19:09:23.6",311061,0.021,-0.003,-0.016,295.7,21.77,22.34
"2020-09-19 19:09:23.7",311062,0.021,-0.002,-0.016,295.7,21.77,22.34
"2020-09-19 19:09:23.8",311063,0.021,-0.002,-0.016,295.7,21.77,22.34
"2020-09-19 19:09:23.9",311064,0.021,-0.002,-0.016,295.7,21.83,22.34
"2020-09-19 19:09:24",311065,0.021,-0.002,-0.016,295.7,21.77,22.34
"2020-09-19 19:09:24.1",311066,0.021,-0.003,-0.016,295.7,21.77,22.34
"2020-09-19 19:09:24.2",311067,0.021,-0.002,-0.016,295.7,21.77,22.34
"2020-09-19 19:09:24.3",311068,0.021,-0.003,-0.016,295.7,21.77,22.34
"2020-09-19 19:09:24.4",311069,0.05,0.018,-0.006,295.6,21.77,22.34
"2020-09-19 19:09:24.5",311070,0.051,0.018,-0.006,295.6,21.77,22.34
"2020-09-19 19:09:24.6",311071,0.05,0.018,-0.006,295.6,21.77,22.34
"2020-09-19 19:09:24.7",311072,0.05,0.018,-0.006,295.6,21.77,22.34
"2020-09-19 19:09:24.8",311073,0.05,0.018,-0.006,295.6,21.77,22.34
"2020-09-19 19:09:24.9",311074,0.051,0.018,-0.007,295.6,21.77,22.34
"2020-09-19 19:09:25",311075,0.051,0.018,-0.006,295.6,21.77,22.34
"2020-09-19 19:09:25.1",311076,0.051,0.018,-0.006,295.6,21.77,22.34
"2020-09-19 19:09:25.2",311077,0.051,0.018,-0.006,295.6,21.82,22.38
"2020-09-19 19:09:25.3",311078,0.051,0.018,-0.006,295.6,21.77,22.34
"2020-09-19 19:09:25.4",311079,0.021,-0.002,-0.016,295.7,21.77,22.34
"2020-09-19 19:09:25.5",311080,0.021,-0.002,-0.016,295.7,21.77,22.34
"2020-09-19 19:09:25.6",311081,0.021,-0.003,-0.016,295.7,21.77,22.34
"2020-09-19 19:09:25.7",311082,0.021,-0.002,-0.016,295.7,21.77,22.34
"2020-09-19 19:09:25.8",311083,0.021,-0.002,-0.016,295.7,21.77,22.34
"2020-09-19 19:09:25.9",311084,0.021,-0.003,-0.016,295.7,21.77,22.34
"2020-09-19 19:09:26",311085,0.021,-0.003,-0.016,295.7,21.77,22.34
"2020-09-19 19:09:26.1",311086,0.021,-0.002,-0.016,295.7,21.77,22.34
"2020-09-19 19:09:26.2",311087,0.021,-0.002,-0.016,295.7,21.77,22.34
"2020-09-19 19:09:26.3",311088,0.021,-0.002,-0.016,295.7,21.77,22.34
"2020-09-19 19:09:26.4",311089,0.011,-0.042,-0.036,295.6,21.8,22.34
"2020-09-19 19:09:26.5",311090,0.011,-0.042,-0.036,295.6,21.77,22.34
"2020-09-19 19:09:26.6",311091,0.011,-0.042,-0.036,295.6,21.77,22.34
"2020-09-19 19:09:26.7",311092,0.011,-0.042,-0.036,295.6,21.77,22.34
"2020-09-19 19:09:26.8",311093,0.011,-0.041,-0.036,295.6,21.77,22.34
"2020-09-19 19:09:26.9",311094,0.011,-0.042,-0.036,295.6,21.77,22.34
"2020-09-19 19:09:27",311095,0.011,-0.042,-0.036,295.6,21.77,22.34
"2020-09-19 19:09:27.1",311096,0.011,-0.041,-0.036,295.6,21.77,22.34
"2020-09-19 19:09:27.2",311097,0.011,-0.041,-0.036,295.6,21.77,22.34
"2020-09-19 19:09:27.3",311098,0.011,-0.041,-0.035,295.6,21.77,22.34
"2020-09-19 19:09:27.4",311099,0.021,-0.003,-0.016,295.7,21.77,22.34
"2020-09-19 19:09:27.5",311100,0.021,-0.002,-0.016,295.7,21.77,22.34
"2020-09-19 19:09:27.6",311101,0.021,-0.003,-0.016,295.7,21.77,22.34
"2020-09-19 19:09:27.7",311102,0.021,-0.002,-0.016,295.7,21.81,22.4
"2020-09-19 19:09:27.8",311103,0.021,-0.003,-0.016,295.7,21.77,22.34
"2020-09-19 19:09:27.9",311104,0.021,-0.003,-0.016,295.7,21.77,22.34
"2020-09-19 19:09:28",311105,0.021,-0.002,-0.016,295.7,21.77,22.34
"2020-09-19 19:09:28.1",311106,0.021,-0.003,-0.016,295.7,21.77,22.34
"2020-09-19 19:09:28.2",311107,0.021,-0.003,-0.016,295.7,21.77,22.34
"2020-09-19 19:09:28.3",311108,0.021,-0.003,-0.016,295.7,21.77,22.34
"2020-09-19 19:09:28.4",311109,0.021,-0.002,-0.016,295.7,21.77,22.34
"2020-09-19 19:09:28.5",311110,0.021,-0.003,-0.016,295.7,21.77,22.34
"2020-09-19 19:09:28.6",311111,0.021,-0.002,-0.016,295.7,21.77,22.34
"2020-09-19 19:09:28.7",311112,0.05,0.018,-0.006,295.6,21.77,22.34
"2020-09-19 19:09:28.8",311113,0.05,0.018,-0.006,295.6,21.77,22.34
"2020-09-19 19:09:28.9",311114,0.05,0.018,-0.006,295.6,21.77,22.34
"2020-09-19 19:09:29",311115,0.051,0.018,-0.006,295.6,21.77,22.34
"2020-09-19 19:09:29.1",311116,0.05,0.018,-0.007,295.6,21.77,22.34
"2020-09-19 19:09:29.2",311117,0.051,0.018,-0.006,295.6,21.77,22.34
"2020-09-19 19:09:29.3",311118,0.051,0.018,-0.006,295.6,21.77,22.34
"2020-09-19 19:09:29.4",311119,0.05,0.018,-0.006,295.6,21.77,22.34
"2020-09-19 19:09:29.5",311120,0.05,0.018,-0.006,295.6,21.77,22.34
"2020-09-19 19:09:29.6",311121,0.05,0.018,-0.006,295.6,21.77,22.34
"2020-09-19 19:09:29.7",311122,0.05,0.018,-0.006,295.6,21.77,22.34
"2020-09-19 19:09:29.8",311123,0.051,0.018,-0.007,295.6,21.77,22.34
"2020-09-19 19:09:29.9",311124,0.05,0.018,-0.006,295.6,21.77,22.34
"2020-09-19 19:09:30",311125,0.05,0.018,-0.006,295.6,21.77,22.34
"2020-09-19 19:09:30.1",311126,0.05,0.018,-0.006,295.6,21.77,22.34
"2020-09-19 19:09:30.2",311127,0.05,0.018,-0.006,295.6,21.82,22.4
"2020-09-19 19:09:30.3",311128,0.051,0.018,-0.006,295.6,21.77,22.34
"2020-09-19 19:09:30.4",311129,0.05,0.018,-0.006,295.6,21.77,22.34
"2020-09-19 19:09:30.5",311130,0.05,0.018,-0.006,295.6,21.77,22.34
"2020-09-19 19:09:30.6",311131,0.051,0.018,-0.006,295.6,21.77,22.34
"2020-09-19 19:09:30.7",311132,0.05,0.018,-0.006,295.6,21.77,22.34
"2020-09-19 19:09:30.8",311133,0.051,0.018,-0.006,295.6,21.77,22.34
"2020-09-19 19:09:30.9",311134,0.06,-0.012,0.005,295.7,21.77,22.34
"2020-09-19 19:09:31",311135,0.06,-0.012,0.005,295.7,21.77,22.34
"2020-09-19 19:09:31.1",311136,0.06,-0.012,0.005,295.7,21.77,22.34
"2020-09-19 19:09:31.2",311137,0.031,-0.012,0.044,295.8,21.77,22.34
"2020-09-19 19:09:31.3",311138,0.031,-0.012,0.044,295.8,21.77,22.34
"2020-09-19 19:09:31.4",311139,0.104,-0.051,0.034,295.8,21.77,22.34
"2020-09-19 19:09:31.5",311140,0.104,-0.051,0.034,295.8,21.77,22.36
"2020-09-19 19:09:31.6",311141,0.104,-0.051,0.034,295.8,21.78,22.34
"2020-09-19 19:09:31.7",311142,0.05,-0.002,0.063,295.8,21.77,22.34
"2020-09-19 19:09:31.8",311143,0.05,-0.003,0.063,295.8,21.77,22.34
"2020-09-19 19:09:31.9",311144,0.104,-0.003,0.034,295.7,21.77,22.34
"2020-09-19 19:09:32",311145,0.104,-0.002,0.034,295.7,21.77,22.34
"2020-09-19 19:09:32.1",311146,0.104,-0.002,0.034,295.7,21.77,22.34
"2020-09-19 19:09:32.2",311147,0.011,-0.042,0.024,295.7,21.77,22.34
"2020-09-19 19:09:32.3",311148,0.011,-0.042,0.025,295.7,21.77,22.34
"2020-09-19 19:09:32.4",311149,0.06,-0.042,-0.006,295.7,21.77,22.34
"2020-09-19 19:09:32.5",311150,0.06,-0.042,-0.006,295.7,21.77,22.34
"2020-09-19 19:09:32.6",311151,0.06,-0.042,-0.006,295.7,21.77,22.34
"2020-09-19 19:09:32.7",311152,0.031,-0.012,0.044,295.7,21.83,22.39
"2020-09-19 19:09:32.8",311153,0.031,-0.012,0.044,295.7,21.77,22.34
"2020-09-19 19:09:32.9",311154,0.031,-0.012,0.044,295.7,21.77,22.34
"2020-09-19 19:09:33",311155,0.031,-0.012,0.044,295.7,21.78,22.34
"2020-09-19 19:09:33.1",311156,0.031,-0.012,0.044,295.7,21.77,22.34
"2020-09-19 19:09:33.2",311157,0.05,-0.002,0.063,295.8,21.77,22.34
"2020-09-19 19:09:33.3",311158,0.051,-0.003,0.063,295.8,21.77,22.34
"2020-09-19 19:09:33.4",311159,0.031,-0.002,0.107,295.9,21.77,22.34
"2020-09-19 19:09:33.5",311160,0.031,-0.003,0.107,295.9,21.77,22.34
"2020-09-19 19:09:33.6",311161,0.031,-0.003,0.107,295.9,21.77,22.34
"2020-09-19 19:09:33.7",311162,0.021,0.018,0.083,296,21.77,22.34
"2020-09-19 19:09:33.8",311163,0.021,0.018,0.083,296,21.77,22.34
"2020-09-19 19:09:33.9",311164,-0.009,-0.003,0.063,296,21.77,22.34
"2020-09-19 19:09:34",311165,-0.009,-0.002,0.063,296,21.77,22.38
"2020-09-19 19:09:34.1",311166,-0.008,-0.003,0.063,296,21.77,22.34
"2020-09-19 19:09:34.2",311167,0.05,0.008,0.063,296,21.77,22.34
"2020-09-19 19:09:34.3",311168,0.05,0.008,0.063,296,21.77,22.34
"2020-09-19 19:09:34.4",311169,0.031,-0.012,0.044,295.9,21.77,22.34
"2020-09-19 19:09:34.5",311170,0.031,-0.012,0.044,295.9,21.77,22.34
"2020-09-19 19:09:34.6",311171,0.031,-0.012,0.044,295.9,21.77,22.34
"2020-09-19 19:09:34.7",311172,0.011,-0.042,0.024,295.8,21.77,22.34
"2020-09-19 19:09:34.8",311173,0.011,-0.042,0.024,295.8,21.77,22.34
"2020-09-19 19:09:34.9",311174,0.011,-0.042,0.024,295.8,21.77,22.34
"2020-09-19 19:09:35",311175,0.012,-0.042,0.024,295.8,21.77,22.34
"2020-09-19 19:09:35.1",311176,0.011,-0.041,0.024,295.8,21.77,22.34
"2020-09-19 19:09:35.2",311177,0.06,-0.042,-0.006,295.8,21.83,22.35
"2020-09-19 19:09:35.3",311178,0.06,-0.041,-0.006,295.8,21.77,22.34
"2020-09-19 19:09:35.4",311179,-0.009,-0.002,-0.006,295.7,21.77,22.34
"2020-09-19 19:09:35.5",311180,-0.009,-0.002,-0.006,295.7,21.77,22.34
"2020-09-19 19:09:35.6",311181,-0.009,-0.003,-0.006,295.7,21.77,22.34
"2020-09-19 19:09:35.7",311182,0.021,-0.002,-0.016,295.7,21.77,22.34
"2020-09-19 19:09:35.8",311183,0.021,-0.002,-0.016,295.7,21.77,22.34
"2020-09-19 19:09:35.9",311184,0.021,-0.003,-0.016,295.7,21.77,22.34
"2020-09-19 19:09:36",311185,0.021,-0.002,-0.016,295.7,21.77,22.34
"2020-09-19 19:09:36.1",311186,0.021,-0.003,-0.016,295.7,21.77,22.34
"2020-09-19 19:09:36.2",311187,0.021,-0.002,-0.016,295.7,21.77,22.34
"2020-09-19 19:09:36.3",311188,0.021,-0.003,-0.016,295.7,21.77,22.34
"2020-09-19 19:09:36.4",311189,0.021,-0.003,-0.016,295.7,21.77,22.34
"2020-09-19 19:09:36.5",311190,0.021,-0.003,-0.016,295.7,21.81,22.38
"2020-09-19 19:09:36.6",311191,0.021,-0.003,-0.016,295.7,21.77,22.34
"2020-09-19 19:09:36.7",311192,0.021,-0.003,-0.016,295.7,21.77,22.34
"2020-09-19 19:09:36.8",311193,0.021,-0.002,-0.016,295.7,21.77,22.34
"2020-09-19 19:09:36.9",311194,0.031,-0.012,0.044,295.7,21.77,22.34
"2020-09-19 19:09:37",311195,0.031,-0.012,0.044,295.7,21.77,22.34
"2020-09-19 19:09:37.1",311196,0.031,-0.012,0.044,295.7,21.77,22.35
"2020-09-19 19:09:37.2",311197,0.031,-0.012,0.044,295.7,21.77,22.34
"2020-09-19 19:09:37.3",311198,0.031,-0.012,0.044,295.7,21.77,22.34
"2020-09-19 19:09:37.4",311199,0.011,-0.041,0.025,295.7,21.77,22.34
"2020-09-19 19:09:37.5",311200,0.012,-0.041,0.024,295.7,21.77,22.34
"2020-09-19 19:09:37.6",311201,0.012,-0.042,0.024,295.7,21.77,22.35
"2020-09-19 19:09:37.7",311202,0.012,-0.041,0.024,295.7,21.8,22.34
"2020-09-19 19:09:37.8",311203,0.011,-0.042,0.024,295.7,21.77,22.34
"2020-09-19 19:09:37.9",311204,0.011,-0.042,0.024,295.7,21.77,22.34
"2020-09-19 19:09:38",311205,0.011,-0.041,0.024,295.7,21.77,22.34
"2020-09-19 19:09:38.1",311206,0.011,-0.042,0.024,295.7,21.77,22.34
"2020-09-19 19:09:38.2",311207,0.012,-0.041,0.024,295.7,21.77,22.34
"2020-09-19 19:09:38.3",311208,0.011,-0.041,0.024,295.7,21.77,22.34
"2020-09-19 19:09:38.4",311209,0.011,-0.041,0.024,295.7,21.77,22.34
"2020-09-19 19:09:38.5",311210,0.012,-0.041,0.024,295.7,21.77,22.34
"2020-09-19 19:09:38.6",311211,0.011,-0.041,0.025,295.7,21.77,22.34
"2020-09-19 19:09:38.7",311212,0.06,-0.041,-0.006,295.8,21.77,22.34
"2020-09-19 19:09:38.8",311213,0.06,-0.042,-0.006,295.8,21.77,22.34
"2020-09-19 19:09:38.9",311214,0.031,-0.012,0.044,295.7,21.77,22.34
"2020-09-19 19:09:39",311215,0.031,-0.012,0.044,295.7,21.81,22.4
"2020-09-19 19:09:39.1",311216,0.031,-0.012,0.044,295.7,21.77,22.34
"2020-09-19 19:09:39.2",311217,0.031,-0.012,0.044,295.7,21.77,22.34
"2020-09-19 19:09:39.3",311218,0.031,-0.012,0.044,295.7,21.77,22.34
"2020-09-19 19:09:39.4",311219,0.06,-0.012,0.005,295.8,21.77,22.34
"2020-09-19 19:09:39.5",311220,0.06,-0.012,0.005,295.8,21.77,22.34
"2020-09-19 19:09:39.6",311221,0.06,-0.012,0.005,295.8,21.77,22.34
"2020-09-19 19:09:39.7",311222,0.002,-0.002,0.015,295.8,21.77,22.34
"2020-09-19 19:09:39.8",311223,0.002,-0.002,0.014,295.8,21.77,22.34
"2020-09-19 19:09:39.9",311224,0.001,-0.002,0.015,295.8,21.77,22.34
"2020-09-19 19:09:40",311225,0.002,-0.002,0.015,295.8,21.77,22.34
"2020-09-19 19:09:40.1",311226,0.002,-0.003,0.014,295.8,21.77,22.34
"2020-09-19 19:09:40.2",311227,0.031,-0.012,0.044,295.8,21.77,22.34
"2020-09-19 19:09:40.3",311228,0.031,-0.012,0.044,295.8,21.77,22.34
"2020-09-19 19:09:40.4",311229,0.031,-0.012,0.044,295.8,21.77,22.34
"2020-09-19 19:09:40.5",311230,0.031,-0.012,0.044,295.8,21.77,22.34
"2020-09-19 19:09:40.6",311231,0.031,-0.012,0.044,295.8,21.77,22.34
"2020-09-19 19:09:40.7",311232,0.011,-0.042,0.024,295.9,21.77,22.34
"2020-09-19 19:09:40.8",311233,0.011,-0.042,0.024,295.9,21.77,22.35
"2020-09-19 19:09:40.9",311234,-0.009,-0.002,-0.006,295.9,21.77,22.34
"2020-09-19 19:09:41",311235,-0.009,-0.002,-0.006,295.9,21.77,22.34
"2020-09-19 19:09:41.1",311236,-0.009,-0.003,-0.006,295.9,21.77,22.34
"2020-09-19 19:09:41.2",311237,0.011,0.008,0.024,295.9,21.77,22.34
"2020-09-19 19:09:41.3",311238,0.011,0.008,0.024,295.9,21.77,22.34
"2020-09-19 19:09:41.4",311239,0.011,0.008,0.024,295.9,21.77,22.34
"2020-09-19 19:09:41.5",311240,0.012,0.008,0.024,295.9,21.83,22.4
"2020-09-19 19:09:41.6",311241,0.011,0.008,0.024,295.9,21.77,22.34
"2020-09-19 19:09:41.7",311242,-0.009,0.008,0.044,295.9,21.77,22.34
"2020-09-19 19:09:41.8",311243,-0.009,0.008,0.044,295.9,21.77,22.34
"2020-09-19 19:09:41.9",311244,-0.009,-0.002,0.073,296,21.77,22.34
"2020-09-19 19:09:42",311245,-0.009,-0.003,0.073,296,21.77,22.34
"2020-09-19 19:09:42.1",311246,-0.009,-0.002,0.073,296,21.77,22.34
"2020-09-19 19:09:42.2",311247,-0.009,0.008,0.044,296.1,21.77,22.34
"2020-09-19 19:09:42.3",311248,-0.009,0.008,0.044,296.1,21.77,22.34
"2020-09-19 19:09:42.4",311249,-0.009,-0.003,0.073,296,21.77,22.34
"2020-09-19 19:09:42.5",311250,-0.009,-0.003,0.073,296,21.77,22.34
"2020-09-19 19:09:42.6",311251,-0.009,-0.003,0.073,296,21.77,22.34
"2020-09-19 19:09:42.7",311252,-0.009,-0.002,0.073,296,21.77,22.34
"2020-09-19 19:09:42.8",311253,-0.009,-0.003,0.073,296,21.77,22.38
"2020-09-19 19:09:42.9",311254,-0.009,-0.002,0.073,296,21.77,22.34
"2020-09-19 19:09:43",311255,-0.009,-0.002,0.073,296,21.77,22.34
"2020-09-19 19:09:43.1",311256,-0.009,-0.002,0.073,296,21.77,22.35
"2020-09-19 19:09:43.2",311257,-0.009,-0.003,0.073,296,21.77,22.34
"2020-09-19 19:09:43.3",311258,-0.009,-0.003,0.073,296,21.77,22.34
"2020-09-19 19:09:43.4",311259,-0.009,-0.012,0.063,295.9,21.77,22.34
"2020-09-19 19:09:43.5",311260,-0.009,-0.012,0.063,295.9,21.77,22.35
"2020-09-19 19:09:43.6",311261,-0.009,-0.012,0.063,295.9,21.77,22.34
"2020-09-19 19:09:43.7",311262,-0.009,-0.002,0.044,296,21.77,22.34
"2020-09-19 19:09:43.8",311263,-0.009,-0.003,0.044,296,21.77,22.34
"2020-09-19 19:09:43.9",311264,-0.009,-0.012,0.063,296,21.77,22.34
"2020-09-19 19:09:44",311265,-0.009,-0.012,0.063,296,21.83,22.37
"2020-09-19 19:09:44.1",311266,-0.009,-0.012,0.063,296,21.77,22.34
"2020-09-19 19:09:44.2",311267,-0.009,-0.003,0.073,296,21.77,22.34
"2020-09-19 19:09:44.3",311268,-0.009,-0.003,0.073,296,21.77,22.34
"2020-09-19 19:09:44.4",311269,-0.009,-0.003,0.073,296,21.77,22.34
"2020-09-19 19:09:44.5",311270,-0.009,-0.002,0.073,296,21.77,22.34
"2020-09-19 19:09:44.6",311271,-0.009,-0.003,0.073,296,21.77,22.34
"2020-09-19 19:09:44.7",311272,0.011,0.008,0.093,296.1,21.77,22.34
"2020-09-19 19:09:44.8",311273,0.012,0.008,0.093,296.1,21.77,22.34
"2020-09-19 19:09:44.9",311274,0.012,0.008,0.093,296,21.77,22.34
"2020-09-19 19:09:45",311275,0.011,0.008,0.093,296,21.77,22.34
"2020-09-19 19:09:45.1",311276,0.012,0.008,0.093,296,21.77,22.34
"2020-09-19 19:09:45.2",311277,-0.009,-0.003,0.073,296,21.77,22.34
"2020-09-19 19:09:45.3",311278,-0.009,-0.002,0.073,296,21.78,22.38
"2020-09-19 19:09:45.4",311279,-0.009,0.038,0.064,295.9,21.77,22.34
"2020-09-19 19:09:45.5",311280,-0.009,0.037,0.063,295.9,21.77,22.34
"2020-09-19 19:09:45.6",311281,-0.009,0.037,0.063,295.9,21.77,22.34
"2020-09-19 19:09:45.7",311282,0.031,0.037,0.044,295.9,21.77,22.34
"2020-09-19 19:09:45.8",311283,0.031,0.038,0.044,295.9,21.77,22.34
"2020-09-19 19:09:45.9",311284,0.041,-0.012,0.107,295.9,21.77,22.34
"2020-09-19 19:09:46",311285,0.041,-0.012,0.107,295.9,21.77,22.34
"2020-09-19 19:09:46.1",311286,0.041,-0.012,0.107,295.9,21.77,22.34
"2020-09-19 19:09:46.2",311287,0.041,-0.012,0.107,295.9,21.77,22.34
"2020-09-19 19:09:46.3",311288,0.041,-0.012,0.107,295.9,21.77,22.34
"2020-09-19 19:09:46.4",311289,0.011,-0.002,0.083,295.9,21.77,22.34
"2020-09-19 19:09:46.5",311290,0.011,-0.002,0.083,295.9,21.82,22.34
"2020-09-19 19:09:46.6",311291,0.012,-0.002,0.083,295.9,21.77,22.34
"2020-09-19 19:09:46.7",311292,0.011,-0.002,0.083,295.9,21.77,22.34
"2020-09-19 19:09:46.8",311293,0.011,-0.003,0.083,295.9,21.77,22.34
"2020-09-19 19:09:46.9",311294,-0.009,-0.003,0.073,296,21.77,22.34
"2020-09-19 19:09:47",311295,-0.009,-0.002,0.073,296,21.77,22.34
"2020-09-19 19:09:47.1",311296,-0.009,-0.002,0.073,296,21.77,22.34
"2020-09-19 19:09:47.2",311297,-0.009,-0.002,0.073,296,21.77,22.34
"2020-09-19 19:09:47.3",311298,-0.009,-0.002,0.073,296,21.77,22.34
"2020-09-19 19:09:47.4",311299,-0.009,0.047,0.073,296.1,21.77,22.34
"2020-09-19 19:09:47.5",311300,-0.009,0.047,0.073,296.1,21.77,22.34
"2020-09-19 19:09:47.6",311301,-0.009,0.047,0.073,296.1,21.77,22.34
"2020-09-19 19:09:47.7",311302,0.011,0.008,0.093,296,21.77,22.34
"2020-09-19 19:09:47.8",311303,0.011,0.008,0.093,296,21.82,22.39
"2020-09-19 19:09:47.9",311304,0.011,0.008,0.093,296,21.78,22.34
"2020-09-19 19:09:48",311305,0.011,0.008,0.093,296,21.78,22.34
"2020-09-19 19:09:48.1",311306,0.011,0.008,0.093,296,21.79,22.34
"2020-09-19 19:09:48.2",311307,0.011,0.008,0.093,296.1,21.79,22.34
"2020-09-19 19:09:48.3",311308,0.011,0.008,0.093,296.1,21.79,22.34
"2020-09-19 19:09:48.4",311309,-0.009,-0.002,0.073,296.1,21.79,22.34
"2020-09-19 19:09:48.5",311310,-0.009,-0.003,0.073,296.1,21.79,22.34
"2020-09-19 19:09:48.6",311311,-0.009,-0.002,0.073,296.1,21.79,22.34
"2020-09-19 19:09:48.7",311312,-0.009,-0.002,0.073,296.1,21.79,22.34
"2020-09-19 19:09:48.8",311313,-0.009,-0.003,0.073,296.1,21.79,22.34
"2020-09-19 19:09:48.9",311314,-0.009,-0.002,0.073,296.1,21.79,22.34
"2020-09-19 19:09:49",311315,-0.009,-0.002,0.073,296.1,21.8,22.34
"2020-09-19 19:09:49.1",311316,-0.009,-0.003,0.073,296.1,21.79,22.34
"2020-09-19 19:09:49.2",311317,0.011,0.008,0.093,296,21.79,22.34
"2020-09-19 19:09:49.3",311318,0.011,0.008,0.093,296,21.79,22.34
"2020-09-19 19:09:49.4",311319,-0.009,-0.002,0.073,296,21.79,22.34
"2020-09-19 19:09:49.5",311320,-0.009,-0.002,0.073,296,21.79,22.34
"2020-09-19 19:09:49.6",311321,-0.009,-0.002,0.073,296,21.79,22.34
"2020-09-19 19:09:49.7",311322,-0.009,0.008,0.044,296,21.79,22.34
"2020-09-19 19:09:49.8",311323,-0.009,0.008,0.044,296,21.79,22.34
"2020-09-19 19:09:49.9",311324,0.031,0.037,0.044,295.9,21.79,22.34
"2020-09-19 19:09:50",311325,0.031,0.037,0.044,295.9,21.79,22.34
"2020-09-19 19:09:50.1",311326,0.031,0.038,0.044,295.9,21.79,22.34
"2020-09-19 19:09:50.2",311327,0.051,-0.002,0.064,295.9,21.79,22.34
"2020-09-19 19:09:50.3",311328,0.051,-0.002,0.064,295.9,21.82,22.4
"2020-09-19 19:09:50.4",311329,-0.009,-0.012,0.064,295.8,21.79,22.34
"2020-09-19 19:09:50.5",311330,-0.009,-0.012,0.063,295.8,21.79,22.34
"2020-09-19 19:09:50.6",311331,-0.009,-0.012,0.063,295.8,21.79,22.34
"2020-09-19 19:09:50.7",311332,-0.009,-0.012,0.063,295.8,21.79,22.34
"2020-09-19 19:09:50.8",311333,-0.009,-0.012,0.063,295.8,21.79,22.34
"2020-09-19 19:09:50.9",311334,-0.009,-0.003,0.034,295.9,21.79,22.34
"2020-09-19 19:09:51",311335,-0.009,-0.002,0.034,295.9,21.79,22.34
"2020-09-19 19:09:51.1",311336,-0.009,-0.003,0.034,295.9,21.79,22.34
"2020-09-19 19:09:51.2",311337,0.002,-0.002,0.014,295.9,21.79,22.34
"2020-09-19 19:09:51.3",311338,0.002,-0.003,0.015,295.9,21.79,22.34
"2020-09-19 19:09:51.4",311339,0.002,-0.003,0.014,295.9,21.79,22.34
"2020-09-19 19:09:51.5",311340,0.002,-0.003,0.014,295.9,21.79,22.34
"2020-09-19 19:09:51.6",311341,0.002,-0.003,0.014,295.9,21.79,22.35
"2020-09-19 19:09:51.7",311342,-0.009,-0.002,0.034,295.9,21.79,22.34
"2020-09-19 19:09:51.8",311343,-0.009,-0.003,0.034,295.9,21.79,22.34
"2020-09-19 19:09:51.9",311344,0.031,-0.012,0.044,295.8,21.79,22.34
"2020-09-19 19:09:52",311345,0.031,-0.012,0.044,295.8,21.79,22.34
"2020-09-19 19:09:52.1",311346,0.031,-0.012,0.044,295.8,21.79,22.34
"2020-09-19 19:09:52.2",311347,0.031,-0.012,0.044,295.8,21.79,22.34
"2020-09-19 19:09:52.3",311348,0.031,-0.012,0.044,295.8,21.79,22.34
"2020-09-19 19:09:52.4",311349,-0.009,-0.012,0.063,295.8,21.79,22.34
"2020-09-19 19:09:52.5",311350,-0.009,-0.012,0.063,295.8,21.79,22.34
"2020-09-19 19:09:52.6",311351,-0.009,-0.012,0.063,295.8,21.79,22.34
"2020-09-19 19:09:52.7",311352,-0.009,-0.013,0.063,295.8,21.79,22.34
"2020-09-19 19:09:52.8",311353,-0.009,-0.012,0.063,295.8,21.85,22.4
"2020-09-19 19:09:52.9",311354,0.031,-0.012,0.044,295.8,21.79,22.34
"2020-09-19 19:09:53",311355,0.031,-0.012,0.044,295.8,21.79,22.34
"2020-09-19 19:09:53.1",311356,0.031,-0.012,0.044,295.8,21.79,22.34
"2020-09-19 19:09:53.2",311357,0.031,-0.012,0.044,295.8,21.79,22.34
"2020-09-19 19:09:53.3",311358,0.031,-0.013,0.044,295.8,21.79,22.34
"2020-09-19 19:09:53.4",311359,0.031,-0.012,0.044,295.8,21.79,22.34
"2020-09-19 19:09:53.5",311360,0.031,-0.012,0.044,295.8,21.79,22.34
"2020-09-19 19:09:53.6",311361,0.031,-0.012,0.044,295.8,21.79,22.35
"2020-09-19 19:09:53.7",311362,0.031,-0.012,0.044,295.8,21.79,22.34
"2020-09-19 19:09:53.8",311363,0.031,-0.012,0.044,295.8,21.79,22.34
"2020-09-19 19:09:53.9",311364,-0.009,-0.012,0.063,295.8,21.79,22.34
"2020-09-19 19:09:54",311365,-0.009,-0.012,0.063,295.8,21.79,22.34
"2020-09-19 19:09:54.1",311366,-0.009,-0.012,0.063,295.8,21.79,22.38
"2020-09-19 19:09:54.2",311367,0.011,-0.041,0.025,295.8,21.79,22.34
"2020-09-19 19:09:54.3",311368,0.012,-0.041,0.024,295.8,21.79,22.34
"2020-09-19 19:09:54.4",311369,0.011,-0.042,0.024,295.7,21.79,22.34
"2020-09-19 19:09:54.5",311370,0.011,-0.041,0.025,295.7,21.79,22.34
"2020-09-19 19:09:54.6",311371,0.012,-0.041,0.024,295.7,21.79,22.34
"2020-09-19 19:09:54.7",311372,0.011,-0.041,0.024,295.7,21.79,22.34
"2020-09-19 19:09:54.8",311373,0.012,-0.041,0.024,295.7,21.79,22.35
"2020-09-19 19:09:54.9",311374,0.011,-0.042,0.024,295.7,21.79,22.34
"2020-09-19 19:09:55",311375,0.011,-0.042,0.024,295.7,21.79,22.34
"2020-09-19 19:09:55.1",311376,0.012,-0.041,0.024,295.7,21.79,22.34
"2020-09-19 19:09:55.2",311377,0.011,-0.042,0.025,295.7,21.79,22.34
"2020-09-19 19:09:55.3",311378,0.012,-0.042,0.024,295.7,21.85,22.36
"2020-09-19 19:09:55.4",311379,0.011,-0.042,0.024,295.7,21.79,22.34
"2020-09-19 19:09:55.5",311380,0.012,-0.042,0.024,295.7,21.79,22.34
"2020-09-19 19:09:55.6",311381,0.011,-0.042,0.024,295.7,21.79,22.34
"2020-09-19 19:09:55.7",311382,0.012,-0.042,0.024,295.7,21.79,22.34
"2020-09-19 19:09:55.8",311383,0.011,-0.041,0.024,295.7,21.79,22.34
"2020-09-19 19:09:55.9",311384,0.012,-0.042,0.024,295.7,21.79,22.34
"2020-09-19 19:09:56",311385,0.012,-0.041,0.024,295.7,21.79,22.34
"2020-09-19 19:09:56.1",311386,0.012,-0.042,0.025,295.7,21.79,22.34
"2020-09-19 19:09:56.2",311387,0.012,-0.041,0.024,295.7,21.79,22.34
"2020-09-19 19:09:56.3",311388,0.011,-0.042,0.024,295.7,21.79,22.34
"2020-09-19 19:09:56.4",311389,0.012,-0.042,0.024,295.7,21.79,22.34
"2020-09-19 19:09:56.5",311390,0.012,-0.041,0.024,295.7,21.79,22.34
"2020-09-19 19:09:56.6",311391,0.011,-0.041,0.024,295.7,21.83,22.37
"2020-09-19 19:09:56.7",311392,0.012,-0.041,0.024,295.7,21.79,22.34
"2020-09-19 19:09:56.8",311393,0.011,-0.042,0.024,295.7,21.79,22.34
"2020-09-19 19:09:56.9",311394,0.012,-0.042,0.024,295.7,21.79,22.34
"2020-09-19 19:09:57",311395,0.011,-0.042,0.024,295.7,21.79,22.34
"2020-09-19 19:09:57.1",311396,0.011,-0.041,0.025,295.7,21.79,22.34
"2020-09-19 19:09:57.2",311397,0.011,-0.041,0.024,295.7,21.79,22.34
"2020-09-19 19:09:57.3",311398,0.011,-0.042,0.024,295.7,21.79,22.34
"2020-09-19 19:09:57.4",311399,0.011,-0.041,0.024,295.7,21.79,22.34
