"TOA5","10329","CR6","10329","CR6.Std.09.01 CR6-WIFI.04.00.01","CPU:YOUNG81000_HMP60_10Hz.CR6","51185","Young10Hz_hmp"
"TIMESTAMP","RECORD","U","V","W","TSonic","RH","T_HMP60"
"TS","RN","mV","mV","mV","mV","%","Deg C"
"","","Smp","Smp","Smp","Smp","Smp","Smp"
"2020-09-21 09:59:03.8",1708800,-0.009,-0.071,0.137,297.3,29.07,22.85
"2020-09-21 09:59:03.9",1708801,-0.009,-0.032,0.117,297.4,29.06,22.85
"2020-09-21 09:59:04",1708802,-0.009,-0.032,0.117,297.4,29.06,22.85
"2020-09-21 09:59:04.1",1708803,-0.008,-0.012,0.137,297.4,29.06,22.85
"2020-09-21 09:59:04.2",1708804,-0.008,-0.012,0.137,297.4,29.06,22.85
"2020-09-21 09:59:04.3",1708805,-0.009,-0.012,0.137,297.4,29.06,22.85
"2020-09-21 09:59:04.4",1708806,-0.038,-0.022,0.083,297.4,29.06,22.85
"2020-09-21 09:59:04.5",1708807,-0.038,-0.022,0.083,297.4,29.06,22.85
"2020-09-21 09:59:04.6",1708808,0.002,-0.051,0.083,297.4,29.06,22.84
"2020-09-21 09:59:04.7",1708809,0.002,-0.051,0.083,297.4,29.06,22.84
"2020-09-21 09:59:04.8",1708810,0.002,-0.051,0.083,297.4,29.06,22.84
"2020-09-21 09:59:04.9",1708811,-0.009,-0.012,0.063,297.5,29.06,22.87
"2020-09-21 09:59:05",1708812,-0.009,-0.012,0.064,297.5,29.06,22.84
"2020-09-21 09:59:05.1",1708813,-0.077,-0.022,0.108,297.5,29.06,22.84
"2020-09-21 09:59:05.2",1708814,-0.077,-0.022,0.107,297.5,29.06,22.85
"2020-09-21 09:59:05.3",1708815,-0.077,-0.022,0.107,297.3,29.06,22.85
"2020-09-21 09:59:05.4",1708816,-0.048,0.008,0.064,297.3,29.06,22.85
"2020-09-21 09:59:05.5",1708817,-0.047,0.008,0.064,297.3,29.06,22.85
"2020-09-21 09:59:05.6",1708818,-0.028,-0.002,0.083,297.3,29.06,22.85
"2020-09-21 09:59:05.7",1708819,-0.028,-0.003,0.083,297.3,29.06,22.85
"2020-09-21 09:59:05.8",1708820,-0.028,-0.002,0.083,297.3,29.06,22.85
"2020-09-21 09:59:05.9",1708821,-0.048,-0.032,0.137,297.3,29.06,22.85
"2020-09-21 09:59:06",1708822,-0.048,-0.032,0.137,297.3,29.06,22.84
"2020-09-21 09:59:06.1",1708823,-0.048,-0.032,0.137,297.3,29.12,22.85
"2020-09-21 09:59:06.2",1708824,-0.048,-0.032,0.137,297.3,29.06,22.84
"2020-09-21 09:59:06.3",1708825,-0.048,-0.032,0.137,297.3,29.06,22.84
"2020-09-21 09:59:06.4",1708826,-0.009,-0.032,0.107,297.2,29.06,22.84
"2020-09-21 09:59:06.5",1708827,-0.009,-0.032,0.108,297.2,29.06,22.84
"2020-09-21 09:59:06.6",1708828,-0.008,-0.002,0.137,297.3,29.06,22.84
"2020-09-21 09:59:06.7",1708829,-0.009,-0.002,0.137,297.3,29.06,22.84
"2020-09-21 09:59:06.8",1708830,-0.009,-0.002,0.137,297.3,29.06,22.84
"2020-09-21 09:59:06.9",1708831,-0.008,-0.032,0.107,297.2,29.06,22.84
"2020-09-21 09:59:07",1708832,-0.008,-0.032,0.108,297.2,29.06,22.84
"2020-09-21 09:59:07.1",1708833,-0.028,-0.081,0.156,297.4,29.06,22.84
"2020-09-21 09:59:07.2",1708834,-0.028,-0.081,0.156,297.4,29.06,22.84
"2020-09-21 09:59:07.3",1708835,-0.028,-0.081,0.156,297.4,29.06,22.85
"2020-09-21 09:59:07.4",1708836,-0.018,-0.081,0.137,297.4,29.09,22.88
"2020-09-21 09:59:07.5",1708837,-0.018,-0.081,0.137,297.4,29.06,22.85
"2020-09-21 09:59:07.6",1708838,0.031,-0.071,0.117,297.4,29.06,22.85
"2020-09-21 09:59:07.7",1708839,0.031,-0.071,0.117,297.4,29.06,22.86
"2020-09-21 09:59:07.8",1708840,0.031,-0.071,0.117,297.3,29.06,22.86
"2020-09-21 09:59:07.9",1708841,0.022,-0.032,0.083,297.3,29.06,22.86
"2020-09-21 09:59:08",1708842,0.022,-0.032,0.083,297.3,29.06,22.86
"2020-09-21 09:59:08.1",1708843,-0.008,-0.032,0.107,297.2,29.06,22.86
"2020-09-21 09:59:08.2",1708844,-0.009,-0.032,0.107,297.2,29.06,22.86
"2020-09-21 09:59:08.3",1708845,-0.009,-0.032,0.107,297.2,29.06,22.86
"2020-09-21 09:59:08.4",1708846,-0.009,-0.071,0.137,297.2,29.06,22.86
"2020-09-21 09:59:08.5",1708847,-0.008,-0.071,0.137,297.2,29.06,22.86
"2020-09-21 09:59:08.6",1708848,0.051,-0.071,0.108,297.2,29.09,22.86
"2020-09-21 09:59:08.7",1708849,0.051,-0.071,0.108,297.2,29.06,22.86
"2020-09-21 09:59:08.8",1708850,0.05,-0.071,0.107,297.3,29.06,22.86
"2020-09-21 09:59:08.9",1708851,-0.008,-0.032,0.107,297.3,29.06,22.86
"2020-09-21 09:59:09",1708852,-0.008,-0.032,0.108,297.3,29.06,22.86
"2020-09-21 09:59:09.1",1708853,-0.028,-0.002,0.093,297.4,29.06,22.86
"2020-09-21 09:59:09.2",1708854,-0.028,-0.002,0.093,297.4,29.06,22.86
"2020-09-21 09:59:09.3",1708855,-0.028,-0.002,0.093,297.4,29.06,22.87
"2020-09-21 09:59:09.4",1708856,-0.087,-0.081,0.117,297.5,29.06,22.87
"2020-09-21 09:59:09.5",1708857,-0.087,-0.081,0.117,297.5,29.06,22.86
"2020-09-21 09:59:09.6",1708858,-0.106,-0.051,0.093,297.5,29.06,22.87
"2020-09-21 09:59:09.7",1708859,-0.106,-0.051,0.093,297.5,29.06,22.87
"2020-09-21 09:59:09.8",1708860,-0.106,-0.051,0.093,297.5,29.06,22.86
"2020-09-21 09:59:09.9",1708861,-0.057,-0.051,0.137,297.5,29.09,22.92
"2020-09-21 09:59:10",1708862,-0.057,-0.051,0.137,297.5,29.06,22.87
"2020-09-21 09:59:10.1",1708863,-0.057,-0.051,0.137,297.5,29.06,22.87
"2020-09-21 09:59:10.2",1708864,-0.057,-0.051,0.137,297.5,29.06,22.86
"2020-09-21 09:59:10.3",1708865,-0.058,-0.051,0.137,297.4,29.06,22.87
"2020-09-21 09:59:10.4",1708866,-0.009,-0.032,0.117,297.4,29.06,22.87
"2020-09-21 09:59:10.5",1708867,-0.008,-0.032,0.117,297.4,29.06,22.87
"2020-09-21 09:59:10.6",1708868,-0.048,-0.051,0.147,297.4,29.06,22.86
"2020-09-21 09:59:10.7",1708869,-0.047,-0.051,0.147,297.4,29.06,22.86
"2020-09-21 09:59:10.8",1708870,-0.048,-0.051,0.146,297.4,29.06,22.86
"2020-09-21 09:59:10.9",1708871,-0.077,-0.002,0.117,297.5,29.06,22.86
"2020-09-21 09:59:11",1708872,-0.077,-0.002,0.117,297.5,29.06,22.86
"2020-09-21 09:59:11.1",1708873,-0.077,-0.002,0.118,297.5,29.06,22.86
"2020-09-21 09:59:11.2",1708874,-0.077,-0.002,0.117,297.5,29.06,22.86
"2020-09-21 09:59:11.3",1708875,-0.077,-0.002,0.098,297.3,29.06,22.86
"2020-09-21 09:59:11.4",1708876,-0.028,-0.002,0.093,297.3,29.06,22.87
"2020-09-21 09:59:11.5",1708877,-0.028,-0.002,0.093,297.3,29.06,22.87
"2020-09-21 09:59:11.6",1708878,-0.077,-0.002,0.107,297.2,29.06,22.87
"2020-09-21 09:59:11.7",1708879,-0.077,-0.002,0.107,297.2,29.06,22.87
"2020-09-21 09:59:11.8",1708880,-0.077,-0.002,0.107,297.1,29.06,22.87
"2020-09-21 09:59:11.9",1708881,-0.009,-0.032,0.107,297.1,29.06,22.87
"2020-09-21 09:59:12",1708882,-0.008,-0.032,0.108,297.1,29.06,22.87
"2020-09-21 09:59:12.1",1708883,-0.047,-0.125,0.137,297,29.06,22.87
"2020-09-21 09:59:12.2",1708884,-0.047,-0.125,0.137,297,29.06,22.87
"2020-09-21 09:59:12.3",1708885,-0.048,-0.125,0.137,297,29.06,22.86
"2020-09-21 09:59:12.4",1708886,-0.018,-0.041,0.117,296.9,29.1,22.92
"2020-09-21 09:59:12.5",1708887,-0.018,-0.041,0.117,296.9,29.06,22.87
"2020-09-21 09:59:12.6",1708888,-0.048,-0.032,0.137,297,29.06,22.87
"2020-09-21 09:59:12.7",1708889,-0.048,-0.032,0.137,297,29.06,22.86
"2020-09-21 09:59:12.8",1708890,-0.048,-0.032,0.095,296.9,29.06,22.86
"2020-09-21 09:59:12.9",1708891,-0.096,-0.125,0.093,296.9,29.06,22.87
"2020-09-21 09:59:13",1708892,-0.097,-0.124,0.093,296.9,29.06,22.86
"2020-09-21 09:59:13.1",1708893,-0.087,-0.08,0.117,296.8,29.06,22.86
"2020-09-21 09:59:13.2",1708894,-0.086,-0.08,0.117,296.8,29.06,22.87
"2020-09-21 09:59:13.3",1708895,-0.087,-0.081,0.085,296.8,29.06,22.87
"2020-09-21 09:59:13.4",1708896,-0.057,-0.125,0.073,296.8,29.06,22.87
"2020-09-21 09:59:13.5",1708897,-0.057,-0.125,0.073,296.8,29.06,22.87
"2020-09-21 09:59:13.6",1708898,-0.057,-0.124,0.073,296.8,29.06,22.87
"2020-09-21 09:59:13.7",1708899,-0.057,-0.125,0.073,296.8,29.06,22.87
"2020-09-21 09:59:13.8",1708900,-0.057,-0.125,0.073,296.8,29.06,22.87
"2020-09-21 09:59:13.9",1708901,-0.028,-0.08,0.093,296.9,29.06,22.87
"2020-09-21 09:59:14",1708902,-0.028,-0.08,0.093,296.9,29.06,22.87
"2020-09-21 09:59:14.1",1708903,-0.087,-0.081,0.117,296.9,29.06,22.87
"2020-09-21 09:59:14.2",1708904,-0.086,-0.081,0.117,296.9,29.06,22.87
"2020-09-21 09:59:14.3",1708905,-0.087,-0.081,0.117,296.9,29.06,22.87
"2020-09-21 09:59:14.4",1708906,-0.048,-0.051,0.147,296.9,29.06,22.87
"2020-09-21 09:59:14.5",1708907,-0.048,-0.051,0.147,296.9,29.06,22.87
"2020-09-21 09:59:14.6",1708908,-0.028,-0.081,0.093,296.9,29.06,22.86
"2020-09-21 09:59:14.7",1708909,-0.028,-0.081,0.093,296.9,29.06,22.87
"2020-09-21 09:59:14.8",1708910,-0.028,-0.081,0.093,296.9,29.06,22.87
"2020-09-21 09:59:14.9",1708911,-0.028,-0.081,0.093,296.9,29.12,22.92
"2020-09-21 09:59:15",1708912,-0.028,-0.081,0.093,296.9,29.06,22.86
"2020-09-21 09:59:15.1",1708913,-0.028,-0.08,0.093,296.8,29.06,22.86
"2020-09-21 09:59:15.2",1708914,-0.028,-0.081,0.093,296.8,29.06,22.86
"2020-09-21 09:59:15.3",1708915,-0.028,-0.081,0.074,296.8,29.06,22.87
"2020-09-21 09:59:15.4",1708916,-0.057,-0.125,0.073,296.8,29.06,22.87
"2020-09-21 09:59:15.5",1708917,-0.057,-0.125,0.073,296.8,29.06,22.87
"2020-09-21 09:59:15.6",1708918,-0.057,-0.125,0.073,296.8,29.06,22.87
"2020-09-21 09:59:15.7",1708919,-0.057,-0.125,0.073,296.8,29.06,22.86
"2020-09-21 09:59:15.8",1708920,-0.057,-0.125,0.073,296.8,29.06,22.87
"2020-09-21 09:59:15.9",1708921,-0.087,-0.124,0.083,296.9,29.06,22.87
"2020-09-21 09:59:16",1708922,-0.087,-0.125,0.083,296.9,29.06,22.87
"2020-09-21 09:59:16.1",1708923,-0.028,-0.071,0.083,297.1,29.06,22.87
"2020-09-21 09:59:16.2",1708924,-0.028,-0.071,0.083,297.1,29.06,22.89
"2020-09-21 09:59:16.3",1708925,-0.028,-0.071,0.083,297.2,29.06,22.86
"2020-09-21 09:59:16.4",1708926,-0.028,-0.071,0.083,297.2,29.06,22.86
"2020-09-21 09:59:16.5",1708927,-0.028,-0.071,0.083,297.2,29.06,22.86
"2020-09-21 09:59:16.6",1708928,-0.038,-0.081,0.083,297,29.06,22.86
"2020-09-21 09:59:16.7",1708929,-0.038,-0.081,0.083,297,29.06,22.86
"2020-09-21 09:59:16.8",1708930,-0.038,-0.081,0.083,297.1,29.06,22.86
"2020-09-21 09:59:16.9",1708931,-0.028,-0.071,0.083,297.1,29.06,22.86
"2020-09-21 09:59:17",1708932,-0.028,-0.071,0.083,297.1,29.06,22.86
"2020-09-21 09:59:17.1",1708933,-0.028,-0.071,0.083,297.2,29.06,22.86
"2020-09-21 09:59:17.2",1708934,-0.028,-0.071,0.083,297.2,29.06,22.86
"2020-09-21 09:59:17.3",1708935,-0.028,-0.071,0.083,297.2,29.06,22.87
"2020-09-21 09:59:17.4",1708936,-0.048,-0.125,0.063,297.3,29.12,22.89
"2020-09-21 09:59:17.5",1708937,-0.048,-0.125,0.064,297.3,29.06,22.86
"2020-09-21 09:59:17.6",1708938,-0.077,-0.071,0.025,297.3,29.06,22.86
"2020-09-21 09:59:17.7",1708939,-0.077,-0.071,0.024,297.3,29.06,22.87
"2020-09-21 09:59:17.8",1708940,-0.077,-0.071,0.063,297.2,29.06,22.87
"2020-09-21 09:59:17.9",1708941,-0.048,-0.032,0.064,297.2,29.06,22.86
"2020-09-21 09:59:18",1708942,-0.048,-0.032,0.063,297.2,29.06,22.86
"2020-09-21 09:59:18.1",1708943,-0.009,-0.071,0.064,297.1,29.06,22.87
"2020-09-21 09:59:18.2",1708944,-0.008,-0.071,0.064,297.1,29.06,22.87
"2020-09-21 09:59:18.3",1708945,-0.009,-0.071,0.063,297,29.06,22.87
"2020-09-21 09:59:18.4",1708946,0.022,-0.032,0.083,297,29.06,22.87
"2020-09-21 09:59:18.5",1708947,0.021,-0.032,0.083,297,29.06,22.87
"2020-09-21 09:59:18.6",1708948,-0.009,-0.032,0.044,297,29.06,22.87
"2020-09-21 09:59:18.7",1708949,-0.009,-0.032,0.044,297,29.06,22.9
"2020-09-21 09:59:18.8",1708950,-0.009,-0.032,0.083,297.1,29.06,22.87
"2020-09-21 09:59:18.9",1708951,-0.028,-0.002,0.083,297.1,29.06,22.87
"2020-09-21 09:59:19",1708952,-0.028,-0.002,0.083,297.1,29.06,22.87
"2020-09-21 09:59:19.1",1708953,-0.009,-0.032,0.044,297.1,29.06,22.86
"2020-09-21 09:59:19.2",1708954,-0.008,-0.032,0.044,297.1,29.06,22.87
"2020-09-21 09:59:19.3",1708955,-0.009,-0.032,0.044,297.1,29.06,22.87
"2020-09-21 09:59:19.4",1708956,-0.008,-0.032,0.044,297.2,29.06,22.87
"2020-09-21 09:59:19.5",1708957,-0.008,-0.032,0.044,297.2,29.06,22.87
"2020-09-21 09:59:19.6",1708958,0.011,-0.032,0.083,297.1,29.06,22.87
"2020-09-21 09:59:19.7",1708959,0.012,-0.032,0.083,297.1,29.06,22.87
"2020-09-21 09:59:19.8",1708960,0.012,-0.032,0.117,297.1,29.06,22.87
"2020-09-21 09:59:19.9",1708961,-0.009,-0.032,0.117,297.1,29.12,22.87
"2020-09-21 09:59:20",1708962,-0.008,-0.032,0.117,297.1,29.06,22.86
"2020-09-21 09:59:20.1",1708963,-0.057,-0.041,0.064,297,29.06,22.86
"2020-09-21 09:59:20.2",1708964,-0.057,-0.041,0.063,297,29.06,22.86
"2020-09-21 09:59:20.3",1708965,-0.058,-0.041,0.073,297,29.06,22.86
"2020-09-21 09:59:20.4",1708966,-0.047,-0.051,0.073,297,29.06,22.86
"2020-09-21 09:59:20.5",1708967,-0.048,-0.051,0.074,297,29.06,22.87
"2020-09-21 09:59:20.6",1708968,-0.008,-0.071,0.063,296.9,29.06,22.86
"2020-09-21 09:59:20.7",1708969,-0.008,-0.071,0.064,296.9,29.06,22.86
"2020-09-21 09:59:20.8",1708970,-0.009,-0.071,0.073,296.9,29.06,22.86
"2020-09-21 09:59:20.9",1708971,-0.047,-0.051,0.073,296.9,29.06,22.86
"2020-09-21 09:59:21",1708972,-0.048,-0.051,0.073,296.9,29.06,22.86
"2020-09-21 09:59:21.1",1708973,-0.018,-0.041,0.044,297,29.06,22.87
"2020-09-21 09:59:21.2",1708974,-0.018,-0.041,0.044,297,29.09,22.89
"2020-09-21 09:59:21.3",1708975,-0.018,-0.041,0.044,296.9,29.06,22.86
"2020-09-21 09:59:21.4",1708976,-0.018,-0.041,0.044,296.9,29.06,22.86
"2020-09-21 09:59:21.5",1708977,-0.018,-0.041,0.044,296.9,29.06,22.87
"2020-09-21 09:59:21.6",1708978,0.031,-0.002,0.044,296.9,29.06,22.87
"2020-09-21 09:59:21.7",1708979,0.031,-0.002,0.044,296.9,29.06,22.87
"2020-09-21 09:59:21.8",1708980,0.031,-0.072,0.093,296.9,29.06,22.87
"2020-09-21 09:59:21.9",1708981,-0.028,-0.08,0.093,296.9,29.06,22.87
"2020-09-21 09:59:22",1708982,-0.028,-0.08,0.093,296.9,29.06,22.86
"2020-09-21 09:59:22.1",1708983,-0.028,-0.08,0.093,296.9,29.06,22.87
"2020-09-21 09:59:22.2",1708984,-0.028,-0.081,0.093,296.9,29.06,22.87
"2020-09-21 09:59:22.3",1708985,-0.028,-0.081,0.093,296.9,29.06,22.87
"2020-09-21 09:59:22.4",1708986,-0.028,-0.081,0.093,296.9,29.09,22.87
"2020-09-21 09:59:22.5",1708987,-0.028,-0.081,0.093,296.9,29.06,22.86
"2020-09-21 09:59:22.6",1708988,0.002,-0.125,0.083,296.9,29.06,22.86
"2020-09-21 09:59:22.7",1708989,0.002,-0.125,0.083,296.9,29.06,22.86
"2020-09-21 09:59:22.8",1708990,0.002,-0.125,0.083,296.9,29.06,22.86
"2020-09-21 09:59:22.9",1708991,-0.018,-0.125,0.117,296.9,29.06,22.86
"2020-09-21 09:59:23",1708992,-0.018,-0.125,0.117,296.9,29.06,22.86
"2020-09-21 09:59:23.1",1708993,0.002,-0.125,0.083,297,29.06,22.86
"2020-09-21 09:59:23.2",1708994,0.002,-0.124,0.083,297,29.06,22.87
"2020-09-21 09:59:23.3",1708995,0.002,-0.091,0.073,296.9,29.06,22.87
"2020-09-21 09:59:23.4",1708996,-0.018,-0.081,0.073,296.9,29.06,22.87
"2020-09-21 09:59:23.5",1708997,-0.018,-0.08,0.073,296.9,29.06,22.87
"2020-09-21 09:59:23.6",1708998,-0.018,-0.081,0.073,296.9,29.06,22.87
"2020-09-21 09:59:23.7",1708999,-0.018,-0.081,0.074,296.9,29.1,22.92
"2020-09-21 09:59:23.8",1709000,-0.018,-0.081,0.052,296.9,29.06,22.86
"2020-09-21 09:59:23.9",1709001,0.012,-0.041,0.025,296.9,29.06,22.86
"2020-09-21 09:59:24",1709002,0.012,-0.041,0.025,296.9,29.06,22.86
"2020-09-21 09:59:24.1",1709003,-0.018,-0.041,0.044,296.9,29.06,22.86
"2020-09-21 09:59:24.2",1709004,-0.018,-0.041,0.044,296.9,29.06,22.86
"2020-09-21 09:59:24.3",1709005,-0.018,-0.08,0.073,296.9,29.06,22.86
"2020-09-21 09:59:24.4",1709006,-0.019,-0.081,0.074,296.9,29.06,22.86
"2020-09-21 09:59:24.5",1709007,-0.019,-0.08,0.073,296.9,29.06,22.86
"2020-09-21 09:59:24.6",1709008,-0.018,-0.081,0.073,296.9,29.06,22.87
"2020-09-21 09:59:24.7",1709009,-0.018,-0.081,0.073,296.9,29.06,22.86
"2020-09-21 09:59:24.8",1709010,-0.018,-0.003,0.073,296.9,29.06,22.87
"2020-09-21 09:59:24.9",1709011,-0.009,-0.002,0.073,296.9,29.06,22.86
"2020-09-21 09:59:25",1709012,-0.008,-0.002,0.073,296.9,29.06,22.86
"2020-09-21 09:59:25.1",1709013,-0.028,-0.002,0.083,297,29.06,22.86
"2020-09-21 09:59:25.2",1709014,-0.028,-0.002,0.083,297,29.06,22.86
"2020-09-21 09:59:25.3",1709015,-0.028,-0.002,0.083,297,29.06,22.86
"2020-09-21 09:59:25.4",1709016,-0.048,0.008,0.064,297.1,29.06,22.87
"2020-09-21 09:59:25.5",1709017,-0.048,0.008,0.064,297.1,29.06,22.87
"2020-09-21 09:59:25.6",1709018,-0.018,-0.002,0.083,297.3,29.06,22.87
"2020-09-21 09:59:25.7",1709019,-0.018,-0.002,0.083,297.3,29.06,22.87
"2020-09-21 09:59:25.8",1709020,-0.019,-0.003,0.063,297.2,29.06,22.87
"2020-09-21 09:59:25.9",1709021,-0.009,-0.002,0.064,297.2,29.06,22.87
"2020-09-21 09:59:26",1709022,-0.008,-0.002,0.064,297.2,29.06,22.87
"2020-09-21 09:59:26.1",1709023,-0.009,0.018,0.034,297.1,29.06,22.87
"2020-09-21 09:59:26.2",1709024,-0.008,0.018,0.034,297.1,29.09,22.92
"2020-09-21 09:59:26.3",1709025,-0.009,0.018,0.063,297.2,29.06,22.86
"2020-09-21 09:59:26.4",1709026,-0.009,-0.002,0.064,297.2,29.06,22.86
"2020-09-21 09:59:26.5",1709027,-0.008,-0.002,0.064,297.2,29.06,22.86
"2020-09-21 09:59:26.6",1709028,-0.028,-0.002,0.083,297.3,29.06,22.86
"2020-09-21 09:59:26.7",1709029,-0.028,-0.002,0.083,297.3,29.06,22.86
"2020-09-21 09:59:26.8",1709030,-0.028,-0.003,0.083,297.2,29.06,22.86
"2020-09-21 09:59:26.9",1709031,-0.028,-0.002,0.083,297.2,29.06,22.86
"2020-09-21 09:59:27",1709032,-0.028,-0.002,0.083,297.2,29.06,22.86
"2020-09-21 09:59:27.1",1709033,-0.048,-0.031,0.063,297.3,29.06,22.86
"2020-09-21 09:59:27.2",1709034,-0.048,-0.032,0.063,297.3,29.06,22.86
"2020-09-21 09:59:27.3",1709035,-0.048,-0.032,0.063,297.3,29.06,22.86
"2020-09-21 09:59:27.4",1709036,-0.008,-0.012,0.064,297.3,29.06,22.86
"2020-09-21 09:59:27.5",1709037,-0.009,-0.012,0.064,297.3,29.06,22.86
"2020-09-21 09:59:27.6",1709038,-0.008,-0.002,0.073,297.3,29.06,22.86
"2020-09-21 09:59:27.7",1709039,-0.009,-0.002,0.073,297.3,29.06,22.87
"2020-09-21 09:59:27.8",1709040,-0.024,-0.002,0.093,297.4,29.06,22.86
"2020-09-21 09:59:27.9",1709041,-0.028,-0.002,0.093,297.4,29.06,22.87
"2020-09-21 09:59:28",1709042,-0.028,-0.002,0.093,297.4,29.06,22.87
"2020-09-21 09:59:28.1",1709043,0.031,-0.012,0.117,297.5,29.06,22.86
"2020-09-21 09:59:28.2",1709044,0.031,-0.012,0.117,297.5,29.06,22.87
"2020-09-21 09:59:28.3",1709045,-0.005,-0.002,0.117,297.5,29.06,22.87
"2020-09-21 09:59:28.4",1709046,-0.008,-0.002,0.117,297.5,29.06,22.86
"2020-09-21 09:59:28.5",1709047,-0.009,-0.002,0.117,297.5,29.06,22.86
"2020-09-21 09:59:28.6",1709048,-0.009,-0.002,0.117,297.5,29.06,22.87
"2020-09-21 09:59:28.7",1709049,-0.008,-0.002,0.117,297.5,29.11,22.92
"2020-09-21 09:59:28.8",1709050,-0.008,0.008,0.117,297.3,29.06,22.86
"2020-09-21 09:59:28.9",1709051,-0.009,0.008,0.117,297.3,29.06,22.86
"2020-09-21 09:59:29",1709052,-0.009,0.008,0.117,297.3,29.06,22.86
"2020-09-21 09:59:29.1",1709053,-0.057,0.008,0.073,297.3,29.06,22.86
"2020-09-21 09:59:29.2",1709054,-0.057,0.008,0.073,297.3,29.06,22.86
"2020-09-21 09:59:29.3",1709055,-0.057,0.008,0.073,297.3,29.06,22.87
"2020-09-21 09:59:29.4",1709056,-0.028,-0.002,0.093,297.4,29.06,22.87
"2020-09-21 09:59:29.5",1709057,-0.028,-0.002,0.093,297.4,29.06,22.87
"2020-09-21 09:59:29.6",1709058,-0.008,0.008,0.044,297.4,29.06,22.87
"2020-09-21 09:59:29.7",1709059,-0.008,0.008,0.044,297.4,29.06,22.87
"2020-09-21 09:59:29.8",1709060,-0.009,-0.002,0.063,297.2,29.06,22.87
"2020-09-21 09:59:29.9",1709061,-0.008,-0.002,0.064,297.2,29.06,22.87
"2020-09-21 09:59:30",1709062,-0.008,-0.002,0.064,297.2,29.06,22.87
"2020-09-21 09:59:30.1",1709063,-0.048,-0.032,0.064,297.2,29.06,22.86
"2020-09-21 09:59:30.2",1709064,-0.047,-0.032,0.063,297.2,29.06,22.86
"2020-09-21 09:59:30.3",1709065,-0.048,-0.032,0.079,297.1,29.06,22.86
"2020-09-21 09:59:30.4",1709066,0.021,-0.032,0.083,297.1,29.06,22.86
"2020-09-21 09:59:30.5",1709067,0.021,-0.032,0.083,297.1,29.06,22.86
"2020-09-21 09:59:30.6",1709068,0.051,-0.07,0.108,297.2,29.06,22.86
"2020-09-21 09:59:30.7",1709069,0.051,-0.071,0.108,297.2,29.06,22.87
"2020-09-21 09:59:30.8",1709070,0.051,-0.071,0.136,297.2,29.06,22.86
"2020-09-21 09:59:30.9",1709071,-0.008,-0.071,0.137,297.2,29.06,22.86
"2020-09-21 09:59:31",1709072,-0.009,-0.071,0.137,297.2,29.06,22.86
"2020-09-21 09:59:31.1",1709073,-0.028,-0.002,0.083,297.3,29.06,22.86
"2020-09-21 09:59:31.2",1709074,-0.028,-0.002,0.083,297.3,29.12,22.91
"2020-09-21 09:59:31.3",1709075,-0.028,-0.002,0.083,297.3,29.06,22.87
"2020-09-21 09:59:31.4",1709076,-0.009,0.008,0.044,297.3,29.06,22.87
"2020-09-21 09:59:31.5",1709077,-0.009,0.009,0.044,297.3,29.06,22.87
"2020-09-21 09:59:31.6",1709078,-0.028,-0.002,0.093,297.4,29.06,22.87
"2020-09-21 09:59:31.7",1709079,-0.028,-0.003,0.093,297.4,29.06,22.87
"2020-09-21 09:59:31.8",1709080,-0.009,-0.002,0.073,297.3,29.06,22.87
"2020-09-21 09:59:31.9",1709081,-0.009,-0.002,0.074,297.3,29.06,22.86
"2020-09-21 09:59:32",1709082,-0.009,-0.002,0.073,297.3,29.06,22.86
"2020-09-21 09:59:32.1",1709083,-0.009,0.018,0.107,297.2,29.06,22.87
"2020-09-21 09:59:32.2",1709084,-0.008,0.018,0.107,297.2,29.06,22.87
"2020-09-21 09:59:32.3",1709085,-0.009,0.018,0.107,297.2,29.06,22.86
"2020-09-21 09:59:32.4",1709086,-0.009,0.018,0.108,297.2,29.06,22.87
"2020-09-21 09:59:32.5",1709087,-0.009,0.018,0.107,297.2,29.06,22.89
"2020-09-21 09:59:32.6",1709088,-0.009,-0.002,0.064,297.2,29.06,22.86
"2020-09-21 09:59:32.7",1709089,-0.009,-0.002,0.064,297.2,29.05,22.86
"2020-09-21 09:59:32.8",1709090,-0.008,-0.003,0.063,297,29.05,22.86
"2020-09-21 09:59:32.9",1709091,-0.009,-0.002,0.064,297,29.05,22.86
"2020-09-21 09:59:33",1709092,-0.008,-0.002,0.064,297,29.05,22.86
"2020-09-21 09:59:33.1",1709093,-0.008,-0.002,0.064,297,29.04,22.86
"2020-09-21 09:59:33.2",1709094,-0.008,-0.002,0.064,297,29.04,22.86
"2020-09-21 09:59:33.3",1709095,0.031,-0.002,0.044,297,29.04,22.86
"2020-09-21 09:59:33.4",1709096,0.031,-0.002,0.044,297,29.04,22.86
"2020-09-21 09:59:33.5",1709097,0.031,-0.002,0.044,297,29.04,22.86
"2020-09-21 09:59:33.6",1709098,-0.008,-0.002,0.064,296.9,29.04,22.87
"2020-09-21 09:59:33.7",1709099,-0.009,-0.002,0.063,296.9,29.1,22.89
"2020-09-21 09:59:33.8",1709100,-0.009,-0.002,0.063,297,29.04,22.86
"2020-09-21 09:59:33.9",1709101,-0.009,-0.002,0.064,297,29.04,22.86
"2020-09-21 09:59:34",1709102,-0.009,-0.002,0.064,297,29.04,22.86
"2020-09-21 09:59:34.1",1709103,-0.008,-0.002,0.063,296.9,29.04,22.87
"2020-09-21 09:59:34.2",1709104,-0.009,-0.002,0.064,296.9,29.04,22.87
"2020-09-21 09:59:34.3",1709105,0.011,-0.032,0.083,296.9,29.04,22.86
"2020-09-21 09:59:34.4",1709106,0.012,-0.032,0.083,296.9,29.04,22.87
"2020-09-21 09:59:34.5",1709107,0.012,-0.032,0.083,296.9,29.04,22.87
"2020-09-21 09:59:34.6",1709108,0.021,-0.032,0.083,297.1,29.04,22.87
"2020-09-21 09:59:34.7",1709109,0.021,-0.032,0.083,297.1,29.04,22.87
"2020-09-21 09:59:34.8",1709110,0.021,-0.032,0.083,297.1,29.04,22.86
"2020-09-21 09:59:34.9",1709111,-0.009,-0.071,0.137,297.3,29.04,22.86
"2020-09-21 09:59:35",1709112,-0.009,-0.071,0.137,297.3,29.04,22.9
"2020-09-21 09:59:35.1",1709113,-0.077,-0.071,0.108,297.3,29.04,22.86
"2020-09-21 09:59:35.2",1709114,-0.077,-0.071,0.108,297.3,29.04,22.86
"2020-09-21 09:59:35.3",1709115,-0.071,-0.032,0.137,297.3,29.04,22.86
"2020-09-21 09:59:35.4",1709116,-0.048,-0.032,0.137,297.3,29.04,22.86
"2020-09-21 09:59:35.5",1709117,-0.048,-0.032,0.137,297.3,29.04,22.87
"2020-09-21 09:59:35.6",1709118,-0.096,-0.032,0.156,297.4,29.04,22.87
"2020-09-21 09:59:35.7",1709119,-0.096,-0.032,0.156,297.4,29.04,22.87
"2020-09-21 09:59:35.8",1709120,-0.097,-0.067,0.176,297.3,29.04,22.87
"2020-09-21 09:59:35.9",1709121,-0.077,-0.071,0.176,297.3,29.04,22.87
"2020-09-21 09:59:36",1709122,-0.077,-0.071,0.176,297.3,29.04,22.87
"2020-09-21 09:59:36.1",1709123,-0.096,-0.032,0.156,297.2,29.04,22.87
"2020-09-21 09:59:36.2",1709124,-0.096,-0.032,0.156,297.2,29.1,22.87
"2020-09-21 09:59:36.3",1709125,-0.029,-0.071,0.156,297.2,29.04,22.86
"2020-09-21 09:59:36.4",1709126,-0.028,-0.071,0.156,297.2,29.04,22.86
"2020-09-21 09:59:36.5",1709127,-0.028,-0.071,0.156,297.2,29.04,22.86
"2020-09-21 09:59:36.6",1709128,-0.097,-0.124,0.156,297.1,29.04,22.86
"2020-09-21 09:59:36.7",1709129,-0.096,-0.124,0.156,297.1,29.04,22.86
"2020-09-21 09:59:36.8",1709130,-0.048,-0.125,0.137,297,29.04,22.86
"2020-09-21 09:59:36.9",1709131,-0.048,-0.124,0.137,297,29.04,22.86
"2020-09-21 09:59:37",1709132,-0.048,-0.124,0.137,297,29.04,22.86
"2020-09-21 09:59:37.1",1709133,-0.121,-0.09,0.137,296.9,29.04,22.86
"2020-09-21 09:59:37.2",1709134,-0.121,-0.09,0.137,296.9,29.04,22.86
"2020-09-21 09:59:37.3",1709135,-0.058,-0.125,0.146,296.8,29.04,22.86
"2020-09-21 09:59:37.4",1709136,-0.057,-0.125,0.146,296.8,29.04,22.87
"2020-09-21 09:59:37.5",1709137,-0.057,-0.124,0.147,296.8,29.07,22.9
"2020-09-21 09:59:37.6",1709138,-0.087,-0.081,0.117,296.8,29.04,22.86
"2020-09-21 09:59:37.7",1709139,-0.087,-0.081,0.117,296.8,29.04,22.87
"2020-09-21 09:59:37.8",1709140,-0.087,-0.124,0.147,296.8,29.04,22.87
"2020-09-21 09:59:37.9",1709141,-0.057,-0.125,0.147,296.8,29.04,22.86
"2020-09-21 09:59:38",1709142,-0.057,-0.125,0.147,296.8,29.04,22.86
"2020-09-21 09:59:38.1",1709143,-0.067,-0.163,0.117,296.9,29.04,22.86
"2020-09-21 09:59:38.2",1709144,-0.067,-0.164,0.117,296.9,29.04,22.87
"2020-09-21 09:59:38.3",1709145,-0.096,-0.125,0.093,296.8,29.04,22.86
"2020-09-21 09:59:38.4",1709146,-0.096,-0.124,0.093,296.8,29.04,22.86
"2020-09-21 09:59:38.5",1709147,-0.096,-0.124,0.093,296.8,29.04,22.87
"2020-09-21 09:59:38.6",1709148,-0.057,-0.124,0.073,296.8,29.04,22.86
"2020-09-21 09:59:38.7",1709149,-0.057,-0.125,0.073,296.8,29.08,22.87
"2020-09-21 09:59:38.8",1709150,-0.028,-0.081,0.093,296.8,29.04,22.86
"2020-09-21 09:59:38.9",1709151,-0.028,-0.081,0.093,296.8,29.04,22.86
"2020-09-21 09:59:39",1709152,-0.028,-0.081,0.093,296.8,29.04,22.86
"2020-09-21 09:59:39.1",1709153,-0.028,-0.081,0.093,296.8,29.04,22.86
"2020-09-21 09:59:39.2",1709154,-0.028,-0.081,0.093,296.8,29.04,22.86
"2020-09-21 09:59:39.3",1709155,-0.057,-0.125,0.073,296.8,29.04,22.86
"2020-09-21 09:59:39.4",1709156,-0.057,-0.124,0.073,296.8,29.04,22.86
"2020-09-21 09:59:39.5",1709157,-0.057,-0.125,0.073,296.8,29.04,22.87
"2020-09-21 09:59:39.6",1709158,-0.087,-0.081,0.034,296.8,29.04,22.87
"2020-09-21 09:59:39.7",1709159,-0.087,-0.081,0.034,296.8,29.04,22.87
"2020-09-21 09:59:39.8",1709160,-0.041,-0.081,0.093,296.8,29.04,22.87
"2020-09-21 09:59:39.9",1709161,-0.028,-0.081,0.093,296.8,29.04,22.87
"2020-09-21 09:59:40",1709162,-0.028,-0.081,0.093,296.8,29.07,22.92
"2020-09-21 09:59:40.1",1709163,-0.028,-0.081,0.093,296.8,29.04,22.86
"2020-09-21 09:59:40.2",1709164,-0.028,-0.081,0.093,296.8,29.04,22.86
"2020-09-21 09:59:40.3",1709165,-0.028,-0.081,0.093,296.8,29.04,22.86
"2020-09-21 09:59:40.4",1709166,-0.086,-0.081,0.117,296.8,29.04,22.86
"2020-09-21 09:59:40.5",1709167,-0.087,-0.081,0.117,296.8,29.04,22.87
"2020-09-21 09:59:40.6",1709168,-0.097,-0.125,0.083,297,29.04,22.87
"2020-09-21 09:59:40.7",1709169,-0.097,-0.124,0.083,297,29.04,22.87
"2020-09-21 09:59:40.8",1709170,-0.096,-0.125,0.107,296.9,29.04,22.87
"2020-09-21 09:59:40.9",1709171,-0.077,-0.071,0.108,296.9,29.04,22.86
"2020-09-21 09:59:41",1709172,-0.077,-0.07,0.107,296.9,29.04,22.87
"2020-09-21 09:59:41.1",1709173,-0.048,-0.125,0.137,297,29.04,22.86
"2020-09-21 09:59:41.2",1709174,-0.048,-0.125,0.137,297,29.04,22.86
"2020-09-21 09:59:41.3",1709175,-0.077,-0.071,0.108,296.9,29.04,22.86
"2020-09-21 09:59:41.4",1709176,-0.077,-0.071,0.107,296.9,29.04,22.86
"2020-09-21 09:59:41.5",1709177,-0.077,-0.071,0.107,296.9,29.04,22.87
"2020-09-21 09:59:41.6",1709178,-0.121,-0.154,0.054,296.9,29.04,22.87
"2020-09-21 09:59:41.7",1709179,-0.121,-0.154,0.054,296.9,29.04,22.87
"2020-09-21 09:59:41.8",1709180,-0.121,-0.154,0.053,297,29.04,22.87
"2020-09-21 09:59:41.9",1709181,-0.096,-0.124,0.083,297,29.04,22.87
"2020-09-21 09:59:42",1709182,-0.096,-0.124,0.083,297,29.04,22.86
"2020-09-21 09:59:42.1",1709183,-0.028,-0.163,0.156,297,29.04,22.86
"2020-09-21 09:59:42.2",1709184,-0.028,-0.164,0.156,297,29.04,22.87
"2020-09-21 09:59:42.3",1709185,-0.038,-0.163,0.083,297,29.04,22.86
"2020-09-21 09:59:42.4",1709186,-0.038,-0.164,0.083,297,29.04,22.86
"2020-09-21 09:59:42.5",1709187,-0.038,-0.164,0.083,297,29.08,22.92
"2020-09-21 09:59:42.6",1709188,-0.097,-0.125,0.083,297,29.04,22.86
"2020-09-21 09:59:42.7",1709189,-0.097,-0.125,0.083,297,29.04,22.86
"2020-09-21 09:59:42.8",1709190,-0.097,-0.125,0.083,297,29.04,22.86
"2020-09-21 09:59:42.9",1709191,-0.057,-0.041,0.064,297.1,29.04,22.86
"2020-09-21 09:59:43",1709192,-0.057,-0.041,0.064,297.1,29.04,22.86
"2020-09-21 09:59:43.1",1709193,-0.047,-0.032,0.064,297.1,29.04,22.86
"2020-09-21 09:59:43.2",1709194,-0.048,-0.032,0.064,297.1,29.04,22.86
"2020-09-21 09:59:43.3",1709195,-0.009,-0.032,0.107,297.1,29.04,22.86
"2020-09-21 09:59:43.4",1709196,-0.009,-0.032,0.108,297.1,29.04,22.86
"2020-09-21 09:59:43.5",1709197,-0.009,-0.031,0.107,297.1,29.04,22.86
"2020-09-21 09:59:43.6",1709198,-0.028,-0.071,0.083,297,29.04,22.87
"2020-09-21 09:59:43.7",1709199,-0.028,-0.071,0.083,297,29.04,22.87
"2020-09-21 09:59:43.8",1709200,-0.028,-0.071,0.083,297,29.04,22.86
"2020-09-21 09:59:43.9",1709201,-0.028,-0.071,0.083,297,29.04,22.86
"2020-09-21 09:59:44",1709202,-0.028,-0.071,0.083,297,29.04,22.86
"2020-09-21 09:59:44.1",1709203,-0.008,-0.032,0.107,297.1,29.04,22.86
"2020-09-21 09:59:44.2",1709204,-0.009,-0.032,0.107,297.1,29.04,22.86
"2020-09-21 09:59:44.3",1709205,-0.028,-0.003,0.083,297.1,29.04,22.86
"2020-09-21 09:59:44.4",1709206,-0.028,-0.002,0.083,297.1,29.04,22.87
"2020-09-21 09:59:44.5",1709207,-0.028,-0.002,0.083,297.1,29.04,22.87
"2020-09-21 09:59:44.6",1709208,-0.028,-0.002,0.083,297.2,29.04,22.87
"2020-09-21 09:59:44.7",1709209,-0.028,-0.002,0.083,297.2,29.04,22.87
"2020-09-21 09:59:44.8",1709210,-0.019,-0.002,0.083,297.3,29.04,22.87
"2020-09-21 09:59:44.9",1709211,-0.018,-0.002,0.083,297.3,29.04,22.86
"2020-09-21 09:59:45",1709212,-0.018,-0.002,0.083,297.3,29.1,22.92
"2020-09-21 09:59:45.1",1709213,0.002,-0.041,0.083,297.4,29.04,22.86
"2020-09-21 09:59:45.2",1709214,0.002,-0.041,0.083,297.4,29.04,22.86
"2020-09-21 09:59:45.3",1709215,-0.038,-0.022,0.083,297.4,29.04,22.86
"2020-09-21 09:59:45.4",1709216,-0.038,-0.022,0.083,297.4,29.04,22.86
"2020-09-21 09:59:45.5",1709217,-0.038,-0.022,0.083,297.4,29.04,22.87
"2020-09-21 09:59:45.6",1709218,-0.057,-0.002,0.064,297.5,29.04,22.87
"2020-09-21 09:59:45.7",1709219,-0.057,-0.003,0.064,297.5,29.04,22.87
"2020-09-21 09:59:45.8",1709220,-0.048,-0.003,0.137,297.4,29.04,22.87
"2020-09-21 09:59:45.9",1709221,-0.048,-0.002,0.137,297.4,29.04,22.87
"2020-09-21 09:59:46",1709222,-0.048,-0.002,0.137,297.4,29.04,22.86
"2020-09-21 09:59:46.1",1709223,-0.028,-0.002,0.083,297.2,29.04,22.87
"2020-09-21 09:59:46.2",1709224,-0.028,-0.002,0.083,297.2,29.04,22.87
"2020-09-21 09:59:46.3",1709225,-0.028,-0.002,0.083,297.2,29.04,22.89
"2020-09-21 09:59:46.4",1709226,-0.028,-0.002,0.083,297.2,29.04,22.87
"2020-09-21 09:59:46.5",1709227,-0.028,-0.002,0.083,297.2,29.04,22.87
"2020-09-21 09:59:46.6",1709228,-0.028,-0.002,0.083,297.2,29.04,22.87
"2020-09-21 09:59:46.7",1709229,-0.028,-0.002,0.083,297.2,29.04,22.87
"2020-09-21 09:59:46.8",1709230,-0.048,0.018,0.064,297.2,29.04,22.86
"2020-09-21 09:59:46.9",1709231,-0.048,0.018,0.064,297.2,29.04,22.87
"2020-09-21 09:59:47",1709232,-0.047,0.018,0.064,297.2,29.04,22.86
"2020-09-21 09:59:47.1",1709233,-0.048,0.018,0.063,297.1,29.04,22.86
"2020-09-21 09:59:47.2",1709234,-0.047,0.018,0.064,297.1,29.04,22.86
"2020-09-21 09:59:47.3",1709235,-0.047,-0.032,0.063,297.1,29.04,22.86
"2020-09-21 09:59:47.4",1709236,-0.048,-0.032,0.063,297.1,29.04,22.87
"2020-09-21 09:59:47.5",1709237,-0.048,-0.032,0.063,297.1,29.1,22.89
"2020-09-21 09:59:47.6",1709238,-0.028,-0.002,0.083,297.1,29.04,22.87
"2020-09-21 09:59:47.7",1709239,-0.028,-0.002,0.083,297.1,29.04,22.87
"2020-09-21 09:59:47.8",1709240,0.021,-0.032,0.083,297.2,29.04,22.87
"2020-09-21 09:59:47.9",1709241,0.021,-0.032,0.083,297.2,29.04,22.87
"2020-09-21 09:59:48",1709242,0.021,-0.032,0.083,297.2,29.04,22.87
"2020-09-21 09:59:48.1",1709243,-0.096,-0.032,0.083,297.1,29.04,22.87
"2020-09-21 09:59:48.2",1709244,-0.096,-0.032,0.083,297.1,29.04,22.86
"2020-09-21 09:59:48.3",1709245,-0.097,-0.032,0.083,297.3,29.04,22.87
"2020-09-21 09:59:48.4",1709246,-0.028,-0.002,0.083,297.3,29.04,22.87
"2020-09-21 09:59:48.5",1709247,-0.028,-0.002,0.083,297.3,29.04,22.87
"2020-09-21 09:59:48.6",1709248,-0.009,-0.032,0.117,297.4,29.04,22.87
"2020-09-21 09:59:48.7",1709249,-0.008,-0.031,0.117,297.4,29.04,22.87
"2020-09-21 09:59:48.8",1709250,-0.009,-0.071,0.137,297.4,29.04,22.89
"2020-09-21 09:59:48.9",1709251,-0.009,-0.071,0.137,297.4,29.04,22.86
"2020-09-21 09:59:49",1709252,-0.009,-0.071,0.137,297.4,29.04,22.86
"2020-09-21 09:59:49.1",1709253,-0.047,-0.032,0.137,297.2,29.04,22.86
"2020-09-21 09:59:49.2",1709254,-0.047,-0.032,0.137,297.2,29.04,22.86
"2020-09-21 09:59:49.3",1709255,-0.009,-0.032,0.107,297.1,29.04,22.86
"2020-09-21 09:59:49.4",1709256,-0.008,-0.032,0.108,297.1,29.04,22.86
"2020-09-21 09:59:49.5",1709257,-0.008,-0.031,0.107,297.1,29.04,22.87
"2020-09-21 09:59:49.6",1709258,-0.057,-0.041,0.137,296.9,29.04,22.86
"2020-09-21 09:59:49.7",1709259,-0.057,-0.041,0.137,296.9,29.04,22.87
"2020-09-21 09:59:49.8",1709260,-0.009,-0.071,0.137,296.9,29.04,22.86
"2020-09-21 09:59:49.9",1709261,-0.009,-0.071,0.137,296.9,29.04,22.87
"2020-09-21 09:59:50",1709262,-0.009,-0.071,0.137,296.9,29.1,22.87
"2020-09-21 09:59:50.1",1709263,-0.009,-0.071,0.137,296.9,29.04,22.86
"2020-09-21 09:59:50.2",1709264,-0.008,-0.071,0.137,296.9,29.04,22.86
"2020-09-21 09:59:50.3",1709265,-0.009,-0.071,0.137,296.9,29.04,22.86
"2020-09-21 09:59:50.4",1709266,-0.008,-0.071,0.137,296.9,29.04,22.87
"2020-09-21 09:59:50.5",1709267,-0.008,-0.071,0.137,296.9,29.04,22.87
"2020-09-21 09:59:50.6",1709268,-0.028,-0.071,0.083,297,29.04,22.87
"2020-09-21 09:59:50.7",1709269,-0.028,-0.071,0.083,297,29.04,22.87
"2020-09-21 09:59:50.8",1709270,-0.013,-0.032,0.107,297.2,29.04,22.87
"2020-09-21 09:59:50.9",1709271,-0.009,-0.032,0.108,297.2,29.04,22.87
"2020-09-21 09:59:51",1709272,-0.009,-0.032,0.108,297.2,29.04,22.86
"2020-09-21 09:59:51.1",1709273,-0.047,-0.032,0.137,297.3,29.04,22.87
"2020-09-21 09:59:51.2",1709274,-0.048,-0.032,0.137,297.3,29.04,22.87
"2020-09-21 09:59:51.3",1709275,-0.009,-0.041,0.117,297.4,29.06,22.89
"2020-09-21 09:59:51.4",1709276,-0.009,-0.041,0.117,297.4,29.04,22.86
"2020-09-21 09:59:51.5",1709277,-0.008,-0.041,0.117,297.4,29.04,22.86
"2020-09-21 09:59:51.6",1709278,-0.009,0.008,0.117,297.4,29.04,22.86
"2020-09-21 09:59:51.7",1709279,-0.009,0.008,0.117,297.4,29.04,22.86
"2020-09-21 09:59:51.8",1709280,-0.048,0.008,0.137,297.3,29.04,22.87
"2020-09-21 09:59:51.9",1709281,-0.048,0.008,0.137,297.3,29.04,22.87
"2020-09-21 09:59:52",1709282,-0.047,0.008,0.137,297.3,29.04,22.87
"2020-09-21 09:59:52.1",1709283,-0.028,-0.002,0.083,297.2,29.04,22.87
"2020-09-21 09:59:52.2",1709284,-0.028,-0.002,0.083,297.2,29.04,22.86
"2020-09-21 09:59:52.3",1709285,-0.077,-0.002,0.108,297.2,29.04,22.86
"2020-09-21 09:59:52.4",1709286,-0.077,-0.002,0.107,297.2,29.04,22.86
"2020-09-21 09:59:52.5",1709287,-0.077,-0.002,0.108,297.2,29.08,22.87
"2020-09-21 09:59:52.6",1709288,-0.077,-0.002,0.107,297.2,29.04,22.86
"2020-09-21 09:59:52.7",1709289,-0.077,-0.002,0.108,297.2,29.04,22.86
"2020-09-21 09:59:52.8",1709290,-0.097,-0.032,0.083,297,29.04,22.86
"2020-09-21 09:59:52.9",1709291,-0.096,-0.032,0.083,297,29.04,22.86
"2020-09-21 09:59:53",1709292,-0.097,-0.032,0.083,297,29.04,22.86
"2020-09-21 09:59:53.1",1709293,-0.077,-0.002,0.044,297,29.04,22.86
"2020-09-21 09:59:53.2",1709294,-0.077,-0.002,0.044,297,29.04,22.86
"2020-09-21 09:59:53.3",1709295,-0.057,-0.042,0.063,297,29.04,22.86
"2020-09-21 09:59:53.4",1709296,-0.057,-0.041,0.064,297,29.04,22.86
"2020-09-21 09:59:53.5",1709297,-0.057,-0.041,0.063,297,29.04,22.86
"2020-09-21 09:59:53.6",1709298,-0.057,-0.041,0.063,297,29.04,22.87
"2020-09-21 09:59:53.7",1709299,-0.057,-0.041,0.064,297,29.04,22.87
"2020-09-21 09:59:53.8",1709300,-0.077,-0.071,0.044,297,29.07,22.92
"2020-09-21 09:59:53.9",1709301,-0.077,-0.071,0.044,297,29.04,22.86
"2020-09-21 09:59:54",1709302,-0.077,-0.071,0.044,297,29.04,22.86
"2020-09-21 09:59:54.1",1709303,-0.057,-0.041,0.063,296.9,29.04,22.86
"2020-09-21 09:59:54.2",1709304,-0.057,-0.041,0.063,296.9,29.04,22.87
"2020-09-21 09:59:54.3",1709305,-0.097,-0.051,0.083,296.9,29.04,22.86
"2020-09-21 09:59:54.4",1709306,-0.096,-0.051,0.083,296.9,29.04,22.87
"2020-09-21 09:59:54.5",1709307,-0.096,-0.051,0.083,296.9,29.04,22.87
"2020-09-21 09:59:54.6",1709308,-0.008,-0.002,0.073,296.9,29.04,22.87
"2020-09-21 09:59:54.7",1709309,-0.008,-0.002,0.073,296.9,29.04,22.87
"2020-09-21 09:59:54.8",1709310,-0.048,-0.051,0.073,296.9,29.04,22.86
"2020-09-21 09:59:54.9",1709311,-0.047,-0.051,0.073,296.9,29.04,22.86
"2020-09-21 09:59:55",1709312,-0.048,-0.051,0.073,296.9,29.05,22.86
"2020-09-21 09:59:55.1",1709313,-0.087,-0.081,0.034,296.9,29.04,22.86
"2020-09-21 09:59:55.2",1709314,-0.087,-0.081,0.034,296.9,29.04,22.86
"2020-09-21 09:59:55.3",1709315,-0.057,-0.125,0.073,296.8,29.04,22.86
"2020-09-21 09:59:55.4",1709316,-0.057,-0.125,0.073,296.8,29.04,22.86
"2020-09-21 09:59:55.5",1709317,-0.057,-0.125,0.073,296.8,29.04,22.87
"2020-09-21 09:59:55.6",1709318,-0.047,-0.051,0.073,296.8,29.04,22.86
"2020-09-21 09:59:55.7",1709319,-0.048,-0.051,0.073,296.8,29.04,22.87
"2020-09-21 09:59:55.8",1709320,-0.028,-0.081,0.093,296.8,29.04,22.87
"2020-09-21 09:59:55.9",1709321,-0.028,-0.081,0.093,296.8,29.04,22.87
"2020-09-21 09:59:56",1709322,-0.028,-0.081,0.093,296.8,29.04,22.87
"2020-09-21 09:59:56.1",1709323,-0.048,-0.051,0.073,296.8,29.04,22.86
"2020-09-21 09:59:56.2",1709324,-0.048,-0.051,0.073,296.8,29.04,22.86
"2020-09-21 09:59:56.3",1709325,-0.018,-0.041,0.044,296.8,29.07,22.92
"2020-09-21 09:59:56.4",1709326,-0.018,-0.041,0.044,296.8,29.05,22.86
"2020-09-21 09:59:56.5",1709327,-0.018,-0.041,0.044,296.8,29.05,22.87
"2020-09-21 09:59:56.6",1709328,-0.009,-0.115,0.034,296.8,29.06,22.86
"2020-09-21 09:59:56.7",1709329,-0.008,-0.115,0.034,296.8,29.06,22.86
"2020-09-21 09:59:56.8",1709330,-0.055,-0.125,0.063,296.9,29.06,22.87
"2020-09-21 09:59:56.9",1709331,-0.057,-0.124,0.064,296.9,29.06,22.86
"2020-09-21 09:59:57",1709332,-0.057,-0.124,0.064,296.9,29.06,22.86
"2020-09-21 09:59:57.1",1709333,-0.028,-0.07,0.156,296.9,29.06,22.86
"2020-09-21 09:59:57.2",1709334,-0.028,-0.071,0.156,296.9,29.06,22.86
"2020-09-21 09:59:57.3",1709335,-0.048,-0.032,0.137,297,29.06,22.86
"2020-09-21 09:59:57.4",1709336,-0.048,-0.032,0.137,297,29.06,22.86
"2020-09-21 09:59:57.5",1709337,-0.048,-0.032,0.137,297,29.06,22.87
"2020-09-21 09:59:57.6",1709338,-0.047,-0.032,0.137,297,29.06,22.86
"2020-09-21 09:59:57.7",1709339,-0.048,-0.032,0.137,297,29.06,22.86
"2020-09-21 09:59:57.8",1709340,-0.047,-0.032,0.137,297.1,29.06,22.86
"2020-09-21 09:59:57.9",1709341,-0.048,-0.032,0.137,297.1,29.06,22.86
"2020-09-21 09:59:58",1709342,-0.047,-0.032,0.137,297.1,29.06,22.86
"2020-09-21 09:59:58.1",1709343,-0.028,-0.002,0.083,297.1,29.06,22.86
"2020-09-21 09:59:58.2",1709344,-0.028,-0.002,0.083,297.1,29.06,22.86
"2020-09-21 09:59:58.3",1709345,-0.028,-0.002,0.083,297.2,29.06,22.86
"2020-09-21 09:59:58.4",1709346,-0.028,-0.002,0.083,297.2,29.06,22.86
"2020-09-21 09:59:58.5",1709347,-0.028,-0.002,0.083,297.2,29.06,22.86
"2020-09-21 09:59:58.6",1709348,-0.009,0.018,0.108,297.2,29.06,22.87
"2020-09-21 09:59:58.7",1709349,-0.008,0.018,0.107,297.2,29.06,22.87
"2020-09-21 09:59:58.8",1709350,-0.008,-0.032,0.107,297.2,29.11,22.92
"2020-09-21 09:59:58.9",1709351,-0.008,-0.032,0.108,297.2,29.06,22.86
"2020-09-21 09:59:59",1709352,-0.008,-0.031,0.107,297.2,29.06,22.86
"2020-09-21 09:59:59.1",1709353,-0.028,-0.002,0.083,297.2,29.06,22.86
"2020-09-21 09:59:59.2",1709354,-0.028,-0.002,0.083,297.2,29.06,22.86
"2020-09-21 09:59:59.3",1709355,-0.008,-0.003,0.064,297.2,29.06,22.86
"2020-09-21 09:59:59.4",1709356,-0.008,-0.002,0.064,297.2,29.06,22.86
"2020-09-21 09:59:59.5",1709357,-0.008,-0.002,0.063,297.2,29.06,22.86
"2020-09-21 09:59:59.6",1709358,0.012,0.018,0.083,297.2,29.06,22.86
"2020-09-21 09:59:59.7",1709359,0.012,0.018,0.083,297.2,29.06,22.87
"2020-09-21 09:59:59.8",1709360,-0.008,0.018,0.107,297.2,29.06,22.87
"2020-09-21 09:59:59.9",1709361,-0.009,0.018,0.107,297.2,29.06,22.86
"2020-09-21 10:00:00",1709362,-0.009,0.018,0.108,297.2,29.06,22.87
"2020-09-21 10:00:00.1",1709363,0.002,0.018,0.083,297.3,29.06,22.88
"2020-09-21 10:00:00.2",1709364,0.002,0.018,0.083,297.3,29.06,22.86
"2020-09-21 10:00:00.3",1709365,0.002,-0.002,0.063,297.3,29.06,22.86
"2020-09-21 10:00:00.4",1709366,-0.009,-0.002,0.064,297.3,29.06,22.86
"2020-09-21 10:00:00.5",1709367,-0.008,-0.002,0.064,297.3,29.06,22.87
"2020-09-21 10:00:00.6",1709368,-0.009,-0.002,0.064,297.3,29.06,22.86
"2020-09-21 10:00:00.7",1709369,-0.008,-0.002,0.064,297.3,29.06,22.87
"2020-09-21 10:00:00.8",1709370,-0.009,0.018,0.044,297.3,29.06,22.87
"2020-09-21 10:00:00.9",1709371,-0.009,0.018,0.044,297.3,29.06,22.86
"2020-09-21 10:00:01",1709372,-0.009,0.018,0.044,297.3,29.06,22.86
"2020-09-21 10:00:01.1",1709373,-0.009,-0.002,0.137,297.4,29.06,22.86
"2020-09-21 10:00:01.2",1709374,-0.009,-0.002,0.137,297.4,29.06,22.87
"2020-09-21 10:00:01.3",1709375,0.012,-0.032,0.083,297.3,29.12,22.91
"2020-09-21 10:00:01.4",1709376,0.012,-0.032,0.083,297.3,29.07,22.86
"2020-09-21 10:00:01.5",1709377,0.012,-0.032,0.083,297.3,29.07,22.86
"2020-09-21 10:00:01.6",1709378,0.041,-0.002,0.107,297.2,29.08,22.86
"2020-09-21 10:00:01.7",1709379,0.041,-0.002,0.107,297.2,29.08,22.87
"2020-09-21 10:00:01.8",1709380,0.041,-0.002,0.108,297.2,29.08,22.86
"2020-09-21 10:00:01.9",1709381,0.041,-0.002,0.108,297.2,29.08,22.87
"2020-09-21 10:00:02",1709382,0.041,-0.002,0.108,297.2,29.08,22.87
"2020-09-21 10:00:02.1",1709383,-0.008,0.018,0.107,297.2,29.08,22.87
"2020-09-21 10:00:02.2",1709384,-0.009,0.018,0.108,297.2,29.08,22.87
"2020-09-21 10:00:02.3",1709385,-0.009,-0.032,0.107,297.1,29.08,22.86
"2020-09-21 10:00:02.4",1709386,-0.008,-0.032,0.107,297.1,29.08,22.87
"2020-09-21 10:00:02.5",1709387,-0.009,-0.032,0.107,297.1,29.08,22.86
"2020-09-21 10:00:02.6",1709388,-0.009,-0.032,0.117,297.1,29.08,22.89
"2020-09-21 10:00:02.7",1709389,-0.009,-0.032,0.117,297.1,29.08,22.87
"2020-09-21 10:00:02.8",1709390,0.012,-0.032,0.083,297.1,29.08,22.86
"2020-09-21 10:00:02.9",1709391,0.012,-0.032,0.083,297.1,29.08,22.86
"2020-09-21 10:00:03",1709392,0.012,-0.032,0.083,297.1,29.08,22.86
"2020-09-21 10:00:03.1",1709393,-0.008,-0.002,0.137,297,29.08,22.86
"2020-09-21 10:00:03.2",1709394,-0.009,-0.002,0.137,297,29.08,22.86
"2020-09-21 10:00:03.3",1709395,-0.028,-0.002,0.093,296.9,29.08,22.86
"2020-09-21 10:00:03.4",1709396,-0.028,-0.002,0.093,296.9,29.08,22.86
"2020-09-21 10:00:03.5",1709397,-0.028,-0.002,0.093,296.9,29.08,22.86
"2020-09-21 10:00:03.6",1709398,-0.028,-0.081,0.093,296.8,29.08,22.87
"2020-09-21 10:00:03.7",1709399,-0.028,-0.081,0.093,296.8,29.08,22.87
