"TOA5","10329","CR6","10329","CR6.Std.09.01 CR6-WIFI.04.00.01","CPU:YOUNG81000_HMP60_10Hz.CR6","51185","Young10Hz_hmp"
"TIMESTAMP","RECORD","U","V","W","TSonic","RH","T_HMP60"
"TS","RN","mV","mV","mV","mV","%","Deg C"
"","","Smp","Smp","Smp","Smp","Smp","Smp"
"2020-09-19 23:49:57.5",479400,0.011,0.008,0.025,295.3,25.42,21.8
"2020-09-19 23:49:57.6",479401,0.012,0.008,0.024,295.3,25.42,21.8
"2020-09-19 23:49:57.7",479402,0.011,0.008,0.024,295.3,25.42,21.8
"2020-09-19 23:49:57.8",479403,0.011,0.008,0.024,295.3,25.42,21.8
"2020-09-19 23:49:57.9",479404,-0.009,-0.002,-0.006,295.4,25.42,21.8
"2020-09-19 23:49:58",479405,-0.009,-0.003,-0.006,295.4,25.42,21.8
"2020-09-19 23:49:58.1",479406,-0.009,-0.003,-0.006,295.4,25.42,21.8
"2020-09-19 23:49:58.2",479407,-0.009,-0.002,-0.006,295.4,25.42,21.8
"2020-09-19 23:49:58.3",479408,-0.009,-0.003,-0.006,295.4,25.47,21.8
"2020-09-19 23:49:58.4",479409,-0.028,-0.002,0.025,295.4,25.42,21.8
"2020-09-19 23:49:58.5",479410,-0.028,-0.002,0.024,295.4,25.42,21.8
"2020-09-19 23:49:58.6",479411,-0.048,0.008,-0.006,295.4,25.42,21.8
"2020-09-19 23:49:58.7",479412,-0.048,0.008,-0.006,295.4,25.42,21.8
"2020-09-19 23:49:58.8",479413,-0.048,0.008,-0.006,295.4,25.42,21.8
"2020-09-19 23:49:58.9",479414,-0.009,-0.002,-0.006,295.5,25.42,21.8
"2020-09-19 23:49:59",479415,-0.009,-0.003,-0.006,295.5,25.42,21.8
"2020-09-19 23:49:59.1",479416,-0.009,-0.002,-0.006,295.5,25.42,21.8
"2020-09-19 23:49:59.2",479417,-0.009,-0.002,-0.006,295.5,25.42,21.8
"2020-09-19 23:49:59.3",479418,-0.009,-0.003,-0.006,295.5,25.42,21.8
"2020-09-19 23:49:59.4",479419,-0.028,-0.002,0.024,295.6,25.42,21.8
"2020-09-19 23:49:59.5",479420,-0.028,-0.002,0.025,295.6,25.42,21.8
"2020-09-19 23:49:59.6",479421,-0.009,0.008,0.044,295.5,25.45,21.85
"2020-09-19 23:49:59.7",479422,-0.008,0.008,0.044,295.5,25.42,21.8
"2020-09-19 23:49:59.8",479423,-0.009,0.008,0.044,295.5,25.42,21.8
"2020-09-19 23:49:59.9",479424,0.012,0.008,0.024,295.6,25.42,21.8
"2020-09-19 23:50:00",479425,0.011,0.008,0.025,295.6,25.42,21.8
"2020-09-19 23:50:00.1",479426,-0.028,-0.002,0.024,295.6,25.42,21.8
"2020-09-19 23:50:00.2",479427,-0.028,-0.002,0.024,295.6,25.42,21.8
"2020-09-19 23:50:00.3",479428,-0.028,-0.003,0.024,295.6,25.42,21.8
"2020-09-19 23:50:00.4",479429,-0.018,-0.002,0.015,295.8,25.42,21.8
"2020-09-19 23:50:00.5",479430,-0.019,-0.002,0.015,295.8,25.42,21.8
"2020-09-19 23:50:00.6",479431,-0.018,-0.002,0.015,295.9,25.42,21.8
"2020-09-19 23:50:00.7",479432,-0.019,-0.002,0.015,295.9,25.42,21.8
"2020-09-19 23:50:00.8",479433,-0.019,-0.003,0.015,295.9,25.44,21.8
"2020-09-19 23:50:00.9",479434,-0.008,-0.003,0.063,295.9,25.42,21.8
"2020-09-19 23:50:01",479435,-0.009,-0.002,0.064,295.9,25.42,21.8
"2020-09-19 23:50:01.1",479436,-0.009,-0.002,0.063,295.8,25.42,21.8
"2020-09-19 23:50:01.2",479437,-0.009,-0.002,0.063,295.8,25.42,21.81
"2020-09-19 23:50:01.3",479438,-0.009,-0.003,0.063,295.8,25.42,21.8
"2020-09-19 23:50:01.4",479439,-0.018,-0.041,0.044,295.8,25.42,21.8
"2020-09-19 23:50:01.5",479440,-0.018,-0.042,0.044,295.8,25.42,21.8
"2020-09-19 23:50:01.6",479441,0.031,-0.012,0.044,295.7,25.42,21.8
"2020-09-19 23:50:01.7",479442,0.031,-0.012,0.044,295.7,25.42,21.8
"2020-09-19 23:50:01.8",479443,0.031,-0.012,0.044,295.7,25.42,21.8
"2020-09-19 23:50:01.9",479444,-0.018,-0.041,0.044,295.6,25.42,21.81
"2020-09-19 23:50:02",479445,-0.018,-0.042,0.044,295.6,25.42,21.81
"2020-09-19 23:50:02.1",479446,0.031,-0.002,0.044,295.6,25.45,21.86
"2020-09-19 23:50:02.2",479447,0.031,-0.002,0.044,295.6,25.42,21.8
"2020-09-19 23:50:02.3",479448,0.031,-0.002,0.044,295.6,25.42,21.8
"2020-09-19 23:50:02.4",479449,-0.009,-0.002,-0.006,295.5,25.42,21.8
"2020-09-19 23:50:02.5",479450,-0.009,-0.003,-0.006,295.5,25.42,21.8
"2020-09-19 23:50:02.6",479451,0.021,-0.002,-0.016,295.3,25.42,21.8
"2020-09-19 23:50:02.7",479452,0.021,-0.002,-0.016,295.3,25.42,21.8
"2020-09-19 23:50:02.8",479453,0.021,-0.003,-0.016,295.3,25.42,21.8
"2020-09-19 23:50:02.9",479454,0.021,-0.002,-0.016,295.3,25.42,21.8
"2020-09-19 23:50:03",479455,0.021,-0.002,-0.016,295.3,25.42,21.8
"2020-09-19 23:50:03.1",479456,0.021,-0.002,-0.016,295.3,25.42,21.8
"2020-09-19 23:50:03.2",479457,0.021,-0.002,-0.016,295.3,25.42,21.8
"2020-09-19 23:50:03.3",479458,0.021,-0.003,-0.016,295.3,25.42,21.8
"2020-09-19 23:50:03.4",479459,0.012,0.008,0.024,295.3,25.42,21.8
"2020-09-19 23:50:03.5",479460,0.011,0.008,0.024,295.3,25.42,21.8
"2020-09-19 23:50:03.6",479461,0.012,0.008,0.024,295.3,25.42,21.8
"2020-09-19 23:50:03.7",479462,0.012,0.008,0.024,295.3,25.42,21.8
"2020-09-19 23:50:03.8",479463,0.012,0.008,0.024,295.3,25.42,21.8
"2020-09-19 23:50:03.9",479464,0.031,-0.002,0.044,295.3,25.42,21.8
"2020-09-19 23:50:04",479465,0.031,-0.003,0.044,295.3,25.42,21.8
"2020-09-19 23:50:04.1",479466,0.031,-0.002,0.044,295.3,25.42,21.8
"2020-09-19 23:50:04.2",479467,0.031,-0.002,0.044,295.3,25.42,21.8
"2020-09-19 23:50:04.3",479468,0.031,-0.003,0.044,295.3,25.42,21.8
"2020-09-19 23:50:04.4",479469,0.031,-0.003,0.044,295.3,25.42,21.8
"2020-09-19 23:50:04.5",479470,0.031,-0.002,0.044,295.3,25.42,21.8
"2020-09-19 23:50:04.6",479471,0.012,-0.041,0.024,295.2,25.45,21.86
"2020-09-19 23:50:04.7",479472,0.012,-0.041,0.025,295.2,25.42,21.8
"2020-09-19 23:50:04.8",479473,0.011,-0.042,0.024,295.2,25.42,21.8
"2020-09-19 23:50:04.9",479474,0.011,-0.042,0.024,295.2,25.42,21.8
"2020-09-19 23:50:05",479475,0.012,-0.041,0.024,295.2,25.42,21.8
"2020-09-19 23:50:05.1",479476,0.011,-0.042,0.025,295.2,25.42,21.8
"2020-09-19 23:50:05.2",479477,0.012,-0.041,0.025,295.2,25.42,21.8
"2020-09-19 23:50:05.3",479478,0.011,-0.042,0.024,295.2,25.42,21.8
"2020-09-19 23:50:05.4",479479,0.011,-0.041,0.024,295.2,25.42,21.8
"2020-09-19 23:50:05.5",479480,0.012,-0.041,0.024,295.2,25.42,21.8
"2020-09-19 23:50:05.6",479481,-0.009,-0.002,-0.006,295.3,25.42,21.8
"2020-09-19 23:50:05.7",479482,-0.009,-0.003,-0.006,295.3,25.42,21.8
"2020-09-19 23:50:05.8",479483,-0.009,-0.002,-0.006,295.3,25.42,21.8
"2020-09-19 23:50:05.9",479484,0.05,0.018,-0.006,295.3,25.42,21.8
"2020-09-19 23:50:06",479485,0.05,0.018,-0.006,295.3,25.42,21.8
"2020-09-19 23:50:06.1",479486,0.012,0.008,0.024,295.3,25.42,21.8
"2020-09-19 23:50:06.2",479487,0.012,0.008,0.025,295.3,25.42,21.8
"2020-09-19 23:50:06.3",479488,0.012,0.008,0.024,295.3,25.42,21.8
"2020-09-19 23:50:06.4",479489,0.011,0.008,0.025,295.3,25.42,21.8
"2020-09-19 23:50:06.5",479490,0.012,0.008,0.024,295.3,25.42,21.8
"2020-09-19 23:50:06.6",479491,0.011,0.008,0.024,295.3,25.42,21.8
"2020-09-19 23:50:06.7",479492,0.011,0.008,0.024,295.3,25.42,21.8
"2020-09-19 23:50:06.8",479493,0.011,0.008,0.024,295.3,25.42,21.8
"2020-09-19 23:50:06.9",479494,0.012,0.008,0.024,295.3,25.42,21.8
"2020-09-19 23:50:07",479495,0.011,0.008,0.024,295.3,25.42,21.8
"2020-09-19 23:50:07.1",479496,0.012,0.008,0.024,295.3,25.47,21.86
"2020-09-19 23:50:07.2",479497,0.011,0.008,0.025,295.3,25.42,21.8
"2020-09-19 23:50:07.3",479498,0.011,0.008,0.024,295.3,25.42,21.8
"2020-09-19 23:50:07.4",479499,0.011,0.008,0.024,295.3,25.42,21.8
"2020-09-19 23:50:07.5",479500,0.011,0.008,0.024,295.3,25.42,21.8
"2020-09-19 23:50:07.6",479501,0.012,0.008,0.024,295.3,25.42,21.8
"2020-09-19 23:50:07.7",479502,0.012,0.008,0.024,295.3,25.42,21.8
"2020-09-19 23:50:07.8",479503,0.011,0.008,0.024,295.3,25.42,21.8
"2020-09-19 23:50:07.9",479504,0.011,0.008,0.025,295.3,25.42,21.8
"2020-09-19 23:50:08",479505,0.012,0.008,0.024,295.3,25.42,21.8
"2020-09-19 23:50:08.1",479506,0.011,0.008,0.024,295.3,25.42,21.8
"2020-09-19 23:50:08.2",479507,0.011,0.008,0.024,295.3,25.42,21.8
"2020-09-19 23:50:08.3",479508,0.012,0.008,0.024,295.3,25.42,21.8
"2020-09-19 23:50:08.4",479509,0.012,0.008,0.024,295.3,25.42,21.81
"2020-09-19 23:50:08.5",479510,0.011,0.008,0.024,295.3,25.42,21.8
"2020-09-19 23:50:08.6",479511,0.011,0.008,0.024,295.3,25.42,21.8
"2020-09-19 23:50:08.7",479512,0.011,0.008,0.024,295.3,25.42,21.8
"2020-09-19 23:50:08.8",479513,0.012,0.008,0.024,295.3,25.42,21.8
"2020-09-19 23:50:08.9",479514,0.012,0.008,0.025,295.3,25.42,21.8
"2020-09-19 23:50:09",479515,0.012,0.008,0.024,295.3,25.42,21.8
"2020-09-19 23:50:09.1",479516,0.051,0.018,-0.006,295.3,25.42,21.81
"2020-09-19 23:50:09.2",479517,0.05,0.018,-0.006,295.3,25.42,21.81
"2020-09-19 23:50:09.3",479518,0.05,0.018,-0.006,295.3,25.42,21.8
"2020-09-19 23:50:09.4",479519,0.051,0.018,-0.006,295.3,25.42,21.8
"2020-09-19 23:50:09.5",479520,0.051,0.018,-0.006,295.3,25.42,21.8
"2020-09-19 23:50:09.6",479521,0.021,-0.002,-0.016,295.3,25.47,21.85
"2020-09-19 23:50:09.7",479522,0.021,-0.002,-0.016,295.3,25.42,21.8
"2020-09-19 23:50:09.8",479523,0.021,-0.002,-0.016,295.3,25.42,21.8
"2020-09-19 23:50:09.9",479524,-0.009,-0.002,-0.006,295.3,25.42,21.8
"2020-09-19 23:50:10",479525,-0.009,-0.002,-0.006,295.3,25.42,21.8
"2020-09-19 23:50:10.1",479526,-0.009,-0.003,-0.006,295.3,25.42,21.8
"2020-09-19 23:50:10.2",479527,-0.009,-0.002,-0.006,295.3,25.42,21.8
"2020-09-19 23:50:10.3",479528,-0.009,-0.003,-0.006,295.3,25.42,21.8
"2020-09-19 23:50:10.4",479529,0.011,-0.041,0.025,295.2,25.42,21.8
"2020-09-19 23:50:10.5",479530,0.012,-0.041,0.024,295.2,25.42,21.8
"2020-09-19 23:50:10.6",479531,0.011,-0.041,0.024,295.2,25.42,21.81
"2020-09-19 23:50:10.7",479532,0.011,-0.041,0.025,295.2,25.42,21.8
"2020-09-19 23:50:10.8",479533,0.011,-0.041,0.024,295.2,25.42,21.8
"2020-09-19 23:50:10.9",479534,0.012,-0.041,0.025,295.2,25.42,21.83
"2020-09-19 23:50:11",479535,0.012,-0.042,0.024,295.2,25.42,21.8
"2020-09-19 23:50:11.1",479536,0.012,-0.041,0.024,295.2,25.43,21.8
"2020-09-19 23:50:11.2",479537,0.012,-0.041,0.024,295.2,25.43,21.8
"2020-09-19 23:50:11.3",479538,0.011,-0.042,0.024,295.2,25.43,21.8
"2020-09-19 23:50:11.4",479539,0.012,-0.041,0.024,295.2,25.44,21.8
"2020-09-19 23:50:11.5",479540,0.011,-0.041,0.024,295.2,25.44,21.8
"2020-09-19 23:50:11.6",479541,0.012,-0.041,0.025,295.2,25.44,21.8
"2020-09-19 23:50:11.7",479542,0.012,-0.041,0.024,295.2,25.44,21.8
"2020-09-19 23:50:11.8",479543,0.011,-0.042,0.024,295.2,25.44,21.8
"2020-09-19 23:50:11.9",479544,0.012,-0.041,0.024,295.2,25.44,21.8
"2020-09-19 23:50:12",479545,0.012,-0.041,0.024,295.2,25.44,21.8
"2020-09-19 23:50:12.1",479546,0.011,-0.041,0.024,295.2,25.49,21.84
"2020-09-19 23:50:12.2",479547,0.012,-0.041,0.025,295.2,25.44,21.8
"2020-09-19 23:50:12.3",479548,0.011,-0.042,0.024,295.2,25.44,21.8
"2020-09-19 23:50:12.4",479549,0.012,-0.042,0.024,295.2,25.44,21.8
"2020-09-19 23:50:12.5",479550,0.012,-0.041,0.024,295.2,25.44,21.8
"2020-09-19 23:50:12.6",479551,0.012,-0.041,0.024,295.2,25.44,21.8
"2020-09-19 23:50:12.7",479552,0.012,-0.042,0.024,295.2,25.44,21.8
"2020-09-19 23:50:12.8",479553,0.011,-0.042,0.024,295.2,25.44,21.8
"2020-09-19 23:50:12.9",479554,0.012,-0.042,0.024,295.2,25.44,21.8
"2020-09-19 23:50:13",479555,0.012,-0.042,0.024,295.2,25.44,21.8
"2020-09-19 23:50:13.1",479556,0.012,-0.041,0.024,295.2,25.44,21.8
"2020-09-19 23:50:13.2",479557,0.012,-0.041,0.024,295.2,25.44,21.8
"2020-09-19 23:50:13.3",479558,0.011,-0.042,0.024,295.2,25.44,21.8
"2020-09-19 23:50:13.4",479559,0.012,-0.041,0.024,295.2,25.44,21.83
"2020-09-19 23:50:13.5",479560,0.011,-0.041,0.024,295.2,25.44,21.8
"2020-09-19 23:50:13.6",479561,0.011,-0.041,0.024,295.2,25.44,21.8
"2020-09-19 23:50:13.7",479562,0.011,-0.041,0.025,295.2,25.44,21.8
"2020-09-19 23:50:13.8",479563,0.012,-0.042,0.024,295.2,25.44,21.8
"2020-09-19 23:50:13.9",479564,0.012,-0.041,0.024,295.2,25.44,21.8
"2020-09-19 23:50:14",479565,0.011,-0.041,0.024,295.2,25.44,21.8
"2020-09-19 23:50:14.1",479566,0.012,-0.042,0.025,295.2,25.44,21.81
"2020-09-19 23:50:14.2",479567,0.012,-0.041,0.024,295.2,25.44,21.8
"2020-09-19 23:50:14.3",479568,0.011,-0.042,0.024,295.2,25.44,21.8
"2020-09-19 23:50:14.4",479569,0.012,-0.042,0.024,295.2,25.44,21.8
"2020-09-19 23:50:14.5",479570,0.011,-0.041,0.024,295.2,25.44,21.8
"2020-09-19 23:50:14.6",479571,0.012,-0.041,0.024,295.2,25.49,21.81
"2020-09-19 23:50:14.7",479572,0.012,-0.042,0.025,295.2,25.44,21.8
"2020-09-19 23:50:14.8",479573,0.011,-0.042,0.024,295.2,25.44,21.8
"2020-09-19 23:50:14.9",479574,0.012,-0.042,0.025,295.2,25.44,21.8
"2020-09-19 23:50:15",479575,0.011,-0.041,0.024,295.2,25.44,21.8
"2020-09-19 23:50:15.1",479576,0.021,-0.002,-0.016,295.2,25.44,21.8
"2020-09-19 23:50:15.2",479577,0.021,-0.002,-0.016,295.2,25.44,21.8
"2020-09-19 23:50:15.3",479578,0.021,-0.003,-0.016,295.2,25.44,21.81
"2020-09-19 23:50:15.4",479579,0.012,-0.041,0.025,295.2,25.44,21.8
"2020-09-19 23:50:15.5",479580,0.012,-0.042,0.024,295.2,25.44,21.8
"2020-09-19 23:50:15.6",479581,0.012,-0.042,0.024,295.2,25.44,21.8
"2020-09-19 23:50:15.7",479582,0.012,-0.042,0.024,295.2,25.44,21.8
"2020-09-19 23:50:15.8",479583,0.011,-0.042,0.024,295.2,25.44,21.8
"2020-09-19 23:50:15.9",479584,-0.009,-0.002,-0.006,295.2,25.46,21.83
"2020-09-19 23:50:16",479585,-0.009,-0.002,-0.006,295.2,25.44,21.8
"2020-09-19 23:50:16.1",479586,0.021,-0.003,-0.016,295.2,25.44,21.8
"2020-09-19 23:50:16.2",479587,0.021,-0.002,-0.016,295.2,25.44,21.8
"2020-09-19 23:50:16.3",479588,0.021,-0.003,-0.016,295.2,25.44,21.8
"2020-09-19 23:50:16.4",479589,0.06,-0.041,-0.006,295.2,25.44,21.8
"2020-09-19 23:50:16.5",479590,0.06,-0.041,-0.006,295.2,25.44,21.8
"2020-09-19 23:50:16.6",479591,0.06,-0.041,-0.006,295.2,25.44,21.8
"2020-09-19 23:50:16.7",479592,0.06,-0.041,-0.006,295.2,25.44,21.8
"2020-09-19 23:50:16.8",479593,0.06,-0.042,-0.006,295.2,25.44,21.8
"2020-09-19 23:50:16.9",479594,0.06,-0.042,-0.006,295.2,25.44,21.8
"2020-09-19 23:50:17",479595,0.06,-0.042,-0.006,295.2,25.44,21.8
"2020-09-19 23:50:17.1",479596,0.06,-0.041,-0.006,295.2,25.48,21.8
"2020-09-19 23:50:17.2",479597,0.06,-0.042,-0.006,295.2,25.44,21.8
"2020-09-19 23:50:17.3",479598,0.06,-0.042,-0.007,295.2,25.44,21.8
"2020-09-19 23:50:17.4",479599,0.011,-0.041,0.025,295.2,25.44,21.8
"2020-09-19 23:50:17.5",479600,0.012,-0.042,0.025,295.2,25.44,21.8
"2020-09-19 23:50:17.6",479601,0.012,-0.042,0.024,295.2,25.44,21.8
"2020-09-19 23:50:17.7",479602,0.012,-0.041,0.024,295.2,25.44,21.8
"2020-09-19 23:50:17.8",479603,0.012,-0.042,0.024,295.2,25.44,21.8
"2020-09-19 23:50:17.9",479604,0.012,-0.041,0.024,295.2,25.44,21.8
"2020-09-19 23:50:18",479605,0.012,-0.042,0.025,295.2,25.44,21.8
"2020-09-19 23:50:18.1",479606,0.011,-0.041,0.025,295.2,25.44,21.8
"2020-09-19 23:50:18.2",479607,0.012,-0.042,0.025,295.2,25.44,21.8
"2020-09-19 23:50:18.3",479608,0.011,-0.041,0.024,295.2,25.44,21.8
"2020-09-19 23:50:18.4",479609,0.012,-0.041,0.024,295.2,25.47,21.85
"2020-09-19 23:50:18.5",479610,0.012,-0.041,0.024,295.2,25.44,21.8
"2020-09-19 23:50:18.6",479611,0.012,-0.041,0.024,295.2,25.44,21.8
"2020-09-19 23:50:18.7",479612,0.012,-0.041,0.024,295.2,25.44,21.8
"2020-09-19 23:50:18.8",479613,0.011,-0.042,0.024,295.2,25.44,21.8
"2020-09-19 23:50:18.9",479614,0.012,-0.041,0.024,295.3,25.44,21.8
"2020-09-19 23:50:19",479615,0.012,-0.041,0.024,295.3,25.44,21.8
"2020-09-19 23:50:19.1",479616,0.011,-0.042,0.025,295.3,25.44,21.8
"2020-09-19 23:50:19.2",479617,0.012,-0.042,0.024,295.3,25.44,21.8
"2020-09-19 23:50:19.3",479618,0.011,-0.042,0.024,295.3,25.44,21.8
"2020-09-19 23:50:19.4",479619,0.012,-0.041,0.025,295.3,25.44,21.8
"2020-09-19 23:50:19.5",479620,0.012,-0.042,0.024,295.3,25.44,21.8
"2020-09-19 23:50:19.6",479621,0.012,-0.042,0.025,295.3,25.46,21.8
"2020-09-19 23:50:19.7",479622,0.012,-0.042,0.025,295.3,25.44,21.8
"2020-09-19 23:50:19.8",479623,0.011,-0.042,0.024,295.3,25.44,21.8
"2020-09-19 23:50:19.9",479624,-0.009,-0.002,-0.006,295.3,25.44,21.8
"2020-09-19 23:50:20",479625,-0.009,-0.002,-0.006,295.3,25.44,21.8
"2020-09-19 23:50:20.1",479626,-0.009,-0.003,-0.006,295.3,25.44,21.8
"2020-09-19 23:50:20.2",479627,-0.009,-0.002,-0.006,295.3,25.44,21.8
"2020-09-19 23:50:20.3",479628,-0.009,-0.003,-0.006,295.3,25.44,21.8
"2020-09-19 23:50:20.4",479629,-0.008,-0.002,-0.006,295.3,25.44,21.8
"2020-09-19 23:50:20.5",479630,-0.009,-0.002,-0.006,295.3,25.44,21.8
"2020-09-19 23:50:20.6",479631,0.011,0.008,0.024,295.3,25.44,21.8
"2020-09-19 23:50:20.7",479632,0.011,0.008,0.024,295.3,25.44,21.8
"2020-09-19 23:50:20.8",479633,0.011,0.008,0.024,295.3,25.44,21.8
"2020-09-19 23:50:20.9",479634,0.012,0.008,0.024,295.3,25.47,21.86
"2020-09-19 23:50:21",479635,0.012,0.008,0.024,295.3,25.44,21.8
"2020-09-19 23:50:21.1",479636,-0.009,-0.003,0.073,295.3,25.44,21.8
"2020-09-19 23:50:21.2",479637,-0.008,-0.002,0.073,295.3,25.44,21.81
"2020-09-19 23:50:21.3",479638,-0.009,-0.003,0.073,295.3,25.44,21.8
"2020-09-19 23:50:21.4",479639,0.031,-0.002,0.044,295.4,25.44,21.81
"2020-09-19 23:50:21.5",479640,0.031,-0.002,0.044,295.4,25.44,21.8
"2020-09-19 23:50:21.6",479641,-0.009,-0.003,0.073,295.5,25.44,21.8
"2020-09-19 23:50:21.7",479642,-0.009,-0.003,0.073,295.4,25.44,21.8
"2020-09-19 23:50:21.8",479643,-0.009,-0.003,0.073,295.4,25.44,21.8
"2020-09-19 23:50:21.9",479644,-0.008,-0.002,0.073,295.4,25.44,21.8
"2020-09-19 23:50:22",479645,-0.009,-0.002,0.073,295.5,25.44,21.8
"2020-09-19 23:50:22.1",479646,-0.008,0.008,0.044,295.4,25.44,21.8
"2020-09-19 23:50:22.2",479647,-0.009,0.008,0.044,295.4,25.44,21.8
"2020-09-19 23:50:22.3",479648,-0.009,0.008,0.044,295.4,25.44,21.8
"2020-09-19 23:50:22.4",479649,-0.008,-0.002,0.073,295.4,25.44,21.8
"2020-09-19 23:50:22.5",479650,-0.009,-0.002,0.073,295.4,25.44,21.8
"2020-09-19 23:50:22.6",479651,0.031,-0.002,0.044,295.4,25.44,21.8
"2020-09-19 23:50:22.7",479652,0.031,-0.002,0.044,295.4,25.44,21.8
"2020-09-19 23:50:22.8",479653,0.031,-0.003,0.044,295.4,25.44,21.8
"2020-09-19 23:50:22.9",479654,-0.008,0.008,0.044,295.4,25.44,21.8
"2020-09-19 23:50:23",479655,-0.009,0.008,0.044,295.4,25.44,21.8
"2020-09-19 23:50:23.1",479656,-0.009,-0.002,0.073,295.4,25.44,21.8
"2020-09-19 23:50:23.2",479657,-0.009,-0.002,0.073,295.4,25.44,21.8
"2020-09-19 23:50:23.3",479658,-0.009,-0.003,0.073,295.4,25.44,21.8
"2020-09-19 23:50:23.4",479659,-0.009,-0.002,0.073,295.4,25.47,21.86
"2020-09-19 23:50:23.5",479660,-0.009,-0.002,0.073,295.4,25.44,21.8
"2020-09-19 23:50:23.6",479661,-0.009,-0.002,0.073,295.5,25.44,21.8
"2020-09-19 23:50:23.7",479662,-0.008,-0.003,0.073,295.5,25.44,21.8
"2020-09-19 23:50:23.8",479663,-0.009,-0.003,0.073,295.5,25.44,21.8
"2020-09-19 23:50:23.9",479664,-0.009,-0.002,0.073,295.5,25.44,21.8
"2020-09-19 23:50:24",479665,-0.009,-0.002,0.073,295.5,25.44,21.8
"2020-09-19 23:50:24.1",479666,-0.008,-0.002,0.073,295.5,25.44,21.8
"2020-09-19 23:50:24.2",479667,-0.009,-0.002,0.073,295.5,25.44,21.81
"2020-09-19 23:50:24.3",479668,-0.009,-0.003,0.073,295.5,25.44,21.8
"2020-09-19 23:50:24.4",479669,-0.009,-0.002,0.073,295.5,25.44,21.8
"2020-09-19 23:50:24.5",479670,-0.009,-0.002,0.073,295.5,25.44,21.8
"2020-09-19 23:50:24.6",479671,-0.009,0.008,0.044,295.5,25.44,21.8
"2020-09-19 23:50:24.7",479672,-0.008,0.008,0.044,295.5,25.44,21.8
"2020-09-19 23:50:24.8",479673,-0.009,0.008,0.044,295.5,25.44,21.8
"2020-09-19 23:50:24.9",479674,-0.028,-0.002,0.024,295.4,25.44,21.8
"2020-09-19 23:50:25",479675,-0.028,-0.002,0.024,295.4,25.44,21.8
"2020-09-19 23:50:25.1",479676,0.012,0.008,0.024,295.4,25.44,21.8
"2020-09-19 23:50:25.2",479677,0.012,0.009,0.024,295.4,25.44,21.8
"2020-09-19 23:50:25.3",479678,0.011,0.008,0.025,295.4,25.44,21.8
"2020-09-19 23:50:25.4",479679,-0.009,-0.002,0.073,295.4,25.44,21.8
"2020-09-19 23:50:25.5",479680,-0.009,-0.002,0.073,295.4,25.44,21.8
"2020-09-19 23:50:25.6",479681,-0.009,-0.002,-0.006,295.4,25.44,21.8
"2020-09-19 23:50:25.7",479682,-0.009,-0.002,-0.006,295.4,25.44,21.8
"2020-09-19 23:50:25.8",479683,-0.009,-0.002,-0.006,295.4,25.44,21.8
"2020-09-19 23:50:25.9",479684,-0.009,-0.002,-0.006,295.4,25.5,21.86
"2020-09-19 23:50:26",479685,-0.009,-0.002,-0.006,295.4,25.44,21.8
"2020-09-19 23:50:26.1",479686,-0.009,-0.003,-0.006,295.4,25.44,21.8
"2020-09-19 23:50:26.2",479687,-0.008,-0.002,-0.006,295.4,25.44,21.8
"2020-09-19 23:50:26.3",479688,-0.008,-0.002,-0.006,295.4,25.44,21.8
"2020-09-19 23:50:26.4",479689,-0.028,-0.002,0.024,295.3,25.44,21.8
"2020-09-19 23:50:26.5",479690,-0.028,-0.002,0.024,295.3,25.44,21.8
"2020-09-19 23:50:26.6",479691,-0.009,-0.002,-0.006,295.3,25.44,21.8
"2020-09-19 23:50:26.7",479692,-0.009,-0.003,-0.006,295.3,25.44,21.8
"2020-09-19 23:50:26.8",479693,-0.009,-0.003,-0.006,295.3,25.44,21.8
"2020-09-19 23:50:26.9",479694,-0.009,-0.003,-0.006,295.3,25.44,21.8
"2020-09-19 23:50:27",479695,-0.009,-0.002,-0.006,295.3,25.44,21.8
"2020-09-19 23:50:27.1",479696,0.012,-0.041,0.024,295.3,25.44,21.8
"2020-09-19 23:50:27.2",479697,0.012,-0.042,0.024,295.3,25.44,21.82
"2020-09-19 23:50:27.3",479698,0.011,-0.042,0.024,295.3,25.44,21.8
"2020-09-19 23:50:27.4",479699,0.012,-0.041,0.025,295.3,25.44,21.8
"2020-09-19 23:50:27.5",479700,0.012,-0.041,0.024,295.3,25.44,21.8
"2020-09-19 23:50:27.6",479701,-0.018,-0.042,0.044,295.3,25.44,21.8
"2020-09-19 23:50:27.7",479702,-0.018,-0.042,0.044,295.3,25.44,21.8
"2020-09-19 23:50:27.8",479703,-0.018,-0.042,0.044,295.3,25.44,21.8
"2020-09-19 23:50:27.9",479704,-0.028,-0.002,0.024,295.3,25.44,21.8
"2020-09-19 23:50:28",479705,-0.028,-0.002,0.024,295.3,25.44,21.8
"2020-09-19 23:50:28.1",479706,-0.009,-0.003,-0.006,295.3,25.44,21.8
"2020-09-19 23:50:28.2",479707,-0.009,-0.002,-0.006,295.3,25.44,21.8
"2020-09-19 23:50:28.3",479708,-0.009,-0.002,-0.006,295.3,25.44,21.8
"2020-09-19 23:50:28.4",479709,-0.009,-0.002,-0.006,295.3,25.49,21.85
"2020-09-19 23:50:28.5",479710,-0.009,-0.002,-0.006,295.3,25.44,21.8
"2020-09-19 23:50:28.6",479711,-0.018,-0.041,0.044,295.3,25.44,21.8
"2020-09-19 23:50:28.7",479712,-0.018,-0.041,0.044,295.3,25.44,21.8
"2020-09-19 23:50:28.8",479713,-0.019,-0.042,0.044,295.3,25.44,21.8
"2020-09-19 23:50:28.9",479714,-0.018,-0.041,0.044,295.3,25.44,21.8
"2020-09-19 23:50:29",479715,-0.018,-0.042,0.044,295.3,25.44,21.8
"2020-09-19 23:50:29.1",479716,-0.018,-0.041,0.044,295.3,25.44,21.8
"2020-09-19 23:50:29.2",479717,-0.018,-0.041,0.044,295.3,25.44,21.8
"2020-09-19 23:50:29.3",479718,-0.018,-0.041,0.044,295.3,25.44,21.8
"2020-09-19 23:50:29.4",479719,0.012,-0.041,0.025,295.3,25.44,21.8
"2020-09-19 23:50:29.5",479720,0.012,-0.042,0.024,295.3,25.44,21.8
"2020-09-19 23:50:29.6",479721,0.011,-0.042,0.024,295.3,25.44,21.8
"2020-09-19 23:50:29.7",479722,0.012,-0.041,0.024,295.3,25.44,21.83
"2020-09-19 23:50:29.8",479723,0.012,-0.042,0.024,295.3,25.44,21.8
"2020-09-19 23:50:29.9",479724,0.012,-0.041,0.025,295.3,25.44,21.8
"2020-09-19 23:50:30",479725,0.012,-0.041,0.024,295.3,25.44,21.8
"2020-09-19 23:50:30.1",479726,-0.009,-0.002,-0.006,295.3,25.44,21.8
"2020-09-19 23:50:30.2",479727,-0.009,-0.002,-0.006,295.3,25.44,21.8
"2020-09-19 23:50:30.3",479728,-0.009,-0.002,-0.006,295.3,25.44,21.8
"2020-09-19 23:50:30.4",479729,-0.008,-0.002,-0.006,295.3,25.44,21.8
"2020-09-19 23:50:30.5",479730,-0.009,-0.002,-0.006,295.3,25.44,21.8
"2020-09-19 23:50:30.6",479731,-0.028,-0.003,0.024,295.3,25.44,21.8
"2020-09-19 23:50:30.7",479732,-0.028,-0.002,0.024,295.3,25.44,21.8
"2020-09-19 23:50:30.8",479733,-0.028,-0.002,0.024,295.3,25.44,21.8
"2020-09-19 23:50:30.9",479734,-0.009,-0.002,-0.006,295.3,25.49,21.83
"2020-09-19 23:50:31",479735,-0.009,-0.002,-0.006,295.3,25.44,21.8
"2020-09-19 23:50:31.1",479736,-0.009,-0.003,-0.006,295.3,25.44,21.8
"2020-09-19 23:50:31.2",479737,-0.009,-0.003,-0.006,295.3,25.44,21.8
"2020-09-19 23:50:31.3",479738,-0.009,-0.003,-0.006,295.3,25.44,21.8
"2020-09-19 23:50:31.4",479739,-0.028,-0.002,0.024,295.3,25.44,21.8
"2020-09-19 23:50:31.5",479740,-0.028,-0.002,0.024,295.3,25.44,21.8
"2020-09-19 23:50:31.6",479741,0.012,0.008,0.024,295.3,25.44,21.8
"2020-09-19 23:50:31.7",479742,0.012,0.008,0.024,295.3,25.44,21.8
"2020-09-19 23:50:31.8",479743,0.012,0.008,0.024,295.3,25.44,21.8
"2020-09-19 23:50:31.9",479744,0.012,0.008,0.024,295.3,25.44,21.8
"2020-09-19 23:50:32",479745,0.011,0.008,0.024,295.3,25.44,21.8
"2020-09-19 23:50:32.1",479746,-0.009,-0.003,-0.006,295.3,25.44,21.8
"2020-09-19 23:50:32.2",479747,-0.009,-0.002,-0.006,295.3,25.44,21.83
"2020-09-19 23:50:32.3",479748,-0.009,-0.003,-0.006,295.3,25.44,21.8
"2020-09-19 23:50:32.4",479749,-0.009,-0.003,-0.006,295.3,25.44,21.8
"2020-09-19 23:50:32.5",479750,-0.009,-0.002,-0.006,295.3,25.44,21.8
"2020-09-19 23:50:32.6",479751,-0.028,-0.002,0.024,295.3,25.44,21.8
"2020-09-19 23:50:32.7",479752,-0.028,-0.002,0.024,295.3,25.44,21.8
"2020-09-19 23:50:32.8",479753,-0.028,-0.003,0.024,295.3,25.44,21.8
"2020-09-19 23:50:32.9",479754,-0.028,-0.002,0.024,295.3,25.44,21.8
"2020-09-19 23:50:33",479755,-0.028,-0.002,0.024,295.3,25.44,21.8
"2020-09-19 23:50:33.1",479756,-0.028,-0.002,0.025,295.3,25.44,21.8
"2020-09-19 23:50:33.2",479757,-0.028,-0.002,0.025,295.3,25.44,21.8
"2020-09-19 23:50:33.3",479758,-0.028,-0.003,0.024,295.3,25.44,21.8
"2020-09-19 23:50:33.4",479759,-0.008,-0.003,-0.006,295.3,25.49,21.81
"2020-09-19 23:50:33.5",479760,-0.009,-0.002,-0.006,295.3,25.44,21.8
"2020-09-19 23:50:33.6",479761,-0.009,-0.002,-0.006,295.3,25.44,21.8
"2020-09-19 23:50:33.7",479762,-0.009,-0.002,-0.006,295.3,25.44,21.8
"2020-09-19 23:50:33.8",479763,-0.009,-0.003,-0.006,295.3,25.44,21.8
"2020-09-19 23:50:33.9",479764,0.011,0.008,0.025,295.3,25.44,21.8
"2020-09-19 23:50:34",479765,0.012,0.008,0.025,295.3,25.44,21.8
"2020-09-19 23:50:34.1",479766,0.012,0.008,0.024,295.3,25.44,21.8
"2020-09-19 23:50:34.2",479767,0.011,0.008,0.024,295.3,25.44,21.8
"2020-09-19 23:50:34.3",479768,0.011,0.008,0.024,295.3,25.44,21.8
"2020-09-19 23:50:34.4",479769,0.011,0.008,0.024,295.3,25.44,21.8
"2020-09-19 23:50:34.5",479770,0.012,0.008,0.024,295.3,25.44,21.8
"2020-09-19 23:50:34.6",479771,-0.009,0.008,0.044,295.3,25.44,21.8
"2020-09-19 23:50:34.7",479772,-0.009,0.008,0.044,295.3,25.45,21.83
"2020-09-19 23:50:34.8",479773,-0.009,0.008,0.044,295.3,25.44,21.8
"2020-09-19 23:50:34.9",479774,0.011,0.008,0.024,295.3,25.44,21.8
"2020-09-19 23:50:35",479775,0.012,0.008,0.024,295.3,25.44,21.8
"2020-09-19 23:50:35.1",479776,0.011,0.008,0.024,295.3,25.44,21.8
"2020-09-19 23:50:35.2",479777,0.011,0.008,0.024,295.3,25.44,21.8
"2020-09-19 23:50:35.3",479778,0.011,0.008,0.024,295.3,25.44,21.8
"2020-09-19 23:50:35.4",479779,-0.008,-0.003,-0.006,295.4,25.44,21.8
"2020-09-19 23:50:35.5",479780,-0.009,-0.002,-0.006,295.4,25.44,21.8
"2020-09-19 23:50:35.6",479781,-0.009,-0.003,-0.006,295.4,25.44,21.8
"2020-09-19 23:50:35.7",479782,-0.009,-0.002,-0.006,295.4,25.44,21.8
"2020-09-19 23:50:35.8",479783,-0.009,-0.003,-0.006,295.4,25.44,21.8
"2020-09-19 23:50:35.9",479784,0.031,-0.002,0.044,295.5,25.48,21.8
"2020-09-19 23:50:36",479785,0.031,-0.002,0.044,295.5,25.44,21.8
"2020-09-19 23:50:36.1",479786,0.011,-0.041,0.024,295.5,25.44,21.8
"2020-09-19 23:50:36.2",479787,0.011,-0.042,0.024,295.5,25.44,21.81
"2020-09-19 23:50:36.3",479788,0.012,-0.042,0.024,295.5,25.44,21.8
"2020-09-19 23:50:36.4",479789,-0.018,-0.041,0.044,295.5,25.44,21.8
"2020-09-19 23:50:36.5",479790,-0.018,-0.041,0.044,295.5,25.44,21.8
"2020-09-19 23:50:36.6",479791,-0.018,-0.042,0.044,295.5,25.44,21.8
"2020-09-19 23:50:36.7",479792,-0.018,-0.041,0.044,295.5,25.44,21.8
"2020-09-19 23:50:36.8",479793,-0.019,-0.042,0.044,295.5,25.44,21.8
"2020-09-19 23:50:36.9",479794,-0.009,-0.002,0.073,295.5,25.44,21.8
"2020-09-19 23:50:37",479795,-0.009,-0.002,0.073,295.5,25.44,21.8
"2020-09-19 23:50:37.1",479796,-0.009,-0.002,0.073,295.5,25.44,21.8
"2020-09-19 23:50:37.2",479797,-0.009,-0.002,0.073,295.5,25.47,21.85
"2020-09-19 23:50:37.3",479798,-0.009,-0.003,0.073,295.5,25.44,21.8
"2020-09-19 23:50:37.4",479799,-0.008,-0.002,0.073,295.5,25.44,21.8
"2020-09-19 23:50:37.5",479800,-0.008,-0.003,0.073,295.5,25.44,21.8
"2020-09-19 23:50:37.6",479801,-0.008,-0.002,0.073,295.5,25.44,21.8
"2020-09-19 23:50:37.7",479802,-0.009,-0.003,0.073,295.5,25.44,21.8
"2020-09-19 23:50:37.8",479803,-0.009,-0.003,0.073,295.5,25.44,21.8
"2020-09-19 23:50:37.9",479804,-0.008,-0.002,0.073,295.6,25.44,21.8
"2020-09-19 23:50:38",479805,-0.009,-0.003,0.073,295.6,25.44,21.8
"2020-09-19 23:50:38.1",479806,-0.009,-0.003,0.073,295.6,25.44,21.8
"2020-09-19 23:50:38.2",479807,-0.008,-0.002,0.073,295.6,25.44,21.8
"2020-09-19 23:50:38.3",479808,-0.009,-0.003,0.073,295.6,25.44,21.8
"2020-09-19 23:50:38.4",479809,-0.009,-0.002,0.073,295.5,25.46,21.8
"2020-09-19 23:50:38.5",479810,-0.009,-0.003,0.073,295.5,25.44,21.8
"2020-09-19 23:50:38.6",479811,0.031,-0.002,0.044,295.5,25.44,21.8
"2020-09-19 23:50:38.7",479812,0.031,-0.002,0.044,295.5,25.44,21.8
"2020-09-19 23:50:38.8",479813,0.031,-0.003,0.044,295.5,25.44,21.8
"2020-09-19 23:50:38.9",479814,-0.008,-0.002,0.073,295.5,25.44,21.8
"2020-09-19 23:50:39",479815,-0.009,-0.002,0.073,295.5,25.44,21.8
"2020-09-19 23:50:39.1",479816,0.06,0.018,0.073,295.5,25.44,21.8
"2020-09-19 23:50:39.2",479817,0.06,0.018,0.073,295.5,25.44,21.8
"2020-09-19 23:50:39.3",479818,0.06,0.018,0.073,295.5,25.44,21.8
"2020-09-19 23:50:39.4",479819,0.011,0.008,0.093,295.5,25.44,21.8
"2020-09-19 23:50:39.5",479820,0.012,0.008,0.093,295.5,25.44,21.8
"2020-09-19 23:50:39.6",479821,0.011,0.008,0.093,295.5,25.44,21.8
"2020-09-19 23:50:39.7",479822,0.012,0.008,0.093,295.5,25.47,21.86
"2020-09-19 23:50:39.8",479823,0.011,0.008,0.092,295.5,25.44,21.8
"2020-09-19 23:50:39.9",479824,-0.009,-0.003,0.073,295.5,25.44,21.8
"2020-09-19 23:50:40",479825,-0.009,-0.002,0.073,295.5,25.44,21.8
"2020-09-19 23:50:40.1",479826,0.012,0.008,0.024,295.4,25.44,21.8
"2020-09-19 23:50:40.2",479827,0.012,0.008,0.024,295.4,25.44,21.8
"2020-09-19 23:50:40.3",479828,0.011,0.008,0.024,295.4,25.44,21.8
"2020-09-19 23:50:40.4",479829,0.012,0.008,0.025,295.4,25.44,21.8
"2020-09-19 23:50:40.5",479830,0.011,0.008,0.025,295.4,25.44,21.8
"2020-09-19 23:50:40.6",479831,0.031,-0.002,0.044,295.4,25.44,21.8
"2020-09-19 23:50:40.7",479832,0.031,-0.003,0.044,295.4,25.44,21.8
"2020-09-19 23:50:40.8",479833,0.031,-0.002,0.044,295.4,25.44,21.8
"2020-09-19 23:50:40.9",479834,0.031,-0.003,0.044,295.4,25.44,21.8
"2020-09-19 23:50:41",479835,0.031,-0.003,0.044,295.4,25.44,21.8
"2020-09-19 23:50:41.1",479836,0.031,-0.002,0.044,295.4,25.44,21.8
"2020-09-19 23:50:41.2",479837,0.031,-0.002,0.044,295.4,25.44,21.8
"2020-09-19 23:50:41.3",479838,0.031,-0.003,0.044,295.4,25.44,21.8
"2020-09-19 23:50:41.4",479839,-0.009,-0.002,0.073,295.4,25.44,21.8
"2020-09-19 23:50:41.5",479840,-0.008,-0.002,0.073,295.4,25.44,21.8
"2020-09-19 23:50:41.6",479841,0.031,-0.002,0.044,295.3,25.44,21.8
"2020-09-19 23:50:41.7",479842,0.031,-0.002,0.044,295.3,25.44,21.8
"2020-09-19 23:50:41.8",479843,0.031,-0.003,0.044,295.3,25.44,21.8
"2020-09-19 23:50:41.9",479844,0.031,-0.002,0.044,295.3,25.44,21.8
"2020-09-19 23:50:42",479845,0.031,-0.002,0.044,295.3,25.44,21.8
"2020-09-19 23:50:42.1",479846,0.031,-0.002,0.044,295.3,25.44,21.8
"2020-09-19 23:50:42.2",479847,0.031,-0.002,0.044,295.3,25.47,21.86
"2020-09-19 23:50:42.3",479848,0.031,-0.002,0.044,295.3,25.44,21.8
"2020-09-19 23:50:42.4",479849,0.031,-0.002,0.044,295.3,25.44,21.8
"2020-09-19 23:50:42.5",479850,0.031,-0.002,0.044,295.3,25.44,21.8
"2020-09-19 23:50:42.6",479851,0.012,-0.041,0.025,295.2,25.44,21.8
"2020-09-19 23:50:42.7",479852,0.012,-0.041,0.024,295.2,25.44,21.8
"2020-09-19 23:50:42.8",479853,0.011,-0.042,0.024,295.2,25.44,21.8
"2020-09-19 23:50:42.9",479854,0.012,-0.042,0.025,295.2,25.44,21.8
"2020-09-19 23:50:43",479855,0.012,-0.041,0.025,295.2,25.44,21.8
"2020-09-19 23:50:43.1",479856,0.06,-0.041,-0.006,295.3,25.44,21.8
"2020-09-19 23:50:43.2",479857,0.06,-0.041,-0.006,295.3,25.44,21.8
"2020-09-19 23:50:43.3",479858,0.06,-0.041,-0.006,295.3,25.44,21.81
"2020-09-19 23:50:43.4",479859,-0.009,-0.003,-0.006,295.2,25.44,21.8
"2020-09-19 23:50:43.5",479860,-0.009,-0.002,-0.006,295.2,25.44,21.8
"2020-09-19 23:50:43.6",479861,0.021,-0.002,-0.016,295.2,25.44,21.8
"2020-09-19 23:50:43.7",479862,0.021,-0.003,-0.016,295.2,25.44,21.8
"2020-09-19 23:50:43.8",479863,0.021,-0.002,-0.016,295.2,25.44,21.8
"2020-09-19 23:50:43.9",479864,0.021,-0.002,-0.016,295.2,25.44,21.8
"2020-09-19 23:50:44",479865,0.021,-0.002,-0.016,295.2,25.44,21.8
"2020-09-19 23:50:44.1",479866,-0.009,-0.002,-0.006,295.2,25.44,21.8
"2020-09-19 23:50:44.2",479867,-0.009,-0.002,-0.006,295.2,25.44,21.8
"2020-09-19 23:50:44.3",479868,-0.009,-0.003,-0.006,295.2,25.44,21.8
"2020-09-19 23:50:44.4",479869,-0.009,-0.002,-0.006,295.2,25.44,21.8
"2020-09-19 23:50:44.5",479870,-0.008,-0.002,-0.006,295.2,25.44,21.8
"2020-09-19 23:50:44.6",479871,-0.009,-0.002,-0.006,295.2,25.44,21.8
"2020-09-19 23:50:44.7",479872,-0.009,-0.002,-0.006,295.2,25.49,21.86
"2020-09-19 23:50:44.8",479873,-0.009,-0.003,-0.006,295.2,25.44,21.8
"2020-09-19 23:50:44.9",479874,-0.008,-0.002,-0.006,295.2,25.44,21.8
"2020-09-19 23:50:45",479875,-0.009,-0.002,-0.006,295.2,25.44,21.8
"2020-09-19 23:50:45.1",479876,0.021,-0.003,-0.016,295.2,25.44,21.8
"2020-09-19 23:50:45.2",479877,0.021,-0.003,-0.016,295.2,25.44,21.8
"2020-09-19 23:50:45.3",479878,0.021,-0.003,-0.016,295.2,25.44,21.8
"2020-09-19 23:50:45.4",479879,0.021,-0.002,-0.016,295.2,25.44,21.8
"2020-09-19 23:50:45.5",479880,0.021,-0.002,-0.016,295.2,25.44,21.8
"2020-09-19 23:50:45.6",479881,0.05,0.018,-0.006,295.2,25.44,21.8
"2020-09-19 23:50:45.7",479882,0.051,0.018,-0.006,295.2,25.44,21.8
"2020-09-19 23:50:45.8",479883,0.05,0.018,-0.006,295.2,25.44,21.8
"2020-09-19 23:50:45.9",479884,0.011,0.008,0.024,295.2,25.44,21.8
"2020-09-19 23:50:46",479885,0.012,0.008,0.025,295.2,25.44,21.82
"2020-09-19 23:50:46.1",479886,0.012,0.008,0.024,295.2,25.44,21.8
"2020-09-19 23:50:46.2",479887,0.012,0.008,0.025,295.2,25.44,21.8
"2020-09-19 23:50:46.3",479888,0.011,0.008,0.024,295.2,25.44,21.8
"2020-09-19 23:50:46.4",479889,0.031,-0.002,0.044,295.3,25.44,21.8
"2020-09-19 23:50:46.5",479890,0.031,-0.002,0.044,295.3,25.44,21.8
"2020-09-19 23:50:46.6",479891,0.012,-0.041,0.025,295.3,25.44,21.8
"2020-09-19 23:50:46.7",479892,0.012,-0.041,0.024,295.3,25.44,21.8
"2020-09-19 23:50:46.8",479893,0.011,-0.042,0.024,295.3,25.44,21.8
"2020-09-19 23:50:46.9",479894,-0.018,-0.041,0.044,295.3,25.44,21.8
"2020-09-19 23:50:47",479895,-0.018,-0.042,0.044,295.3,25.44,21.8
"2020-09-19 23:50:47.1",479896,-0.018,-0.041,0.044,295.3,25.44,21.8
"2020-09-19 23:50:47.2",479897,-0.018,-0.041,0.044,295.3,25.49,21.86
"2020-09-19 23:50:47.3",479898,-0.019,-0.042,0.044,295.3,25.44,21.8
"2020-09-19 23:50:47.4",479899,0.012,-0.041,0.025,295.3,25.44,21.8
"2020-09-19 23:50:47.5",479900,0.012,-0.041,0.024,295.3,25.44,21.8
"2020-09-19 23:50:47.6",479901,-0.009,-0.002,-0.006,295.3,25.44,21.8
"2020-09-19 23:50:47.7",479902,-0.009,-0.002,-0.006,295.3,25.44,21.8
"2020-09-19 23:50:47.8",479903,-0.009,-0.003,-0.006,295.3,25.44,21.8
"2020-09-19 23:50:47.9",479904,-0.028,-0.003,0.024,295.3,25.44,21.8
"2020-09-19 23:50:48",479905,-0.028,-0.002,0.024,295.3,25.44,21.8
"2020-09-19 23:50:48.1",479906,-0.009,-0.002,-0.006,295.3,25.44,21.8
"2020-09-19 23:50:48.2",479907,-0.008,-0.002,-0.006,295.3,25.44,21.8
"2020-09-19 23:50:48.3",479908,-0.009,-0.003,-0.006,295.3,25.44,21.8
"2020-09-19 23:50:48.4",479909,0.011,-0.042,0.024,295.3,25.44,21.8
"2020-09-19 23:50:48.5",479910,0.012,-0.041,0.024,295.3,25.44,21.83
"2020-09-19 23:50:48.6",479911,0.011,-0.041,0.024,295.3,25.44,21.8
"2020-09-19 23:50:48.7",479912,0.012,-0.042,0.024,295.3,25.44,21.8
"2020-09-19 23:50:48.8",479913,0.012,-0.042,0.024,295.3,25.44,21.8
"2020-09-19 23:50:48.9",479914,0.011,-0.042,0.024,295.3,25.44,21.8
"2020-09-19 23:50:49",479915,0.012,-0.042,0.025,295.3,25.44,21.8
"2020-09-19 23:50:49.1",479916,0.011,-0.042,0.024,295.2,25.44,21.8
"2020-09-19 23:50:49.2",479917,0.011,-0.041,0.024,295.2,25.44,21.8
"2020-09-19 23:50:49.3",479918,0.011,-0.042,0.024,295.2,25.44,21.8
"2020-09-19 23:50:49.4",479919,0.06,-0.041,-0.006,295.3,25.44,21.8
"2020-09-19 23:50:49.5",479920,0.06,-0.041,-0.006,295.3,25.44,21.8
"2020-09-19 23:50:49.6",479921,0.06,-0.042,-0.006,295.3,25.44,21.8
"2020-09-19 23:50:49.7",479922,0.06,-0.041,-0.006,295.3,25.49,21.84
"2020-09-19 23:50:49.8",479923,0.06,-0.041,-0.006,295.3,25.44,21.8
"2020-09-19 23:50:49.9",479924,0.06,-0.042,-0.006,295.3,25.44,21.8
"2020-09-19 23:50:50",479925,0.06,-0.041,-0.006,295.3,25.44,21.8
"2020-09-19 23:50:50.1",479926,0.06,-0.041,-0.006,295.3,25.44,21.8
"2020-09-19 23:50:50.2",479927,0.061,-0.041,-0.006,295.3,25.44,21.8
"2020-09-19 23:50:50.3",479928,0.06,-0.042,-0.006,295.2,25.44,21.8
"2020-09-19 23:50:50.4",479929,0.021,-0.002,-0.016,295.2,25.44,21.8
"2020-09-19 23:50:50.5",479930,0.022,-0.002,-0.016,295.2,25.44,21.8
"2020-09-19 23:50:50.6",479931,0.021,-0.003,-0.016,295.2,25.44,21.8
"2020-09-19 23:50:50.7",479932,0.021,-0.002,-0.016,295.2,25.44,21.8
"2020-09-19 23:50:50.8",479933,0.021,-0.003,-0.016,295.2,25.44,21.8
"2020-09-19 23:50:50.9",479934,-0.008,-0.002,-0.006,295.2,25.44,21.8
"2020-09-19 23:50:51",479935,-0.008,-0.002,-0.006,295.2,25.44,21.83
"2020-09-19 23:50:51.1",479936,-0.008,-0.002,-0.006,295.2,25.44,21.8
"2020-09-19 23:50:51.2",479937,-0.008,-0.002,-0.006,295.2,25.44,21.8
"2020-09-19 23:50:51.3",479938,-0.009,-0.003,-0.016,295.2,25.44,21.8
"2020-09-19 23:50:51.4",479939,-0.009,0.008,-0.016,295.2,25.44,21.8
"2020-09-19 23:50:51.5",479940,-0.009,0.008,-0.016,295.2,25.44,21.8
"2020-09-19 23:50:51.6",479941,-0.009,0.008,-0.016,295.2,25.44,21.8
"2020-09-19 23:50:51.7",479942,-0.009,0.008,-0.016,295.2,25.44,21.8
"2020-09-19 23:50:51.8",479943,-0.009,0.008,-0.016,295.2,25.44,21.8
"2020-09-19 23:50:51.9",479944,-0.009,0.008,-0.016,295.2,25.44,21.8
"2020-09-19 23:50:52",479945,-0.009,0.008,-0.016,295.2,25.44,21.8
"2020-09-19 23:50:52.1",479946,-0.009,0.008,-0.016,295.2,25.44,21.8
"2020-09-19 23:50:52.2",479947,-0.009,0.008,-0.016,295.2,25.49,21.81
"2020-09-19 23:50:52.3",479948,-0.009,0.008,-0.016,295.3,25.44,21.8
"2020-09-19 23:50:52.4",479949,0.012,0.008,-0.036,295.3,25.44,21.8
"2020-09-19 23:50:52.5",479950,0.011,0.008,-0.036,295.3,25.44,21.8
"2020-09-19 23:50:52.6",479951,0.012,0.008,-0.036,295.3,25.44,21.8
"2020-09-19 23:50:52.7",479952,0.011,0.008,-0.036,295.3,25.44,21.8
"2020-09-19 23:50:52.8",479953,0.011,0.008,-0.036,295.3,25.44,21.8
"2020-09-19 23:50:52.9",479954,0.012,0.008,-0.036,295.3,25.44,21.8
"2020-09-19 23:50:53",479955,0.012,0.008,-0.036,295.3,25.44,21.8
"2020-09-19 23:50:53.1",479956,0.021,-0.003,-0.016,295.3,25.44,21.8
"2020-09-19 23:50:53.2",479957,0.021,-0.002,-0.016,295.3,25.44,21.8
"2020-09-19 23:50:53.3",479958,0.021,-0.003,-0.016,295.3,25.44,21.8
"2020-09-19 23:50:53.4",479959,0.021,-0.002,-0.016,295.3,25.44,21.8
"2020-09-19 23:50:53.5",479960,0.021,-0.002,-0.016,295.3,25.46,21.83
"2020-09-19 23:50:53.6",479961,0.021,-0.002,-0.016,295.3,25.44,21.8
"2020-09-19 23:50:53.7",479962,0.021,-0.002,-0.016,295.3,25.44,21.8
"2020-09-19 23:50:53.8",479963,0.021,-0.003,-0.016,295.3,25.44,21.8
"2020-09-19 23:50:53.9",479964,0.021,-0.002,-0.016,295.3,25.44,21.8
"2020-09-19 23:50:54",479965,0.021,-0.002,-0.016,295.3,25.44,21.8
"2020-09-19 23:50:54.1",479966,0.021,-0.002,-0.016,295.3,25.44,21.8
"2020-09-19 23:50:54.2",479967,0.021,-0.003,-0.016,295.3,25.44,21.8
"2020-09-19 23:50:54.3",479968,0.021,-0.002,-0.016,295.3,25.44,21.8
"2020-09-19 23:50:54.4",479969,0.031,0.037,-0.006,295.3,25.44,21.8
"2020-09-19 23:50:54.5",479970,0.031,0.038,-0.006,295.3,25.44,21.8
"2020-09-19 23:50:54.6",479971,0.011,0.008,-0.036,295.3,25.44,21.8
"2020-09-19 23:50:54.7",479972,0.011,0.008,-0.036,295.3,25.47,21.8
"2020-09-19 23:50:54.8",479973,0.011,0.008,-0.036,295.2,25.44,21.8
"2020-09-19 23:50:54.9",479974,0.021,-0.002,-0.016,295.2,25.44,21.8
"2020-09-19 23:50:55",479975,0.021,-0.002,-0.016,295.2,25.44,21.8
"2020-09-19 23:50:55.1",479976,-0.009,0.008,-0.016,295.2,25.44,21.8
"2020-09-19 23:50:55.2",479977,-0.009,0.008,-0.016,295.2,25.44,21.8
"2020-09-19 23:50:55.3",479978,-0.009,0.008,-0.016,295.2,25.44,21.8
"2020-09-19 23:50:55.4",479979,-0.009,0.008,-0.016,295.2,25.44,21.8
"2020-09-19 23:50:55.5",479980,-0.009,0.008,-0.016,295.2,25.44,21.8
"2020-09-19 23:50:55.6",479981,-0.009,-0.002,-0.006,295.2,25.44,21.8
"2020-09-19 23:50:55.7",479982,-0.009,-0.002,-0.006,295.2,25.44,21.8
"2020-09-19 23:50:55.8",479983,-0.009,-0.003,0.024,295.2,25.44,21.8
"2020-09-19 23:50:55.9",479984,0.012,-0.041,0.024,295.2,25.44,21.8
"2020-09-19 23:50:56",479985,0.012,-0.041,0.025,295.2,25.47,21.86
"2020-09-19 23:50:56.1",479986,0.012,-0.042,0.024,295.2,25.44,21.8
"2020-09-19 23:50:56.2",479987,0.012,-0.041,0.024,295.2,25.44,21.8
"2020-09-19 23:50:56.3",479988,0.011,-0.041,0.024,295.2,25.44,21.8
"2020-09-19 23:50:56.4",479989,0.012,-0.042,0.024,295.2,25.44,21.8
"2020-09-19 23:50:56.5",479990,0.012,-0.041,0.024,295.2,25.44,21.8
"2020-09-19 23:50:56.6",479991,0.06,-0.041,-0.006,295.3,25.44,21.8
"2020-09-19 23:50:56.7",479992,0.06,-0.041,-0.006,295.3,25.44,21.8
"2020-09-19 23:50:56.8",479993,0.06,-0.041,0.024,295.3,25.44,21.8
"2020-09-19 23:50:56.9",479994,0.012,-0.042,0.024,295.3,25.44,21.8
"2020-09-19 23:50:57",479995,0.012,-0.042,0.025,295.3,25.44,21.8
"2020-09-19 23:50:57.1",479996,0.011,-0.041,0.024,295.3,25.44,21.8
"2020-09-19 23:50:57.2",479997,0.012,-0.042,0.024,295.3,25.46,21.8
"2020-09-19 23:50:57.3",479998,0.012,-0.042,0.024,295.2,25.44,21.8
"2020-09-19 23:50:57.4",479999,0.012,-0.041,0.024,295.2,25.44,21.8
