"TOA5","10329","CR6","10329","CR6.Std.09.01 CR6-WIFI.04.00.01","CPU:YOUNG81000_HMP60_10Hz.CR6","51185","Young10Hz_hmp"
"TIMESTAMP","RECORD","U","V","W","TSonic","RH","T_HMP60"
"TS","RN","mV","mV","mV","mV","%","Deg C"
"","","Smp","Smp","Smp","Smp","Smp","Smp"
"2020-09-19 12:03:57.5",55800,-0.097,-0.032,0.083,297.1,20.09,23.42
"2020-09-19 12:03:57.6",55801,-0.097,-0.032,0.082,297.1,20.09,23.42
"2020-09-19 12:03:57.7",55802,-0.028,-0.071,0.083,297.2,20.09,23.42
"2020-09-19 12:03:57.8",55803,-0.029,-0.071,0.083,297.2,20.09,23.42
"2020-09-19 12:03:57.9",55804,-0.028,-0.071,0.083,297.2,20.09,23.42
"2020-09-19 12:03:58",55805,-0.048,-0.032,0.063,297.2,20.09,23.42
"2020-09-19 12:03:58.1",55806,-0.048,-0.032,0.063,297.2,20.09,23.42
"2020-09-19 12:03:58.2",55807,-0.028,-0.071,0.083,297.2,20.09,23.42
"2020-09-19 12:03:58.3",55808,-0.028,-0.071,0.083,297.2,20.09,23.47
"2020-09-19 12:03:58.4",55809,-0.029,-0.071,0.083,297.2,20.09,23.42
"2020-09-19 12:03:58.5",55810,-0.048,-0.042,0.063,297.4,20.09,23.42
"2020-09-19 12:03:58.6",55811,-0.048,-0.042,0.063,297.4,20.09,23.42
"2020-09-19 12:03:58.7",55812,-0.028,-0.003,0.073,297.3,20.09,23.42
"2020-09-19 12:03:58.8",55813,-0.028,-0.003,0.073,297.3,20.09,23.42
"2020-09-19 12:03:58.9",55814,-0.028,-0.003,0.073,297.3,20.09,23.42
"2020-09-19 12:03:59",55815,-0.048,-0.032,0.063,297.2,20.09,23.42
"2020-09-19 12:03:59.1",55816,-0.048,-0.032,0.063,297.2,20.09,23.42
"2020-09-19 12:03:59.2",55817,-0.028,-0.071,0.083,297.1,20.09,23.42
"2020-09-19 12:03:59.3",55818,-0.028,-0.071,0.083,297.1,20.09,23.42
"2020-09-19 12:03:59.4",55819,-0.029,-0.071,0.083,297.1,20.09,23.42
"2020-09-19 12:03:59.5",55820,-0.028,-0.071,0.083,297.1,20.15,23.44
"2020-09-19 12:03:59.6",55821,-0.028,-0.071,0.083,297.1,20.09,23.42
"2020-09-19 12:03:59.7",55822,-0.097,-0.125,0.083,297.2,20.09,23.42
"2020-09-19 12:03:59.8",55823,-0.097,-0.125,0.083,297.2,20.09,23.42
"2020-09-19 12:03:59.9",55824,-0.097,-0.125,0.083,297.2,20.09,23.42
"2020-09-19 12:04:00",55825,-0.097,-0.125,0.083,297.2,20.09,23.42
"2020-09-19 12:04:00.1",55826,-0.097,-0.125,0.083,297.2,20.09,23.42
"2020-09-19 12:04:00.2",55827,-0.048,-0.125,0.136,297.3,20.09,23.42
"2020-09-19 12:04:00.3",55828,-0.048,-0.125,0.136,297.3,20.09,23.42
"2020-09-19 12:04:00.4",55829,-0.048,-0.125,0.136,297.3,20.09,23.42
"2020-09-19 12:04:00.5",55830,-0.048,-0.125,0.136,297.3,20.09,23.42
"2020-09-19 12:04:00.6",55831,-0.048,-0.125,0.136,297.3,20.09,23.42
"2020-09-19 12:04:00.7",55832,-0.097,-0.125,0.156,297.3,20.09,23.42
"2020-09-19 12:04:00.8",55833,-0.097,-0.125,0.156,297.3,20.12,23.45
"2020-09-19 12:04:00.9",55834,-0.097,-0.125,0.156,297.3,20.09,23.42
"2020-09-19 12:04:01",55835,-0.028,-0.081,0.156,297.4,20.09,23.42
"2020-09-19 12:04:01.1",55836,-0.028,-0.081,0.156,297.4,20.09,23.42
"2020-09-19 12:04:01.2",55837,-0.077,-0.071,0.107,297.3,20.09,23.42
"2020-09-19 12:04:01.3",55838,-0.077,-0.071,0.107,297.3,20.09,23.42
"2020-09-19 12:04:01.4",55839,-0.077,-0.071,0.107,297.3,20.09,23.42
"2020-09-19 12:04:01.5",55840,-0.131,-0.081,0.063,297.2,20.09,23.42
"2020-09-19 12:04:01.6",55841,-0.131,-0.081,0.063,297.2,20.09,23.42
"2020-09-19 12:04:01.7",55842,-0.131,-0.081,0.063,297.2,20.09,23.42
"2020-09-19 12:04:01.8",55843,-0.131,-0.081,0.063,297.2,20.09,23.42
"2020-09-19 12:04:01.9",55844,-0.131,-0.081,0.063,297.2,20.09,23.42
"2020-09-19 12:04:02",55845,-0.077,-0.071,0.107,297.2,20.13,23.42
"2020-09-19 12:04:02.1",55846,-0.077,-0.071,0.107,297.2,20.09,23.42
"2020-09-19 12:04:02.2",55847,-0.15,-0.032,0.107,297.3,20.08,23.42
"2020-09-19 12:04:02.3",55848,-0.15,-0.032,0.107,297.3,20.08,23.42
"2020-09-19 12:04:02.4",55849,-0.151,-0.032,0.107,297.3,20.08,23.42
"2020-09-19 12:04:02.5",55850,-0.131,-0.081,0.063,297.2,20.08,23.42
"2020-09-19 12:04:02.6",55851,-0.131,-0.081,0.063,297.2,20.07,23.42
"2020-09-19 12:04:02.7",55852,-0.121,-0.003,0.063,297.2,20.07,23.42
"2020-09-19 12:04:02.8",55853,-0.121,-0.003,0.063,297.2,20.07,23.42
"2020-09-19 12:04:02.9",55854,-0.121,-0.003,0.063,297.2,20.07,23.42
"2020-09-19 12:04:03",55855,-0.141,-0.032,0.024,297.2,20.07,23.42
"2020-09-19 12:04:03.1",55856,-0.141,-0.032,0.024,297.2,20.07,23.42
"2020-09-19 12:04:03.2",55857,-0.121,-0.081,-0.007,297.1,20.07,23.42
"2020-09-19 12:04:03.3",55858,-0.121,-0.081,-0.006,297.1,20.11,23.48
"2020-09-19 12:04:03.4",55859,-0.122,-0.081,-0.007,297.1,20.07,23.42
"2020-09-19 12:04:03.5",55860,-0.141,-0.032,0.024,297.1,20.07,23.42
"2020-09-19 12:04:03.6",55861,-0.141,-0.032,0.024,297.1,20.07,23.42
"2020-09-19 12:04:03.7",55862,-0.141,-0.032,0.024,297.2,20.07,23.42
"2020-09-19 12:04:03.8",55863,-0.141,-0.032,0.024,297.2,20.07,23.42
"2020-09-19 12:04:03.9",55864,-0.141,-0.032,0.024,297.2,20.07,23.42
"2020-09-19 12:04:04",55865,-0.141,-0.115,0.024,297.2,20.07,23.42
"2020-09-19 12:04:04.1",55866,-0.141,-0.115,0.024,297.2,20.07,23.42
"2020-09-19 12:04:04.2",55867,-0.121,-0.154,0.053,297.2,20.07,23.42
"2020-09-19 12:04:04.3",55868,-0.121,-0.154,0.054,297.2,20.07,23.42
"2020-09-19 12:04:04.4",55869,-0.121,-0.154,0.053,297.2,20.07,23.42
"2020-09-19 12:04:04.5",55870,-0.121,-0.154,0.053,297.2,20.07,23.42
"2020-09-19 12:04:04.6",55871,-0.121,-0.154,0.054,297.2,20.07,23.42
"2020-09-19 12:04:04.7",55872,-0.097,-0.125,0.083,297.2,20.07,23.42
"2020-09-19 12:04:04.8",55873,-0.097,-0.125,0.083,297.2,20.07,23.42
"2020-09-19 12:04:04.9",55874,-0.097,-0.125,0.083,297.2,20.07,23.42
"2020-09-19 12:04:05",55875,-0.087,-0.032,0.004,297.2,20.07,23.42
"2020-09-19 12:04:05.1",55876,-0.087,-0.032,0.005,297.2,20.07,23.42
"2020-09-19 12:04:05.2",55877,-0.077,-0.071,0.024,297.1,20.07,23.42
"2020-09-19 12:04:05.3",55878,-0.077,-0.071,0.024,297.1,20.07,23.42
"2020-09-19 12:04:05.4",55879,-0.077,-0.071,0.024,297.1,20.07,23.43
"2020-09-19 12:04:05.5",55880,-0.038,-0.071,0.005,297.1,20.07,23.42
"2020-09-19 12:04:05.6",55881,-0.038,-0.071,0.005,297.1,20.07,23.42
"2020-09-19 12:04:05.7",55882,-0.038,-0.081,-0.046,297.2,20.07,23.42
"2020-09-19 12:04:05.8",55883,-0.038,-0.081,-0.046,297.2,20.11,23.48
"2020-09-19 12:04:05.9",55884,-0.038,-0.081,-0.046,297.2,20.08,23.42
"2020-09-19 12:04:06",55885,-0.009,-0.022,-0.007,297.1,20.08,23.42
"2020-09-19 12:04:06.1",55886,-0.009,-0.022,-0.006,297.1,20.08,23.42
"2020-09-19 12:04:06.2",55887,-0.009,-0.022,-0.006,297.1,20.09,23.42
"2020-09-19 12:04:06.3",55888,-0.009,-0.022,-0.006,297.1,20.09,23.42
"2020-09-19 12:04:06.4",55889,-0.009,-0.022,-0.007,297.1,20.09,23.42
"2020-09-19 12:04:06.5",55890,-0.009,-0.022,-0.007,297.1,20.09,23.42
"2020-09-19 12:04:06.6",55891,-0.009,-0.022,-0.006,297.1,20.09,23.42
"2020-09-19 12:04:06.7",55892,-0.009,-0.061,-0.006,297.1,20.09,23.42
"2020-09-19 12:04:06.8",55893,-0.009,-0.061,-0.007,297.1,20.09,23.42
"2020-09-19 12:04:06.9",55894,-0.009,-0.061,-0.007,297.1,20.09,23.42
"2020-09-19 12:04:07",55895,-0.009,-0.061,-0.007,297.1,20.09,23.42
"2020-09-19 12:04:07.1",55896,-0.009,-0.061,-0.006,297.1,20.09,23.44
"2020-09-19 12:04:07.2",55897,-0.009,-0.022,-0.006,297.1,20.09,23.42
"2020-09-19 12:04:07.3",55898,-0.009,-0.022,-0.006,297.1,20.09,23.42
"2020-09-19 12:04:07.4",55899,-0.009,-0.023,-0.007,297.1,20.09,23.42
"2020-09-19 12:04:07.5",55900,-0.009,-0.003,-0.007,297.1,20.09,23.42
"2020-09-19 12:04:07.6",55901,-0.009,-0.003,-0.006,297.1,20.09,23.42
"2020-09-19 12:04:07.7",55902,0.011,-0.032,0.014,297.1,20.09,23.42
"2020-09-19 12:04:07.8",55903,0.011,-0.032,0.014,297.1,20.09,23.42
"2020-09-19 12:04:07.9",55904,0.011,-0.032,0.014,297.1,20.09,23.42
"2020-09-19 12:04:08",55905,-0.009,-0.061,-0.006,297.1,20.09,23.42
"2020-09-19 12:04:08.1",55906,-0.009,-0.061,-0.006,297.1,20.09,23.42
"2020-09-19 12:04:08.2",55907,-0.038,-0.071,0.005,297.1,20.09,23.42
"2020-09-19 12:04:08.3",55908,-0.038,-0.071,0.005,297.1,20.15,23.47
"2020-09-19 12:04:08.4",55909,-0.038,-0.071,0.005,297.1,20.09,23.42
"2020-09-19 12:04:08.5",55910,-0.009,-0.032,0.044,297.1,20.09,23.42
"2020-09-19 12:04:08.6",55911,-0.009,-0.032,0.043,297.1,20.09,23.42
"2020-09-19 12:04:08.7",55912,-0.009,-0.032,0.044,297.1,20.09,23.42
"2020-09-19 12:04:08.8",55913,-0.009,-0.032,0.044,297.1,20.09,23.42
"2020-09-19 12:04:08.9",55914,-0.009,-0.032,0.043,297.1,20.09,23.42
"2020-09-19 12:04:09",55915,-0.009,-0.032,0.034,297.1,20.09,23.42
"2020-09-19 12:04:09.1",55916,-0.009,-0.032,0.034,297.1,20.09,23.42
"2020-09-19 12:04:09.2",55917,-0.009,-0.032,0.034,297.1,20.09,23.42
"2020-09-19 12:04:09.3",55918,-0.009,-0.032,0.034,297.1,20.09,23.42
"2020-09-19 12:04:09.4",55919,-0.009,-0.032,0.034,297.1,20.09,23.42
"2020-09-19 12:04:09.5",55920,-0.009,-0.032,0.034,297.1,20.09,23.42
"2020-09-19 12:04:09.6",55921,-0.009,-0.032,0.034,297.1,20.09,23.46
"2020-09-19 12:04:09.7",55922,-0.009,-0.032,0.034,297.2,20.09,23.42
"2020-09-19 12:04:09.8",55923,-0.009,-0.032,0.034,297.2,20.09,23.42
"2020-09-19 12:04:09.9",55924,-0.009,-0.032,0.034,297.2,20.09,23.42
"2020-09-19 12:04:10",55925,-0.009,-0.003,0.053,297.2,20.09,23.42
"2020-09-19 12:04:10.1",55926,-0.009,-0.003,0.053,297.2,20.09,23.42
"2020-09-19 12:04:10.2",55927,-0.029,-0.003,0.014,297.2,20.09,23.42
"2020-09-19 12:04:10.3",55928,-0.028,-0.003,0.014,297.2,20.09,23.42
"2020-09-19 12:04:10.4",55929,-0.029,-0.003,0.014,297.2,20.09,23.42
"2020-09-19 12:04:10.5",55930,-0.028,-0.003,0.014,297.2,20.09,23.42
"2020-09-19 12:04:10.6",55931,-0.028,-0.002,0.014,297.2,20.09,23.42
"2020-09-19 12:04:10.7",55932,-0.009,-0.003,0.063,297.3,20.09,23.42
"2020-09-19 12:04:10.8",55933,-0.009,-0.003,0.064,297.3,20.15,23.43
"2020-09-19 12:04:10.9",55934,-0.009,-0.003,0.063,297.3,20.09,23.42
"2020-09-19 12:04:11",55935,-0.019,-0.042,0.044,297.4,20.09,23.42
"2020-09-19 12:04:11.1",55936,-0.019,-0.042,0.044,297.4,20.09,23.42
"2020-09-19 12:04:11.2",55937,-0.019,-0.042,0.044,297.5,20.09,23.42
"2020-09-19 12:04:11.3",55938,-0.019,-0.042,0.044,297.5,20.09,23.42
"2020-09-19 12:04:11.4",55939,-0.019,-0.042,0.044,297.5,20.09,23.42
"2020-09-19 12:04:11.5",55940,-0.009,-0.003,0.073,297.6,20.09,23.42
"2020-09-19 12:04:11.6",55941,-0.009,-0.003,0.073,297.6,20.09,23.42
"2020-09-19 12:04:11.7",55942,-0.048,-0.051,0.073,297.7,20.09,23.42
"2020-09-19 12:04:11.8",55943,-0.048,-0.051,0.073,297.7,20.09,23.42
"2020-09-19 12:04:11.9",55944,-0.048,-0.052,0.073,297.7,20.09,23.42
"2020-09-19 12:04:12",55945,-0.028,-0.003,0.093,297.7,20.09,23.42
"2020-09-19 12:04:12.1",55946,-0.028,-0.003,0.093,297.7,20.13,23.45
"2020-09-19 12:04:12.2",55947,-0.019,-0.042,0.117,297.6,20.09,23.42
"2020-09-19 12:04:12.3",55948,-0.019,-0.042,0.117,297.6,20.09,23.42
"2020-09-19 12:04:12.4",55949,-0.019,-0.042,0.117,297.6,20.09,23.42
"2020-09-19 12:04:12.5",55950,-0.048,-0.051,0.073,297.4,20.09,23.42
"2020-09-19 12:04:12.6",55951,-0.048,-0.052,0.073,297.4,20.09,23.42
"2020-09-19 12:04:12.7",55952,-0.048,-0.032,0.063,297.3,20.09,23.42
"2020-09-19 12:04:12.8",55953,-0.048,-0.032,0.063,297.3,20.09,23.42
"2020-09-19 12:04:12.9",55954,-0.048,-0.032,0.063,297.3,20.09,23.42
"2020-09-19 12:04:13",55955,-0.038,-0.003,0.083,297.4,20.09,23.42
"2020-09-19 12:04:13.1",55956,-0.038,-0.002,0.083,297.4,20.09,23.42
"2020-09-19 12:04:13.2",55957,-0.077,-0.003,0.044,297.4,20.09,23.42
"2020-09-19 12:04:13.3",55958,-0.077,-0.003,0.044,297.4,20.13,23.42
"2020-09-19 12:04:13.4",55959,-0.077,-0.003,0.044,297.4,20.09,23.42
"2020-09-19 12:04:13.5",55960,-0.038,-0.003,0.014,297.3,20.09,23.42
"2020-09-19 12:04:13.6",55961,-0.038,-0.003,0.014,297.3,20.09,23.42
"2020-09-19 12:04:13.7",55962,-0.077,-0.003,0.034,297.3,20.09,23.42
"2020-09-19 12:04:13.8",55963,-0.077,-0.003,0.034,297.3,20.09,23.42
"2020-09-19 12:04:13.9",55964,-0.077,-0.003,0.034,297.3,20.09,23.42
"2020-09-19 12:04:14",55965,-0.038,-0.003,0.083,297.4,20.09,23.42
"2020-09-19 12:04:14.1",55966,-0.038,-0.003,0.083,297.4,20.09,23.42
"2020-09-19 12:04:14.2",55967,-0.028,-0.003,0.093,297.6,20.09,23.42
"2020-09-19 12:04:14.3",55968,-0.028,-0.003,0.093,297.6,20.09,23.42
"2020-09-19 12:04:14.4",55969,-0.029,-0.003,0.092,297.6,20.09,23.42
"2020-09-19 12:04:14.5",55970,-0.048,-0.051,0.073,297.7,20.09,23.42
"2020-09-19 12:04:14.6",55971,-0.048,-0.051,0.073,297.7,20.13,23.48
"2020-09-19 12:04:14.7",55972,-0.009,0.008,0.117,297.8,20.1,23.42
"2020-09-19 12:04:14.8",55973,-0.009,0.008,0.117,297.8,20.1,23.42
"2020-09-19 12:04:14.9",55974,-0.009,0.008,0.117,297.8,20.1,23.42
"2020-09-19 12:04:15",55975,-0.019,-0.042,0.117,297.8,20.11,23.42
"2020-09-19 12:04:15.1",55976,-0.019,-0.042,0.117,297.8,20.11,23.42
"2020-09-19 12:04:15.2",55977,-0.028,-0.003,0.093,297.8,20.11,23.42
"2020-09-19 12:04:15.3",55978,-0.029,-0.003,0.093,297.8,20.11,23.42
"2020-09-19 12:04:15.4",55979,-0.028,-0.003,0.092,297.8,20.11,23.42
"2020-09-19 12:04:15.5",55980,-0.028,-0.081,0.093,297.8,20.11,23.42
"2020-09-19 12:04:15.6",55981,-0.029,-0.081,0.092,297.8,20.11,23.42
"2020-09-19 12:04:15.7",55982,-0.009,-0.003,0.073,297.7,20.11,23.42
"2020-09-19 12:04:15.8",55983,-0.009,-0.003,0.073,297.7,20.11,23.42
"2020-09-19 12:04:15.9",55984,-0.009,-0.003,0.073,297.7,20.11,23.42
"2020-09-19 12:04:16",55985,-0.019,-0.042,0.117,297.7,20.11,23.42
"2020-09-19 12:04:16.1",55986,-0.019,-0.042,0.117,297.7,20.11,23.42
"2020-09-19 12:04:16.2",55987,-0.048,-0.051,0.073,297.5,20.11,23.42
"2020-09-19 12:04:16.3",55988,-0.048,-0.052,0.073,297.5,20.11,23.42
"2020-09-19 12:04:16.4",55989,-0.048,-0.052,0.073,297.5,20.11,23.42
"2020-09-19 12:04:16.5",55990,-0.019,-0.042,0.044,297.5,20.11,23.42
"2020-09-19 12:04:16.6",55991,-0.019,-0.042,0.044,297.5,20.11,23.42
"2020-09-19 12:04:16.7",55992,-0.028,-0.003,0.092,297.8,20.11,23.42
"2020-09-19 12:04:16.8",55993,-0.028,-0.003,0.092,297.8,20.11,23.42
"2020-09-19 12:04:16.9",55994,-0.028,-0.003,0.092,297.8,20.11,23.42
"2020-09-19 12:04:17",55995,-0.028,-0.003,0.093,297.7,20.11,23.42
"2020-09-19 12:04:17.1",55996,-0.028,-0.003,0.092,297.7,20.15,23.48
"2020-09-19 12:04:17.2",55997,-0.028,-0.003,0.093,297.6,20.11,23.42
"2020-09-19 12:04:17.3",55998,-0.028,-0.003,0.092,297.6,20.11,23.42
"2020-09-19 12:04:17.4",55999,-0.029,-0.003,0.092,297.6,20.11,23.42
"2020-09-19 12:04:17.5",56000,-0.048,-0.052,0.073,297.6,20.11,23.42
"2020-09-19 12:04:17.6",56001,-0.048,-0.052,0.073,297.6,20.11,23.42
"2020-09-19 12:04:17.7",56002,-0.019,-0.042,0.044,297.5,20.11,23.42
"2020-09-19 12:04:17.8",56003,-0.019,-0.042,0.043,297.5,20.11,23.42
"2020-09-19 12:04:17.9",56004,-0.019,-0.042,0.044,297.5,20.11,23.42
"2020-09-19 12:04:18",56005,-0.019,-0.042,0.044,297.5,20.11,23.42
"2020-09-19 12:04:18.1",56006,-0.019,-0.042,0.044,297.5,20.11,23.42
"2020-09-19 12:04:18.2",56007,-0.048,-0.052,0.073,297.5,20.11,23.42
"2020-09-19 12:04:18.3",56008,-0.048,-0.052,0.073,297.5,20.11,23.42
"2020-09-19 12:04:18.4",56009,-0.048,-0.052,0.073,297.5,20.11,23.43
"2020-09-19 12:04:18.5",56010,-0.048,-0.052,0.073,297.4,20.11,23.42
"2020-09-19 12:04:18.6",56011,-0.048,-0.051,0.073,297.4,20.11,23.42
"2020-09-19 12:04:18.7",56012,-0.038,-0.022,0.083,297.5,20.11,23.42
"2020-09-19 12:04:18.8",56013,-0.038,-0.022,0.083,297.5,20.11,23.42
"2020-09-19 12:04:18.9",56014,-0.038,-0.022,0.082,297.5,20.11,23.42
"2020-09-19 12:04:19",56015,-0.028,-0.003,0.093,297.5,20.11,23.42
"2020-09-19 12:04:19.1",56016,-0.028,-0.003,0.093,297.5,20.11,23.42
"2020-09-19 12:04:19.2",56017,-0.048,-0.052,0.073,297.4,20.11,23.42
"2020-09-19 12:04:19.3",56018,-0.048,-0.051,0.073,297.4,20.11,23.42
"2020-09-19 12:04:19.4",56019,-0.048,-0.052,0.073,297.4,20.11,23.42
"2020-09-19 12:04:19.5",56020,-0.097,-0.032,0.083,297.3,20.11,23.42
"2020-09-19 12:04:19.6",56021,-0.097,-0.032,0.083,297.3,20.17,23.47
"2020-09-19 12:04:19.7",56022,-0.048,-0.032,0.063,297.2,20.11,23.42
"2020-09-19 12:04:19.8",56023,-0.048,-0.032,0.063,297.2,20.11,23.42
"2020-09-19 12:04:19.9",56024,-0.048,-0.032,0.063,297.2,20.11,23.42
"2020-09-19 12:04:20",56025,-0.077,-0.071,0.024,297.1,20.11,23.42
"2020-09-19 12:04:20.1",56026,-0.077,-0.071,0.024,297.1,20.11,23.42
"2020-09-19 12:04:20.2",56027,-0.077,-0.071,0.024,297.1,20.11,23.42
"2020-09-19 12:04:20.3",56028,-0.077,-0.071,0.024,297.1,20.11,23.42
"2020-09-19 12:04:20.4",56029,-0.077,-0.071,0.024,297.1,20.11,23.42
"2020-09-19 12:04:20.5",56030,-0.077,-0.071,0.024,297.1,20.11,23.42
"2020-09-19 12:04:20.6",56031,-0.077,-0.071,0.024,297.1,20.11,23.42
"2020-09-19 12:04:20.7",56032,-0.141,-0.115,0.024,297.2,20.11,23.42
"2020-09-19 12:04:20.8",56033,-0.141,-0.115,0.024,297.2,20.11,23.42
"2020-09-19 12:04:20.9",56034,-0.141,-0.115,0.024,297.2,20.11,23.46
"2020-09-19 12:04:21",56035,-0.121,-0.154,0.053,297.2,20.11,23.42
"2020-09-19 12:04:21.1",56036,-0.121,-0.154,0.053,297.2,20.11,23.42
"2020-09-19 12:04:21.2",56037,-0.141,-0.115,0.024,297.2,20.11,23.42
"2020-09-19 12:04:21.3",56038,-0.141,-0.115,0.024,297.2,20.11,23.42
"2020-09-19 12:04:21.4",56039,-0.141,-0.115,0.024,297.2,20.11,23.42
"2020-09-19 12:04:21.5",56040,-0.121,-0.154,0.053,297.2,20.11,23.42
"2020-09-19 12:04:21.6",56041,-0.121,-0.154,0.053,297.2,20.11,23.42
"2020-09-19 12:04:21.7",56042,-0.141,-0.115,0.024,297.2,20.11,23.42
"2020-09-19 12:04:21.8",56043,-0.141,-0.115,0.024,297.2,20.11,23.42
"2020-09-19 12:04:21.9",56044,-0.141,-0.115,0.024,297.2,20.11,23.42
"2020-09-19 12:04:22",56045,-0.097,-0.032,0.083,297.2,20.11,23.42
"2020-09-19 12:04:22.1",56046,-0.097,-0.032,0.083,297.2,20.17,23.43
"2020-09-19 12:04:22.2",56047,-0.097,-0.032,0.083,297.3,20.11,23.42
"2020-09-19 12:04:22.3",56048,-0.097,-0.032,0.083,297.3,20.11,23.42
"2020-09-19 12:04:22.4",56049,-0.097,-0.032,0.083,297.3,20.11,23.42
"2020-09-19 12:04:22.5",56050,-0.097,-0.032,0.083,297.3,20.11,23.42
"2020-09-19 12:04:22.6",56051,-0.097,-0.032,0.083,297.3,20.11,23.42
"2020-09-19 12:04:22.7",56052,-0.097,-0.032,0.083,297.3,20.11,23.42
"2020-09-19 12:04:22.8",56053,-0.097,-0.032,0.083,297.3,20.11,23.42
"2020-09-19 12:04:22.9",56054,-0.097,-0.032,0.083,297.3,20.11,23.42
"2020-09-19 12:04:23",56055,-0.131,-0.081,0.063,297.3,20.11,23.42
"2020-09-19 12:04:23.1",56056,-0.131,-0.081,0.063,297.3,20.11,23.42
"2020-09-19 12:04:23.2",56057,-0.097,-0.032,0.083,297.3,20.11,23.42
"2020-09-19 12:04:23.3",56058,-0.097,-0.032,0.083,297.3,20.11,23.42
"2020-09-19 12:04:23.4",56059,-0.097,-0.032,0.082,297.3,20.15,23.45
"2020-09-19 12:04:23.5",56060,-0.131,-0.081,0.063,297.2,20.11,23.42
"2020-09-19 12:04:23.6",56061,-0.131,-0.081,0.063,297.2,20.11,23.42
"2020-09-19 12:04:23.7",56062,-0.141,-0.032,0.024,297.2,20.11,23.42
"2020-09-19 12:04:23.8",56063,-0.141,-0.032,0.024,297.2,20.11,23.42
"2020-09-19 12:04:23.9",56064,-0.141,-0.032,0.024,297.2,20.11,23.42
"2020-09-19 12:04:24",56065,-0.121,-0.003,0.063,297.3,20.11,23.42
"2020-09-19 12:04:24.1",56066,-0.121,-0.003,0.063,297.3,20.11,23.42
"2020-09-19 12:04:24.2",56067,-0.029,-0.013,0.083,297.4,20.11,23.42
"2020-09-19 12:04:24.3",56068,-0.028,-0.012,0.083,297.4,20.11,23.42
"2020-09-19 12:04:24.4",56069,-0.028,-0.013,0.083,297.4,20.11,23.42
"2020-09-19 12:04:24.5",56070,-0.048,-0.003,0.063,297.4,20.11,23.42
"2020-09-19 12:04:24.6",56071,-0.048,-0.003,0.063,297.4,20.14,23.42
"2020-09-19 12:04:24.7",56072,-0.067,-0.003,0.044,297.3,20.11,23.42
"2020-09-19 12:04:24.8",56073,-0.068,-0.003,0.044,297.3,20.11,23.42
"2020-09-19 12:04:24.9",56074,-0.067,-0.003,0.044,297.3,20.11,23.42
"2020-09-19 12:04:25",56075,-0.068,-0.003,0.044,297.3,20.11,23.42
"2020-09-19 12:04:25.1",56076,-0.067,-0.003,0.044,297.3,20.11,23.42
"2020-09-19 12:04:25.2",56077,-0.038,-0.022,0.083,297.4,20.11,23.42
"2020-09-19 12:04:25.3",56078,-0.038,-0.022,0.083,297.4,20.11,23.42
"2020-09-19 12:04:25.4",56079,-0.038,-0.022,0.083,297.4,20.11,23.42
"2020-09-19 12:04:25.5",56080,-0.038,-0.022,0.083,297.5,20.11,23.42
"2020-09-19 12:04:25.6",56081,-0.038,-0.022,0.083,297.5,20.11,23.42
"2020-09-19 12:04:25.7",56082,-0.019,-0.042,0.117,297.7,20.11,23.42
"2020-09-19 12:04:25.8",56083,-0.019,-0.042,0.117,297.7,20.11,23.42
"2020-09-19 12:04:25.9",56084,-0.019,-0.042,0.117,297.7,20.15,23.48
"2020-09-19 12:04:26",56085,-0.028,-0.003,0.093,297.6,20.11,23.42
"2020-09-19 12:04:26.1",56086,-0.028,-0.003,0.093,297.6,20.11,23.42
"2020-09-19 12:04:26.2",56087,-0.009,-0.013,0.063,297.6,20.11,23.42
"2020-09-19 12:04:26.3",56088,-0.009,-0.013,0.063,297.6,20.11,23.42
"2020-09-19 12:04:26.4",56089,-0.009,-0.012,0.063,297.6,20.11,23.42
"2020-09-19 12:04:26.5",56090,-0.009,0.008,0.044,297.6,20.11,23.42
"2020-09-19 12:04:26.6",56091,-0.009,0.008,0.044,297.6,20.11,23.42
"2020-09-19 12:04:26.7",56092,-0.029,-0.003,0.092,297.5,20.11,23.42
"2020-09-19 12:04:26.8",56093,-0.028,-0.003,0.092,297.5,20.11,23.42
"2020-09-19 12:04:26.9",56094,-0.029,-0.003,0.092,297.5,20.11,23.42
"2020-09-19 12:04:27",56095,-0.009,-0.013,0.063,297.4,20.11,23.42
"2020-09-19 12:04:27.1",56096,-0.009,-0.013,0.063,297.4,20.11,23.42
"2020-09-19 12:04:27.2",56097,-0.009,-0.003,0.107,297.4,20.11,23.42
"2020-09-19 12:04:27.3",56098,-0.009,-0.003,0.107,297.4,20.11,23.42
"2020-09-19 12:04:27.4",56099,-0.009,-0.003,0.107,297.4,20.11,23.42
"2020-09-19 12:04:27.5",56100,-0.019,-0.003,0.083,297.4,20.11,23.42
"2020-09-19 12:04:27.6",56101,-0.019,-0.003,0.083,297.4,20.11,23.42
"2020-09-19 12:04:27.7",56102,-0.048,0.008,0.063,297.4,20.11,23.42
"2020-09-19 12:04:27.8",56103,-0.048,0.008,0.063,297.4,20.11,23.42
"2020-09-19 12:04:27.9",56104,-0.048,0.008,0.063,297.4,20.11,23.42
"2020-09-19 12:04:28",56105,-0.048,0.008,0.063,297.4,20.11,23.42
"2020-09-19 12:04:28.1",56106,-0.048,0.008,0.063,297.4,20.11,23.42
"2020-09-19 12:04:28.2",56107,-0.048,0.008,0.063,297.4,20.11,23.42
"2020-09-19 12:04:28.3",56108,-0.048,0.008,0.063,297.4,20.11,23.42
"2020-09-19 12:04:28.4",56109,-0.048,0.008,0.063,297.4,20.16,23.48
"2020-09-19 12:04:28.5",56110,-0.048,0.008,0.063,297.4,20.11,23.42
"2020-09-19 12:04:28.6",56111,-0.048,0.008,0.063,297.4,20.11,23.42
"2020-09-19 12:04:28.7",56112,-0.048,0.008,0.063,297.4,20.11,23.42
"2020-09-19 12:04:28.8",56113,-0.048,0.008,0.063,297.4,20.11,23.42
"2020-09-19 12:04:28.9",56114,-0.048,0.008,0.063,297.4,20.11,23.42
"2020-09-19 12:04:29",56115,-0.009,-0.003,0.063,297.4,20.11,23.42
"2020-09-19 12:04:29.1",56116,-0.009,-0.003,0.063,297.4,20.11,23.42
"2020-09-19 12:04:29.2",56117,-0.009,0.008,0.044,297.4,20.11,23.42
"2020-09-19 12:04:29.3",56118,-0.009,0.008,0.044,297.4,20.11,23.43
"2020-09-19 12:04:29.4",56119,-0.009,0.008,0.044,297.4,20.11,23.42
"2020-09-19 12:04:29.5",56120,-0.048,0.008,0.063,297.4,20.11,23.42
"2020-09-19 12:04:29.6",56121,-0.048,0.008,0.063,297.4,20.11,23.42
"2020-09-19 12:04:29.7",56122,-0.048,0.008,0.063,297.4,20.11,23.44
"2020-09-19 12:04:29.8",56123,-0.048,0.008,0.063,297.4,20.11,23.42
"2020-09-19 12:04:29.9",56124,-0.048,0.008,0.063,297.4,20.11,23.42
"2020-09-19 12:04:30",56125,-0.019,-0.003,0.083,297.4,20.11,23.42
"2020-09-19 12:04:30.1",56126,-0.019,-0.003,0.083,297.4,20.11,23.42
"2020-09-19 12:04:30.2",56127,-0.048,0.008,0.063,297.4,20.11,23.42
"2020-09-19 12:04:30.3",56128,-0.048,0.008,0.063,297.4,20.11,23.42
"2020-09-19 12:04:30.4",56129,-0.048,0.008,0.063,297.4,20.11,23.42
"2020-09-19 12:04:30.5",56130,-0.048,-0.003,0.063,297.4,20.11,23.42
"2020-09-19 12:04:30.6",56131,-0.048,-0.003,0.063,297.4,20.11,23.42
"2020-09-19 12:04:30.7",56132,-0.048,-0.003,0.064,297.4,20.11,23.42
"2020-09-19 12:04:30.8",56133,-0.048,-0.003,0.063,297.4,20.11,23.42
"2020-09-19 12:04:30.9",56134,-0.048,-0.003,0.063,297.4,20.17,23.47
"2020-09-19 12:04:31",56135,-0.067,-0.003,0.044,297.4,20.11,23.42
"2020-09-19 12:04:31.1",56136,-0.067,-0.003,0.044,297.4,20.11,23.42
"2020-09-19 12:04:31.2",56137,-0.048,0.008,0.063,297.4,20.11,23.42
"2020-09-19 12:04:31.3",56138,-0.048,0.008,0.063,297.4,20.11,23.42
"2020-09-19 12:04:31.4",56139,-0.048,0.008,0.063,297.4,20.11,23.42
"2020-09-19 12:04:31.5",56140,-0.067,-0.002,0.044,297.4,20.11,23.42
"2020-09-19 12:04:31.6",56141,-0.067,-0.003,0.044,297.4,20.11,23.42
"2020-09-19 12:04:31.7",56142,-0.009,0.008,0.044,297.5,20.11,23.42
"2020-09-19 12:04:31.8",56143,-0.009,0.008,0.044,297.5,20.11,23.42
"2020-09-19 12:04:31.9",56144,-0.009,0.008,0.044,297.5,20.11,23.42
"2020-09-19 12:04:32",56145,-0.009,0.008,0.044,297.5,20.11,23.42
"2020-09-19 12:04:32.1",56146,-0.009,0.008,0.044,297.5,20.11,23.42
"2020-09-19 12:04:32.2",56147,-0.009,-0.003,0.073,297.5,20.11,23.46
"2020-09-19 12:04:32.3",56148,-0.009,-0.003,0.073,297.5,20.11,23.42
"2020-09-19 12:04:32.4",56149,-0.009,-0.003,0.073,297.5,20.11,23.42
"2020-09-19 12:04:32.5",56150,-0.009,-0.003,0.073,297.5,20.11,23.42
"2020-09-19 12:04:32.6",56151,-0.009,-0.003,0.073,297.5,20.11,23.42
"2020-09-19 12:04:32.7",56152,-0.009,0.008,0.044,297.6,20.11,23.42
"2020-09-19 12:04:32.8",56153,-0.009,0.008,0.044,297.6,20.11,23.42
"2020-09-19 12:04:32.9",56154,-0.009,0.008,0.043,297.6,20.11,23.42
"2020-09-19 12:04:33",56155,-0.077,-0.002,0.044,297.7,20.11,23.42
"2020-09-19 12:04:33.1",56156,-0.078,-0.003,0.044,297.7,20.11,23.42
"2020-09-19 12:04:33.2",56157,-0.077,-0.003,0.044,297.7,20.11,23.42
"2020-09-19 12:04:33.3",56158,-0.077,-0.003,0.044,297.7,20.11,23.42
"2020-09-19 12:04:33.4",56159,-0.078,-0.003,0.044,297.7,20.17,23.43
"2020-09-19 12:04:33.5",56160,-0.028,-0.003,0.024,297.6,20.11,23.42
"2020-09-19 12:04:33.6",56161,-0.028,-0.003,0.024,297.6,20.11,23.42
"2020-09-19 12:04:33.7",56162,-0.028,-0.003,0.024,297.5,20.11,23.42
"2020-09-19 12:04:33.8",56163,-0.028,-0.003,0.024,297.5,20.11,23.42
"2020-09-19 12:04:33.9",56164,-0.029,-0.003,0.024,297.5,20.11,23.42
"2020-09-19 12:04:34",56165,-0.009,0.008,0.044,297.5,20.11,23.42
"2020-09-19 12:04:34.1",56166,-0.009,0.008,0.044,297.5,20.11,23.42
"2020-09-19 12:04:34.2",56167,-0.009,0.008,0.044,297.5,20.11,23.42
"2020-09-19 12:04:34.3",56168,-0.009,0.008,0.044,297.5,20.11,23.42
"2020-09-19 12:04:34.4",56169,-0.009,0.008,0.043,297.5,20.11,23.42
"2020-09-19 12:04:34.5",56170,-0.009,0.008,0.044,297.5,20.11,23.42
"2020-09-19 12:04:34.6",56171,-0.009,0.008,0.044,297.5,20.11,23.42
"2020-09-19 12:04:34.7",56172,-0.009,0.008,0.044,297.5,20.15,23.46
"2020-09-19 12:04:34.8",56173,-0.009,0.008,0.044,297.5,20.12,23.42
"2020-09-19 12:04:34.9",56174,-0.009,0.008,0.043,297.5,20.12,23.42
"2020-09-19 12:04:35",56175,-0.028,-0.003,0.024,297.4,20.12,23.42
"2020-09-19 12:04:35.1",56176,-0.028,-0.003,0.024,297.4,20.13,23.42
"2020-09-19 12:04:35.2",56177,-0.009,0.027,-0.006,297.4,20.13,23.42
"2020-09-19 12:04:35.3",56178,-0.009,0.027,-0.007,297.4,20.13,23.42
"2020-09-19 12:04:35.4",56179,-0.009,0.027,-0.006,297.4,20.13,23.42
"2020-09-19 12:04:35.5",56180,-0.019,-0.003,0.014,297.3,20.13,23.42
"2020-09-19 12:04:35.6",56181,-0.019,-0.003,0.014,297.3,20.13,23.42
"2020-09-19 12:04:35.7",56182,-0.019,-0.003,0.014,297.3,20.13,23.42
"2020-09-19 12:04:35.8",56183,-0.019,-0.003,0.014,297.3,20.13,23.42
"2020-09-19 12:04:35.9",56184,-0.019,-0.003,0.014,297.3,20.16,23.42
"2020-09-19 12:04:36",56185,-0.009,0.008,0.044,297.3,20.13,23.42
"2020-09-19 12:04:36.1",56186,-0.009,0.008,0.044,297.3,20.13,23.42
"2020-09-19 12:04:36.2",56187,-0.009,0.008,0.044,297.3,20.13,23.42
"2020-09-19 12:04:36.3",56188,-0.009,0.008,0.044,297.3,20.13,23.42
"2020-09-19 12:04:36.4",56189,-0.009,0.008,0.043,297.3,20.13,23.42
"2020-09-19 12:04:36.5",56190,-0.009,0.008,0.044,297.3,20.13,23.42
"2020-09-19 12:04:36.6",56191,-0.009,0.008,0.044,297.3,20.13,23.42
"2020-09-19 12:04:36.7",56192,-0.009,0.008,0.044,297.3,20.13,23.42
"2020-09-19 12:04:36.8",56193,-0.009,0.008,0.044,297.3,20.13,23.42
"2020-09-19 12:04:36.9",56194,-0.009,0.008,0.044,297.3,20.13,23.42
"2020-09-19 12:04:37",56195,-0.009,0.008,0.044,297.3,20.13,23.42
"2020-09-19 12:04:37.1",56196,-0.009,0.008,0.044,297.3,20.13,23.42
"2020-09-19 12:04:37.2",56197,-0.009,0.008,0.044,297.3,20.16,23.48
"2020-09-19 12:04:37.3",56198,-0.009,0.008,0.044,297.3,20.13,23.42
"2020-09-19 12:04:37.4",56199,-0.009,0.008,0.044,297.3,20.13,23.42
"2020-09-19 12:04:37.5",56200,-0.009,0.008,0.044,297.3,20.13,23.42
"2020-09-19 12:04:37.6",56201,-0.009,0.008,0.044,297.3,20.13,23.42
"2020-09-19 12:04:37.7",56202,-0.009,0.008,0.044,297.2,20.13,23.42
"2020-09-19 12:04:37.8",56203,-0.009,0.008,0.044,297.2,20.13,23.42
"2020-09-19 12:04:37.9",56204,-0.009,0.008,0.044,297.2,20.13,23.42
"2020-09-19 12:04:38",56205,-0.009,0.008,0.044,297.2,20.13,23.42
"2020-09-19 12:04:38.1",56206,-0.009,0.008,0.044,297.2,20.13,23.42
"2020-09-19 12:04:38.2",56207,-0.009,0.008,0.044,297.2,20.13,23.42
"2020-09-19 12:04:38.3",56208,-0.009,0.008,0.044,297.2,20.13,23.42
"2020-09-19 12:04:38.4",56209,-0.009,0.008,0.043,297.2,20.13,23.42
"2020-09-19 12:04:38.5",56210,-0.019,0.037,0.005,297.2,20.13,23.42
"2020-09-19 12:04:38.6",56211,-0.019,0.037,0.005,297.2,20.13,23.42
"2020-09-19 12:04:38.7",56212,-0.009,0.008,0.044,297.2,20.13,23.42
"2020-09-19 12:04:38.8",56213,-0.009,0.008,0.044,297.2,20.13,23.42
"2020-09-19 12:04:38.9",56214,-0.009,0.008,0.043,297.2,20.13,23.42
"2020-09-19 12:04:39",56215,-0.009,0.008,0.044,297.2,20.13,23.42
"2020-09-19 12:04:39.1",56216,-0.009,0.008,0.044,297.2,20.13,23.42
"2020-09-19 12:04:39.2",56217,0.011,0.008,0.024,297.2,20.13,23.42
"2020-09-19 12:04:39.3",56218,0.011,0.008,0.024,297.2,20.13,23.42
"2020-09-19 12:04:39.4",56219,0.011,0.008,0.024,297.2,20.13,23.42
"2020-09-19 12:04:39.5",56220,0.011,0.008,0.024,297.2,20.13,23.42
"2020-09-19 12:04:39.6",56221,0.011,0.008,0.024,297.2,20.13,23.42
"2020-09-19 12:04:39.7",56222,0.011,0.008,0.024,297.2,20.19,23.48
"2020-09-19 12:04:39.8",56223,0.011,0.008,0.024,297.2,20.13,23.42
"2020-09-19 12:04:39.9",56224,0.011,0.008,0.024,297.2,20.13,23.42
"2020-09-19 12:04:40",56225,0.011,0.008,0.024,297.2,20.13,23.42
"2020-09-19 12:04:40.1",56226,0.011,0.008,0.024,297.2,20.13,23.42
"2020-09-19 12:04:40.2",56227,0.011,0.008,0.024,297.2,20.13,23.42
"2020-09-19 12:04:40.3",56228,0.011,0.008,0.024,297.2,20.13,23.42
"2020-09-19 12:04:40.4",56229,0.011,0.008,0.024,297.2,20.13,23.42
"2020-09-19 12:04:40.5",56230,-0.009,0.008,0.044,297.2,20.13,23.42
"2020-09-19 12:04:40.6",56231,-0.009,0.008,0.044,297.2,20.13,23.42
"2020-09-19 12:04:40.7",56232,0.011,0.008,0.024,297.2,20.13,23.42
"2020-09-19 12:04:40.8",56233,0.011,0.008,0.024,297.2,20.13,23.42
"2020-09-19 12:04:40.9",56234,0.011,0.008,0.024,297.2,20.13,23.42
"2020-09-19 12:04:41",56235,0.011,0.008,0.024,297.2,20.13,23.46
"2020-09-19 12:04:41.1",56236,0.011,0.008,0.024,297.2,20.13,23.42
"2020-09-19 12:04:41.2",56237,-0.009,0.008,0.044,297.3,20.13,23.42
"2020-09-19 12:04:41.3",56238,-0.009,0.008,0.044,297.3,20.13,23.42
"2020-09-19 12:04:41.4",56239,-0.009,0.008,0.044,297.3,20.13,23.42
"2020-09-19 12:04:41.5",56240,-0.019,0.037,0.005,297.2,20.13,23.42
"2020-09-19 12:04:41.6",56241,-0.019,0.037,0.005,297.2,20.13,23.42
"2020-09-19 12:04:41.7",56242,-0.009,0.008,0.044,297.2,20.13,23.42
"2020-09-19 12:04:41.8",56243,-0.009,0.008,0.044,297.2,20.13,23.42
"2020-09-19 12:04:41.9",56244,-0.009,0.008,0.044,297.2,20.13,23.42
"2020-09-19 12:04:42",56245,-0.019,-0.003,0.014,297.2,20.13,23.42
"2020-09-19 12:04:42.1",56246,-0.019,-0.003,0.014,297.2,20.13,23.42
"2020-09-19 12:04:42.2",56247,-0.038,0.008,-0.007,297.3,20.19,23.44
"2020-09-19 12:04:42.3",56248,-0.038,0.008,-0.007,297.3,20.13,23.42
"2020-09-19 12:04:42.4",56249,-0.038,0.008,-0.007,297.3,20.13,23.42
"2020-09-19 12:04:42.5",56250,-0.019,-0.003,0.014,297.2,20.13,23.42
"2020-09-19 12:04:42.6",56251,-0.019,-0.003,0.014,297.2,20.13,23.42
"2020-09-19 12:04:42.7",56252,-0.019,-0.003,0.014,297.2,20.13,23.42
"2020-09-19 12:04:42.8",56253,-0.019,-0.003,0.015,297.2,20.13,23.42
"2020-09-19 12:04:42.9",56254,-0.019,-0.003,0.014,297.2,20.13,23.42
"2020-09-19 12:04:43",56255,-0.019,-0.003,0.015,297.2,20.13,23.42
"2020-09-19 12:04:43.1",56256,-0.019,-0.003,0.015,297.2,20.13,23.42
"2020-09-19 12:04:43.2",56257,-0.019,-0.003,0.014,297.2,20.13,23.42
"2020-09-19 12:04:43.3",56258,-0.019,-0.003,0.014,297.2,20.13,23.42
"2020-09-19 12:04:43.4",56259,-0.019,-0.003,0.014,297.2,20.13,23.42
"2020-09-19 12:04:43.5",56260,-0.019,-0.003,0.014,297.2,20.15,23.45
"2020-09-19 12:04:43.6",56261,-0.019,-0.003,0.015,297.2,20.13,23.42
"2020-09-19 12:04:43.7",56262,-0.019,-0.002,0.014,297.2,20.13,23.42
"2020-09-19 12:04:43.8",56263,-0.019,-0.003,0.015,297.2,20.13,23.42
"2020-09-19 12:04:43.9",56264,-0.019,-0.003,0.014,297.2,20.13,23.42
"2020-09-19 12:04:44",56265,-0.009,0.008,0.044,297.3,20.13,23.42
"2020-09-19 12:04:44.1",56266,-0.009,0.008,0.044,297.3,20.13,23.42
"2020-09-19 12:04:44.2",56267,-0.009,0.008,0.044,297.3,20.13,23.42
"2020-09-19 12:04:44.3",56268,-0.009,0.008,0.044,297.3,20.13,23.42
"2020-09-19 12:04:44.4",56269,-0.009,0.008,0.043,297.3,20.13,23.42
"2020-09-19 12:04:44.5",56270,-0.009,0.008,0.044,297.3,20.13,23.42
"2020-09-19 12:04:44.6",56271,-0.009,0.008,0.044,297.3,20.13,23.42
"2020-09-19 12:04:44.7",56272,-0.019,-0.003,0.015,297.4,20.17,23.42
"2020-09-19 12:04:44.8",56273,-0.019,-0.003,0.014,297.4,20.13,23.42
"2020-09-19 12:04:44.9",56274,-0.019,-0.003,0.014,297.4,20.13,23.42
"2020-09-19 12:04:45",56275,-0.009,-0.013,0.064,297.4,20.13,23.42
"2020-09-19 12:04:45.1",56276,-0.009,-0.013,0.063,297.4,20.13,23.42
"2020-09-19 12:04:45.2",56277,-0.009,-0.012,0.063,297.4,20.13,23.42
"2020-09-19 12:04:45.3",56278,-0.009,-0.013,0.063,297.4,20.13,23.42
"2020-09-19 12:04:45.4",56279,-0.009,-0.013,0.063,297.4,20.13,23.42
"2020-09-19 12:04:45.5",56280,-0.009,-0.012,0.063,297.4,20.13,23.42
"2020-09-19 12:04:45.6",56281,-0.009,-0.012,0.063,297.4,20.13,23.42
"2020-09-19 12:04:45.7",56282,-0.009,-0.003,0.044,297.4,20.13,23.42
"2020-09-19 12:04:45.8",56283,-0.009,-0.003,0.044,297.4,20.13,23.42
"2020-09-19 12:04:45.9",56284,-0.009,-0.003,0.044,297.4,20.13,23.42
"2020-09-19 12:04:46",56285,-0.009,-0.013,0.063,297.4,20.17,23.48
"2020-09-19 12:04:46.1",56286,-0.009,-0.012,0.063,297.4,20.14,23.42
"2020-09-19 12:04:46.2",56287,-0.009,-0.003,0.044,297.4,20.14,23.42
"2020-09-19 12:04:46.3",56288,-0.009,-0.003,0.043,297.4,20.14,23.42
"2020-09-19 12:04:46.4",56289,-0.009,-0.003,0.044,297.4,20.15,23.42
"2020-09-19 12:04:46.5",56290,-0.009,0.008,0.044,297.5,20.15,23.42
"2020-09-19 12:04:46.6",56291,-0.009,0.008,0.044,297.5,20.15,23.42
"2020-09-19 12:04:46.7",56292,-0.058,0.008,0.073,297.6,20.15,23.42
"2020-09-19 12:04:46.8",56293,-0.058,0.008,0.073,297.6,20.15,23.42
"2020-09-19 12:04:46.9",56294,-0.058,0.008,0.073,297.6,20.15,23.42
"2020-09-19 12:04:47",56295,0.011,0.008,0.092,297.6,20.15,23.42
"2020-09-19 12:04:47.1",56296,0.011,0.008,0.092,297.6,20.15,23.42
"2020-09-19 12:04:47.2",56297,-0.009,-0.003,0.073,297.7,20.15,23.42
"2020-09-19 12:04:47.3",56298,-0.009,-0.003,0.073,297.7,20.15,23.42
"2020-09-19 12:04:47.4",56299,-0.009,-0.003,0.073,297.7,20.15,23.42
"2020-09-19 12:04:47.5",56300,-0.009,0.008,0.044,297.6,20.15,23.42
"2020-09-19 12:04:47.6",56301,-0.009,0.008,0.043,297.6,20.15,23.42
"2020-09-19 12:04:47.7",56302,-0.009,0.008,0.044,297.5,20.15,23.42
"2020-09-19 12:04:47.8",56303,-0.009,0.008,0.044,297.5,20.15,23.42
"2020-09-19 12:04:47.9",56304,-0.009,0.008,0.043,297.5,20.15,23.42
"2020-09-19 12:04:48",56305,-0.058,-0.003,0.063,297.4,20.15,23.42
"2020-09-19 12:04:48.1",56306,-0.058,-0.002,0.063,297.4,20.15,23.42
"2020-09-19 12:04:48.2",56307,-0.058,0.008,0.073,297.4,20.15,23.42
"2020-09-19 12:04:48.3",56308,-0.058,0.008,0.073,297.4,20.15,23.42
"2020-09-19 12:04:48.4",56309,-0.058,0.008,0.073,297.4,20.15,23.42
"2020-09-19 12:04:48.5",56310,-0.038,-0.022,0.083,297.4,20.19,23.48
"2020-09-19 12:04:48.6",56311,-0.038,-0.022,0.083,297.4,20.15,23.42
"2020-09-19 12:04:48.7",56312,-0.009,0.008,0.044,297.3,20.15,23.42
"2020-09-19 12:04:48.8",56313,-0.009,0.008,0.044,297.3,20.15,23.42
"2020-09-19 12:04:48.9",56314,-0.009,0.008,0.044,297.3,20.15,23.42
"2020-09-19 12:04:49",56315,-0.048,0.008,0.063,297.3,20.15,23.42
"2020-09-19 12:04:49.1",56316,-0.048,0.008,0.063,297.3,20.15,23.42
"2020-09-19 12:04:49.2",56317,-0.067,-0.003,0.044,297.3,20.15,23.42
"2020-09-19 12:04:49.3",56318,-0.067,-0.003,0.044,297.3,20.15,23.42
"2020-09-19 12:04:49.4",56319,-0.067,-0.003,0.044,297.3,20.15,23.42
"2020-09-19 12:04:49.5",56320,-0.009,0.008,0.044,297.2,20.15,23.42
"2020-09-19 12:04:49.6",56321,-0.009,0.008,0.043,297.2,20.15,23.42
"2020-09-19 12:04:49.7",56322,-0.009,0.008,0.044,297.2,20.15,23.42
"2020-09-19 12:04:49.8",56323,-0.009,0.008,0.044,297.2,20.15,23.43
"2020-09-19 12:04:49.9",56324,-0.009,0.008,0.043,297.2,20.15,23.42
"2020-09-19 12:04:50",56325,-0.068,0.057,0.044,297.1,20.15,23.42
"2020-09-19 12:04:50.1",56326,-0.067,0.057,0.044,297.1,20.15,23.42
"2020-09-19 12:04:50.2",56327,-0.067,0.057,0.043,297.1,20.15,23.42
"2020-09-19 12:04:50.3",56328,-0.068,0.057,0.044,297.1,20.15,23.42
"2020-09-19 12:04:50.4",56329,-0.068,0.056,0.044,297.1,20.15,23.42
"2020-09-19 12:04:50.5",56330,-0.121,0.047,0.063,297.2,20.15,23.42
"2020-09-19 12:04:50.6",56331,-0.121,0.047,0.063,297.2,20.15,23.42
"2020-09-19 12:04:50.7",56332,-0.097,0.076,0.083,297.2,20.15,23.42
"2020-09-19 12:04:50.8",56333,-0.097,0.076,0.083,297.2,20.15,23.42
"2020-09-19 12:04:50.9",56334,-0.097,0.076,0.083,297.2,20.15,23.42
"2020-09-19 12:04:51",56335,-0.097,0.076,0.083,297.2,20.21,23.47
"2020-09-19 12:04:51.1",56336,-0.097,0.076,0.083,297.2,20.15,23.42
"2020-09-19 12:04:51.2",56337,-0.019,0.047,0.083,297.3,20.15,23.42
"2020-09-19 12:04:51.3",56338,-0.018,0.047,0.083,297.3,20.15,23.42
"2020-09-19 12:04:51.4",56339,-0.019,0.047,0.083,297.3,20.15,23.42
"2020-09-19 12:04:51.5",56340,-0.019,0.047,0.083,297.3,20.15,23.42
"2020-09-19 12:04:51.6",56341,-0.019,0.047,0.083,297.3,20.15,23.42
"2020-09-19 12:04:51.7",56342,-0.058,0.008,0.073,297.3,20.15,23.42
"2020-09-19 12:04:51.8",56343,-0.058,0.008,0.073,297.3,20.15,23.42
"2020-09-19 12:04:51.9",56344,-0.058,0.008,0.073,297.3,20.15,23.42
"2020-09-19 12:04:52",56345,-0.009,-0.032,0.117,297.4,20.15,23.42
"2020-09-19 12:04:52.1",56346,-0.009,-0.032,0.117,297.4,20.15,23.42
"2020-09-19 12:04:52.2",56347,-0.038,-0.022,0.083,297.4,20.15,23.42
"2020-09-19 12:04:52.3",56348,-0.038,-0.022,0.083,297.4,20.15,23.46
"2020-09-19 12:04:52.4",56349,-0.038,-0.022,0.083,297.4,20.15,23.42
"2020-09-19 12:04:52.5",56350,-0.077,-0.003,0.044,297.4,20.14,23.42
"2020-09-19 12:04:52.6",56351,-0.077,-0.003,0.044,297.4,20.14,23.42
"2020-09-19 12:04:52.7",56352,-0.009,-0.003,0.044,297.4,20.14,23.42
"2020-09-19 12:04:52.8",56353,-0.009,-0.003,0.044,297.4,20.13,23.42
"2020-09-19 12:04:52.9",56354,-0.009,-0.003,0.044,297.4,20.13,23.42
"2020-09-19 12:04:53",56355,-0.057,-0.002,0.063,297.4,20.13,23.42
"2020-09-19 12:04:53.1",56356,-0.058,-0.003,0.063,297.4,20.13,23.42
"2020-09-19 12:04:53.2",56357,-0.048,-0.051,0.073,297.4,20.13,23.42
"2020-09-19 12:04:53.3",56358,-0.048,-0.051,0.073,297.4,20.13,23.42
"2020-09-19 12:04:53.4",56359,-0.048,-0.052,0.073,297.4,20.13,23.42
"2020-09-19 12:04:53.5",56360,-0.048,-0.051,0.073,297.4,20.19,23.44
"2020-09-19 12:04:53.6",56361,-0.048,-0.052,0.073,297.4,20.13,23.42
"2020-09-19 12:04:53.7",56362,-0.048,-0.051,0.073,297.4,20.13,23.42
"2020-09-19 12:04:53.8",56363,-0.048,-0.052,0.073,297.4,20.13,23.42
"2020-09-19 12:04:53.9",56364,-0.048,-0.052,0.073,297.4,20.13,23.42
"2020-09-19 12:04:54",56365,-0.028,-0.003,0.093,297.4,20.13,23.42
"2020-09-19 12:04:54.1",56366,-0.028,-0.003,0.092,297.4,20.13,23.42
"2020-09-19 12:04:54.2",56367,-0.038,-0.022,0.083,297.4,20.13,23.42
"2020-09-19 12:04:54.3",56368,-0.038,-0.022,0.083,297.4,20.13,23.42
"2020-09-19 12:04:54.4",56369,-0.038,-0.022,0.083,297.4,20.13,23.42
"2020-09-19 12:04:54.5",56370,-0.097,-0.032,0.083,297.3,20.13,23.42
"2020-09-19 12:04:54.6",56371,-0.097,-0.032,0.083,297.3,20.13,23.42
"2020-09-19 12:04:54.7",56372,-0.048,-0.032,0.063,297.3,20.13,23.42
"2020-09-19 12:04:54.8",56373,-0.048,-0.032,0.063,297.3,20.16,23.45
"2020-09-19 12:04:54.9",56374,-0.048,-0.032,0.063,297.3,20.13,23.42
"2020-09-19 12:04:55",56375,-0.048,-0.032,0.063,297.2,20.13,23.42
"2020-09-19 12:04:55.1",56376,-0.048,-0.032,0.063,297.2,20.13,23.42
"2020-09-19 12:04:55.2",56377,-0.131,-0.081,0.063,297.2,20.13,23.42
"2020-09-19 12:04:55.3",56378,-0.131,-0.081,0.063,297.2,20.13,23.42
"2020-09-19 12:04:55.4",56379,-0.131,-0.081,0.063,297.2,20.13,23.42
"2020-09-19 12:04:55.5",56380,-0.097,-0.125,0.083,297.3,20.13,23.42
"2020-09-19 12:04:55.6",56381,-0.097,-0.125,0.083,297.3,20.13,23.42
"2020-09-19 12:04:55.7",56382,-0.131,-0.081,0.063,297.3,20.13,23.42
"2020-09-19 12:04:55.8",56383,-0.131,-0.081,0.063,297.3,20.13,23.42
"2020-09-19 12:04:55.9",56384,-0.131,-0.081,0.063,297.3,20.13,23.42
"2020-09-19 12:04:56",56385,-0.048,-0.052,0.127,297.3,20.16,23.42
"2020-09-19 12:04:56.1",56386,-0.048,-0.052,0.127,297.3,20.13,23.42
"2020-09-19 12:04:56.2",56387,-0.077,-0.003,0.107,297.4,20.12,23.42
"2020-09-19 12:04:56.3",56388,-0.077,-0.003,0.107,297.4,20.12,23.42
"2020-09-19 12:04:56.4",56389,-0.077,-0.003,0.107,297.4,20.12,23.42
"2020-09-19 12:04:56.5",56390,-0.038,-0.022,0.083,297.4,20.12,23.42
"2020-09-19 12:04:56.6",56391,-0.038,-0.022,0.083,297.4,20.11,23.42
"2020-09-19 12:04:56.7",56392,-0.009,-0.052,0.117,297.4,20.11,23.42
"2020-09-19 12:04:56.8",56393,-0.009,-0.051,0.117,297.4,20.11,23.42
"2020-09-19 12:04:56.9",56394,-0.009,-0.052,0.117,297.4,20.11,23.42
"2020-09-19 12:04:57",56395,-0.009,-0.003,0.073,297.3,20.11,23.42
"2020-09-19 12:04:57.1",56396,-0.009,-0.003,0.073,297.3,20.11,23.42
"2020-09-19 12:04:57.2",56397,-0.067,-0.003,0.044,297.3,20.11,23.42
"2020-09-19 12:04:57.3",56398,-0.067,-0.003,0.044,297.3,20.14,23.48
"2020-09-19 12:04:57.4",56399,-0.068,-0.003,0.043,297.3,20.11,23.42
