"TOA5","10329","CR6","10329","CR6.Std.09.01 CR6-WIFI.04.00.01","CPU:YOUNG81000_HMP60_10Hz.CR6","51185","Young10Hz_hmp"
"TIMESTAMP","RECORD","U","V","W","TSonic","RH","T_HMP60"
"TS","RN","mV","mV","mV","mV","%","Deg C"
"","","Smp","Smp","Smp","Smp","Smp","Smp"
"2020-09-19 19:31:57.5",324600,0.011,0.008,0.024,295.6,22.11,22.26
"2020-09-19 19:31:57.6",324601,0.011,0.008,0.024,295.6,22.11,22.26
"2020-09-19 19:31:57.7",324602,0.011,0.008,0.024,295.6,22.11,22.27
"2020-09-19 19:31:57.8",324603,0.011,0.008,0.024,295.6,22.12,22.26
"2020-09-19 19:31:57.9",324604,0.012,0.008,0.024,295.6,22.12,22.26
"2020-09-19 19:31:58",324605,0.011,0.008,0.024,295.6,22.13,22.26
"2020-09-19 19:31:58.1",324606,0.011,0.008,0.024,295.6,22.13,22.26
"2020-09-19 19:31:58.2",324607,0.011,0.008,0.024,295.6,22.13,22.26
"2020-09-19 19:31:58.3",324608,0.012,0.008,0.024,295.6,22.13,22.26
"2020-09-19 19:31:58.4",324609,0.012,0.008,0.024,295.6,22.13,22.26
"2020-09-19 19:31:58.5",324610,0.011,0.008,0.024,295.6,22.13,22.26
"2020-09-19 19:31:58.6",324611,0.011,0.008,0.024,295.6,22.13,22.26
"2020-09-19 19:31:58.7",324612,0.011,0.008,0.024,295.6,22.13,22.26
"2020-09-19 19:31:58.8",324613,-0.009,-0.002,-0.006,295.6,22.13,22.26
"2020-09-19 19:31:58.9",324614,-0.009,-0.002,-0.006,295.6,22.13,22.26
"2020-09-19 19:31:59",324615,0.05,0.018,-0.006,295.6,22.18,22.32
"2020-09-19 19:31:59.1",324616,0.05,0.018,-0.006,295.6,22.13,22.26
"2020-09-19 19:31:59.2",324617,0.051,0.018,-0.006,295.6,22.13,22.26
"2020-09-19 19:31:59.3",324618,0.051,0.018,-0.006,295.6,22.13,22.26
"2020-09-19 19:31:59.4",324619,0.05,0.018,-0.006,295.6,22.13,22.26
"2020-09-19 19:31:59.5",324620,0.05,0.018,-0.006,295.6,22.13,22.26
"2020-09-19 19:31:59.6",324621,0.05,0.018,-0.006,295.6,22.13,22.26
"2020-09-19 19:31:59.7",324622,0.05,0.018,-0.006,295.6,22.13,22.26
"2020-09-19 19:31:59.8",324623,0.05,0.018,-0.006,295.6,22.13,22.26
"2020-09-19 19:31:59.9",324624,0.05,0.018,-0.006,295.6,22.13,22.26
"2020-09-19 19:32:00",324625,0.05,0.018,-0.006,295.6,22.13,22.26
"2020-09-19 19:32:00.1",324626,0.05,0.018,-0.006,295.6,22.13,22.26
"2020-09-19 19:32:00.2",324627,0.051,0.018,-0.006,295.6,22.13,22.26
"2020-09-19 19:32:00.3",324628,-0.009,-0.002,-0.006,295.7,22.13,22.3
"2020-09-19 19:32:00.4",324629,-0.009,-0.003,-0.006,295.7,22.13,22.26
"2020-09-19 19:32:00.5",324630,0.021,-0.003,-0.016,295.7,22.13,22.26
"2020-09-19 19:32:00.6",324631,0.021,-0.002,-0.016,295.7,22.13,22.26
"2020-09-19 19:32:00.7",324632,0.021,-0.003,-0.016,295.7,22.13,22.26
"2020-09-19 19:32:00.8",324633,0.021,-0.002,-0.016,295.7,22.13,22.26
"2020-09-19 19:32:00.9",324634,0.021,-0.003,-0.016,295.7,22.13,22.26
"2020-09-19 19:32:01",324635,0.021,-0.003,-0.016,295.7,22.13,22.26
"2020-09-19 19:32:01.1",324636,0.021,-0.002,-0.016,295.7,22.13,22.26
"2020-09-19 19:32:01.2",324637,0.021,-0.002,-0.016,295.7,22.13,22.26
"2020-09-19 19:32:01.3",324638,0.021,-0.002,-0.016,295.7,22.13,22.26
"2020-09-19 19:32:01.4",324639,0.021,-0.002,-0.016,295.7,22.13,22.26
"2020-09-19 19:32:01.5",324640,0.021,-0.003,-0.016,295.7,22.19,22.31
"2020-09-19 19:32:01.6",324641,0.021,-0.003,-0.016,295.7,22.13,22.26
"2020-09-19 19:32:01.7",324642,0.021,-0.003,-0.016,295.7,22.14,22.26
"2020-09-19 19:32:01.8",324643,0.021,-0.002,-0.016,295.7,22.13,22.26
"2020-09-19 19:32:01.9",324644,0.021,-0.003,-0.016,295.7,22.13,22.26
"2020-09-19 19:32:02",324645,0.021,-0.002,-0.016,295.7,22.13,22.26
"2020-09-19 19:32:02.1",324646,0.021,-0.003,-0.016,295.7,22.13,22.26
"2020-09-19 19:32:02.2",324647,0.021,-0.002,-0.016,295.7,22.13,22.26
"2020-09-19 19:32:02.3",324648,0.011,0.008,-0.036,295.7,22.13,22.26
"2020-09-19 19:32:02.4",324649,0.011,0.008,-0.036,295.7,22.13,22.26
"2020-09-19 19:32:02.5",324650,-0.009,0.008,-0.016,295.7,22.13,22.26
"2020-09-19 19:32:02.6",324651,-0.009,0.008,-0.016,295.7,22.13,22.26
"2020-09-19 19:32:02.7",324652,-0.009,0.008,-0.016,295.7,22.13,22.26
"2020-09-19 19:32:02.8",324653,-0.009,0.008,-0.016,295.7,22.13,22.3
"2020-09-19 19:32:02.9",324654,-0.009,0.008,-0.016,295.7,22.13,22.26
"2020-09-19 19:32:03",324655,-0.009,0.008,-0.016,295.7,22.13,22.26
"2020-09-19 19:32:03.1",324656,-0.009,0.008,-0.016,295.7,22.13,22.26
"2020-09-19 19:32:03.2",324657,-0.009,0.008,-0.016,295.7,22.13,22.26
"2020-09-19 19:32:03.3",324658,-0.009,0.008,-0.016,295.7,22.13,22.26
"2020-09-19 19:32:03.4",324659,-0.009,0.008,-0.016,295.7,22.13,22.26
"2020-09-19 19:32:03.5",324660,-0.009,0.008,-0.016,295.7,22.13,22.26
"2020-09-19 19:32:03.6",324661,-0.009,0.008,-0.016,295.7,22.13,22.26
"2020-09-19 19:32:03.7",324662,-0.009,0.008,-0.016,295.7,22.13,22.26
"2020-09-19 19:32:03.8",324663,-0.009,0.008,-0.016,295.7,22.13,22.26
"2020-09-19 19:32:03.9",324664,-0.009,0.008,-0.016,295.7,22.13,22.26
"2020-09-19 19:32:04",324665,-0.009,-0.003,-0.007,295.7,22.19,22.27
"2020-09-19 19:32:04.1",324666,-0.009,-0.002,-0.006,295.7,22.13,22.26
"2020-09-19 19:32:04.2",324667,-0.009,-0.002,-0.006,295.7,22.13,22.26
"2020-09-19 19:32:04.3",324668,-0.009,-0.002,-0.006,295.7,22.13,22.26
"2020-09-19 19:32:04.4",324669,-0.009,-0.002,-0.006,295.7,22.13,22.26
"2020-09-19 19:32:04.5",324670,-0.009,-0.003,-0.006,295.7,22.13,22.26
"2020-09-19 19:32:04.6",324671,-0.009,-0.002,-0.006,295.7,22.13,22.26
"2020-09-19 19:32:04.7",324672,-0.009,-0.002,-0.006,295.7,22.13,22.26
"2020-09-19 19:32:04.8",324673,-0.009,-0.002,-0.006,295.7,22.13,22.26
"2020-09-19 19:32:04.9",324674,-0.009,-0.002,-0.006,295.7,22.13,22.26
"2020-09-19 19:32:05",324675,-0.028,-0.003,0.024,295.7,22.13,22.26
"2020-09-19 19:32:05.1",324676,-0.028,-0.002,0.024,295.7,22.13,22.26
"2020-09-19 19:32:05.2",324677,-0.028,-0.002,0.024,295.7,22.13,22.26
"2020-09-19 19:32:05.3",324678,-0.019,-0.003,0.015,295.8,22.17,22.3
"2020-09-19 19:32:05.4",324679,-0.018,-0.002,0.015,295.8,22.13,22.26
"2020-09-19 19:32:05.5",324680,-0.018,-0.002,0.015,295.8,22.13,22.26
"2020-09-19 19:32:05.6",324681,-0.019,-0.002,0.015,295.8,22.13,22.26
"2020-09-19 19:32:05.7",324682,-0.019,-0.003,0.015,295.8,22.13,22.26
"2020-09-19 19:32:05.8",324683,-0.009,-0.002,-0.006,295.8,22.13,22.26
"2020-09-19 19:32:05.9",324684,-0.009,-0.003,-0.006,295.8,22.13,22.26
"2020-09-19 19:32:06",324685,-0.009,-0.003,-0.006,295.8,22.14,22.26
"2020-09-19 19:32:06.1",324686,-0.009,-0.003,-0.006,295.8,22.13,22.26
"2020-09-19 19:32:06.2",324687,-0.009,-0.003,-0.006,295.8,22.13,22.26
"2020-09-19 19:32:06.3",324688,-0.009,-0.002,-0.006,295.7,22.13,22.26
"2020-09-19 19:32:06.4",324689,-0.008,-0.002,-0.006,295.7,22.13,22.26
"2020-09-19 19:32:06.5",324690,-0.009,-0.003,-0.006,295.7,22.15,22.26
"2020-09-19 19:32:06.6",324691,-0.009,-0.003,-0.006,295.7,22.13,22.26
"2020-09-19 19:32:06.7",324692,-0.009,-0.003,-0.006,295.7,22.13,22.26
"2020-09-19 19:32:06.8",324693,-0.009,-0.002,-0.006,295.7,22.13,22.26
"2020-09-19 19:32:06.9",324694,-0.009,-0.003,-0.006,295.7,22.13,22.26
"2020-09-19 19:32:07",324695,-0.009,-0.002,-0.006,295.7,22.13,22.26
"2020-09-19 19:32:07.1",324696,-0.009,-0.002,-0.006,295.7,22.13,22.26
"2020-09-19 19:32:07.2",324697,-0.009,-0.003,-0.006,295.7,22.13,22.26
"2020-09-19 19:32:07.3",324698,-0.009,-0.002,-0.006,295.7,22.13,22.26
"2020-09-19 19:32:07.4",324699,-0.009,-0.002,-0.006,295.7,22.13,22.26
"2020-09-19 19:32:07.5",324700,-0.009,-0.002,-0.006,295.7,22.13,22.26
"2020-09-19 19:32:07.6",324701,-0.009,-0.002,-0.006,295.7,22.13,22.26
"2020-09-19 19:32:07.7",324702,-0.009,-0.003,-0.006,295.7,22.13,22.26
"2020-09-19 19:32:07.8",324703,-0.009,-0.002,-0.006,295.7,22.16,22.32
"2020-09-19 19:32:07.9",324704,-0.009,-0.002,-0.006,295.7,22.13,22.26
"2020-09-19 19:32:08",324705,-0.008,-0.002,-0.006,295.7,22.13,22.26
"2020-09-19 19:32:08.1",324706,-0.009,-0.002,-0.006,295.7,22.13,22.26
"2020-09-19 19:32:08.2",324707,-0.009,-0.002,-0.006,295.7,22.13,22.26
"2020-09-19 19:32:08.3",324708,-0.009,-0.002,-0.006,295.7,22.13,22.26
"2020-09-19 19:32:08.4",324709,-0.009,-0.002,-0.006,295.7,22.13,22.26
"2020-09-19 19:32:08.5",324710,-0.009,-0.002,-0.006,295.7,22.13,22.26
"2020-09-19 19:32:08.6",324711,-0.009,-0.003,-0.006,295.7,22.13,22.26
"2020-09-19 19:32:08.7",324712,-0.009,-0.002,-0.006,295.7,22.13,22.26
"2020-09-19 19:32:08.8",324713,-0.009,-0.002,-0.006,295.7,22.13,22.26
"2020-09-19 19:32:08.9",324714,-0.009,-0.003,-0.006,295.7,22.13,22.26
"2020-09-19 19:32:09",324715,-0.029,-0.002,0.025,295.7,22.13,22.26
"2020-09-19 19:32:09.1",324716,-0.028,-0.002,0.024,295.7,22.13,22.26
"2020-09-19 19:32:09.2",324717,-0.028,-0.002,0.024,295.7,22.13,22.26
"2020-09-19 19:32:09.3",324718,-0.028,-0.002,0.024,295.7,22.13,22.26
"2020-09-19 19:32:09.4",324719,-0.028,-0.003,0.024,295.7,22.13,22.26
"2020-09-19 19:32:09.5",324720,-0.028,-0.003,0.024,295.7,22.13,22.26
"2020-09-19 19:32:09.6",324721,-0.028,-0.002,0.024,295.7,22.13,22.26
"2020-09-19 19:32:09.7",324722,-0.028,-0.002,0.024,295.7,22.13,22.26
"2020-09-19 19:32:09.8",324723,-0.028,-0.002,0.024,295.7,22.13,22.26
"2020-09-19 19:32:09.9",324724,-0.028,-0.002,0.024,295.7,22.13,22.26
"2020-09-19 19:32:10",324725,-0.028,-0.003,0.025,295.7,22.13,22.26
"2020-09-19 19:32:10.1",324726,-0.028,-0.002,0.024,295.7,22.13,22.26
"2020-09-19 19:32:10.2",324727,-0.028,-0.002,0.025,295.7,22.13,22.26
"2020-09-19 19:32:10.3",324728,-0.009,-0.003,-0.006,295.8,22.19,22.32
"2020-09-19 19:32:10.4",324729,-0.009,-0.002,-0.006,295.8,22.13,22.26
"2020-09-19 19:32:10.5",324730,-0.009,-0.003,-0.006,295.7,22.13,22.26
"2020-09-19 19:32:10.6",324731,-0.009,-0.002,-0.006,295.7,22.13,22.26
"2020-09-19 19:32:10.7",324732,-0.009,-0.002,-0.006,295.7,22.13,22.26
"2020-09-19 19:32:10.8",324733,-0.048,-0.041,-0.006,295.6,22.13,22.26
"2020-09-19 19:32:10.9",324734,-0.048,-0.041,-0.006,295.6,22.13,22.26
"2020-09-19 19:32:11",324735,-0.028,-0.002,0.024,295.6,22.13,22.26
"2020-09-19 19:32:11.1",324736,-0.028,-0.003,0.024,295.6,22.13,22.26
"2020-09-19 19:32:11.2",324737,-0.028,-0.003,0.024,295.6,22.13,22.26
"2020-09-19 19:32:11.3",324738,-0.028,-0.003,0.024,295.6,22.13,22.26
"2020-09-19 19:32:11.4",324739,-0.028,-0.002,0.024,295.6,22.13,22.26
"2020-09-19 19:32:11.5",324740,0.011,0.008,0.024,295.7,22.13,22.26
"2020-09-19 19:32:11.6",324741,0.012,0.008,0.024,295.7,22.13,22.3
"2020-09-19 19:32:11.7",324742,0.011,0.008,0.024,295.7,22.13,22.26
"2020-09-19 19:32:11.8",324743,0.012,0.008,0.024,295.7,22.13,22.26
"2020-09-19 19:32:11.9",324744,0.011,0.008,0.024,295.7,22.13,22.26
"2020-09-19 19:32:12",324745,-0.009,-0.003,-0.006,295.7,22.13,22.26
"2020-09-19 19:32:12.1",324746,-0.009,-0.002,-0.006,295.7,22.13,22.26
"2020-09-19 19:32:12.2",324747,-0.008,-0.003,-0.006,295.7,22.13,22.26
"2020-09-19 19:32:12.3",324748,-0.009,-0.003,-0.006,295.7,22.13,22.26
"2020-09-19 19:32:12.4",324749,-0.009,-0.002,-0.006,295.7,22.13,22.26
"2020-09-19 19:32:12.5",324750,-0.009,-0.003,-0.006,295.7,22.13,22.26
"2020-09-19 19:32:12.6",324751,-0.009,-0.002,-0.006,295.7,22.13,22.26
"2020-09-19 19:32:12.7",324752,-0.008,-0.003,-0.006,295.7,22.13,22.26
"2020-09-19 19:32:12.8",324753,-0.009,-0.003,-0.006,295.7,22.19,22.29
"2020-09-19 19:32:12.9",324754,-0.009,-0.003,-0.006,295.7,22.13,22.26
"2020-09-19 19:32:13",324755,-0.028,-0.003,0.025,295.7,22.14,22.26
"2020-09-19 19:32:13.1",324756,-0.028,-0.003,0.024,295.7,22.13,22.26
"2020-09-19 19:32:13.2",324757,-0.028,-0.003,0.024,295.7,22.13,22.27
"2020-09-19 19:32:13.3",324758,-0.028,-0.002,0.024,295.7,22.13,22.26
"2020-09-19 19:32:13.4",324759,-0.028,-0.003,0.025,295.7,22.13,22.26
"2020-09-19 19:32:13.5",324760,-0.028,-0.002,0.024,295.7,22.13,22.26
"2020-09-19 19:32:13.6",324761,-0.028,-0.002,0.024,295.7,22.13,22.26
"2020-09-19 19:32:13.7",324762,-0.028,-0.002,0.024,295.7,22.13,22.27
"2020-09-19 19:32:13.8",324763,-0.028,-0.002,0.024,295.7,22.13,22.26
"2020-09-19 19:32:13.9",324764,-0.028,-0.002,0.024,295.7,22.13,22.26
"2020-09-19 19:32:14",324765,-0.009,-0.002,-0.006,295.7,22.13,22.26
"2020-09-19 19:32:14.1",324766,-0.009,-0.002,-0.006,295.7,22.14,22.3
"2020-09-19 19:32:14.2",324767,-0.009,-0.002,-0.006,295.7,22.14,22.26
"2020-09-19 19:32:14.3",324768,-0.009,-0.002,-0.006,295.7,22.14,22.26
"2020-09-19 19:32:14.4",324769,-0.009,-0.002,-0.006,295.7,22.15,22.26
"2020-09-19 19:32:14.5",324770,-0.009,-0.003,-0.006,295.7,22.15,22.26
"2020-09-19 19:32:14.6",324771,-0.009,-0.003,-0.006,295.7,22.15,22.26
"2020-09-19 19:32:14.7",324772,-0.009,-0.002,-0.006,295.7,22.15,22.26
"2020-09-19 19:32:14.8",324773,-0.008,-0.002,-0.006,295.7,22.15,22.26
"2020-09-19 19:32:14.9",324774,-0.009,-0.002,-0.006,295.7,22.15,22.26
"2020-09-19 19:32:15",324775,-0.009,-0.003,-0.006,295.7,22.15,22.26
"2020-09-19 19:32:15.1",324776,-0.009,-0.002,-0.006,295.7,22.15,22.26
"2020-09-19 19:32:15.2",324777,-0.009,-0.002,-0.006,295.7,22.15,22.26
"2020-09-19 19:32:15.3",324778,-0.009,-0.003,-0.006,295.7,22.2,22.26
"2020-09-19 19:32:15.4",324779,-0.009,-0.002,-0.006,295.7,22.15,22.26
"2020-09-19 19:32:15.5",324780,-0.009,-0.003,-0.006,295.7,22.15,22.26
"2020-09-19 19:32:15.6",324781,-0.009,-0.002,-0.006,295.7,22.15,22.26
"2020-09-19 19:32:15.7",324782,-0.009,-0.003,-0.006,295.7,22.15,22.26
"2020-09-19 19:32:15.8",324783,-0.009,-0.002,-0.006,295.7,22.15,22.26
"2020-09-19 19:32:15.9",324784,-0.009,-0.002,-0.006,295.7,22.15,22.26
"2020-09-19 19:32:16",324785,-0.009,-0.003,-0.006,295.7,22.15,22.26
"2020-09-19 19:32:16.1",324786,-0.009,-0.002,-0.006,295.7,22.15,22.26
"2020-09-19 19:32:16.2",324787,-0.009,-0.003,-0.006,295.7,22.15,22.26
"2020-09-19 19:32:16.3",324788,-0.009,-0.002,-0.006,295.7,22.15,22.26
"2020-09-19 19:32:16.4",324789,-0.009,-0.003,-0.006,295.7,22.15,22.26
"2020-09-19 19:32:16.5",324790,-0.009,-0.003,-0.006,295.7,22.15,22.26
"2020-09-19 19:32:16.6",324791,-0.009,-0.002,-0.006,295.7,22.2,22.31
"2020-09-19 19:32:16.7",324792,-0.009,-0.002,-0.006,295.7,22.15,22.26
"2020-09-19 19:32:16.8",324793,-0.028,-0.003,0.024,295.7,22.15,22.26
"2020-09-19 19:32:16.9",324794,-0.028,-0.002,0.024,295.7,22.15,22.26
"2020-09-19 19:32:17",324795,-0.009,-0.002,-0.006,295.6,22.15,22.26
"2020-09-19 19:32:17.1",324796,-0.009,-0.002,-0.006,295.6,22.15,22.26
"2020-09-19 19:32:17.2",324797,-0.009,-0.002,-0.006,295.6,22.15,22.27
"2020-09-19 19:32:17.3",324798,0.011,0.008,0.024,295.6,22.15,22.26
"2020-09-19 19:32:17.4",324799,0.011,0.008,0.024,295.6,22.15,22.26
"2020-09-19 19:32:17.5",324800,0.011,0.008,0.024,295.6,22.15,22.26
"2020-09-19 19:32:17.6",324801,0.011,0.008,0.024,295.6,22.15,22.26
"2020-09-19 19:32:17.7",324802,0.011,0.008,0.024,295.6,22.15,22.26
"2020-09-19 19:32:17.8",324803,-0.008,0.008,0.044,295.6,22.16,22.26
"2020-09-19 19:32:17.9",324804,-0.009,0.008,0.044,295.6,22.15,22.26
"2020-09-19 19:32:18",324805,-0.009,0.008,0.044,295.6,22.15,22.26
"2020-09-19 19:32:18.1",324806,-0.009,0.008,0.044,295.6,22.15,22.26
"2020-09-19 19:32:18.2",324807,-0.009,0.008,0.044,295.6,22.15,22.26
"2020-09-19 19:32:18.3",324808,0.011,0.008,0.024,295.7,22.15,22.26
"2020-09-19 19:32:18.4",324809,0.011,0.008,0.025,295.7,22.15,22.26
"2020-09-19 19:32:18.5",324810,0.011,0.008,0.024,295.7,22.15,22.26
"2020-09-19 19:32:18.6",324811,0.011,0.008,0.024,295.7,22.15,22.26
"2020-09-19 19:32:18.7",324812,0.012,0.008,0.024,295.7,22.15,22.26
"2020-09-19 19:32:18.8",324813,0.011,0.008,0.024,295.7,22.16,22.26
"2020-09-19 19:32:18.9",324814,0.012,0.008,0.024,295.7,22.15,22.26
"2020-09-19 19:32:19",324815,0.011,0.008,0.024,295.7,22.15,22.26
"2020-09-19 19:32:19.1",324816,0.011,0.008,0.024,295.7,22.18,22.32
"2020-09-19 19:32:19.2",324817,0.011,0.008,0.024,295.7,22.16,22.26
"2020-09-19 19:32:19.3",324818,0.011,0.008,0.024,295.7,22.15,22.27
"2020-09-19 19:32:19.4",324819,0.011,0.008,0.024,295.7,22.15,22.26
"2020-09-19 19:32:19.5",324820,0.011,0.008,0.024,295.7,22.15,22.26
"2020-09-19 19:32:19.6",324821,0.012,0.008,0.024,295.7,22.15,22.26
"2020-09-19 19:32:19.7",324822,0.011,0.008,0.024,295.7,22.15,22.26
"2020-09-19 19:32:19.8",324823,-0.009,-0.003,-0.006,295.7,22.15,22.26
"2020-09-19 19:32:19.9",324824,-0.009,-0.003,-0.006,295.7,22.15,22.26
"2020-09-19 19:32:20",324825,-0.028,-0.002,0.024,295.7,22.15,22.26
"2020-09-19 19:32:20.1",324826,-0.028,-0.002,0.024,295.7,22.15,22.26
"2020-09-19 19:32:20.2",324827,-0.028,-0.003,0.024,295.7,22.15,22.26
"2020-09-19 19:32:20.3",324828,0.031,-0.012,0.044,295.8,22.15,22.26
"2020-09-19 19:32:20.4",324829,0.031,-0.012,0.044,295.8,22.15,22.27
"2020-09-19 19:32:20.5",324830,0.031,-0.012,0.044,295.8,22.15,22.26
"2020-09-19 19:32:20.6",324831,0.031,-0.012,0.044,295.8,22.14,22.26
"2020-09-19 19:32:20.7",324832,0.031,-0.013,0.044,295.8,22.14,22.26
"2020-09-19 19:32:20.8",324833,-0.009,-0.012,0.063,295.9,22.14,22.26
"2020-09-19 19:32:20.9",324834,-0.009,-0.012,0.063,295.9,22.14,22.26
"2020-09-19 19:32:21",324835,0.031,-0.012,0.044,295.8,22.14,22.26
"2020-09-19 19:32:21.1",324836,0.031,-0.012,0.044,295.8,22.14,22.26
"2020-09-19 19:32:21.2",324837,0.031,-0.012,0.044,295.8,22.13,22.27
"2020-09-19 19:32:21.3",324838,0.002,-0.003,0.015,295.9,22.14,22.27
"2020-09-19 19:32:21.4",324839,0.002,-0.003,0.015,295.9,22.14,22.27
"2020-09-19 19:32:21.5",324840,0.031,-0.012,0.044,295.9,22.13,22.26
"2020-09-19 19:32:21.6",324841,0.031,-0.012,0.044,295.9,22.19,22.32
"2020-09-19 19:32:21.7",324842,0.031,-0.012,0.044,295.9,22.14,22.27
"2020-09-19 19:32:21.8",324843,-0.009,-0.012,0.063,295.9,22.14,22.27
"2020-09-19 19:32:21.9",324844,-0.009,-0.012,0.063,295.9,22.14,22.27
"2020-09-19 19:32:22",324845,0.002,-0.002,0.015,295.8,22.13,22.26
"2020-09-19 19:32:22.1",324846,0.002,-0.002,0.015,295.8,22.13,22.26
"2020-09-19 19:32:22.2",324847,0.002,-0.002,0.015,295.8,22.13,22.27
"2020-09-19 19:32:22.3",324848,0.031,-0.012,0.044,295.7,22.13,22.26
"2020-09-19 19:32:22.4",324849,0.031,-0.012,0.044,295.7,22.13,22.26
"2020-09-19 19:32:22.5",324850,0.002,-0.002,0.015,295.7,22.13,22.26
"2020-09-19 19:32:22.6",324851,0.002,-0.003,0.015,295.7,22.13,22.26
"2020-09-19 19:32:22.7",324852,0.002,-0.002,0.015,295.7,22.13,22.26
"2020-09-19 19:32:22.8",324853,0.002,-0.002,0.014,295.7,22.13,22.26
"2020-09-19 19:32:22.9",324854,0.002,-0.003,0.015,295.7,22.13,22.3
"2020-09-19 19:32:23",324855,0.031,-0.012,0.044,295.7,22.13,22.26
"2020-09-19 19:32:23.1",324856,0.031,-0.012,0.044,295.7,22.13,22.26
"2020-09-19 19:32:23.2",324857,0.031,-0.012,0.044,295.7,22.13,22.26
"2020-09-19 19:32:23.3",324858,-0.009,-0.012,0.064,295.8,22.13,22.26
"2020-09-19 19:32:23.4",324859,-0.009,-0.012,0.063,295.8,22.13,22.26
"2020-09-19 19:32:23.5",324860,0.031,-0.012,0.044,295.8,22.13,22.26
"2020-09-19 19:32:23.6",324861,0.031,-0.012,0.044,295.8,22.13,22.26
"2020-09-19 19:32:23.7",324862,0.031,-0.012,0.044,295.8,22.13,22.26
"2020-09-19 19:32:23.8",324863,-0.009,-0.012,0.063,295.9,22.13,22.26
"2020-09-19 19:32:23.9",324864,-0.009,-0.012,0.063,295.9,22.13,22.26
"2020-09-19 19:32:24",324865,0.002,-0.002,0.015,295.8,22.13,22.26
"2020-09-19 19:32:24.1",324866,0.002,-0.002,0.015,295.8,22.19,22.28
"2020-09-19 19:32:24.2",324867,0.002,-0.003,0.015,295.8,22.13,22.26
"2020-09-19 19:32:24.3",324868,-0.018,-0.002,0.015,295.8,22.13,22.26
"2020-09-19 19:32:24.4",324869,-0.018,-0.003,0.015,295.8,22.13,22.26
"2020-09-19 19:32:24.5",324870,-0.018,-0.002,0.015,295.8,22.13,22.26
"2020-09-19 19:32:24.6",324871,-0.018,-0.002,0.015,295.8,22.13,22.26
"2020-09-19 19:32:24.7",324872,-0.019,-0.002,0.015,295.8,22.13,22.26
"2020-09-19 19:32:24.8",324873,-0.009,-0.003,-0.006,295.8,22.13,22.26
"2020-09-19 19:32:24.9",324874,-0.009,-0.003,-0.006,295.8,22.13,22.26
"2020-09-19 19:32:25",324875,-0.009,-0.002,-0.006,295.8,22.13,22.26
"2020-09-19 19:32:25.1",324876,-0.009,-0.002,-0.006,295.8,22.13,22.26
"2020-09-19 19:32:25.2",324877,-0.009,-0.002,-0.006,295.8,22.13,22.26
"2020-09-19 19:32:25.3",324878,0.002,-0.003,0.015,295.8,22.13,22.26
"2020-09-19 19:32:25.4",324879,0.002,-0.002,0.015,295.8,22.17,22.29
"2020-09-19 19:32:25.5",324880,-0.009,-0.002,0.034,295.8,22.13,22.26
"2020-09-19 19:32:25.6",324881,-0.009,-0.002,0.034,295.8,22.13,22.26
"2020-09-19 19:32:25.7",324882,-0.009,-0.003,0.034,295.8,22.13,22.26
"2020-09-19 19:32:25.8",324883,0.002,-0.002,0.015,295.8,22.13,22.26
"2020-09-19 19:32:25.9",324884,0.002,-0.002,0.015,295.8,22.13,22.26
"2020-09-19 19:32:26",324885,-0.009,-0.003,0.034,295.8,22.13,22.27
"2020-09-19 19:32:26.1",324886,-0.009,-0.003,0.034,295.8,22.14,22.26
"2020-09-19 19:32:26.2",324887,-0.009,-0.003,0.034,295.8,22.13,22.26
"2020-09-19 19:32:26.3",324888,0.002,-0.003,0.015,295.8,22.13,22.26
"2020-09-19 19:32:26.4",324889,0.002,-0.003,0.015,295.8,22.13,22.26
"2020-09-19 19:32:26.5",324890,-0.008,-0.002,0.044,295.8,22.13,22.26
"2020-09-19 19:32:26.6",324891,-0.009,-0.003,0.044,295.8,22.17,22.26
"2020-09-19 19:32:26.7",324892,-0.009,-0.002,0.044,295.8,22.13,22.26
"2020-09-19 19:32:26.8",324893,0.002,-0.002,0.015,295.9,22.13,22.26
"2020-09-19 19:32:26.9",324894,0.002,-0.002,0.015,295.9,22.13,22.26
"2020-09-19 19:32:27",324895,-0.009,-0.003,0.044,295.8,22.13,22.26
"2020-09-19 19:32:27.1",324896,-0.009,-0.003,0.044,295.8,22.13,22.26
"2020-09-19 19:32:27.2",324897,-0.009,-0.002,0.044,295.8,22.13,22.26
"2020-09-19 19:32:27.3",324898,0.002,-0.002,0.015,295.8,22.13,22.26
"2020-09-19 19:32:27.4",324899,0.002,-0.002,0.015,295.8,22.13,22.26
"2020-09-19 19:32:27.5",324900,-0.009,0.028,-0.006,295.8,22.13,22.26
"2020-09-19 19:32:27.6",324901,-0.009,0.028,-0.006,295.8,22.13,22.26
"2020-09-19 19:32:27.7",324902,-0.009,0.028,-0.006,295.8,22.13,22.26
"2020-09-19 19:32:27.8",324903,0.002,-0.002,0.015,295.9,22.13,22.26
"2020-09-19 19:32:27.9",324904,0.002,-0.002,0.015,295.9,22.17,22.32
"2020-09-19 19:32:28",324905,-0.028,-0.003,0.024,296,22.13,22.26
"2020-09-19 19:32:28.1",324906,-0.028,-0.002,0.024,296,22.13,22.26
"2020-09-19 19:32:28.2",324907,-0.028,-0.003,0.024,296,22.13,22.26
"2020-09-19 19:32:28.3",324908,-0.009,-0.003,-0.006,295.8,22.13,22.26
"2020-09-19 19:32:28.4",324909,-0.009,-0.002,-0.006,295.8,22.13,22.26
"2020-09-19 19:32:28.5",324910,-0.009,0.008,-0.016,295.8,22.13,22.26
"2020-09-19 19:32:28.6",324911,-0.009,0.008,-0.016,295.8,22.13,22.26
"2020-09-19 19:32:28.7",324912,-0.009,0.008,-0.016,295.8,22.13,22.26
"2020-09-19 19:32:28.8",324913,-0.009,-0.002,-0.006,295.8,22.13,22.26
"2020-09-19 19:32:28.9",324914,-0.009,-0.002,-0.006,295.8,22.13,22.26
"2020-09-19 19:32:29",324915,-0.009,-0.032,-0.016,295.7,22.13,22.26
"2020-09-19 19:32:29.1",324916,-0.009,-0.032,-0.016,295.7,22.13,22.26
"2020-09-19 19:32:29.2",324917,-0.009,-0.032,-0.016,295.7,22.13,22.26
"2020-09-19 19:32:29.3",324918,-0.009,-0.032,-0.016,295.7,22.13,22.26
"2020-09-19 19:32:29.4",324919,-0.009,-0.032,-0.016,295.7,22.13,22.27
"2020-09-19 19:32:29.5",324920,-0.009,-0.032,-0.016,295.7,22.13,22.26
"2020-09-19 19:32:29.6",324921,-0.009,-0.032,-0.016,295.7,22.13,22.26
"2020-09-19 19:32:29.7",324922,-0.008,-0.032,-0.016,295.7,22.13,22.26
"2020-09-19 19:32:29.8",324923,0.021,-0.002,-0.016,295.6,22.13,22.26
"2020-09-19 19:32:29.9",324924,0.021,-0.003,-0.016,295.6,22.13,22.26
"2020-09-19 19:32:30",324925,0.021,-0.003,-0.016,295.6,22.13,22.26
"2020-09-19 19:32:30.1",324926,0.021,-0.002,-0.016,295.6,22.13,22.27
"2020-09-19 19:32:30.2",324927,0.021,-0.002,-0.016,295.6,22.13,22.26
"2020-09-19 19:32:30.3",324928,0.021,-0.002,-0.016,295.6,22.13,22.26
"2020-09-19 19:32:30.4",324929,0.021,-0.003,-0.016,295.6,22.17,22.32
"2020-09-19 19:32:30.5",324930,0.011,-0.042,-0.036,295.6,22.13,22.26
"2020-09-19 19:32:30.6",324931,0.011,-0.041,-0.036,295.6,22.13,22.26
"2020-09-19 19:32:30.7",324932,0.011,-0.042,-0.036,295.6,22.13,22.26
"2020-09-19 19:32:30.8",324933,0.012,-0.041,-0.036,295.6,22.13,22.26
"2020-09-19 19:32:30.9",324934,0.012,-0.041,-0.036,295.6,22.13,22.26
"2020-09-19 19:32:31",324935,0.021,-0.003,-0.016,295.7,22.13,22.27
"2020-09-19 19:32:31.1",324936,0.021,-0.002,-0.016,295.7,22.13,22.27
"2020-09-19 19:32:31.2",324937,0.021,-0.002,-0.016,295.7,22.13,22.26
"2020-09-19 19:32:31.3",324938,0.05,0.018,-0.006,295.6,22.13,22.26
"2020-09-19 19:32:31.4",324939,0.051,0.018,-0.006,295.6,22.14,22.26
"2020-09-19 19:32:31.5",324940,0.011,0.008,0.024,295.6,22.13,22.26
"2020-09-19 19:32:31.6",324941,0.012,0.008,0.024,295.6,22.14,22.26
"2020-09-19 19:32:31.7",324942,0.011,0.008,0.024,295.6,22.13,22.27
"2020-09-19 19:32:31.8",324943,0.011,0.008,0.024,295.6,22.13,22.26
"2020-09-19 19:32:31.9",324944,0.012,0.008,0.024,295.6,22.14,22.25
"2020-09-19 19:32:32",324945,0.012,0.008,0.024,295.6,22.13,22.25
"2020-09-19 19:32:32.1",324946,0.012,0.008,0.024,295.6,22.13,22.25
"2020-09-19 19:32:32.2",324947,0.011,0.008,0.024,295.6,22.13,22.25
"2020-09-19 19:32:32.3",324948,0.05,0.018,-0.006,295.6,22.13,22.25
"2020-09-19 19:32:32.4",324949,0.05,0.018,-0.006,295.6,22.13,22.25
"2020-09-19 19:32:32.5",324950,0.021,-0.003,-0.016,295.6,22.13,22.24
"2020-09-19 19:32:32.6",324951,0.021,-0.003,-0.016,295.6,22.13,22.24
"2020-09-19 19:32:32.7",324952,0.021,-0.003,-0.016,295.6,22.13,22.24
"2020-09-19 19:32:32.8",324953,0.05,0.018,-0.006,295.6,22.13,22.24
"2020-09-19 19:32:32.9",324954,0.051,0.018,-0.006,295.6,22.19,22.3
"2020-09-19 19:32:33",324955,0.021,-0.002,-0.016,295.7,22.13,22.25
"2020-09-19 19:32:33.1",324956,0.021,-0.002,-0.016,295.7,22.13,22.24
"2020-09-19 19:32:33.2",324957,0.021,-0.002,-0.016,295.7,22.13,22.25
"2020-09-19 19:32:33.3",324958,0.021,-0.002,-0.016,295.7,22.13,22.25
"2020-09-19 19:32:33.4",324959,0.021,-0.002,-0.016,295.7,22.13,22.25
"2020-09-19 19:32:33.5",324960,0.021,-0.003,-0.016,295.7,22.13,22.24
"2020-09-19 19:32:33.6",324961,0.021,-0.003,-0.016,295.7,22.13,22.24
"2020-09-19 19:32:33.7",324962,0.021,-0.003,-0.016,295.7,22.13,22.24
"2020-09-19 19:32:33.8",324963,0.021,-0.003,-0.016,295.7,22.13,22.24
"2020-09-19 19:32:33.9",324964,0.021,-0.002,-0.016,295.7,22.13,22.24
"2020-09-19 19:32:34",324965,0.021,-0.002,-0.016,295.7,22.13,22.24
"2020-09-19 19:32:34.1",324966,0.021,-0.002,-0.016,295.7,22.13,22.25
"2020-09-19 19:32:34.2",324967,0.021,-0.002,-0.016,295.7,22.13,22.28
"2020-09-19 19:32:34.3",324968,0.011,0.008,0.024,295.6,22.13,22.24
"2020-09-19 19:32:34.4",324969,0.011,0.008,0.024,295.6,22.13,22.24
"2020-09-19 19:32:34.5",324970,0.011,0.008,0.024,295.6,22.13,22.24
"2020-09-19 19:32:34.6",324971,0.012,0.008,0.024,295.6,22.13,22.24
"2020-09-19 19:32:34.7",324972,0.011,0.008,0.024,295.6,22.13,22.24
"2020-09-19 19:32:34.8",324973,0.011,0.008,0.024,295.6,22.13,22.24
"2020-09-19 19:32:34.9",324974,0.011,0.008,0.024,295.6,22.13,22.24
"2020-09-19 19:32:35",324975,0.011,0.008,0.024,295.6,22.13,22.24
"2020-09-19 19:32:35.1",324976,0.012,0.008,0.024,295.6,22.13,22.24
"2020-09-19 19:32:35.2",324977,0.011,0.008,0.024,295.6,22.13,22.24
"2020-09-19 19:32:35.3",324978,0.011,0.008,0.024,295.6,22.13,22.25
"2020-09-19 19:32:35.4",324979,0.011,0.008,0.024,295.6,22.19,22.25
"2020-09-19 19:32:35.5",324980,0.05,0.018,-0.006,295.6,22.13,22.24
"2020-09-19 19:32:35.6",324981,0.051,0.018,-0.006,295.6,22.13,22.24
"2020-09-19 19:32:35.7",324982,0.051,0.018,-0.006,295.6,22.12,22.24
"2020-09-19 19:32:35.8",324983,0.05,0.018,-0.006,295.6,22.12,22.24
"2020-09-19 19:32:35.9",324984,0.05,0.018,-0.006,295.6,22.12,22.24
"2020-09-19 19:32:36",324985,0.051,0.018,-0.006,295.6,22.12,22.24
"2020-09-19 19:32:36.1",324986,0.05,0.018,-0.006,295.6,22.12,22.24
"2020-09-19 19:32:36.2",324987,0.05,0.018,-0.006,295.6,22.12,22.24
"2020-09-19 19:32:36.3",324988,0.021,-0.002,-0.016,295.7,22.12,22.24
"2020-09-19 19:32:36.4",324989,0.021,-0.002,-0.016,295.7,22.11,22.24
"2020-09-19 19:32:36.5",324990,0.021,-0.002,-0.016,295.7,22.11,22.24
"2020-09-19 19:32:36.6",324991,0.021,-0.002,-0.016,295.7,22.11,22.24
"2020-09-19 19:32:36.7",324992,0.021,-0.002,-0.016,295.7,22.14,22.27
"2020-09-19 19:32:36.8",324993,0.021,-0.002,-0.016,295.7,22.11,22.24
"2020-09-19 19:32:36.9",324994,0.021,-0.002,-0.016,295.7,22.12,22.24
"2020-09-19 19:32:37",324995,0.021,-0.002,-0.016,295.7,22.11,22.24
"2020-09-19 19:32:37.1",324996,0.021,-0.002,-0.016,295.7,22.11,22.24
"2020-09-19 19:32:37.2",324997,0.021,-0.002,-0.016,295.7,22.11,22.24
"2020-09-19 19:32:37.3",324998,0.021,-0.002,-0.016,295.7,22.12,22.24
"2020-09-19 19:32:37.4",324999,0.021,-0.002,-0.016,295.7,22.11,22.24
"2020-09-19 19:32:37.5",325000,0.021,-0.002,-0.016,295.7,22.11,22.24
"2020-09-19 19:32:37.6",325001,0.021,-0.003,-0.016,295.7,22.11,22.24
"2020-09-19 19:32:37.7",325002,0.021,-0.003,-0.016,295.7,22.11,22.24
"2020-09-19 19:32:37.8",325003,0.021,-0.002,-0.016,295.7,22.11,22.24
"2020-09-19 19:32:37.9",325004,0.021,-0.003,-0.016,295.7,22.15,22.24
"2020-09-19 19:32:38",325005,0.021,-0.002,-0.016,295.7,22.12,22.24
"2020-09-19 19:32:38.1",325006,0.021,-0.002,-0.016,295.7,22.12,22.24
"2020-09-19 19:32:38.2",325007,0.021,-0.003,-0.016,295.7,22.11,22.24
"2020-09-19 19:32:38.3",325008,0.021,-0.003,-0.016,295.7,22.11,22.24
"2020-09-19 19:32:38.4",325009,0.021,-0.003,-0.016,295.7,22.11,22.24
"2020-09-19 19:32:38.5",325010,0.021,-0.003,-0.016,295.7,22.11,22.24
"2020-09-19 19:32:38.6",325011,0.021,-0.002,-0.016,295.7,22.11,22.24
"2020-09-19 19:32:38.7",325012,0.021,-0.002,-0.016,295.7,22.11,22.24
"2020-09-19 19:32:38.8",325013,-0.009,-0.003,-0.006,295.6,22.11,22.24
"2020-09-19 19:32:38.9",325014,-0.009,-0.002,-0.006,295.6,22.11,22.24
"2020-09-19 19:32:39",325015,-0.009,-0.002,-0.006,295.6,22.11,22.24
"2020-09-19 19:32:39.1",325016,-0.009,-0.002,-0.006,295.6,22.11,22.24
"2020-09-19 19:32:39.2",325017,-0.009,-0.003,-0.006,295.6,22.15,22.3
"2020-09-19 19:32:39.3",325018,-0.009,-0.002,-0.006,295.6,22.11,22.24
"2020-09-19 19:32:39.4",325019,-0.009,-0.002,-0.006,295.6,22.11,22.24
"2020-09-19 19:32:39.5",325020,-0.009,-0.003,-0.006,295.6,22.11,22.24
"2020-09-19 19:32:39.6",325021,-0.009,-0.003,-0.006,295.6,22.11,22.24
"2020-09-19 19:32:39.7",325022,-0.009,-0.002,-0.006,295.6,22.11,22.24
"2020-09-19 19:32:39.8",325023,-0.028,-0.003,0.025,295.7,22.11,22.24
"2020-09-19 19:32:39.9",325024,-0.028,-0.002,0.024,295.7,22.11,22.24
"2020-09-19 19:32:40",325025,-0.028,-0.002,0.024,295.7,22.11,22.24
"2020-09-19 19:32:40.1",325026,-0.028,-0.002,0.024,295.7,22.11,22.24
"2020-09-19 19:32:40.2",325027,-0.028,-0.003,0.024,295.7,22.11,22.24
"2020-09-19 19:32:40.3",325028,-0.009,-0.002,-0.006,295.7,22.11,22.24
"2020-09-19 19:32:40.4",325029,-0.009,-0.003,-0.006,295.7,22.11,22.24
"2020-09-19 19:32:40.5",325030,-0.028,-0.002,0.024,295.7,22.11,22.24
"2020-09-19 19:32:40.6",325031,-0.028,-0.002,0.024,295.7,22.11,22.24
"2020-09-19 19:32:40.7",325032,-0.028,-0.003,0.024,295.7,22.11,22.24
"2020-09-19 19:32:40.8",325033,-0.028,-0.003,0.024,295.7,22.11,22.24
"2020-09-19 19:32:40.9",325034,-0.028,-0.002,0.024,295.7,22.11,22.24
"2020-09-19 19:32:41",325035,-0.048,0.008,-0.006,295.8,22.11,22.24
"2020-09-19 19:32:41.1",325036,-0.048,0.008,-0.006,295.8,22.11,22.24
"2020-09-19 19:32:41.2",325037,-0.048,0.008,-0.006,295.8,22.11,22.24
"2020-09-19 19:32:41.3",325038,-0.009,0.008,-0.016,295.7,22.11,22.24
"2020-09-19 19:32:41.4",325039,-0.009,0.008,-0.016,295.7,22.11,22.24
"2020-09-19 19:32:41.5",325040,-0.009,0.008,-0.016,295.7,22.11,22.24
"2020-09-19 19:32:41.6",325041,-0.009,0.008,-0.016,295.7,22.11,22.24
"2020-09-19 19:32:41.7",325042,-0.009,0.008,-0.016,295.7,22.15,22.3
"2020-09-19 19:32:41.8",325043,-0.028,-0.002,0.024,295.7,22.11,22.24
"2020-09-19 19:32:41.9",325044,-0.028,-0.002,0.024,295.7,22.11,22.24
"2020-09-19 19:32:42",325045,-0.009,-0.002,-0.006,295.8,22.11,22.24
"2020-09-19 19:32:42.1",325046,-0.009,-0.002,-0.006,295.8,22.11,22.24
"2020-09-19 19:32:42.2",325047,-0.009,-0.003,-0.006,295.8,22.11,22.24
"2020-09-19 19:32:42.3",325048,-0.028,-0.002,0.025,295.8,22.11,22.24
"2020-09-19 19:32:42.4",325049,-0.028,-0.003,0.024,295.8,22.11,22.24
"2020-09-19 19:32:42.5",325050,-0.009,-0.002,-0.006,295.8,22.11,22.24
"2020-09-19 19:32:42.6",325051,-0.009,-0.002,-0.006,295.8,22.11,22.24
"2020-09-19 19:32:42.7",325052,-0.009,-0.002,-0.006,295.8,22.11,22.24
"2020-09-19 19:32:42.8",325053,0.002,-0.002,0.015,295.8,22.11,22.24
"2020-09-19 19:32:42.9",325054,0.002,-0.003,0.015,295.8,22.11,22.24
"2020-09-19 19:32:43",325055,0.001,-0.002,0.015,295.8,22.11,22.25
"2020-09-19 19:32:43.1",325056,0.002,-0.003,0.014,295.8,22.11,22.24
"2020-09-19 19:32:43.2",325057,0.002,-0.003,0.014,295.8,22.11,22.24
"2020-09-19 19:32:43.3",325058,0.031,-0.012,0.044,295.8,22.11,22.24
"2020-09-19 19:32:43.4",325059,0.031,-0.013,0.044,295.8,22.11,22.24
"2020-09-19 19:32:43.5",325060,0.011,-0.041,0.024,295.8,22.11,22.24
"2020-09-19 19:32:43.6",325061,0.012,-0.041,0.024,295.8,22.11,22.24
"2020-09-19 19:32:43.7",325062,0.011,-0.041,0.025,295.8,22.11,22.24
"2020-09-19 19:32:43.8",325063,-0.019,-0.041,0.044,295.8,22.11,22.24
"2020-09-19 19:32:43.9",325064,-0.018,-0.042,0.044,295.8,22.11,22.24
"2020-09-19 19:32:44",325065,-0.009,-0.002,-0.006,295.8,22.11,22.25
"2020-09-19 19:32:44.1",325066,-0.009,-0.003,-0.006,295.8,22.11,22.24
"2020-09-19 19:32:44.2",325067,-0.009,-0.002,-0.006,295.8,22.17,22.29
"2020-09-19 19:32:44.3",325068,-0.008,-0.003,-0.006,295.8,22.11,22.24
"2020-09-19 19:32:44.4",325069,-0.009,-0.002,-0.006,295.8,22.12,22.24
"2020-09-19 19:32:44.5",325070,-0.009,0.008,-0.016,295.7,22.11,22.24
"2020-09-19 19:32:44.6",325071,-0.009,0.008,-0.016,295.7,22.11,22.24
"2020-09-19 19:32:44.7",325072,-0.009,0.008,-0.016,295.7,22.11,22.24
"2020-09-19 19:32:44.8",325073,-0.009,-0.002,-0.006,295.7,22.11,22.24
"2020-09-19 19:32:44.9",325074,-0.009,-0.002,-0.006,295.7,22.11,22.24
"2020-09-19 19:32:45",325075,-0.028,-0.002,0.024,295.7,22.11,22.24
"2020-09-19 19:32:45.1",325076,-0.028,-0.003,0.024,295.7,22.11,22.24
"2020-09-19 19:32:45.2",325077,-0.028,-0.002,0.024,295.7,22.11,22.24
"2020-09-19 19:32:45.3",325078,0.012,0.008,0.024,295.7,22.11,22.24
"2020-09-19 19:32:45.4",325079,0.011,0.008,0.024,295.7,22.11,22.24
"2020-09-19 19:32:45.5",325080,0.012,0.008,0.024,295.7,22.11,22.28
"2020-09-19 19:32:45.6",325081,0.012,0.008,0.024,295.7,22.11,22.24
"2020-09-19 19:32:45.7",325082,0.012,0.008,0.024,295.7,22.11,22.24
"2020-09-19 19:32:45.8",325083,-0.009,-0.002,-0.006,295.8,22.11,22.24
"2020-09-19 19:32:45.9",325084,-0.009,-0.003,-0.006,295.8,22.11,22.24
"2020-09-19 19:32:46",325085,-0.018,-0.003,0.015,295.8,22.11,22.24
"2020-09-19 19:32:46.1",325086,-0.019,-0.002,0.015,295.8,22.11,22.24
"2020-09-19 19:32:46.2",325087,-0.018,-0.002,0.015,295.8,22.11,22.25
"2020-09-19 19:32:46.3",325088,-0.009,-0.002,-0.006,295.8,22.11,22.24
"2020-09-19 19:32:46.4",325089,-0.009,-0.002,-0.006,295.8,22.11,22.24
"2020-09-19 19:32:46.5",325090,-0.019,-0.002,0.015,295.8,22.11,22.24
"2020-09-19 19:32:46.6",325091,-0.018,-0.002,0.015,295.8,22.11,22.24
"2020-09-19 19:32:46.7",325092,-0.019,-0.003,0.015,295.8,22.17,22.26
"2020-09-19 19:32:46.8",325093,-0.009,-0.002,-0.006,295.8,22.11,22.24
"2020-09-19 19:32:46.9",325094,-0.009,-0.003,-0.006,295.8,22.11,22.24
"2020-09-19 19:32:47",325095,-0.009,-0.003,-0.006,295.8,22.11,22.24
"2020-09-19 19:32:47.1",325096,-0.009,-0.002,-0.006,295.8,22.11,22.24
"2020-09-19 19:32:47.2",325097,-0.009,-0.002,-0.006,295.8,22.11,22.24
"2020-09-19 19:32:47.3",325098,-0.009,-0.003,-0.006,295.8,22.11,22.24
"2020-09-19 19:32:47.4",325099,-0.009,-0.002,-0.006,295.8,22.11,22.24
"2020-09-19 19:32:47.5",325100,-0.009,-0.002,-0.006,295.8,22.11,22.24
"2020-09-19 19:32:47.6",325101,-0.009,-0.002,-0.006,295.8,22.11,22.24
"2020-09-19 19:32:47.7",325102,-0.009,-0.002,-0.006,295.8,22.11,22.24
"2020-09-19 19:32:47.8",325103,-0.008,-0.002,-0.006,295.8,22.11,22.24
"2020-09-19 19:32:47.9",325104,-0.009,-0.002,-0.006,295.8,22.11,22.24
"2020-09-19 19:32:48",325105,-0.009,-0.002,-0.006,295.8,22.15,22.27
"2020-09-19 19:32:48.1",325106,-0.009,-0.002,-0.006,295.8,22.11,22.24
"2020-09-19 19:32:48.2",325107,-0.009,-0.002,-0.006,295.8,22.11,22.24
"2020-09-19 19:32:48.3",325108,-0.009,-0.002,-0.006,295.8,22.11,22.24
"2020-09-19 19:32:48.4",325109,-0.009,-0.003,-0.006,295.8,22.11,22.24
"2020-09-19 19:32:48.5",325110,-0.009,-0.002,-0.006,295.8,22.11,22.24
"2020-09-19 19:32:48.6",325111,-0.009,-0.002,-0.006,295.8,22.11,22.24
"2020-09-19 19:32:48.7",325112,-0.009,-0.002,-0.006,295.8,22.11,22.24
"2020-09-19 19:32:48.8",325113,-0.009,-0.003,-0.006,295.8,22.11,22.24
"2020-09-19 19:32:48.9",325114,-0.008,-0.002,-0.006,295.8,22.11,22.24
"2020-09-19 19:32:49",325115,-0.009,-0.002,-0.006,295.8,22.11,22.24
"2020-09-19 19:32:49.1",325116,-0.009,-0.002,-0.006,295.8,22.11,22.24
"2020-09-19 19:32:49.2",325117,-0.009,-0.003,-0.006,295.8,22.14,22.24
"2020-09-19 19:32:49.3",325118,-0.009,0.008,-0.016,295.7,22.11,22.24
"2020-09-19 19:32:49.4",325119,-0.009,0.008,-0.016,295.7,22.11,22.24
"2020-09-19 19:32:49.5",325120,-0.009,0.008,-0.016,295.7,22.1,22.24
"2020-09-19 19:32:49.6",325121,-0.009,0.008,-0.016,295.7,22.1,22.24
"2020-09-19 19:32:49.7",325122,-0.009,0.008,-0.016,295.7,22.1,22.24
"2020-09-19 19:32:49.8",325123,-0.028,-0.002,0.024,295.8,22.1,22.24
"2020-09-19 19:32:49.9",325124,-0.028,-0.002,0.024,295.8,22.1,22.24
"2020-09-19 19:32:50",325125,-0.028,-0.002,0.025,295.8,22.1,22.24
"2020-09-19 19:32:50.1",325126,-0.028,-0.002,0.024,295.8,22.1,22.24
"2020-09-19 19:32:50.2",325127,-0.028,-0.002,0.024,295.8,22.09,22.24
"2020-09-19 19:32:50.3",325128,-0.028,-0.003,0.024,295.8,22.09,22.24
"2020-09-19 19:32:50.4",325129,-0.028,-0.002,0.024,295.8,22.09,22.24
"2020-09-19 19:32:50.5",325130,-0.028,-0.002,0.024,295.8,22.13,22.3
"2020-09-19 19:32:50.6",325131,-0.028,-0.003,0.024,295.8,22.09,22.24
"2020-09-19 19:32:50.7",325132,-0.028,-0.002,0.024,295.8,22.09,22.24
"2020-09-19 19:32:50.8",325133,-0.048,-0.051,0.073,295.9,22.09,22.24
"2020-09-19 19:32:50.9",325134,-0.048,-0.051,0.073,295.9,22.09,22.24
"2020-09-19 19:32:51",325135,-0.019,-0.041,0.044,295.9,22.09,22.24
"2020-09-19 19:32:51.1",325136,-0.018,-0.042,0.044,295.9,22.09,22.24
"2020-09-19 19:32:51.2",325137,-0.018,-0.042,0.044,295.9,22.09,22.24
"2020-09-19 19:32:51.3",325138,-0.009,-0.012,0.063,295.8,22.09,22.24
"2020-09-19 19:32:51.4",325139,-0.009,-0.012,0.063,295.8,22.09,22.24
"2020-09-19 19:32:51.5",325140,-0.009,-0.002,0.034,295.8,22.09,22.24
"2020-09-19 19:32:51.6",325141,-0.009,-0.003,0.034,295.8,22.09,22.24
"2020-09-19 19:32:51.7",325142,-0.009,-0.003,0.034,295.8,22.09,22.24
"2020-09-19 19:32:51.8",325143,-0.019,-0.002,0.015,295.8,22.09,22.24
"2020-09-19 19:32:51.9",325144,-0.019,-0.003,0.015,295.8,22.09,22.24
"2020-09-19 19:32:52",325145,-0.008,0.008,0.044,296,22.09,22.24
"2020-09-19 19:32:52.1",325146,-0.009,0.008,0.044,296,22.09,22.24
"2020-09-19 19:32:52.2",325147,-0.009,0.008,0.044,296,22.09,22.24
"2020-09-19 19:32:52.3",325148,-0.009,0.008,0.044,296,22.09,22.24
"2020-09-19 19:32:52.4",325149,-0.009,0.008,0.044,296,22.09,22.24
"2020-09-19 19:32:52.5",325150,-0.009,-0.002,0.073,296,22.09,22.24
"2020-09-19 19:32:52.6",325151,-0.009,-0.002,0.073,296,22.09,22.24
"2020-09-19 19:32:52.7",325152,-0.009,-0.002,0.073,296,22.09,22.24
"2020-09-19 19:32:52.8",325153,-0.009,-0.012,0.063,295.9,22.09,22.24
"2020-09-19 19:32:52.9",325154,-0.009,-0.012,0.063,295.9,22.09,22.24
"2020-09-19 19:32:53",325155,-0.009,-0.012,0.063,295.9,22.15,22.3
"2020-09-19 19:32:53.1",325156,-0.009,-0.012,0.063,295.9,22.09,22.24
"2020-09-19 19:32:53.2",325157,-0.009,-0.012,0.063,295.9,22.09,22.24
"2020-09-19 19:32:53.3",325158,0.002,-0.002,0.015,295.9,22.09,22.24
"2020-09-19 19:32:53.4",325159,0.002,-0.002,0.015,295.9,22.09,22.24
"2020-09-19 19:32:53.5",325160,-0.009,-0.041,0.044,295.8,22.09,22.24
"2020-09-19 19:32:53.6",325161,-0.009,-0.042,0.044,295.8,22.09,22.24
"2020-09-19 19:32:53.7",325162,-0.009,-0.042,0.044,295.8,22.09,22.24
"2020-09-19 19:32:53.8",325163,-0.009,-0.042,0.044,295.8,22.09,22.24
"2020-09-19 19:32:53.9",325164,-0.009,-0.041,0.044,295.8,22.09,22.24
"2020-09-19 19:32:54",325165,0.031,-0.002,0.044,295.8,22.09,22.24
"2020-09-19 19:32:54.1",325166,0.031,-0.002,0.044,295.8,22.09,22.24
"2020-09-19 19:32:54.2",325167,0.031,-0.003,0.044,295.8,22.09,22.24
"2020-09-19 19:32:54.3",325168,0.011,0.008,0.024,295.7,22.09,22.28
"2020-09-19 19:32:54.4",325169,0.011,0.008,0.024,295.7,22.09,22.24
"2020-09-19 19:32:54.5",325170,0.012,0.008,0.024,295.7,22.09,22.24
"2020-09-19 19:32:54.6",325171,0.012,0.008,0.025,295.7,22.09,22.24
"2020-09-19 19:32:54.7",325172,0.012,0.008,0.024,295.7,22.09,22.24
"2020-09-19 19:32:54.8",325173,-0.028,-0.002,0.024,295.7,22.09,22.24
"2020-09-19 19:32:54.9",325174,-0.028,-0.003,0.024,295.7,22.09,22.24
"2020-09-19 19:32:55",325175,0.002,-0.003,0.015,295.7,22.09,22.24
"2020-09-19 19:32:55.1",325176,0.002,-0.002,0.014,295.7,22.09,22.24
"2020-09-19 19:32:55.2",325177,0.002,-0.002,0.015,295.7,22.09,22.24
"2020-09-19 19:32:55.3",325178,0.011,-0.042,0.025,295.8,22.09,22.24
"2020-09-19 19:32:55.4",325179,0.012,-0.042,0.024,295.8,22.09,22.24
"2020-09-19 19:32:55.5",325180,-0.009,-0.042,0.044,295.9,22.15,22.27
"2020-09-19 19:32:55.6",325181,-0.009,-0.042,0.044,295.9,22.1,22.24
"2020-09-19 19:32:55.7",325182,-0.009,-0.042,0.044,295.9,22.09,22.24
"2020-09-19 19:32:55.8",325183,-0.009,-0.012,0.063,295.9,22.09,22.24
"2020-09-19 19:32:55.9",325184,-0.009,-0.012,0.063,295.9,22.09,22.24
"2020-09-19 19:32:56",325185,0.012,-0.042,0.024,295.9,22.09,22.24
"2020-09-19 19:32:56.1",325186,0.011,-0.041,0.024,295.9,22.09,22.24
"2020-09-19 19:32:56.2",325187,0.012,-0.042,0.024,295.9,22.09,22.24
"2020-09-19 19:32:56.3",325188,-0.009,-0.042,0.044,295.9,22.09,22.24
"2020-09-19 19:32:56.4",325189,-0.009,-0.042,0.044,295.9,22.09,22.24
"2020-09-19 19:32:56.5",325190,0.031,-0.003,0.044,295.8,22.09,22.24
"2020-09-19 19:32:56.6",325191,0.031,-0.003,0.044,295.8,22.09,22.24
"2020-09-19 19:32:56.7",325192,0.031,-0.003,0.044,295.8,22.09,22.24
"2020-09-19 19:32:56.8",325193,-0.018,-0.042,0.044,295.8,22.09,22.28
"2020-09-19 19:32:56.9",325194,-0.018,-0.042,0.044,295.8,22.09,22.24
"2020-09-19 19:32:57",325195,0.031,-0.012,0.044,295.8,22.09,22.24
"2020-09-19 19:32:57.1",325196,0.031,-0.012,0.044,295.8,22.09,22.24
"2020-09-19 19:32:57.2",325197,0.031,-0.012,0.044,295.8,22.1,22.24
"2020-09-19 19:32:57.3",325198,-0.009,-0.012,0.063,295.8,22.09,22.24
"2020-09-19 19:32:57.4",325199,-0.009,-0.012,0.064,295.8,22.09,22.24
