"TOA5","10329","CR6","10329","CR6.Std.09.01 CR6-WIFI.04.00.01","CPU:YOUNG81000_HMP60_10Hz.CR6","51185","Young10Hz_hmp"
"TIMESTAMP","RECORD","U","V","W","TSonic","RH","T_HMP60"
"TS","RN","mV","mV","mV","mV","%","Deg C"
"","","Smp","Smp","Smp","Smp","Smp","Smp"
"2020-10-03 06:14:44.2",3832548,-0.076,-0.002,0.044,293.1,31.71,19.2
"2020-10-03 06:14:44.3",3832549,-0.077,-0.002,0.044,293.1,31.71,19.2
"2020-10-03 06:14:44.4",3832550,-0.047,-0.041,-0.006,293.1,31.71,19.2
"2020-10-03 06:14:44.5",3832551,-0.047,-0.041,-0.006,293.1,31.71,19.2
"2020-10-03 06:14:44.6",3832552,-0.047,-0.041,-0.006,293.2,31.71,19.2
"2020-10-03 06:14:44.7",3832553,-0.047,-0.041,-0.006,293.2,31.71,19.2
"2020-10-03 06:14:44.8",3832554,-0.047,-0.041,-0.006,293.2,31.71,19.23
"2020-10-03 06:14:44.9",3832555,-0.028,-0.002,0.025,293.2,31.71,19.2
"2020-10-03 06:14:45",3832556,-0.028,-0.002,0.025,293.2,31.71,19.2
"2020-10-03 06:14:45.1",3832557,-0.076,-0.002,0.044,293.2,31.71,19.2
"2020-10-03 06:14:45.2",3832558,-0.076,-0.002,0.044,293.2,31.71,19.2
"2020-10-03 06:14:45.3",3832559,-0.076,-0.002,0.044,293.2,31.71,19.2
"2020-10-03 06:14:45.4",3832560,-0.077,-0.002,0.044,293.2,31.71,19.2
"2020-10-03 06:14:45.5",3832561,-0.076,-0.002,0.044,293.2,31.71,19.2
"2020-10-03 06:14:45.6",3832562,-0.077,-0.002,0.044,293.2,31.71,19.2
"2020-10-03 06:14:45.7",3832563,-0.076,-0.002,0.044,293.2,31.71,19.2
"2020-10-03 06:14:45.8",3832564,-0.077,-0.002,0.044,293.2,31.71,19.2
"2020-10-03 06:14:45.9",3832565,-0.028,-0.002,0.025,293.2,31.71,19.2
"2020-10-03 06:14:46",3832566,-0.028,-0.002,0.025,293.2,31.76,19.22
"2020-10-03 06:14:46.1",3832567,-0.038,-0.002,-0.006,293.2,31.71,19.2
"2020-10-03 06:14:46.2",3832568,-0.037,-0.002,-0.006,293.2,31.71,19.2
"2020-10-03 06:14:46.3",3832569,-0.037,-0.002,-0.006,293.2,31.71,19.2
"2020-10-03 06:14:46.4",3832570,-0.028,-0.002,0.025,293.2,31.71,19.2
"2020-10-03 06:14:46.5",3832571,-0.028,-0.002,0.025,293.2,31.71,19.2
"2020-10-03 06:14:46.6",3832572,-0.028,-0.002,0.025,293.2,31.71,19.2
"2020-10-03 06:14:46.7",3832573,-0.028,-0.002,0.025,293.2,31.71,19.2
"2020-10-03 06:14:46.8",3832574,-0.028,-0.002,0.025,293.2,31.71,19.2
"2020-10-03 06:14:46.9",3832575,-0.028,-0.002,0.025,293.2,31.71,19.2
"2020-10-03 06:14:47",3832576,-0.028,-0.002,0.025,293.2,31.71,19.2
"2020-10-03 06:14:47.1",3832577,-0.028,-0.002,0.025,293.2,31.71,19.2
"2020-10-03 06:14:47.2",3832578,-0.028,-0.002,0.025,293.2,31.71,19.2
"2020-10-03 06:14:47.3",3832579,-0.028,-0.002,0.025,293.2,31.71,19.24
"2020-10-03 06:14:47.4",3832580,-0.028,-0.002,0.025,293.2,31.71,19.2
"2020-10-03 06:14:47.5",3832581,-0.028,-0.002,0.025,293.2,31.71,19.2
"2020-10-03 06:14:47.6",3832582,-0.028,-0.002,0.025,293.2,31.71,19.2
"2020-10-03 06:14:47.7",3832583,-0.028,-0.002,0.025,293.2,31.71,19.2
"2020-10-03 06:14:47.8",3832584,-0.028,-0.002,0.025,293.2,31.71,19.2
"2020-10-03 06:14:47.9",3832585,-0.028,-0.002,0.025,293.2,31.71,19.2
"2020-10-03 06:14:48",3832586,-0.028,-0.002,0.025,293.2,31.71,19.2
"2020-10-03 06:14:48.1",3832587,-0.028,-0.002,0.025,293.2,31.71,19.2
"2020-10-03 06:14:48.2",3832588,-0.028,-0.002,0.025,293.2,31.71,19.2
"2020-10-03 06:14:48.3",3832589,-0.028,-0.002,0.025,293.2,31.71,19.2
"2020-10-03 06:14:48.4",3832590,-0.028,-0.002,0.025,293.2,31.71,19.2
"2020-10-03 06:14:48.5",3832591,-0.028,-0.002,0.025,293.2,31.76,19.2
"2020-10-03 06:14:48.6",3832592,-0.047,-0.041,-0.006,293.2,31.71,19.2
"2020-10-03 06:14:48.7",3832593,-0.047,-0.041,-0.006,293.2,31.71,19.2
"2020-10-03 06:14:48.8",3832594,-0.047,-0.041,-0.006,293.2,31.71,19.2
"2020-10-03 06:14:48.9",3832595,-0.047,-0.041,-0.006,293.2,31.71,19.2
"2020-10-03 06:14:49",3832596,-0.047,-0.041,-0.006,293.2,31.71,19.2
"2020-10-03 06:14:49.1",3832597,-0.048,-0.041,-0.006,293.2,31.71,19.2
"2020-10-03 06:14:49.2",3832598,-0.047,-0.041,-0.006,293.2,31.71,19.2
"2020-10-03 06:14:49.3",3832599,-0.047,-0.041,-0.006,293.2,31.71,19.2
"2020-10-03 06:14:49.4",3832600,-0.047,-0.041,-0.006,293.2,31.71,19.2
"2020-10-03 06:14:49.5",3832601,-0.047,-0.041,-0.006,293.2,31.71,19.2
"2020-10-03 06:14:49.6",3832602,-0.047,-0.041,-0.006,293.2,31.71,19.2
"2020-10-03 06:14:49.7",3832603,-0.047,-0.041,-0.006,293.2,31.71,19.2
"2020-10-03 06:14:49.8",3832604,-0.047,-0.041,-0.006,293.2,31.73,19.23
"2020-10-03 06:14:49.9",3832605,-0.047,-0.041,-0.006,293.2,31.71,19.2
"2020-10-03 06:14:50",3832606,-0.047,-0.041,-0.006,293.2,31.71,19.2
"2020-10-03 06:14:50.1",3832607,-0.047,-0.041,-0.006,293.2,31.71,19.2
"2020-10-03 06:14:50.2",3832608,-0.047,-0.041,-0.006,293.2,31.71,19.2
"2020-10-03 06:14:50.3",3832609,-0.047,-0.041,-0.006,293.2,31.71,19.2
"2020-10-03 06:14:50.4",3832610,-0.047,-0.041,-0.006,293.2,31.71,19.2
"2020-10-03 06:14:50.5",3832611,-0.047,-0.041,-0.006,293.2,31.71,19.2
"2020-10-03 06:14:50.6",3832612,-0.067,-0.021,-0.006,293.2,31.71,19.2
"2020-10-03 06:14:50.7",3832613,-0.067,-0.022,-0.006,293.2,31.71,19.2
"2020-10-03 06:14:50.8",3832614,-0.067,-0.022,-0.006,293.2,31.71,19.2
"2020-10-03 06:14:50.9",3832615,-0.067,-0.021,-0.006,293.2,31.71,19.2
"2020-10-03 06:14:51",3832616,-0.067,-0.022,-0.006,293.2,31.74,19.2
"2020-10-03 06:14:51.1",3832617,-0.028,-0.002,-0.006,293.3,31.71,19.2
"2020-10-03 06:14:51.2",3832618,-0.028,-0.002,-0.006,293.3,31.71,19.2
"2020-10-03 06:14:51.3",3832619,-0.028,-0.002,-0.006,293.3,31.71,19.2
"2020-10-03 06:14:51.4",3832620,-0.028,-0.002,-0.006,293.3,31.71,19.2
"2020-10-03 06:14:51.5",3832621,-0.028,-0.002,-0.006,293.3,31.71,19.2
"2020-10-03 06:14:51.6",3832622,-0.018,-0.002,0.015,293.3,31.71,19.2
"2020-10-03 06:14:51.7",3832623,-0.018,-0.002,0.015,293.3,31.71,19.2
"2020-10-03 06:14:51.8",3832624,-0.018,-0.002,0.015,293.3,31.71,19.2
"2020-10-03 06:14:51.9",3832625,-0.008,-0.002,-0.006,293.4,31.71,19.2
"2020-10-03 06:14:52",3832626,-0.008,-0.002,-0.006,293.4,31.71,19.2
"2020-10-03 06:14:52.1",3832627,-0.008,0.009,-0.016,293.4,31.71,19.2
"2020-10-03 06:14:52.2",3832628,-0.008,0.009,-0.015,293.4,31.71,19.2
"2020-10-03 06:14:52.3",3832629,-0.008,0.009,-0.015,293.4,31.74,19.26
"2020-10-03 06:14:52.4",3832630,-0.027,-0.002,-0.035,293.4,31.7,19.2
"2020-10-03 06:14:52.5",3832631,-0.028,-0.002,-0.035,293.4,31.7,19.2
"2020-10-03 06:14:52.6",3832632,-0.008,-0.031,-0.016,293.4,31.7,19.2
"2020-10-03 06:14:52.7",3832633,-0.008,-0.031,-0.016,293.4,31.69,19.2
"2020-10-03 06:14:52.8",3832634,-0.008,-0.031,-0.016,293.4,31.69,19.2
"2020-10-03 06:14:52.9",3832635,-0.008,-0.031,-0.016,293.3,31.69,19.2
"2020-10-03 06:14:53",3832636,-0.008,-0.031,-0.016,293.3,31.69,19.2
"2020-10-03 06:14:53.1",3832637,-0.008,-0.031,-0.016,293.3,31.69,19.2
"2020-10-03 06:14:53.2",3832638,-0.008,-0.031,-0.015,293.3,31.69,19.2
"2020-10-03 06:14:53.3",3832639,-0.008,-0.031,-0.016,293.3,31.69,19.2
"2020-10-03 06:14:53.4",3832640,-0.008,-0.031,-0.016,293.3,31.69,19.2
"2020-10-03 06:14:53.5",3832641,-0.008,-0.031,-0.016,293.3,31.7,19.2
"2020-10-03 06:14:53.6",3832642,-0.008,-0.002,-0.006,293.3,31.69,19.2
"2020-10-03 06:14:53.7",3832643,-0.008,-0.002,-0.006,293.3,31.69,19.2
"2020-10-03 06:14:53.8",3832644,-0.008,-0.002,-0.006,293.3,31.69,19.2
"2020-10-03 06:14:53.9",3832645,-0.008,-0.002,-0.006,293.3,31.69,19.2
"2020-10-03 06:14:54",3832646,-0.008,-0.002,-0.006,293.3,31.69,19.2
"2020-10-03 06:14:54.1",3832647,-0.008,-0.032,-0.016,293.3,31.69,19.2
"2020-10-03 06:14:54.2",3832648,-0.008,-0.031,-0.016,293.3,31.69,19.2
"2020-10-03 06:14:54.3",3832649,-0.008,-0.031,-0.016,293.3,31.69,19.2
"2020-10-03 06:14:54.4",3832650,-0.008,-0.002,-0.006,293.4,31.69,19.2
"2020-10-03 06:14:54.5",3832651,-0.008,-0.002,-0.006,293.4,31.69,19.2
"2020-10-03 06:14:54.6",3832652,-0.008,-0.002,-0.006,293.4,31.69,19.2
"2020-10-03 06:14:54.7",3832653,-0.008,-0.002,-0.006,293.4,31.69,19.2
"2020-10-03 06:14:54.8",3832654,-0.008,-0.002,-0.006,293.4,31.72,19.26
"2020-10-03 06:14:54.9",3832655,-0.008,-0.002,-0.006,293.4,31.69,19.2
"2020-10-03 06:14:55",3832656,-0.008,-0.002,-0.006,293.4,31.69,19.2
"2020-10-03 06:14:55.1",3832657,-0.008,-0.002,-0.006,293.4,31.69,19.2
"2020-10-03 06:14:55.2",3832658,-0.008,-0.002,-0.006,293.4,31.69,19.2
"2020-10-03 06:14:55.3",3832659,-0.008,-0.002,-0.006,293.4,31.69,19.2
"2020-10-03 06:14:55.4",3832660,-0.008,-0.002,-0.006,293.4,31.69,19.2
"2020-10-03 06:14:55.5",3832661,-0.008,-0.002,-0.006,293.4,31.69,19.2
"2020-10-03 06:14:55.6",3832662,-0.008,-0.032,-0.016,293.3,31.69,19.2
"2020-10-03 06:14:55.7",3832663,-0.008,-0.031,-0.016,293.3,31.69,19.2
"2020-10-03 06:14:55.8",3832664,-0.008,-0.031,-0.016,293.3,31.69,19.2
"2020-10-03 06:14:55.9",3832665,-0.008,-0.031,-0.016,293.3,31.69,19.2
"2020-10-03 06:14:56",3832666,-0.008,-0.031,-0.016,293.3,31.69,19.2
"2020-10-03 06:14:56.1",3832667,-0.047,-0.041,-0.006,293.3,31.69,19.2
"2020-10-03 06:14:56.2",3832668,-0.047,-0.041,-0.006,293.3,31.69,19.2
"2020-10-03 06:14:56.3",3832669,-0.047,-0.041,-0.006,293.3,31.69,19.2
"2020-10-03 06:14:56.4",3832670,-0.018,-0.002,0.015,293.3,31.69,19.2
"2020-10-03 06:14:56.5",3832671,-0.018,-0.002,0.015,293.3,31.69,19.2
"2020-10-03 06:14:56.6",3832672,-0.018,-0.002,0.015,293.3,31.69,19.2
"2020-10-03 06:14:56.7",3832673,-0.018,-0.002,0.015,293.3,31.69,19.2
"2020-10-03 06:14:56.8",3832674,-0.018,-0.002,0.015,293.3,31.69,19.2
"2020-10-03 06:14:56.9",3832675,-0.018,-0.002,0.015,293.3,31.69,19.2
"2020-10-03 06:14:57",3832676,-0.018,-0.002,0.015,293.3,31.69,19.2
"2020-10-03 06:14:57.1",3832677,-0.018,-0.002,0.015,293.3,31.69,19.2
"2020-10-03 06:14:57.2",3832678,-0.018,-0.002,0.015,293.3,31.69,19.2
"2020-10-03 06:14:57.3",3832679,-0.018,-0.002,0.015,293.3,31.73,19.26
"2020-10-03 06:14:57.4",3832680,-0.018,-0.002,0.015,293.3,31.69,19.2
"2020-10-03 06:14:57.5",3832681,-0.018,-0.002,0.015,293.3,31.69,19.2
"2020-10-03 06:14:57.6",3832682,-0.018,-0.002,0.015,293.3,31.69,19.2
"2020-10-03 06:14:57.7",3832683,-0.018,-0.002,0.015,293.3,31.69,19.2
"2020-10-03 06:14:57.8",3832684,-0.018,-0.002,0.015,293.3,31.69,19.2
"2020-10-03 06:14:57.9",3832685,-0.018,-0.002,0.015,293.3,31.69,19.2
"2020-10-03 06:14:58",3832686,-0.018,-0.002,0.015,293.3,31.69,19.2
"2020-10-03 06:14:58.1",3832687,-0.018,-0.002,0.015,293.3,31.69,19.2
"2020-10-03 06:14:58.2",3832688,-0.018,-0.002,0.015,293.3,31.69,19.2
"2020-10-03 06:14:58.3",3832689,-0.018,-0.002,0.015,293.3,31.69,19.2
"2020-10-03 06:14:58.4",3832690,-0.018,-0.002,0.015,293.3,31.69,19.2
"2020-10-03 06:14:58.5",3832691,-0.018,-0.002,0.015,293.3,31.69,19.2
"2020-10-03 06:14:58.6",3832692,-0.018,-0.002,0.015,293.3,31.69,19.2
"2020-10-03 06:14:58.7",3832693,-0.018,-0.002,0.015,293.3,31.69,19.2
"2020-10-03 06:14:58.8",3832694,-0.018,-0.002,0.015,293.3,31.69,19.2
"2020-10-03 06:14:58.9",3832695,-0.018,-0.002,0.015,293.3,31.69,19.2
"2020-10-03 06:14:59",3832696,-0.018,-0.002,0.015,293.3,31.69,19.2
"2020-10-03 06:14:59.1",3832697,-0.008,-0.002,-0.006,293.3,31.69,19.2
"2020-10-03 06:14:59.2",3832698,-0.008,-0.002,-0.006,293.3,31.69,19.2
"2020-10-03 06:14:59.3",3832699,-0.008,-0.002,-0.006,293.3,31.69,19.2
"2020-10-03 06:14:59.4",3832700,-0.028,-0.002,0.025,293.4,31.69,19.2
"2020-10-03 06:14:59.5",3832701,-0.028,-0.002,0.025,293.4,31.69,19.2
"2020-10-03 06:14:59.6",3832702,-0.028,-0.002,0.025,293.4,31.69,19.2
"2020-10-03 06:14:59.7",3832703,-0.028,-0.002,0.025,293.4,31.69,19.2
"2020-10-03 06:14:59.8",3832704,-0.028,-0.002,0.025,293.4,31.74,19.26
"2020-10-03 06:14:59.9",3832705,-0.047,0.009,-0.006,293.4,31.69,19.2
"2020-10-03 06:15:00",3832706,-0.047,0.009,-0.006,293.4,31.69,19.2
"2020-10-03 06:15:00.1",3832707,-0.066,-0.002,-0.016,293.4,31.69,19.2
"2020-10-03 06:15:00.2",3832708,-0.067,-0.002,-0.016,293.4,31.69,19.2
"2020-10-03 06:15:00.3",3832709,-0.067,-0.002,-0.016,293.4,31.69,19.2
"2020-10-03 06:15:00.4",3832710,-0.047,-0.041,-0.006,293.4,31.69,19.2
"2020-10-03 06:15:00.5",3832711,-0.047,-0.041,-0.006,293.4,31.69,19.2
"2020-10-03 06:15:00.6",3832712,-0.047,-0.041,-0.006,293.5,31.69,19.2
"2020-10-03 06:15:00.7",3832713,-0.047,-0.041,-0.006,293.4,31.69,19.2
"2020-10-03 06:15:00.8",3832714,-0.047,-0.041,-0.006,293.5,31.69,19.2
"2020-10-03 06:15:00.9",3832715,-0.018,-0.041,0.044,293.5,31.69,19.2
"2020-10-03 06:15:01",3832716,-0.018,-0.041,0.044,293.5,31.69,19.2
"2020-10-03 06:15:01.1",3832717,-0.028,-0.002,0.025,293.5,31.69,19.23
"2020-10-03 06:15:01.2",3832718,-0.028,-0.002,0.025,293.5,31.69,19.2
"2020-10-03 06:15:01.3",3832719,-0.028,-0.002,0.025,293.5,31.69,19.2
"2020-10-03 06:15:01.4",3832720,-0.018,-0.041,0.044,293.5,31.69,19.2
"2020-10-03 06:15:01.5",3832721,-0.018,-0.041,0.044,293.5,31.69,19.2
"2020-10-03 06:15:01.6",3832722,-0.027,-0.002,0.025,293.6,31.69,19.2
"2020-10-03 06:15:01.7",3832723,-0.028,-0.002,0.025,293.6,31.69,19.2
"2020-10-03 06:15:01.8",3832724,-0.028,-0.002,0.025,293.6,31.69,19.2
"2020-10-03 06:15:01.9",3832725,-0.028,-0.002,0.025,293.6,31.69,19.2
"2020-10-03 06:15:02",3832726,-0.028,-0.002,0.025,293.6,31.69,19.2
"2020-10-03 06:15:02.1",3832727,-0.028,-0.002,0.025,293.6,31.69,19.2
"2020-10-03 06:15:02.2",3832728,-0.028,-0.002,0.025,293.6,31.69,19.2
"2020-10-03 06:15:02.3",3832729,-0.028,-0.002,0.025,293.6,31.74,19.23
"2020-10-03 06:15:02.4",3832730,-0.028,-0.061,0.015,293.6,31.69,19.2
"2020-10-03 06:15:02.5",3832731,-0.028,-0.061,0.015,293.6,31.69,19.2
"2020-10-03 06:15:02.6",3832732,-0.018,-0.041,0.044,293.6,31.69,19.2
"2020-10-03 06:15:02.7",3832733,-0.018,-0.041,0.045,293.6,31.69,19.2
"2020-10-03 06:15:02.8",3832734,-0.018,-0.041,0.045,293.6,31.69,19.2
"2020-10-03 06:15:02.9",3832735,-0.028,-0.002,0.025,293.6,31.69,19.2
"2020-10-03 06:15:03",3832736,-0.028,-0.002,0.025,293.6,31.69,19.2
"2020-10-03 06:15:03.1",3832737,-0.028,-0.002,0.025,293.6,31.69,19.2
"2020-10-03 06:15:03.2",3832738,-0.028,-0.002,0.025,293.6,31.69,19.2
"2020-10-03 06:15:03.3",3832739,-0.028,-0.002,0.025,293.6,31.69,19.2
"2020-10-03 06:15:03.4",3832740,-0.028,-0.002,0.025,293.6,31.69,19.2
"2020-10-03 06:15:03.5",3832741,-0.028,-0.002,0.025,293.6,31.69,19.2
"2020-10-03 06:15:03.6",3832742,-0.028,-0.002,0.025,293.6,31.69,19.23
"2020-10-03 06:15:03.7",3832743,-0.028,-0.002,0.025,293.6,31.69,19.2
"2020-10-03 06:15:03.8",3832744,-0.028,-0.002,0.025,293.6,31.69,19.2
"2020-10-03 06:15:03.9",3832745,-0.076,-0.002,0.044,293.6,31.69,19.2
"2020-10-03 06:15:04",3832746,-0.076,-0.002,0.044,293.6,31.69,19.2
"2020-10-03 06:15:04.1",3832747,-0.028,-0.002,0.025,293.6,31.69,19.2
"2020-10-03 06:15:04.2",3832748,-0.028,-0.002,0.025,293.6,31.69,19.2
"2020-10-03 06:15:04.3",3832749,-0.028,-0.002,0.025,293.6,31.69,19.2
"2020-10-03 06:15:04.4",3832750,-0.047,-0.051,0.074,293.5,31.69,19.2
"2020-10-03 06:15:04.5",3832751,-0.047,-0.051,0.074,293.5,31.69,19.2
"2020-10-03 06:15:04.6",3832752,-0.018,-0.041,0.044,293.5,31.69,19.2
"2020-10-03 06:15:04.7",3832753,-0.018,-0.041,0.044,293.5,31.69,19.2
"2020-10-03 06:15:04.8",3832754,-0.018,-0.041,0.044,293.5,31.74,19.22
"2020-10-03 06:15:04.9",3832755,-0.028,-0.002,0.025,293.5,31.69,19.2
"2020-10-03 06:15:05",3832756,-0.028,-0.002,0.025,293.5,31.69,19.2
"2020-10-03 06:15:05.1",3832757,-0.028,-0.002,0.025,293.5,31.69,19.2
"2020-10-03 06:15:05.2",3832758,-0.028,-0.002,0.025,293.5,31.69,19.2
"2020-10-03 06:15:05.3",3832759,-0.028,-0.002,0.025,293.5,31.69,19.2
"2020-10-03 06:15:05.4",3832760,-0.028,-0.002,0.025,293.5,31.69,19.2
"2020-10-03 06:15:05.5",3832761,-0.028,-0.002,0.025,293.5,31.69,19.2
"2020-10-03 06:15:05.6",3832762,-0.028,-0.002,0.025,293.5,31.69,19.2
"2020-10-03 06:15:05.7",3832763,-0.028,-0.002,0.025,293.5,31.69,19.2
"2020-10-03 06:15:05.8",3832764,-0.028,-0.002,0.025,293.5,31.69,19.2
"2020-10-03 06:15:05.9",3832765,-0.047,-0.051,0.074,293.5,31.69,19.2
"2020-10-03 06:15:06",3832766,-0.047,-0.051,0.074,293.5,31.69,19.2
"2020-10-03 06:15:06.1",3832767,-0.018,-0.041,0.044,293.6,31.69,19.23
"2020-10-03 06:15:06.2",3832768,-0.018,-0.041,0.044,293.6,31.69,19.2
"2020-10-03 06:15:06.3",3832769,-0.018,-0.041,0.044,293.6,31.69,19.2
"2020-10-03 06:15:06.4",3832770,-0.018,-0.041,0.044,293.6,31.69,19.2
"2020-10-03 06:15:06.5",3832771,-0.018,-0.041,0.044,293.6,31.69,19.2
"2020-10-03 06:15:06.6",3832772,-0.008,-0.012,0.064,293.6,31.69,19.2
"2020-10-03 06:15:06.7",3832773,-0.008,-0.012,0.064,293.6,31.69,19.2
"2020-10-03 06:15:06.8",3832774,-0.008,-0.012,0.064,293.6,31.69,19.2
"2020-10-03 06:15:06.9",3832775,-0.018,-0.041,0.044,293.6,31.69,19.2
"2020-10-03 06:15:07",3832776,-0.018,-0.041,0.045,293.6,31.69,19.2
"2020-10-03 06:15:07.1",3832777,-0.076,-0.002,0.044,293.7,31.69,19.2
"2020-10-03 06:15:07.2",3832778,-0.077,-0.002,0.044,293.7,31.69,19.2
"2020-10-03 06:15:07.3",3832779,-0.077,-0.002,0.044,293.7,31.73,19.2
"2020-10-03 06:15:07.4",3832780,-0.047,-0.051,0.074,293.7,31.69,19.2
"2020-10-03 06:15:07.5",3832781,-0.047,-0.051,0.074,293.7,31.69,19.2
"2020-10-03 06:15:07.6",3832782,-0.018,-0.041,0.044,293.7,31.69,19.2
"2020-10-03 06:15:07.7",3832783,-0.018,-0.041,0.044,293.7,31.69,19.2
"2020-10-03 06:15:07.8",3832784,-0.018,-0.041,0.044,293.7,31.69,19.2
"2020-10-03 06:15:07.9",3832785,-0.008,-0.012,0.064,293.7,31.69,19.2
"2020-10-03 06:15:08",3832786,-0.008,-0.012,0.064,293.7,31.69,19.2
"2020-10-03 06:15:08.1",3832787,-0.008,-0.012,0.064,293.6,31.69,19.2
"2020-10-03 06:15:08.2",3832788,-0.008,-0.012,0.064,293.6,31.69,19.2
"2020-10-03 06:15:08.3",3832789,-0.008,-0.012,0.064,293.6,31.69,19.2
"2020-10-03 06:15:08.4",3832790,-0.037,-0.021,0.083,293.6,31.69,19.2
"2020-10-03 06:15:08.5",3832791,-0.037,-0.021,0.083,293.6,31.69,19.2
"2020-10-03 06:15:08.6",3832792,-0.008,-0.012,0.064,293.6,31.72,19.25
"2020-10-03 06:15:08.7",3832793,-0.008,-0.012,0.064,293.6,31.69,19.2
"2020-10-03 06:15:08.8",3832794,-0.008,-0.012,0.064,293.6,31.69,19.2
"2020-10-03 06:15:08.9",3832795,-0.018,-0.041,0.044,293.6,31.69,19.2
"2020-10-03 06:15:09",3832796,-0.018,-0.041,0.044,293.6,31.69,19.2
"2020-10-03 06:15:09.1",3832797,-0.047,-0.051,0.074,293.6,31.69,19.2
"2020-10-03 06:15:09.2",3832798,-0.047,-0.051,0.074,293.6,31.69,19.2
"2020-10-03 06:15:09.3",3832799,-0.047,-0.051,0.074,293.6,31.69,19.2
"2020-10-03 06:15:09.4",3832800,-0.028,-0.002,0.025,293.7,31.69,19.2
"2020-10-03 06:15:09.5",3832801,-0.028,-0.002,0.025,293.7,31.69,19.2
"2020-10-03 06:15:09.6",3832802,-0.057,0.009,0.074,293.7,31.69,19.2
"2020-10-03 06:15:09.7",3832803,-0.057,0.009,0.074,293.7,31.69,19.2
"2020-10-03 06:15:09.8",3832804,-0.057,0.009,0.074,293.7,31.71,19.2
"2020-10-03 06:15:09.9",3832805,-0.008,-0.002,0.044,293.7,31.69,19.2
"2020-10-03 06:15:10",3832806,-0.008,-0.002,0.044,293.7,31.69,19.2
"2020-10-03 06:15:10.1",3832807,-0.008,-0.012,0.064,293.7,31.69,19.2
"2020-10-03 06:15:10.2",3832808,-0.008,-0.012,0.064,293.7,31.69,19.2
"2020-10-03 06:15:10.3",3832809,-0.008,-0.012,0.064,293.7,31.69,19.2
"2020-10-03 06:15:10.4",3832810,-0.037,-0.021,0.083,293.7,31.69,19.2
"2020-10-03 06:15:10.5",3832811,-0.037,-0.021,0.083,293.7,31.69,19.2
"2020-10-03 06:15:10.6",3832812,-0.018,-0.041,0.044,293.7,31.69,19.2
"2020-10-03 06:15:10.7",3832813,-0.018,-0.041,0.044,293.7,31.69,19.2
"2020-10-03 06:15:10.8",3832814,-0.018,-0.041,0.044,293.7,31.69,19.2
"2020-10-03 06:15:10.9",3832815,-0.047,-0.051,0.074,293.7,31.69,19.2
"2020-10-03 06:15:11",3832816,-0.047,-0.051,0.074,293.7,31.69,19.2
"2020-10-03 06:15:11.1",3832817,-0.008,-0.012,0.064,293.6,31.72,19.26
"2020-10-03 06:15:11.2",3832818,-0.008,-0.012,0.064,293.6,31.69,19.2
"2020-10-03 06:15:11.3",3832819,-0.008,-0.012,0.064,293.6,31.69,19.2
"2020-10-03 06:15:11.4",3832820,-0.028,-0.002,0.025,293.5,31.69,19.2
"2020-10-03 06:15:11.5",3832821,-0.028,-0.002,0.025,293.5,31.69,19.2
"2020-10-03 06:15:11.6",3832822,-0.077,-0.002,0.044,293.5,31.69,19.2
"2020-10-03 06:15:11.7",3832823,-0.077,-0.002,0.044,293.5,31.69,19.2
"2020-10-03 06:15:11.8",3832824,-0.076,-0.002,0.044,293.5,31.69,19.2
"2020-10-03 06:15:11.9",3832825,-0.018,-0.041,0.044,293.5,31.69,19.2
"2020-10-03 06:15:12",3832826,-0.018,-0.041,0.044,293.5,31.69,19.2
"2020-10-03 06:15:12.1",3832827,-0.008,-0.002,0.044,293.7,31.69,19.2
"2020-10-03 06:15:12.2",3832828,-0.008,-0.002,0.044,293.7,31.69,19.2
"2020-10-03 06:15:12.3",3832829,-0.008,-0.002,0.044,293.7,31.69,19.2
"2020-10-03 06:15:12.4",3832830,-0.028,-0.002,0.093,293.8,31.69,19.2
"2020-10-03 06:15:12.5",3832831,-0.028,-0.002,0.093,293.8,31.69,19.2
"2020-10-03 06:15:12.6",3832832,-0.008,-0.002,0.073,293.8,31.69,19.2
"2020-10-03 06:15:12.7",3832833,-0.008,-0.002,0.074,293.8,31.69,19.2
"2020-10-03 06:15:12.8",3832834,-0.008,-0.002,0.074,293.8,31.69,19.2
"2020-10-03 06:15:12.9",3832835,-0.008,-0.002,0.074,293.8,31.69,19.2
"2020-10-03 06:15:13",3832836,-0.008,-0.002,0.074,293.8,31.69,19.2
"2020-10-03 06:15:13.1",3832837,-0.028,-0.002,0.093,293.8,31.69,19.2
"2020-10-03 06:15:13.2",3832838,-0.028,-0.002,0.093,293.8,31.69,19.2
"2020-10-03 06:15:13.3",3832839,-0.028,-0.002,0.093,293.8,31.69,19.2
"2020-10-03 06:15:13.4",3832840,-0.008,-0.002,0.074,293.8,31.69,19.2
"2020-10-03 06:15:13.5",3832841,-0.008,-0.002,0.074,293.8,31.69,19.2
"2020-10-03 06:15:13.6",3832842,-0.008,0.009,0.044,293.8,31.72,19.26
"2020-10-03 06:15:13.7",3832843,-0.008,0.009,0.045,293.8,31.69,19.2
"2020-10-03 06:15:13.8",3832844,-0.008,0.009,0.044,293.8,31.69,19.2
"2020-10-03 06:15:13.9",3832845,-0.008,0.009,0.044,293.8,31.69,19.2
"2020-10-03 06:15:14",3832846,-0.008,0.009,0.044,293.8,31.69,19.2
"2020-10-03 06:15:14.1",3832847,-0.008,-0.002,0.044,293.7,31.69,19.2
"2020-10-03 06:15:14.2",3832848,-0.008,-0.002,0.044,293.7,31.69,19.2
"2020-10-03 06:15:14.3",3832849,-0.008,-0.002,0.044,293.7,31.69,19.2
"2020-10-03 06:15:14.4",3832850,-0.076,-0.002,0.044,293.5,31.69,19.2
"2020-10-03 06:15:14.5",3832851,-0.076,-0.002,0.044,293.5,31.69,19.2
"2020-10-03 06:15:14.6",3832852,-0.008,0.009,0.044,293.5,31.69,19.2
"2020-10-03 06:15:14.7",3832853,-0.008,0.009,0.044,293.5,31.69,19.2
"2020-10-03 06:15:14.8",3832854,-0.008,0.009,0.044,293.5,31.69,19.2
"2020-10-03 06:15:14.9",3832855,-0.028,-0.002,0.025,293.4,31.69,19.2
"2020-10-03 06:15:15",3832856,-0.028,-0.002,0.025,293.4,31.69,19.2
"2020-10-03 06:15:15.1",3832857,-0.027,-0.002,0.025,293.4,31.69,19.2
"2020-10-03 06:15:15.2",3832858,-0.028,-0.002,0.025,293.4,31.69,19.2
"2020-10-03 06:15:15.3",3832859,-0.028,-0.002,0.025,293.4,31.69,19.2
"2020-10-03 06:15:15.4",3832860,-0.067,-0.002,0.045,293.4,31.69,19.2
"2020-10-03 06:15:15.5",3832861,-0.067,-0.002,0.044,293.4,31.69,19.2
"2020-10-03 06:15:15.6",3832862,-0.067,-0.002,0.044,293.4,31.69,19.2
"2020-10-03 06:15:15.7",3832863,-0.067,-0.002,0.044,293.4,31.69,19.2
"2020-10-03 06:15:15.8",3832864,-0.066,0,0.045,293.4,31.71,19.19
"2020-10-03 06:15:15.9",3832865,-0.046,-0.041,0.064,293.4,31.69,19.2
"2020-10-03 06:15:16",3832866,-0.044,-0.039,0.064,293.4,31.69,19.2
"2020-10-03 06:15:16.1",3832867,-0.076,-0.08,0.044,293.5,31.75,19.24
"2020-10-03 06:15:16.2",3832868,-0.076,-0.08,0.045,293.5,31.68,19.21
"2020-10-03 06:15:16.3",3832869,-0.075,-0.079,0.045,293.5,31.67,19.21
"2020-10-03 06:15:16.4",3832870,-0.008,-0.192,0.046,293.6,31.68,19.21
"2020-10-03 06:15:16.5",3832871,-0.008,-0.193,0.045,293.5,31.68,19.21
"2020-10-03 06:15:16.6",3832872,-0.017,-0.153,0.015,293.4,31.69,19.21
"2020-10-03 06:15:16.7",3832873,-0.017,-0.154,0.015,293.4,31.7,19.2
"2020-10-03 06:15:16.8",3832874,-0.018,-0.154,0.015,293.4,31.71,19.2
"2020-10-03 06:15:16.9",3832875,-0.047,-0.181,-0.006,293.3,31.7,19.19
"2020-10-03 06:15:17",3832876,-0.046,-0.183,-0.006,293.3,31.69,19.18
"2020-10-03 06:15:17.1",3832877,-0.027,-0.154,-0.006,293.3,31.68,19.2
"2020-10-03 06:15:17.2",3832878,-0.027,-0.152,-0.006,293.3,31.67,19.21
"2020-10-03 06:15:17.3",3832879,-0.028,-0.153,-0.005,293.3,31.67,19.22
"2020-10-03 06:15:17.4",3832880,-0.037,-0.154,-0.005,293.3,31.67,19.23
"2020-10-03 06:15:17.5",3832881,-0.037,-0.153,-0.006,293.3,31.69,19.2
"2020-10-03 06:15:17.6",3832882,-0.008,-0.192,0.034,293.2,31.7,19.21
"2020-10-03 06:15:17.7",3832883,-0.008,-0.193,0.035,293.2,31.7,19.19
"2020-10-03 06:15:17.8",3832884,-0.008,-0.191,0.035,293.2,31.7,19.19
"2020-10-03 06:15:17.9",3832885,-0.037,-0.152,-0.006,293.3,31.69,19.18
"2020-10-03 06:15:18",3832886,-0.037,-0.153,-0.006,293.3,31.68,19.2
"2020-10-03 06:15:18.1",3832887,-0.026,-0.231,0.005,293.2,31.67,19.21
"2020-10-03 06:15:18.2",3832888,-0.027,-0.231,0.006,293.2,31.68,19.21
"2020-10-03 06:15:18.3",3832889,-0.028,-0.232,0.006,293.2,31.67,19.21
"2020-10-03 06:15:18.4",3832890,-0.057,-0.193,-0.006,293.1,31.7,19.21
"2020-10-03 06:15:18.5",3832891,-0.056,-0.192,-0.006,293.1,31.7,19.2
"2020-10-03 06:15:18.6",3832892,-0.037,-0.154,-0.006,293.1,31.77,19.24
"2020-10-03 06:15:18.7",3832893,-0.037,-0.152,-0.006,293.1,31.71,19.19
"2020-10-03 06:15:18.8",3832894,-0.037,-0.152,-0.006,293.1,31.7,19.19
"2020-10-03 06:15:18.9",3832895,-0.008,-0.153,-0.006,293.1,31.69,19.2
"2020-10-03 06:15:19",3832896,-0.008,-0.154,-0.005,293.1,31.68,19.2
"2020-10-03 06:15:19.1",3832897,-0.027,-0.154,-0.035,293.1,31.67,19.21
"2020-10-03 06:15:19.2",3832898,-0.027,-0.153,-0.035,293.1,31.68,19.21
"2020-10-03 06:15:19.3",3832899,-0.028,-0.154,-0.034,293.1,31.68,19.21
"2020-10-03 06:15:19.4",3832900,-0.066,-0.154,-0.006,293,31.69,19.21
"2020-10-03 06:15:19.5",3832901,-0.067,-0.153,-0.006,293,31.7,19.21
"2020-10-03 06:15:19.6",3832902,-0.066,-0.201,-0.006,293,31.7,19.2
"2020-10-03 06:15:19.7",3832903,-0.067,-0.202,-0.005,293,31.7,19.2
"2020-10-03 06:15:19.8",3832904,-0.067,-0.201,-0.006,293,31.7,19.19
"2020-10-03 06:15:19.9",3832905,-0.067,-0.153,-0.006,293,31.69,19.22
"2020-10-03 06:15:20",3832906,-0.066,-0.154,-0.006,293,31.69,19.19
"2020-10-03 06:15:20.1",3832907,-0.026,-0.153,-0.035,293.1,31.68,19.21
"2020-10-03 06:15:20.2",3832908,-0.026,-0.153,-0.035,293.1,31.66,19.21
"2020-10-03 06:15:20.3",3832909,-0.027,-0.154,-0.035,293.1,31.68,19.21
"2020-10-03 06:15:20.4",3832910,-0.008,-0.115,-0.016,293.1,31.69,19.21
"2020-10-03 06:15:20.5",3832911,-0.008,-0.115,-0.016,293.1,31.7,19.21
"2020-10-03 06:15:20.6",3832912,-0.066,-0.154,-0.006,293.2,31.71,19.21
"2020-10-03 06:15:20.7",3832913,-0.067,-0.152,-0.006,293.2,31.71,19.19
"2020-10-03 06:15:20.8",3832914,-0.067,-0.153,-0.006,293.2,31.7,19.18
"2020-10-03 06:15:20.9",3832915,-0.056,-0.191,-0.006,293.2,31.69,19.19
"2020-10-03 06:15:21",3832916,-0.056,-0.192,-0.006,293.2,31.68,19.2
"2020-10-03 06:15:21.1",3832917,-0.037,-0.153,-0.006,293.1,31.72,19.22
"2020-10-03 06:15:21.2",3832918,-0.036,-0.153,-0.005,293.1,31.67,19.21
"2020-10-03 06:15:21.3",3832919,-0.038,-0.153,-0.005,293.1,31.68,19.21
"2020-10-03 06:15:21.4",3832920,-0.038,-0.154,-0.005,293.1,31.69,19.21
"2020-10-03 06:15:21.5",3832921,-0.037,-0.153,-0.006,293.1,31.7,19.21
"2020-10-03 06:15:21.6",3832922,-0.057,-0.193,-0.006,293.2,31.7,19.2
"2020-10-03 06:15:21.7",3832923,-0.056,-0.192,-0.006,293.2,31.7,19.2
"2020-10-03 06:15:21.8",3832924,-0.056,-0.191,-0.006,293.2,31.7,19.19
"2020-10-03 06:15:21.9",3832925,-0.008,-0.193,0.035,293.2,31.7,19.19
"2020-10-03 06:15:22",3832926,-0.008,-0.193,0.034,293.2,31.69,19.19
"2020-10-03 06:15:22.1",3832927,-0.046,-0.124,-0.006,293.2,31.68,19.2
"2020-10-03 06:15:22.2",3832928,-0.046,-0.124,-0.005,293.2,31.67,19.21
"2020-10-03 06:15:22.3",3832929,-0.046,-0.124,-0.006,293.2,31.66,19.21
"2020-10-03 06:15:22.4",3832930,-0.067,-0.153,-0.005,293.2,31.69,19.24
"2020-10-03 06:15:22.5",3832931,-0.066,-0.154,-0.006,293.2,31.7,19.21
"2020-10-03 06:15:22.6",3832932,-0.066,-0.153,-0.006,293.2,31.7,19.21
"2020-10-03 06:15:22.7",3832933,-0.066,-0.153,-0.006,293.2,31.7,19.2
"2020-10-03 06:15:22.8",3832934,-0.067,-0.152,-0.006,293.2,31.7,19.19
"2020-10-03 06:15:22.9",3832935,-0.066,-0.154,-0.006,293.2,31.69,19.19
"2020-10-03 06:15:23",3832936,-0.066,-0.153,-0.006,293.2,31.68,19.2
"2020-10-03 06:15:23.1",3832937,-0.055,-0.192,-0.005,293.2,31.67,19.21
"2020-10-03 06:15:23.2",3832938,-0.056,-0.192,-0.006,293.2,31.67,19.21
"2020-10-03 06:15:23.3",3832939,-0.056,-0.193,-0.005,293.2,31.68,19.21
"2020-10-03 06:15:23.4",3832940,-0.066,-0.153,-0.006,293.2,31.7,19.21
"2020-10-03 06:15:23.5",3832941,-0.066,-0.153,-0.006,293.2,31.7,19.2
"2020-10-03 06:15:23.6",3832942,-0.067,-0.153,-0.006,293.2,31.74,19.2
"2020-10-03 06:15:23.7",3832943,-0.067,-0.153,-0.006,293.2,31.7,19.18
"2020-10-03 06:15:23.8",3832944,-0.066,-0.153,-0.006,293.2,31.69,19.19
"2020-10-03 06:15:23.9",3832945,-0.056,-0.193,-0.006,293.2,31.68,19.2
"2020-10-03 06:15:24",3832946,-0.056,-0.192,-0.005,293.2,31.67,19.21
"2020-10-03 06:15:24.1",3832947,-0.056,-0.192,-0.005,293.2,31.68,19.21
"2020-10-03 06:15:24.2",3832948,-0.056,-0.193,-0.006,293.2,31.69,19.21
"2020-10-03 06:15:24.3",3832949,-0.056,-0.193,-0.006,293.2,31.7,19.21
"2020-10-03 06:15:24.4",3832950,-0.037,-0.153,-0.006,293.1,31.7,19.2
"2020-10-03 06:15:24.5",3832951,-0.037,-0.151,-0.006,293.1,31.7,19.19
"2020-10-03 06:15:24.6",3832952,-0.037,-0.153,-0.006,293.1,31.69,19.18
"2020-10-03 06:15:24.7",3832953,-0.037,-0.154,-0.006,293.1,31.68,19.19
"2020-10-03 06:15:24.8",3832954,-0.036,-0.154,-0.005,293.1,31.66,19.21
"2020-10-03 06:15:24.9",3832955,-0.037,-0.154,-0.005,293.1,31.7,19.27
"2020-10-03 06:15:25",3832956,-0.038,-0.154,-0.005,293.1,31.68,19.21
"2020-10-03 06:15:25.1",3832957,-0.038,-0.154,-0.005,293.1,31.69,19.21
"2020-10-03 06:15:25.2",3832958,-0.037,-0.153,-0.006,293.1,31.68,19.21
"2020-10-03 06:15:25.3",3832959,-0.037,-0.153,-0.006,293.1,31.69,19.2
"2020-10-03 06:15:25.4",3832960,-0.037,-0.152,-0.006,293.1,31.68,19.19
"2020-10-03 06:15:25.5",3832961,-0.037,-0.154,-0.006,293.1,31.66,19.2
"2020-10-03 06:15:25.6",3832962,-0.037,-0.153,-0.006,293.1,31.65,19.21
"2020-10-03 06:15:25.7",3832963,-0.037,-0.153,-0.005,293.1,31.65,19.22
"2020-10-03 06:15:25.8",3832964,-0.038,-0.153,-0.006,293.1,31.66,19.21
"2020-10-03 06:15:25.9",3832965,-0.007,-0.153,-0.006,293.1,31.68,19.21
"2020-10-03 06:15:26",3832966,-0.008,-0.153,-0.006,293.1,31.69,19.2
"2020-10-03 06:15:26.1",3832967,-0.057,-0.191,-0.006,293.2,31.7,19.19
"2020-10-03 06:15:26.2",3832968,-0.057,-0.191,-0.006,293.2,31.68,19.19
"2020-10-03 06:15:26.3",3832969,-0.056,-0.192,-0.006,293.2,31.66,19.2
"2020-10-03 06:15:26.4",3832970,-0.008,-0.153,-0.006,293.3,31.66,19.21
"2020-10-03 06:15:26.5",3832971,-0.007,-0.154,-0.005,293.3,31.65,19.21
"2020-10-03 06:15:26.6",3832972,-0.008,-0.154,-0.006,293.3,31.66,19.21
"2020-10-03 06:15:26.7",3832973,-0.008,-0.153,-0.006,293.3,31.67,19.21
"2020-10-03 06:15:26.8",3832974,-0.008,-0.153,-0.006,293.3,31.68,19.2
"2020-10-03 06:15:26.9",3832975,-0.038,-0.152,-0.006,293.3,31.68,19.19
"2020-10-03 06:15:27",3832976,-0.036,-0.153,-0.006,293.3,31.67,19.19
"2020-10-03 06:15:27.1",3832977,-0.037,-0.154,-0.005,293.2,31.65,19.2
"2020-10-03 06:15:27.2",3832978,-0.036,-0.153,-0.005,293.2,31.65,19.21
"2020-10-03 06:15:27.3",3832979,-0.038,-0.153,-0.005,293.2,31.66,19.21
"2020-10-03 06:15:27.4",3832980,-0.047,-0.124,-0.005,293.2,31.7,19.27
"2020-10-03 06:15:27.5",3832981,-0.046,-0.124,-0.006,293.2,31.68,19.21
"2020-10-03 06:15:27.6",3832982,-0.037,-0.152,-0.006,293.2,31.69,19.2
"2020-10-03 06:15:27.7",3832983,-0.037,-0.153,-0.006,293.2,31.69,19.19
"2020-10-03 06:15:27.8",3832984,-0.037,-0.153,-0.006,293.2,31.67,19.19
"2020-10-03 06:15:27.9",3832985,-0.007,-0.154,-0.006,293.1,31.65,19.2
"2020-10-03 06:15:28",3832986,-0.007,-0.154,-0.006,293.1,31.65,19.2
"2020-10-03 06:15:28.1",3832987,-0.008,-0.153,-0.005,293.1,31.65,19.21
"2020-10-03 06:15:28.2",3832988,-0.008,-0.154,-0.005,293.1,31.67,19.21
"2020-10-03 06:15:28.3",3832989,-0.008,-0.153,-0.005,293.1,31.68,19.21
"2020-10-03 06:15:28.4",3832990,-0.037,-0.153,-0.006,293.1,31.69,19.2
"2020-10-03 06:15:28.5",3832991,-0.037,-0.152,-0.006,293.1,31.68,19.19
"2020-10-03 06:15:28.6",3832992,-0.008,-0.154,-0.006,293.1,31.67,19.19
"2020-10-03 06:15:28.7",3832993,-0.007,-0.153,-0.006,293.1,31.66,19.2
"2020-10-03 06:15:28.8",3832994,-0.006,-0.153,-0.006,293.1,31.65,19.21
"2020-10-03 06:15:28.9",3832995,-0.037,-0.153,-0.006,293.1,31.65,19.22
"2020-10-03 06:15:29",3832996,-0.038,-0.153,-0.005,293.1,31.66,19.21
"2020-10-03 06:15:29.1",3832997,-0.028,-0.232,0.006,293.2,31.68,19.2
"2020-10-03 06:15:29.2",3832998,-0.027,-0.232,0.006,293.2,31.68,19.2
"2020-10-03 06:15:29.3",3832999,-0.027,-0.231,0.005,293.2,31.67,19.19
"2020-10-03 06:15:29.4",3833000,-0.008,-0.153,-0.005,293.3,31.65,19.21
"2020-10-03 06:15:29.5",3833001,-0.006,-0.153,-0.006,293.3,31.65,19.22
"2020-10-03 06:15:29.6",3833002,-0.008,-0.154,-0.005,293.3,31.65,19.21
"2020-10-03 06:15:29.7",3833003,-0.008,-0.154,-0.006,293.3,31.67,19.21
"2020-10-03 06:15:29.8",3833004,-0.008,-0.154,-0.006,293.3,31.68,19.21
"2020-10-03 06:15:29.9",3833005,-0.008,-0.153,-0.006,293.3,31.73,19.26
"2020-10-03 06:15:30",3833006,-0.008,-0.153,-0.006,293.3,31.68,19.19
"2020-10-03 06:15:30.1",3833007,0.002,-0.191,0.005,293.3,31.67,19.19
"2020-10-03 06:15:30.2",3833008,0.003,-0.192,0.005,293.3,31.65,19.2
"2020-10-03 06:15:30.3",3833009,0.003,-0.192,0.005,293.3,31.63,19.21
"2020-10-03 06:15:30.4",3833010,0.004,-0.192,0.006,293.3,31.64,19.21
"2020-10-03 06:15:30.5",3833011,0.003,-0.193,0.005,293.3,31.64,19.21
"2020-10-03 06:15:30.6",3833012,0.003,-0.192,0.005,293.3,31.65,19.21
"2020-10-03 06:15:30.7",3833013,0.003,-0.192,0.005,293.3,31.66,19.2
"2020-10-03 06:15:30.8",3833014,0.002,-0.193,0.005,293.3,31.67,19.19
"2020-10-03 06:15:30.9",3833015,0.003,-0.191,0.006,293.3,31.66,19.19
"2020-10-03 06:15:31",3833016,0.003,-0.191,0.005,293.3,31.65,19.19
"2020-10-03 06:15:31.1",3833017,0.031,-0.23,-0.006,293.4,31.64,19.2
"2020-10-03 06:15:31.2",3833018,0.033,-0.231,-0.005,293.4,31.64,19.21
"2020-10-03 06:15:31.3",3833019,0.033,-0.231,-0.005,293.4,31.64,19.22
"2020-10-03 06:15:31.4",3833020,0.052,-0.193,-0.006,293.4,31.65,19.21
"2020-10-03 06:15:31.5",3833021,0.051,-0.192,-0.006,293.4,31.65,19.21
"2020-10-03 06:15:31.6",3833022,0.013,-0.183,0.006,293.4,31.66,19.2
"2020-10-03 06:15:31.7",3833023,0.012,-0.182,0.006,293.4,31.66,19.19
"2020-10-03 06:15:31.8",3833024,0.013,-0.183,0.005,293.4,31.66,19.2
"2020-10-03 06:15:31.9",3833025,0.014,-0.183,0.007,293.4,31.65,19.17
"2020-10-03 06:15:32",3833026,0.012,-0.182,0.005,293.4,31.62,19.21
"2020-10-03 06:15:32.1",3833027,0.002,-0.153,-0.006,293.4,31.65,19.2
"2020-10-03 06:15:32.2",3833028,0.002,-0.153,-0.006,293.4,31.65,19.2
"2020-10-03 06:15:32.3",3833029,0.002,-0.154,-0.006,293.4,31.65,19.2
"2020-10-03 06:15:32.4",3833030,-0.008,-0.002,-0.006,293.4,31.7,19.26
"2020-10-03 06:15:32.5",3833031,-0.008,-0.002,-0.006,293.4,31.65,19.2
"2020-10-03 06:15:32.6",3833032,-0.008,-0.002,-0.006,293.4,31.65,19.2
"2020-10-03 06:15:32.7",3833033,-0.008,-0.002,-0.006,293.5,31.65,19.2
"2020-10-03 06:15:32.8",3833034,-0.008,-0.002,-0.006,293.5,31.65,19.2
"2020-10-03 06:15:32.9",3833035,-0.008,-0.002,-0.006,293.5,31.65,19.2
"2020-10-03 06:15:33",3833036,-0.008,-0.002,-0.006,293.4,31.65,19.2
"2020-10-03 06:15:33.1",3833037,-0.008,-0.002,-0.006,293.5,31.65,19.2
"2020-10-03 06:15:33.2",3833038,-0.008,-0.002,-0.006,293.4,31.65,19.2
"2020-10-03 06:15:33.3",3833039,-0.008,-0.002,-0.006,293.5,31.65,19.2
"2020-10-03 06:15:33.4",3833040,-0.008,-0.002,-0.006,293.4,31.65,19.2
"2020-10-03 06:15:33.5",3833041,-0.008,-0.002,-0.006,293.4,31.65,19.2
"2020-10-03 06:15:33.6",3833042,-0.008,-0.002,-0.006,293.5,31.65,19.2
"2020-10-03 06:15:33.7",3833043,-0.008,-0.002,-0.006,293.4,31.65,19.23
"2020-10-03 06:15:33.8",3833044,-0.008,-0.002,-0.006,293.4,31.65,19.2
"2020-10-03 06:15:33.9",3833045,-0.008,-0.002,-0.006,293.5,31.65,19.2
"2020-10-03 06:15:34",3833046,-0.008,-0.002,-0.006,293.5,31.65,19.2
"2020-10-03 06:15:34.1",3833047,-0.008,-0.002,-0.006,293.4,31.65,19.2
"2020-10-03 06:15:34.2",3833048,-0.008,-0.002,-0.006,293.5,31.65,19.2
"2020-10-03 06:15:34.3",3833049,-0.008,-0.002,-0.006,293.4,31.65,19.2
"2020-10-03 06:15:34.4",3833050,-0.008,-0.002,-0.006,293.5,31.65,19.2
"2020-10-03 06:15:34.5",3833051,-0.008,-0.002,-0.006,293.4,31.65,19.2
"2020-10-03 06:15:34.6",3833052,-0.008,-0.002,-0.006,293.5,31.65,19.2
"2020-10-03 06:15:34.7",3833053,-0.008,-0.002,-0.006,293.5,31.65,19.2
"2020-10-03 06:15:34.8",3833054,-0.008,-0.002,-0.006,293.5,31.65,19.2
"2020-10-03 06:15:34.9",3833055,-0.008,-0.002,-0.006,293.5,31.7,19.24
"2020-10-03 06:15:35",3833056,-0.008,-0.002,-0.006,293.5,31.65,19.2
"2020-10-03 06:15:35.1",3833057,-0.008,-0.002,-0.006,293.5,31.65,19.2
"2020-10-03 06:15:35.2",3833058,-0.008,-0.002,-0.006,293.5,31.65,19.2
"2020-10-03 06:15:35.3",3833059,-0.008,-0.002,-0.006,293.5,31.65,19.2
"2020-10-03 06:15:35.4",3833060,-0.008,-0.002,-0.006,293.5,31.65,19.2
"2020-10-03 06:15:35.5",3833061,-0.008,-0.002,-0.006,293.5,31.65,19.2
"2020-10-03 06:15:35.6",3833062,0.012,-0.041,0.025,293.4,31.65,19.2
"2020-10-03 06:15:35.7",3833063,0.012,-0.041,0.025,293.4,31.65,19.2
"2020-10-03 06:15:35.8",3833064,0.012,-0.041,0.025,293.4,31.65,19.2
"2020-10-03 06:15:35.9",3833065,0.012,-0.041,0.025,293.4,31.65,19.2
"2020-10-03 06:15:36",3833066,0.012,-0.041,0.025,293.4,31.65,19.2
"2020-10-03 06:15:36.1",3833067,-0.008,-0.002,-0.006,293.4,31.65,19.2
"2020-10-03 06:15:36.2",3833068,-0.008,-0.002,-0.006,293.4,31.65,19.23
"2020-10-03 06:15:36.3",3833069,-0.008,-0.002,-0.006,293.4,31.65,19.2
"2020-10-03 06:15:36.4",3833070,0.012,0.009,0.025,293.4,31.65,19.2
"2020-10-03 06:15:36.5",3833071,0.012,0.009,0.025,293.4,31.65,19.2
"2020-10-03 06:15:36.6",3833072,-0.008,0.009,0.044,293.3,31.65,19.2
"2020-10-03 06:15:36.7",3833073,-0.008,0.009,0.044,293.3,31.65,19.2
"2020-10-03 06:15:36.8",3833074,-0.008,0.009,0.044,293.3,31.65,19.2
"2020-10-03 06:15:36.9",3833075,0.012,0.009,0.025,293.3,31.65,19.2
"2020-10-03 06:15:37",3833076,0.012,0.009,0.025,293.3,31.65,19.2
"2020-10-03 06:15:37.1",3833077,-0.008,0.009,0.044,293.3,31.65,19.2
"2020-10-03 06:15:37.2",3833078,-0.008,0.009,0.044,293.3,31.65,19.2
"2020-10-03 06:15:37.3",3833079,-0.008,0.009,0.044,293.3,31.65,19.2
"2020-10-03 06:15:37.4",3833080,0.041,0.038,0.044,293.3,31.7,19.22
"2020-10-03 06:15:37.5",3833081,0.041,0.038,0.044,293.3,31.65,19.2
"2020-10-03 06:15:37.6",3833082,0.012,0.067,0.015,293.3,31.65,19.2
"2020-10-03 06:15:37.7",3833083,0.012,0.067,0.015,293.3,31.65,19.2
"2020-10-03 06:15:37.8",3833084,0.012,0.067,0.015,293.3,31.65,19.2
"2020-10-03 06:15:37.9",3833085,0.012,0.067,0.015,293.3,31.65,19.2
"2020-10-03 06:15:38",3833086,0.012,0.067,0.015,293.3,31.65,19.2
"2020-10-03 06:15:38.1",3833087,0.002,0.131,0.074,293.2,31.65,19.2
"2020-10-03 06:15:38.2",3833088,0.002,0.131,0.074,293.2,31.65,19.2
"2020-10-03 06:15:38.3",3833089,0.002,0.131,0.074,293.2,31.65,19.2
"2020-10-03 06:15:38.4",3833090,0.002,0.131,0.074,293.2,31.65,19.2
"2020-10-03 06:15:38.5",3833091,0.002,0.131,0.074,293.2,31.65,19.2
"2020-10-03 06:15:38.6",3833092,0.012,0.087,0.093,293.2,31.65,19.2
"2020-10-03 06:15:38.7",3833093,0.012,0.087,0.093,293.2,31.66,19.23
"2020-10-03 06:15:38.8",3833094,0.012,0.087,0.093,293.2,31.65,19.2
"2020-10-03 06:15:38.9",3833095,0.09,0.141,0.093,293.1,31.65,19.2
"2020-10-03 06:15:39",3833096,0.09,0.14,0.093,293.1,31.65,19.2
"2020-10-03 06:15:39.1",3833097,0.09,0.458,0.005,293.1,31.65,19.2
"2020-10-03 06:15:39.2",3833098,0.09,0.458,0.005,293.1,31.65,19.2
"2020-10-03 06:15:39.3",3833099,0.09,0.458,0.006,293.1,31.65,19.2
"2020-10-03 06:15:39.4",3833100,0.173,0.687,-0.186,293.3,31.65,19.2
"2020-10-03 06:15:39.5",3833101,0.173,0.687,-0.187,293.3,31.65,19.2
"2020-10-03 06:15:39.6",3833102,0.412,0.888,0.108,293.3,31.65,19.2
"2020-10-03 06:15:39.7",3833103,0.412,0.888,0.108,293.3,31.65,19.2
"2020-10-03 06:15:39.8",3833104,0.412,0.888,0.108,293.3,31.65,19.2
"2020-10-03 06:15:39.9",3833105,-0.199,0.58,-0.196,293.3,31.69,19.2
"2020-10-03 06:15:40",3833106,-0.199,0.58,-0.196,293.3,31.65,19.2
"2020-10-03 06:15:40.1",3833107,-0.106,0.59,0.293,293.3,31.65,19.2
"2020-10-03 06:15:40.2",3833108,-0.106,0.59,0.293,293.3,31.65,19.2
"2020-10-03 06:15:40.3",3833109,-0.106,0.59,0.293,293.3,31.65,19.2
"2020-10-03 06:15:40.4",3833110,-0.076,0.541,0.176,293.2,31.65,19.2
"2020-10-03 06:15:40.5",3833111,-0.076,0.541,0.176,293.2,31.65,19.2
"2020-10-03 06:15:40.6",3833112,-0.106,0.331,0.157,293.1,31.65,19.2
"2020-10-03 06:15:40.7",3833113,-0.106,0.331,0.157,293.1,31.65,19.2
"2020-10-03 06:15:40.8",3833114,-0.106,0.331,0.156,293.1,31.65,19.2
"2020-10-03 06:15:40.9",3833115,-0.15,0.17,0.186,293.2,31.65,19.2
"2020-10-03 06:15:41",3833116,-0.15,0.17,0.186,293.2,31.65,19.2
"2020-10-03 06:15:41.1",3833117,-0.237,0.077,0.167,293.1,31.65,19.2
"2020-10-03 06:15:41.2",3833118,-0.238,0.077,0.166,293.1,31.68,19.25
"2020-10-03 06:15:41.3",3833119,-0.238,0.077,0.166,293.1,31.65,19.2
"2020-10-03 06:15:41.4",3833120,-0.228,0.17,0.005,293.1,31.65,19.2
"2020-10-03 06:15:41.5",3833121,-0.228,0.17,0.005,293.1,31.65,19.2
"2020-10-03 06:15:41.6",3833122,-0.14,0.077,-0.006,293.1,31.65,19.2
"2020-10-03 06:15:41.7",3833123,-0.14,0.077,-0.006,293.1,31.65,19.2
"2020-10-03 06:15:41.8",3833124,-0.14,0.077,-0.006,293.1,31.65,19.2
"2020-10-03 06:15:41.9",3833125,-0.14,0.077,-0.006,293.1,31.65,19.2
"2020-10-03 06:15:42",3833126,-0.14,0.077,-0.006,293.1,31.65,19.2
"2020-10-03 06:15:42.1",3833127,-0.057,0.15,-0.006,293.1,31.65,19.2
"2020-10-03 06:15:42.2",3833128,-0.057,0.15,-0.006,293.1,31.65,19.2
"2020-10-03 06:15:42.3",3833129,-0.057,0.15,-0.006,293.1,31.65,19.2
"2020-10-03 06:15:42.4",3833130,0.012,0.077,0.015,293.1,31.67,19.2
"2020-10-03 06:15:42.5",3833131,0.012,0.077,0.015,293.1,31.65,19.2
"2020-10-03 06:15:42.6",3833132,-0.057,0.087,0.074,293.1,31.65,19.2
"2020-10-03 06:15:42.7",3833133,-0.057,0.087,0.074,293.1,31.65,19.2
"2020-10-03 06:15:42.8",3833134,-0.057,0.087,0.074,293.1,31.65,19.2
"2020-10-03 06:15:42.9",3833135,-0.086,0.121,0.044,293.1,31.65,19.2
"2020-10-03 06:15:43",3833136,-0.086,0.121,0.044,293.1,31.65,19.2
"2020-10-03 06:15:43.1",3833137,-0.086,0.121,0.044,293.1,31.65,19.2
"2020-10-03 06:15:43.2",3833138,-0.086,0.121,0.044,293.1,31.65,19.2
"2020-10-03 06:15:43.3",3833139,-0.086,0.121,0.044,293.1,31.65,19.2
"2020-10-03 06:15:43.4",3833140,-0.086,0.121,0.044,293.1,31.65,19.2
"2020-10-03 06:15:43.5",3833141,-0.086,0.121,0.044,293.1,31.65,19.2
"2020-10-03 06:15:43.6",3833142,-0.047,0.248,0.083,293.1,31.65,19.2
"2020-10-03 06:15:43.7",3833143,-0.047,0.248,0.084,293.1,31.68,19.26
"2020-10-03 06:15:43.8",3833144,-0.047,0.248,0.084,293.1,31.65,19.2
"2020-10-03 06:15:43.9",3833145,-0.086,0.121,0.044,293.1,31.65,19.2
"2020-10-03 06:15:44",3833146,-0.086,0.121,0.044,293.1,31.65,19.2
"2020-10-03 06:15:44.1",3833147,-0.028,0.048,0.093,293.1,31.65,19.2
