"TOA5","10329","CR6","10329","CR6.Std.09.01 CR6-WIFI.04.00.01","CPU:YOUNG81000_HMP60_10Hz.CR6","51185","Young10Hz_hmp"
"TIMESTAMP","RECORD","U","V","W","TSonic","RH","T_HMP60"
"TS","RN","mV","mV","mV","mV","%","Deg C"
"","","Smp","Smp","Smp","Smp","Smp","Smp"
"2020-10-05 14:20:51",5641287,-10,-10,-10,220,-0.002,-40.01
"2020-10-05 14:20:51.1",5641288,-10,-10,-10,220,-0.002,-40.01
"2020-10-05 14:20:51.2",5641289,-10,-10,-10,220,-0.002,-40.01
"2020-10-05 14:20:51.3",5641290,-10,-10,-10,220,-0.002,-40.01
"2020-10-05 14:20:51.4",5641291,-10,-10,-10,220,-0.002,-40.01
"2020-10-05 14:20:51.5",5641292,-10,-10,-10,220,-0.002,-40.01
"2020-10-05 14:20:51.6",5641293,-10,-10,-10,220,-0.002,-40.01
"2020-10-05 14:20:51.7",5641294,-10,-10,-10,220,-0.002,-40.01
"2020-10-05 14:20:51.8",5641295,-10,-10,-10,220,-0.002,-40.01
"2020-10-05 14:20:51.9",5641296,-10,-10,-10,220,-0.002,-40.01
"2020-10-05 14:20:52",5641297,-10,-10,-10,220,-0.002,-40.01
"2020-10-05 14:20:52.1",5641298,-10,-10,-10,220,-0.002,-40.01
"2020-10-05 14:20:52.2",5641299,-10,-10,-10,220,-0.002,-40.01
"2020-10-05 14:20:52.3",5641300,-10,-10,-10,220,-0.002,-40.01
"2020-10-05 14:20:52.4",5641301,-10,-10,-10,220,-0.002,-40.01
"2020-10-05 14:20:52.5",5641302,-10,-10,-10,220,-0.002,-40.01
"2020-10-05 14:20:52.6",5641303,-10,-10,-10,220,-0.002,-40.01
"2020-10-05 14:20:52.7",5641304,-10,-10,-10,220,-0.002,-40.01
"2020-10-05 14:20:52.8",5641305,-10,-10,-10,220,-0.002,-40.01
"2020-10-05 14:20:52.9",5641306,-10,-10,-10,220,-0.002,-40.01
"2020-10-05 14:20:53",5641307,-10,-10,-10,220,-0.002,-40.01
"2020-10-05 14:20:53.1",5641308,-10,-10,-10,220,-0.002,-40.01
"2020-10-05 14:20:53.2",5641309,-10,-10,-10,220,-0.002,-40.01
"2020-10-05 14:20:53.3",5641310,-10,-10,-10,220,-0.002,-40.01
"2020-10-05 14:20:53.4",5641311,-10,-10,-10,220,-0.002,-40.01
"2020-10-05 14:20:53.5",5641312,-10,-10,-10,220,-0.002,-40.01
"2020-10-05 14:20:53.6",5641313,-10,-10,-10,220,-0.002,-40.01
"2020-10-05 14:20:53.7",5641314,-10,-10,-10,220,-0.002,-40.01
"2020-10-05 14:20:53.8",5641315,-10,-10,-10,220,-0.002,-40.01
"2020-10-05 14:20:53.9",5641316,-10,-10,-10,220,-0.002,-40.01
"2020-10-05 14:20:54",5641317,-10,-10,-10,220,-0.002,-40.01
"2020-10-05 14:20:54.1",5641318,-10,-10,-10,220,-0.002,-40.01
"2020-10-05 14:20:54.2",5641319,-10,-10,-10,220,-0.002,-40.01
"2020-10-05 14:20:54.3",5641320,-10,-10,-10,220,-0.002,-40.01
"2020-10-05 14:20:54.4",5641321,-10,-10,-10,220,-0.002,-40.01
"2020-10-05 14:20:54.5",5641322,-10,-10,-10,220,-0.002,-40.01
"2020-10-05 14:20:54.6",5641323,-10,-10,-10,220,-0.002,-40.01
"2020-10-05 14:20:54.7",5641324,-10,-10,-10,220,-0.002,-40.01
"2020-10-05 14:20:54.8",5641325,-10,-10,-10,220,-0.002,-40.01
"2020-10-05 14:20:54.9",5641326,-10,-10,-10,220,-0.002,-40.01
"2020-10-05 14:20:55",5641327,-10,-10,-10,220,-0.002,-40.01
"2020-10-05 14:20:55.1",5641328,-10,-10,-10,220,-0.002,-40.01
"2020-10-05 14:20:55.2",5641329,-10,-10,-10,220,-0.002,-40.01
"2020-10-05 14:20:55.3",5641330,-10,-10,-10,220,-0.002,-40.01
"2020-10-05 14:20:55.4",5641331,-10,-10,-10,220,-0.002,-40.01
"2020-10-05 14:20:55.5",5641332,-10,-10,-10,220,-0.002,-40.01
"2020-10-05 14:20:55.6",5641333,-10,-10,-10,220,-0.002,-40.01
"2020-10-05 14:20:55.7",5641334,-10,-10,-10,220,-0.002,-40.01
"2020-10-05 14:20:55.8",5641335,-10,-10,-10,220,-0.002,-40.01
"2020-10-05 14:20:55.9",5641336,-10,-10,-10,220,-0.002,-40.01
"2020-10-05 14:20:56",5641337,-10,-10,-10,220,-0.002,-40.01
"2020-10-05 14:20:56.1",5641338,-10,-10,-10,220,-0.002,-40.01
"2020-10-05 14:20:56.2",5641339,-10,-10,-10,220,-0.002,-40.01
"2020-10-05 14:20:56.3",5641340,-10,-10,-10,220,-0.002,-40.01
"2020-10-05 14:20:56.4",5641341,-10,-10,-10,220,-0.002,-40.01
"2020-10-05 14:20:56.5",5641342,-10,-10,-10,220,-0.002,-40.01
"2020-10-05 14:20:56.6",5641343,-10,-10,-10,220,-0.002,-40.01
"2020-10-05 14:20:56.7",5641344,-10,-10,-10,220,-0.002,-40.01
"2020-10-05 14:20:56.8",5641345,-10,-10,-10,220,-0.002,-40.01
"2020-10-05 14:20:56.9",5641346,-10,-10,-10,220,-0.002,-40.01
"2020-10-05 14:20:57",5641347,-10,-10,-10,220,-0.002,-40.01
"2020-10-05 14:20:57.1",5641348,-10,-10,-10,220,-0.002,-40.01
"2020-10-05 14:20:57.2",5641349,-10,-10,-10,220,-0.002,-40.01
"2020-10-05 14:20:57.3",5641350,-10,-10,-10,220,-0.003,-40.01
"2020-10-05 14:20:57.4",5641351,-10,-10,-10,220,-0.002,-40.01
"2020-10-05 14:20:57.5",5641352,-10,-10,-10,220,-0.002,-40.01
"2020-10-05 14:20:57.6",5641353,-10,-10,-10,220,-0.002,-40.01
"2020-10-05 14:20:57.7",5641354,-10,-10,-10,220,-0.002,-40.01
"2020-10-05 14:20:57.8",5641355,-10,-10,-10,220,-0.002,-40.01
"2020-10-05 14:20:57.9",5641356,-10,-10,-10,220,-0.002,-40.01
"2020-10-05 14:20:58",5641357,-10,-10,-10,220,-0.002,-40.01
"2020-10-05 14:20:58.1",5641358,-10,-10,-10,220,-0.002,-40.01
"2020-10-05 14:20:58.2",5641359,-10,-10,-10,220,-0.002,-40.01
"2020-10-05 14:20:58.3",5641360,-10,-10,-10,220,-0.002,-40.01
"2020-10-05 14:20:58.4",5641361,-10,-10,-10,220,-0.002,-40.01
"2020-10-05 14:20:58.5",5641362,-10,-10,-10,220,-0.002,-40.01
"2020-10-05 14:20:58.6",5641363,-10,-10,-10,220,-0.002,-40.01
"2020-10-05 14:20:58.7",5641364,-10,-10,-10,220,-0.002,-40.01
"2020-10-05 14:20:58.8",5641365,-10,-10,-10,220,-0.002,-40.01
"2020-10-05 14:20:58.9",5641366,-10,-10,-10,220,-0.002,-40.01
"2020-10-05 14:20:59",5641367,-10,-10,-10,220,-0.002,-40.01
"2020-10-05 14:20:59.1",5641368,-10,-10,-10,220,-0.002,-40.01
"2020-10-05 14:20:59.2",5641369,-10,-10,-10,220,-0.002,-40.01
"2020-10-05 14:20:59.3",5641370,-10,-10,-10,220,-0.002,-40.01
"2020-10-05 14:20:59.4",5641371,-10,-10,-10,220,-0.002,-40.01
"2020-10-05 14:20:59.5",5641372,-10,-10,-10,220,-0.002,-40.01
"2020-10-05 14:20:59.6",5641373,-10,-10,-10,220,-0.002,-40.01
"2020-10-05 14:20:59.7",5641374,-10,-10,-10,220,-0.002,-40.01
"2020-10-05 14:20:59.8",5641375,-10,-10,-10,220,-0.002,-40.01
"2020-10-05 14:20:59.9",5641376,-10,-10,-10,220,-0.002,-40.01
"2020-10-05 14:21:00",5641377,-10,-10,-10,220,-0.002,-40.01
"2020-10-05 14:21:00.1",5641378,-10,-10,-10,220,-0.008,-40.02
"2020-10-05 14:21:00.2",5641379,-10,-10,-10,220,-0.008,-40.02
"2020-10-05 14:21:00.3",5641380,-10,-10,-10,220,-0.002,-40
"2020-10-05 14:21:00.4",5641381,-10,-10,-10,220,-0.002,-40.01
"2020-10-05 14:21:00.5",5641382,-10,-10,-10,220,-0.002,-40.01
"2020-10-05 14:21:00.6",5641383,-10,-10,-10,220,-0.002,-40.01
"2020-10-05 14:21:00.7",5641384,-10,-10,-10,220,-0.002,-40.01
"2020-10-05 14:21:00.8",5641385,-10,-10,-10,220,-0.002,-40.01
"2020-10-05 14:21:00.9",5641386,-10,-10,-10,220,-0.002,-40.01
"2020-10-05 14:21:01",5641387,-10,-10,-10,220,-0.002,-40.01
"2020-10-05 14:21:01.1",5641388,-10,-10,-10,220,-0.002,-40.01
"2020-10-05 14:21:01.2",5641389,-10,-10,-10,220,-0.002,-40.01
"2020-10-05 14:21:01.3",5641390,-10,-10,-10,220,-0.002,-40.01
"2020-10-05 14:21:01.4",5641391,-10,-10,-10,220,-0.002,-40.01
"2020-10-05 14:21:01.5",5641392,-10,-10,-10,220,-0.002,-40.01
"2020-10-05 14:21:01.6",5641393,-10,-10,-10,220,-0.002,-40.01
"2020-10-05 14:21:01.7",5641394,-10,-10,-10,220,-0.002,-40.01
"2020-10-05 14:21:01.8",5641395,-10,-10,-10,220,-0.002,-40.01
"2020-10-05 14:21:01.9",5641396,-10,-10,-10,220,-0.002,-40.01
"2020-10-05 14:21:02",5641397,-10,-10,-10,220,-0.002,-40.01
"2020-10-05 14:21:02.1",5641398,-10,-10,-10,220,-0.002,-40.01
"2020-10-05 14:21:02.2",5641399,-10,-10,-10,220,-0.002,-40.01
"2020-10-05 14:21:02.3",5641400,-10,-10,-10,220,-0.002,-40.01
"2020-10-05 14:21:02.4",5641401,-10,-10,-10,220,-0.002,-40.01
"2020-10-05 14:21:02.5",5641402,-10,-10,-10,220,-0.002,-40.01
"2020-10-05 14:21:02.6",5641403,-10,-10,-10,220,-0.002,-40.01
"2020-10-05 14:21:02.7",5641404,-10,-10,-10,220,-0.002,-40.01
"2020-10-05 14:21:02.8",5641405,-10,-10,-10,220,-0.002,-40.01
"2020-10-05 14:21:02.9",5641406,-10,-10,-10,220,-0.002,-40.01
"2020-10-05 14:21:03",5641407,-10,-10,-10,220,-0.002,-40.01
"2020-10-05 14:21:03.1",5641408,-10,-10,-10,220,-0.002,-40.01
"2020-10-05 14:21:03.2",5641409,-10,-10,-10,220,-0.002,-40.01
"2020-10-05 14:21:03.3",5641410,-10,-10,-10,220,-0.002,-40.01
"2020-10-05 14:21:03.4",5641411,-10,-10,-10,220,-0.002,-40.01
"2020-10-05 14:21:03.5",5641412,-10,-10,-10,220,-0.002,-40.01
"2020-10-05 14:21:03.6",5641413,-10,-10,-10,220,-0.002,-40.01
"2020-10-05 14:21:03.7",5641414,-10,-10,-10,220,-0.002,-40.01
"2020-10-05 14:21:03.8",5641415,-10,-10,-10,220,-0.002,-40.01
"2020-10-05 14:21:03.9",5641416,-10,-10,-10,220,-0.002,-40.01
"2020-10-05 14:21:04",5641417,-10,-10,-10,220,-0.002,-40.01
"2020-10-05 14:21:04.1",5641418,-10,-10,-10,220,-0.002,-40.01
"2020-10-05 14:21:04.2",5641419,-10,-10,-10,220,-0.002,-40.01
"2020-10-05 14:21:04.3",5641420,-10,-10,-10,220,-0.002,-40.01
"2020-10-05 14:21:04.4",5641421,-10,-10,-10,220,-0.002,-40.01
"2020-10-05 14:21:04.5",5641422,-10,-10,-10,220,-0.002,-40.01
"2020-10-05 14:21:04.6",5641423,-10,-10,-10,220,-0.002,-40.01
"2020-10-05 14:21:04.7",5641424,-10,-10,-10,220,-0.002,-40.01
"2020-10-05 14:21:04.8",5641425,-10,-10,-10,220,-0.002,-40.01
"2020-10-05 14:21:04.9",5641426,-10,-10,-10,220,-0.002,-40.01
"2020-10-05 14:21:05",5641427,-10,-10,-10,220,-0.002,-40.01
"2020-10-05 14:21:05.1",5641428,-10,-10,-10,220,-0.002,-40.01
"2020-10-05 14:21:05.2",5641429,-10,-10,-10,220,-0.002,-40.01
"2020-10-05 14:21:05.3",5641430,-10,-10,-10,220,-0.002,-40.01
"2020-10-05 14:21:05.4",5641431,-10,-10,-10,220,-0.002,-40.01
"2020-10-05 14:21:05.5",5641432,-10,-10,-10,220,-0.003,-40.01
"2020-10-05 14:21:05.6",5641433,-10,-10,-10,220,-0.002,-40.01
"2020-10-05 14:21:05.7",5641434,-10,-10,-10,220,-0.002,-40.01
"2020-10-05 14:21:05.8",5641435,-10,-10,-10,220,-0.002,-40.01
"2020-10-05 14:21:05.9",5641436,-10,-10,-10,220,-0.002,-40.01
"2020-10-05 14:21:06",5641437,-10,-10,-10,220,-0.002,-40.01
"2020-10-05 14:21:06.1",5641438,-10,-10,-10,220,-0.002,-40.01
"2020-10-05 14:21:06.2",5641439,-10,-10,-10,220,-0.002,-40.01
"2020-10-05 14:21:06.3",5641440,-10,-10,-10,220,-0.002,-40.01
"2020-10-05 14:21:06.4",5641441,-10,-10,-10,220,-0.002,-40.01
"2020-10-05 14:21:06.5",5641442,-10,-10,-10,220,-0.002,-40.01
"2020-10-05 14:21:06.6",5641443,-10,-10,-10,220,-0.002,-40.01
"2020-10-05 14:21:06.7",5641444,-10,-10,-10,220,-0.002,-40.01
"2020-10-05 14:21:06.8",5641445,-10,-10,-10,220,-0.002,-40.01
"2020-10-05 14:21:06.9",5641446,-10,-10,-10,220,-0.002,-40.01
"2020-10-05 14:21:07",5641447,-10,-10,-10,220,-0.002,-40.01
"2020-10-05 14:21:07.1",5641448,-10,-10,-10,220,-0.002,-40.01
"2020-10-05 14:21:07.2",5641449,-10,-10,-10,220,-0.002,-40.01
"2020-10-05 14:21:07.3",5641450,-10,-10,-10,220,-0.002,-40.01
"2020-10-05 14:21:07.4",5641451,-10,-10,-10,220,-0.002,-40.01
"2020-10-05 14:21:07.5",5641452,-10,-10,-10,220,-0.002,-40.01
"2020-10-05 14:21:07.6",5641453,-10,-10,-10,220,-0.002,-40.01
"2020-10-05 14:21:07.7",5641454,-10,-10,-10,220,-0.002,-40.01
"2020-10-05 14:21:07.8",5641455,-10,-10,-10,220,-0.002,-40.01
"2020-10-05 14:21:07.9",5641456,-10,-10,-10,220,-0.002,-40.01
"2020-10-05 14:21:08",5641457,-10,-10,-10,220,-0.002,-40.01
"2020-10-05 14:21:08.1",5641458,-10,-10,-10,220,-0.002,-40.01
"2020-10-05 14:21:08.2",5641459,-10,-10,-10,220,-0.002,-40.01
"2020-10-05 14:21:08.3",5641460,-10,-10,-10,220,-0.002,-40.01
"2020-10-05 14:21:08.4",5641461,-10,-10,-10,220,-0.002,-40.01
"2020-10-05 14:21:08.5",5641462,-10,-10,-10,220,-0.002,-40.01
"2020-10-05 14:21:08.6",5641463,-10,-10,-10,220,-0.002,-40.01
"2020-10-05 14:21:08.7",5641464,-10,-10,-10,220,-0.002,-40.01
"2020-10-05 14:21:08.8",5641465,-10,-10,-10,220,-0.002,-40.01
"2020-10-05 14:21:08.9",5641466,-10,-10,-10,220,-0.002,-40.01
"2020-10-05 14:21:09",5641467,-10,-10,-10,220,-0.002,-40.01
"2020-10-05 14:21:09.1",5641468,-10,-10,-10,220,-0.002,-40.01
"2020-10-05 14:21:09.2",5641469,-10,-10,-10,220,-0.002,-40.01
"2020-10-05 14:21:09.3",5641470,-10,-10,-10,220,-0.002,-40.01
"2020-10-05 14:21:09.4",5641471,-10,-10,-10,220,-0.002,-40.01
"2020-10-05 14:21:09.5",5641472,-10,-10,-10,220,-0.002,-40.01
"2020-10-05 14:21:09.6",5641473,-10,-10,-10,220,-0.002,-40.01
"2020-10-05 14:21:09.7",5641474,-10,-10,-10,220,-0.002,-40.01
"2020-10-05 14:21:09.8",5641475,-10,-10,-10,220,-0.002,-40.01
"2020-10-05 14:21:09.9",5641476,-10,-10,-10,220,-0.002,-40.01
"2020-10-05 14:21:10",5641477,-10,-10,-10,220,-0.002,-40.01
"2020-10-05 14:21:10.1",5641478,-10,-10,-10,220,-0.002,-40.01
"2020-10-05 14:21:10.2",5641479,-10,-10,-10,220,-0.002,-40.01
"2020-10-05 14:21:10.3",5641480,-10,-10,-10,220,-0.002,-40.01
"2020-10-05 14:21:10.4",5641481,-10,-10,-10,220,-0.002,-40.01
"2020-10-05 14:21:10.5",5641482,-10,-10,-10,220,-0.002,-40.01
"2020-10-05 14:21:10.6",5641483,-10,-10,-10,220,-0.002,-40.01
"2020-10-05 14:21:10.7",5641484,-10,-10,-10,220,-0.002,-40.01
"2020-10-05 14:21:10.8",5641485,-10,-10,-10,220,-0.002,-40.01
"2020-10-05 14:21:10.9",5641486,-10,-10,-10,220,-0.002,-40.01
"2020-10-05 14:21:11",5641487,-10,-10,-10,220,-0.002,-40.01
"2020-10-05 14:21:11.1",5641488,-10,-10,-10,220,-0.002,-40.01
"2020-10-05 14:21:11.2",5641489,-10,-10,-10,220,-0.002,-40.01
"2020-10-05 14:21:11.3",5641490,-10,-10,-10,220,-0.002,-40.01
"2020-10-05 14:21:11.4",5641491,-10,-10,-10,220,-0.002,-40.01
"2020-10-05 14:21:11.5",5641492,-10,-10,-10,220,-0.002,-40.01
"2020-10-05 14:21:11.6",5641493,-10,-10,-10,220,-0.002,-40.01
"2020-10-05 14:21:11.7",5641494,-10,-10,-10,220,-0.002,-40.01
"2020-10-05 14:21:11.8",5641495,-10,-10,-10,220,-0.002,-40.01
"2020-10-05 14:21:11.9",5641496,-10,-10,-10,220,-0.002,-40.01
"2020-10-05 14:21:12",5641497,-10,-10,-10,220,-0.002,-40.01
"2020-10-05 14:21:12.1",5641498,-10,-10,-10,220,-0.002,-40.01
"2020-10-05 14:21:12.2",5641499,-10,-10,-10,220,-0.002,-40.01
"2020-10-05 14:21:12.3",5641500,-10,-10,-10,220,-0.002,-40.01
"2020-10-05 14:21:12.4",5641501,-10,-10,-10,220,-0.002,-40.01
"2020-10-05 14:21:12.5",5641502,-10,-10,-10,220,-0.002,-40.01
"2020-10-05 14:21:12.6",5641503,-10,-10,-10,220,-0.002,-40.01
"2020-10-05 14:21:12.7",5641504,-10,-10,-10,220,-0.002,-40.01
"2020-10-05 14:21:12.8",5641505,-10,-10,-10,220,-0.002,-40.01
"2020-10-05 14:21:12.9",5641506,-10,-10,-10,220,-0.002,-40.01
"2020-10-05 14:21:13",5641507,-10,-10,-10,220,-0.002,-40.01
"2020-10-05 14:21:13.1",5641508,-10,-10,-10,220,-0.002,-40.01
"2020-10-05 14:21:13.2",5641509,-10,-10,-10,220,-0.002,-40.01
"2020-10-05 14:21:13.3",5641510,-10,-10,-10,220,-0.002,-40.01
"2020-10-05 14:21:13.4",5641511,-10,-10,-10,220,-0.002,-40.01
"2020-10-05 14:21:13.5",5641512,-10,-10,-10,220,-0.002,-40.01
"2020-10-05 14:21:13.6",5641513,-10,-10,-10,220,-0.002,-40.01
"2020-10-05 14:21:13.7",5641514,-10,-10,-10,220,-0.002,-40.01
"2020-10-05 14:21:13.8",5641515,-10,-10,-10,220,-0.002,-40.01
"2020-10-05 14:21:13.9",5641516,-10,-10,-10,220,-0.002,-40.01
"2020-10-05 14:21:14",5641517,-10,-10,-10,220,-0.002,-40.01
"2020-10-05 14:21:14.1",5641518,-10,-10,-10,220,-0.002,-40.01
"2020-10-05 14:21:14.2",5641519,-10,-10,-10,220,-0.002,-40.01
"2020-10-05 14:21:14.3",5641520,-10,-10,-10,220,-0.002,-40.01
"2020-10-05 14:21:14.4",5641521,-10,-10,-10,220,-0.002,-40.01
"2020-10-05 14:21:14.5",5641522,-10,-10,-10,220,-0.002,-40.01
"2020-10-05 14:21:14.6",5641523,-10,-10,-10,220,-0.002,-40.01
"2020-10-05 14:21:14.7",5641524,-10,-10,-10,220,-0.002,-40.01
"2020-10-05 14:21:14.8",5641525,-10,-10,-10,220,-0.002,-40.01
"2020-10-05 14:21:14.9",5641526,-10,-10,-10,220,-0.003,-40.01
"2020-10-05 14:21:15",5641527,-10,-10,-10,220,-0.002,-40.01
"2020-10-05 14:21:15.1",5641528,-10,-10,-10,220,-0.002,-40.01
"2020-10-05 14:21:15.2",5641529,-10,-10,-10,220,-0.002,-40.01
"2020-10-05 14:21:15.3",5641530,-10,-10,-10,220,-0.002,-40.01
"2020-10-05 14:21:15.4",5641531,-10,-10,-10,220,-0.002,-40.01
"2020-10-05 14:21:15.5",5641532,-10,-10,-10,220,-0.002,-40.01
"2020-10-05 14:21:15.6",5641533,-10,-10,-10,220,-0.002,-40.01
"2020-10-05 14:21:15.7",5641534,-10,-10,-10,220,-0.002,-40.01
"2020-10-05 14:21:15.8",5641535,-10,-10,-10,220,-0.002,-40.01
"2020-10-05 14:21:15.9",5641536,-10,-10,-10,220,-0.002,-40.01
"2020-10-05 14:21:16",5641537,-10,-10,-10,220,-0.002,-40.01
"2020-10-05 14:21:16.1",5641538,-10,-10,-10,220,-0.002,-40.01
"2020-10-05 14:21:16.2",5641539,-10,-10,-10,220,-0.002,-40.01
"2020-10-05 14:21:16.3",5641540,-10,-10,-10,220,-0.002,-40.01
"2020-10-05 14:21:16.4",5641541,-10,-10,-10,220,-0.002,-40.01
"2020-10-05 14:21:16.5",5641542,-10,-10,-10,220,-0.002,-40.01
"2020-10-05 14:21:16.6",5641543,-10,-10,-10,220,-0.002,-40.01
"2020-10-05 14:21:16.7",5641544,-10,-10,-10,220,-0.002,-40.01
"2020-10-05 14:21:16.8",5641545,-10,-10,-10,220,-0.002,-40.01
"2020-10-05 14:21:16.9",5641546,-10,-10,-10,220,-0.002,-40.01
"2020-10-05 14:21:17",5641547,-10,-10,-10,220,-0.002,-40.01
"2020-10-05 14:21:17.1",5641548,-10,-10,-10,220,-0.002,-40.01
"2020-10-05 14:21:17.2",5641549,-10,-10,-10,220,-0.002,-40.01
"2020-10-05 14:21:17.3",5641550,-10,-10,-10,220,-0.002,-40.01
"2020-10-05 14:21:17.4",5641551,-10,-10,-10,220,-0.002,-40.01
"2020-10-05 14:21:17.5",5641552,-10,-10,-10,220,-0.002,-40.01
"2020-10-05 14:21:17.6",5641553,-10,-10,-10,220,-0.002,-40.01
"2020-10-05 14:21:17.7",5641554,-10,-10,-10,220,-0.002,-40.01
"2020-10-05 14:21:17.8",5641555,-10,-10,-10,220,-0.002,-40.01
"2020-10-05 14:21:17.9",5641556,-10,-10,-10,220,-0.002,-40.01
"2020-10-05 14:21:18",5641557,-10,-10,-10,220,-0.002,-40.01
"2020-10-05 14:21:18.1",5641558,-10,-10,-10,220,-0.002,-40.01
"2020-10-05 14:21:18.2",5641559,-10,-10,-10,220,-0.002,-40.01
"2020-10-05 14:21:18.3",5641560,-10,-10,-10,220,-0.002,-40.01
"2020-10-05 14:21:18.4",5641561,-10,-10,-10,220,-0.002,-40.01
"2020-10-05 14:21:18.5",5641562,-10,-10,-10,220,-0.002,-40.01
"2020-10-05 14:21:18.6",5641563,-10,-10,-10,220,-0.002,-40.01
"2020-10-05 14:21:18.7",5641564,-10,-10,-10,220,-0.002,-40.01
"2020-10-05 14:21:18.8",5641565,-10,-10,-10,220,-0.002,-40.01
"2020-10-05 14:21:18.9",5641566,-10,-10,-10,220,-0.002,-40.01
"2020-10-05 14:21:19",5641567,-10,-10,-10,220,-0.002,-40.01
"2020-10-05 14:21:19.1",5641568,-10,-10,-10,220,-0.002,-40.01
"2020-10-05 14:21:19.2",5641569,-10,-10,-10,220,-0.002,-40.01
"2020-10-05 14:21:19.3",5641570,-10,-10,-10,220,-0.002,-40.01
"2020-10-05 14:21:19.4",5641571,-10,-10,-10,220,-0.002,-40.01
"2020-10-05 14:21:19.5",5641572,-10,-10,-10,220,-0.002,-40.01
"2020-10-05 14:21:19.6",5641573,-10,-10,-10,220,-0.002,-40.01
"2020-10-05 14:21:19.7",5641574,-10,-10,-10,220,-0.002,-40.01
"2020-10-05 14:21:19.8",5641575,-10,-10,-10,220,-0.002,-40.01
"2020-10-05 14:21:19.9",5641576,-10,-10,-10,220,-0.002,-40.01
"2020-10-05 14:21:20",5641577,-10,-10,-10,220,-0.002,-40.01
"2020-10-05 14:21:20.1",5641578,-10,-10,-10,220,-0.002,-40.01
"2020-10-05 14:21:20.2",5641579,-10,-10,-10,220,-0.002,-40.01
"2020-10-05 14:21:20.3",5641580,-10,-10,-10,220,-0.002,-40.01
"2020-10-05 14:21:20.4",5641581,-10,-10,-10,220,-0.002,-40.01
"2020-10-05 14:21:20.5",5641582,-10,-10,-10,220,-0.002,-40.01
"2020-10-05 14:21:20.6",5641583,-10,-10,-10,220,-0.002,-40.01
"2020-10-05 14:21:20.7",5641584,-10,-10,-10,220,-0.002,-40.01
"2020-10-05 14:21:20.8",5641585,-10,-10,-10,220,-0.002,-40.01
"2020-10-05 14:21:20.9",5641586,-10,-10,-10,220,-0.002,-40.01
"2020-10-05 14:21:21",5641587,-10,-10,-10,220,-0.002,-40.01
"2020-10-05 14:21:21.1",5641588,-10,-10,-10,220,-0.002,-40.01
"2020-10-05 14:21:21.2",5641589,-10,-10,-10,220,-0.002,-40.01
"2020-10-05 14:21:21.3",5641590,-10,-10,-10,220,-0.002,-40.01
"2020-10-05 14:21:21.4",5641591,-10,-10,-10,220,-0.002,-40.01
"2020-10-05 14:21:21.5",5641592,-10,-10,-10,220,-0.002,-40.01
"2020-10-05 14:21:21.6",5641593,-10,-10,-10,220,-0.002,-40.01
"2020-10-05 14:21:21.7",5641594,-10,-10,-10,220,-0.002,-40.01
"2020-10-05 14:21:21.8",5641595,-10,-10,-10,220,-0.002,-40.01
"2020-10-05 14:21:21.9",5641596,-10,-10,-10,220,-0.002,-40.01
"2020-10-05 14:21:22",5641597,-10,-10,-10,220,-0.002,-40.01
"2020-10-05 14:21:22.1",5641598,-10,-10,-10,220,-0.002,-40.01
"2020-10-05 14:21:22.2",5641599,-10,-10,-10,220,-0.002,-40.01
"2020-10-05 14:21:22.3",5641600,-10,-10,-10,220,-0.002,-40.01
"2020-10-05 14:21:22.4",5641601,-10,-10,-10,220,-0.002,-40.01
"2020-10-05 14:21:22.5",5641602,-10,-10,-10,220,-0.002,-40.01
"2020-10-05 14:21:22.6",5641603,-10,-10,-10,220,-0.002,-40.01
"2020-10-05 14:21:22.7",5641604,-10,-10,-10,220,-0.002,-40.01
"2020-10-05 14:21:22.8",5641605,-10,-10,-10,220,-0.002,-40.01
"2020-10-05 14:21:22.9",5641606,-10,-10,-10,220,-0.002,-40.01
"2020-10-05 14:21:23",5641607,-10,-10,-10,220,-0.002,-40.01
"2020-10-05 14:21:23.1",5641608,-10,-10,-10,220,-0.002,-40.01
"2020-10-05 14:21:23.2",5641609,-10,-10,-10,220,-0.002,-40.01
"2020-10-05 14:21:23.3",5641610,-10,-10,-10,220,-0.002,-40.01
"2020-10-05 14:21:23.4",5641611,-10,-10,-10,220,-0.002,-40.01
"2020-10-05 14:21:23.5",5641612,-10,-10,-10,220,-0.002,-40.01
"2020-10-05 14:21:23.6",5641613,-10,-10,-10,220,-0.002,-40.01
"2020-10-05 14:21:23.7",5641614,-10,-10,-10,220,-0.002,-40.01
"2020-10-05 14:21:23.8",5641615,-10,-10,-10,220,-0.002,-40.01
"2020-10-05 14:21:23.9",5641616,-10,-10,-10,220,-0.002,-40.01
"2020-10-05 14:21:24",5641617,-10,-10,-10,220,-0.002,-40.01
"2020-10-05 14:21:24.1",5641618,-10,-10,-10,220,-0.002,-40.01
"2020-10-05 14:21:24.2",5641619,-10,-10,-10,220,-0.002,-40.01
"2020-10-05 14:21:24.3",5641620,-10,-10,-10,220,-0.002,-40.01
"2020-10-05 14:21:24.4",5641621,-10,-10,-10,220,-0.002,-40.01
"2020-10-05 14:21:24.5",5641622,-10,-10,-10,220,-0.002,-40.01
"2020-10-05 14:21:24.6",5641623,-10,-10,-10,220,-0.002,-40.01
"2020-10-05 14:21:24.7",5641624,-10,-10,-10,220,-0.002,-40.01
"2020-10-05 14:21:24.8",5641625,-10,-10,-10,220,-0.002,-40.01
"2020-10-05 14:21:24.9",5641626,-10,-10,-10,220,-0.002,-40.01
"2020-10-05 14:21:25",5641627,-10,-10,-10,220,-0.002,-40.01
"2020-10-05 14:21:25.1",5641628,-10,-10,-10,220,-0.002,-40.01
"2020-10-05 14:21:25.2",5641629,-10,-10,-10,220,-0.002,-40.01
"2020-10-05 14:21:25.3",5641630,-10,-10,-10,220,-0.002,-40.01
"2020-10-05 14:21:25.4",5641631,-10,-10,-10,220,-0.002,-40.01
"2020-10-05 14:21:25.5",5641632,-10,-10,-10,220,-0.002,-40.01
"2020-10-05 14:21:25.6",5641633,-10,-10,-10,220,-0.002,-40.01
"2020-10-05 14:21:25.7",5641634,-10,-10,-10,220,-0.002,-40.01
"2020-10-05 14:21:25.8",5641635,-10,-10,-10,220,-0.002,-40.01
"2020-10-05 14:21:25.9",5641636,-10,-10,-10,220,-0.002,-40.01
"2020-10-05 14:21:26",5641637,-10,-10,-10,220,-0.002,-40.01
"2020-10-05 14:21:26.1",5641638,-10,-10,-10,220,-0.002,-40.01
"2020-10-05 14:21:26.2",5641639,-10,-10,-10,220,-0.002,-40.01
"2020-10-05 14:21:26.3",5641640,-10,-10,-10,220,-0.002,-40.01
"2020-10-05 14:21:26.4",5641641,-10,-10,-10,220,-0.002,-40.01
"2020-10-05 14:21:26.5",5641642,-10,-10,-10,220,-0.002,-40.01
"2020-10-05 14:21:26.6",5641643,-10,-10,-10,220,-0.002,-40.01
"2020-10-05 14:21:26.7",5641644,-10,-10,-10,220,-0.002,-40.01
"2020-10-05 14:21:26.8",5641645,-10,-10,-10,220,-0.002,-40.01
"2020-10-05 14:21:26.9",5641646,-10,-10,-10,220,-0.002,-40.01
"2020-10-05 14:21:27",5641647,-10,-10,-10,220,-0.002,-40.01
"2020-10-05 14:21:27.1",5641648,-10,-10,-10,220,-0.002,-40.01
"2020-10-05 14:21:27.2",5641649,-10,-10,-10,220,-0.002,-40.01
"2020-10-05 14:21:27.3",5641650,-10,-10,-10,220,-0.002,-40.01
"2020-10-05 14:21:27.4",5641651,-10,-10,-10,220,-0.002,-40.01
"2020-10-05 14:21:27.5",5641652,-10,-10,-10,220,-0.002,-40.01
"2020-10-05 14:21:27.6",5641653,-10,-10,-10,220,-0.002,-40.01
"2020-10-05 14:21:27.7",5641654,-10,-10,-10,220,-0.002,-40.01
"2020-10-05 14:21:27.8",5641655,-10,-10,-10,220,-0.002,-40.01
"2020-10-05 14:21:27.9",5641656,-10,-10,-10,220,-0.002,-40.01
"2020-10-05 14:21:28",5641657,-10,-10,-10,220,-0.002,-40.01
"2020-10-05 14:21:28.1",5641658,-10,-10,-10,220,-0.002,-40.01
"2020-10-05 14:21:28.2",5641659,-10,-10,-10,220,-0.002,-40.01
"2020-10-05 14:21:28.3",5641660,-10,-10,-10,220,-0.002,-40.01
"2020-10-05 14:21:28.4",5641661,-10,-10,-10,220,-0.002,-40.01
"2020-10-05 14:21:28.5",5641662,-10,-10,-10,220,-0.002,-40.01
"2020-10-05 14:21:28.6",5641663,-10,-10,-10,220,-0.002,-40.01
"2020-10-05 14:21:28.7",5641664,-10,-10,-10,220,-0.002,-40.01
"2020-10-05 14:21:28.8",5641665,-10,-10,-10,220,-0.002,-40.01
"2020-10-05 14:21:28.9",5641666,-10,-10,-10,220,-0.002,-40.01
"2020-10-05 14:21:29",5641667,-10,-10,-10,220,-0.002,-40.01
"2020-10-05 14:21:29.1",5641668,-10,-10,-10,220,-0.002,-40.01
"2020-10-05 14:21:29.2",5641669,-10,-10,-10,220,-0.002,-40.01
"2020-10-05 14:21:29.3",5641670,-10,-10,-10,220,-0.002,-40.01
"2020-10-05 14:21:29.4",5641671,-10,-10,-10,220,-0.002,-40.01
"2020-10-05 14:21:29.5",5641672,-10,-10,-10,220,-0.002,-40.01
"2020-10-05 14:21:29.6",5641673,-10,-10,-10,220,-0.002,-40.01
"2020-10-05 14:21:29.7",5641674,-10,-10,-10,220,-0.002,-40.01
"2020-10-05 14:21:29.8",5641675,-10,-10,-10,220,-0.002,-40.01
"2020-10-05 14:21:29.9",5641676,-10,-10,-10,220,-0.002,-40.01
"2020-10-05 14:21:30",5641677,-10,-10,-10,220,-0.002,-40.01
"2020-10-05 14:21:30.1",5641678,-10,-10,-10,220,-0.002,-40.01
"2020-10-05 14:21:30.2",5641679,-10,-10,-10,220,-0.002,-40.01
"2020-10-05 14:21:30.3",5641680,-10,-10,-10,220,-0.002,-40.01
"2020-10-05 14:21:30.4",5641681,-10,-10,-10,220,-0.002,-40.01
"2020-10-05 14:21:30.5",5641682,-10,-10,-10,220,-0.002,-40.01
"2020-10-05 14:21:30.6",5641683,-10,-10,-10,220,-0.002,-40.01
"2020-10-05 14:21:30.7",5641684,-10,-10,-10,220,-0.002,-40.01
"2020-10-05 14:21:30.8",5641685,-10,-10,-10,220,-0.002,-40.01
"2020-10-05 14:21:30.9",5641686,-10,-10,-10,220,-0.002,-40.01
"2020-10-05 14:21:31",5641687,-10,-10,-10,220,-0.002,-40.01
"2020-10-05 14:21:31.1",5641688,-10,-10,-10,220,-0.002,-40.01
"2020-10-05 14:21:31.2",5641689,-10,-10,-10,220,-0.002,-40.01
"2020-10-05 14:21:31.3",5641690,-10,-10,-10,220,-0.002,-40.01
"2020-10-05 14:21:31.4",5641691,-10,-10,-10,220,-0.002,-40.01
"2020-10-05 14:21:31.5",5641692,-10,-10,-10,220,-0.002,-40.01
"2020-10-05 14:21:31.6",5641693,-10,-10,-10,220,-0.002,-40.01
"2020-10-05 14:21:31.7",5641694,-10,-10,-10,220,-0.002,-40.01
"2020-10-05 14:21:31.8",5641695,-10,-10,-10,220,-0.002,-40.01
"2020-10-05 14:21:31.9",5641696,-10,-10,-10,220,-0.002,-40.01
"2020-10-05 14:21:32",5641697,-10,-10,-10,220,-0.002,-40.01
"2020-10-05 14:21:32.1",5641698,-10,-10,-10,220,-0.002,-40.01
"2020-10-05 14:21:32.2",5641699,-10,-10,-10,220,-0.002,-40.01
"2020-10-05 14:21:32.3",5641700,-10,-10,-10,220,-0.002,-40.01
"2020-10-05 14:21:32.4",5641701,-10,-10,-10,220,-0.002,-40.01
"2020-10-05 14:21:32.5",5641702,-10,-10,-10,220,-0.002,-40.01
"2020-10-05 14:21:32.6",5641703,-10,-10,-10,220,-0.002,-40.01
"2020-10-05 14:21:32.7",5641704,-10,-10,-10,220,-0.002,-40.01
"2020-10-05 14:21:32.8",5641705,-10,-10,-10,220,-0.002,-40.01
"2020-10-05 14:21:32.9",5641706,-10,-10,-10,220,-0.002,-40.01
"2020-10-05 14:21:33",5641707,-10,-10,-10,220,-0.002,-40.01
"2020-10-05 14:21:33.1",5641708,-10,-10,-10,220,-0.002,-40.01
"2020-10-05 14:21:33.2",5641709,-10,-10,-10,220,-0.002,-40.01
"2020-10-05 14:21:33.3",5641710,-10,-10,-10,220,-0.002,-40.01
"2020-10-05 14:21:33.4",5641711,-10,-10,-10,220,-0.002,-40.01
"2020-10-05 14:21:33.5",5641712,-10,-10,-10,220,-0.002,-40.01
"2020-10-05 14:21:33.6",5641713,-10,-10,-10,220,-0.002,-40.01
"2020-10-05 14:21:33.7",5641714,-10,-10,-10,220,-0.002,-40.01
"2020-10-05 14:21:33.8",5641715,-10,-10,-10,220,-0.002,-40.01
"2020-10-05 14:21:33.9",5641716,-10,-10,-10,220,-0.002,-40.01
"2020-10-05 14:21:34",5641717,-10,-10,-10,220,-0.002,-40.01
"2020-10-05 14:21:34.1",5641718,-10,-10,-10,220,-0.002,-40.01
"2020-10-05 14:21:34.2",5641719,-10,-10,-10,220,-0.002,-40.01
"2020-10-05 14:21:34.3",5641720,-10,-10,-10,220,-0.002,-40.01
"2020-10-05 14:21:34.4",5641721,-10,-10,-10,220,-0.002,-40.01
"2020-10-05 14:21:34.5",5641722,-10,-10,-10,220,-0.002,-40.01
"2020-10-05 14:21:34.6",5641723,-10,-10,-10,220,-0.002,-40.01
"2020-10-05 14:21:34.7",5641724,-10,-10,-10,220,-0.002,-40.01
"2020-10-05 14:21:34.8",5641725,-10,-10,-10,220,-0.002,-40.01
"2020-10-05 14:21:34.9",5641726,-10,-10,-10,220,-0.002,-40.01
"2020-10-05 14:21:35",5641727,-10,-10,-10,220,-0.002,-40.01
"2020-10-05 14:21:35.1",5641728,-10,-10,-10,220,-0.002,-40.01
"2020-10-05 14:21:35.2",5641729,-10,-10,-10,220,-0.002,-40.01
"2020-10-05 14:21:35.3",5641730,-10,-10,-10,220,-0.002,-40.01
"2020-10-05 14:21:35.4",5641731,-10,-10,-10,220,-0.002,-40.01
"2020-10-05 14:21:35.5",5641732,-10,-10,-10,220,-0.002,-40.01
"2020-10-05 14:21:35.6",5641733,-10,-10,-10,220,-0.002,-40.01
"2020-10-05 14:21:35.7",5641734,-10,-10,-10,220,-0.002,-40.01
"2020-10-05 14:21:35.8",5641735,-10,-10,-10,220,-0.002,-40.01
"2020-10-05 14:21:35.9",5641736,-10,-10,-10,220,-0.002,-40.01
"2020-10-05 14:21:36",5641737,-10,-10,-10,220,-0.002,-40.01
"2020-10-05 14:21:36.1",5641738,-10,-10,-10,220,-0.002,-40.01
"2020-10-05 14:21:36.2",5641739,-10,-10,-10,220,-0.002,-40.01
"2020-10-05 14:21:36.3",5641740,-10,-10,-10,220,-0.002,-40.01
"2020-10-05 14:21:36.4",5641741,-10,-10,-10,220,-0.002,-40.01
"2020-10-05 14:21:36.5",5641742,-10,-10,-10,220,-0.002,-40.01
"2020-10-05 14:21:36.6",5641743,-10,-10,-10,220,-0.002,-40.01
"2020-10-05 14:21:36.7",5641744,-10,-10,-10,220,-0.002,-40.01
"2020-10-05 14:21:36.8",5641745,-10,-10,-10,220,-0.002,-40.01
"2020-10-05 14:21:36.9",5641746,-10,-10,-10,220,-0.002,-40.01
"2020-10-05 14:21:37",5641747,-10,-10,-10,220,-0.002,-40.01
"2020-10-05 14:21:37.1",5641748,-10,-10,-10,220,-0.002,-40.01
"2020-10-05 14:21:37.2",5641749,-10,-10,-10,220,-0.002,-40.01
"2020-10-05 14:21:37.3",5641750,-10,-10,-10,220,-0.002,-40.01
"2020-10-05 14:21:37.4",5641751,-10,-10,-10,220,-0.002,-40.01
"2020-10-05 14:21:37.5",5641752,-10,-10,-10,220,-0.002,-40.01
"2020-10-05 14:21:37.6",5641753,-10,-10,-10,220,-0.002,-40.01
"2020-10-05 14:21:37.7",5641754,-10,-10,-10,220,-0.002,-40.01
"2020-10-05 14:21:37.8",5641755,-10,-10,-10,220,-0.002,-40.01
"2020-10-05 14:21:37.9",5641756,-10,-10,-10,220,-0.002,-40.01
"2020-10-05 14:21:38",5641757,-10,-10,-10,220,-0.002,-40.01
"2020-10-05 14:21:38.1",5641758,-10,-10,-10,220,-0.002,-40.01
"2020-10-05 14:21:38.2",5641759,-10,-10,-10,220,-0.002,-40.01
"2020-10-05 14:21:38.3",5641760,-10,-10,-10,220,-0.002,-40.01
"2020-10-05 14:21:38.4",5641761,-10,-10,-10,220,-0.002,-40.01
"2020-10-05 14:21:38.5",5641762,-10,-10,-10,220,-0.003,-40.01
"2020-10-05 14:21:38.6",5641763,-10,-10,-10,220,-0.002,-40.01
"2020-10-05 14:21:38.7",5641764,-10,-10,-10,220,-0.002,-40.01
"2020-10-05 14:21:38.8",5641765,-10,-10,-10,220,-0.002,-40.01
"2020-10-05 14:21:38.9",5641766,-10,-10,-10,220,-0.002,-40.01
"2020-10-05 14:21:39",5641767,-10,-10,-10,220,-0.002,-40.01
"2020-10-05 14:21:39.1",5641768,-10,-10,-10,220,-0.002,-40.01
"2020-10-05 14:21:39.2",5641769,-10,-10,-10,220,-0.002,-40.01
"2020-10-05 14:21:39.3",5641770,-10,-10,-10,220,-0.002,-40.01
"2020-10-05 14:21:39.4",5641771,-10,-10,-10,220,-0.002,-40.01
"2020-10-05 14:21:39.5",5641772,-10,-10,-10,220,-0.002,-40.01
"2020-10-05 14:21:39.6",5641773,-10,-10,-10,220,-0.002,-40.01
"2020-10-05 14:21:39.7",5641774,-10,-10,-10,220,-0.002,-40.01
"2020-10-05 14:21:39.8",5641775,-10,-10,-10,220,-0.002,-40.01
"2020-10-05 14:21:39.9",5641776,-10,-10,-10,220,-0.002,-40.01
"2020-10-05 14:21:40",5641777,-10,-10,-10,220,-0.002,-40.01
"2020-10-05 14:21:40.1",5641778,-10,-10,-10,220,-0.002,-40.01
"2020-10-05 14:21:40.2",5641779,-10,-10,-10,220,-0.002,-40.01
"2020-10-05 14:21:40.3",5641780,-10,-10,-10,220,-0.002,-40.01
"2020-10-05 14:21:40.4",5641781,-10,-10,-10,220,-0.002,-40.01
"2020-10-05 14:21:40.5",5641782,-10,-10,-10,220,-0.002,-40.01
"2020-10-05 14:21:40.6",5641783,-10,-10,-10,220,-0.002,-40.01
"2020-10-05 14:21:40.7",5641784,-10,-10,-10,220,-0.002,-40.01
"2020-10-05 14:21:40.8",5641785,-10,-10,-10,220,-0.002,-40.01
"2020-10-05 14:21:40.9",5641786,-10,-10,-10,220,-0.002,-40.01
"2020-10-05 14:21:41",5641787,-10,-10,-10,220,-0.002,-40.01
"2020-10-05 14:21:41.1",5641788,-10,-10,-10,220,-0.002,-40.01
"2020-10-05 14:21:41.2",5641789,-10,-10,-10,220,-0.002,-40.01
"2020-10-05 14:21:41.3",5641790,-10,-10,-10,220,-0.002,-40.01
"2020-10-05 14:21:41.4",5641791,-10,-10,-10,220,-0.002,-40.01
"2020-10-05 14:21:41.5",5641792,-10,-10,-10,220,-0.002,-40.01
"2020-10-05 14:21:41.6",5641793,-10,-10,-10,220,-0.002,-40.01
"2020-10-05 14:21:41.7",5641794,-10,-10,-10,220,-0.002,-40.01
"2020-10-05 14:21:41.8",5641795,-10,-10,-10,220,-0.002,-40.01
"2020-10-05 14:21:41.9",5641796,-10,-10,-10,220,-0.002,-40.01
"2020-10-05 14:21:42",5641797,-10,-10,-10,220,-0.002,-40.01
"2020-10-05 14:21:42.1",5641798,-10,-10,-10,220,-0.002,-40.01
"2020-10-05 14:21:42.2",5641799,-10,-10,-10,220,-0.002,-40.01
"2020-10-05 14:21:42.3",5641800,-10,-10,-10,220,-0.002,-40.01
"2020-10-05 14:21:42.4",5641801,-10,-10,-10,220,-0.002,-40.01
"2020-10-05 14:21:42.5",5641802,-10,-10,-10,220,-0.002,-40.01
"2020-10-05 14:21:42.6",5641803,-10,-10,-10,220,-0.002,-40.01
"2020-10-05 14:21:42.7",5641804,-10,-10,-10,220,-0.002,-40.01
"2020-10-05 14:21:42.8",5641805,-10,-10,-10,220,-0.002,-40.01
"2020-10-05 14:21:42.9",5641806,-10,-10,-10,220,-0.002,-40.01
"2020-10-05 14:21:43",5641807,-10,-10,-10,220,-0.002,-40.01
"2020-10-05 14:21:43.1",5641808,-10,-10,-10,220,-0.002,-40.01
"2020-10-05 14:21:43.2",5641809,-10,-10,-10,220,-0.002,-40.01
"2020-10-05 14:21:43.3",5641810,-10,-10,-10,220,-0.002,-40.01
"2020-10-05 14:21:43.4",5641811,-10,-10,-10,220,-0.002,-40.01
"2020-10-05 14:21:43.5",5641812,-10,-10,-10,220,-0.002,-40.01
"2020-10-05 14:21:43.6",5641813,-10,-10,-10,220,-0.002,-40.01
"2020-10-05 14:21:43.7",5641814,-10,-10,-10,220,-0.002,-40.01
"2020-10-05 14:21:43.8",5641815,-10,-10,-10,220,-0.002,-40.01
"2020-10-05 14:21:43.9",5641816,-10,-10,-10,220,-0.002,-40.01
"2020-10-05 14:21:44",5641817,-10,-10,-10,220,-0.002,-40.01
"2020-10-05 14:21:44.1",5641818,-10,-10,-10,220,-0.002,-40.01
"2020-10-05 14:21:44.2",5641819,-10,-10,-10,220,-0.002,-40.01
"2020-10-05 14:21:44.3",5641820,-10,-10,-10,220,-0.002,-40.01
"2020-10-05 14:21:44.4",5641821,-10,-10,-10,220,-0.002,-40.01
"2020-10-05 14:21:44.5",5641822,-10,-10,-10,220,-0.002,-40.01
"2020-10-05 14:21:44.6",5641823,-10,-10,-10,220,-0.002,-40.01
"2020-10-05 14:21:44.7",5641824,-10,-10,-10,220,-0.002,-40.01
"2020-10-05 14:21:44.8",5641825,-10,-10,-10,220,-0.002,-40.01
"2020-10-05 14:21:44.9",5641826,-10,-10,-10,220,-0.002,-40.01
"2020-10-05 14:21:45",5641827,-10,-10,-10,220,-0.002,-40.01
"2020-10-05 14:21:45.1",5641828,-10,-10,-10,220,-0.002,-40.01
"2020-10-05 14:21:45.2",5641829,-10,-10,-10,220,-0.002,-40.01
"2020-10-05 14:21:45.3",5641830,-10,-10,-10,220,-0.002,-40.01
"2020-10-05 14:21:45.4",5641831,-10,-10,-10,220,-0.002,-40.01
"2020-10-05 14:21:45.5",5641832,-10,-10,-10,220,-0.002,-40.01
"2020-10-05 14:21:45.6",5641833,-10,-10,-10,220,-0.002,-40.01
"2020-10-05 14:21:45.7",5641834,-10,-10,-10,220,-0.002,-40.01
"2020-10-05 14:21:45.8",5641835,-10,-10,-10,220,-0.002,-40.01
"2020-10-05 14:21:45.9",5641836,-10,-10,-10,220,-0.002,-40.01
"2020-10-05 14:21:46",5641837,-10,-10,-10,220,-0.002,-40.01
"2020-10-05 14:21:46.1",5641838,-10,-10,-10,220,-0.002,-40.01
"2020-10-05 14:21:46.2",5641839,-10,-10,-10,220,-0.002,-40.01
"2020-10-05 14:21:46.3",5641840,-10,-10,-10,220,-0.002,-40.01
"2020-10-05 14:21:46.4",5641841,-10,-10,-10,220,-0.002,-40.01
"2020-10-05 14:21:46.5",5641842,-10,-10,-10,220,-0.002,-40.01
"2020-10-05 14:21:46.6",5641843,-10,-10,-10,220,-0.002,-40.01
"2020-10-05 14:21:46.7",5641844,-10,-10,-10,220,-0.002,-40.01
"2020-10-05 14:21:46.8",5641845,-10,-10,-10,220,-0.002,-40.01
"2020-10-05 14:21:46.9",5641846,-10,-10,-10,220,-0.002,-40.01
"2020-10-05 14:21:47",5641847,-10,-10,-10,220,-0.002,-40.01
"2020-10-05 14:21:47.1",5641848,-10,-10,-10,220,-0.002,-40.01
"2020-10-05 14:21:47.2",5641849,-10,-10,-10,220,-0.002,-40.01
"2020-10-05 14:21:47.3",5641850,-10,-10,-10,220,-0.002,-40.01
"2020-10-05 14:21:47.4",5641851,-10,-10,-10,220,-0.002,-40.01
"2020-10-05 14:21:47.5",5641852,-10,-10,-10,220,-0.002,-40.01
"2020-10-05 14:21:47.6",5641853,-10,-10,-10,220,-0.002,-40.01
"2020-10-05 14:21:47.7",5641854,-10,-10,-10,220,-0.002,-40.01
"2020-10-05 14:21:47.8",5641855,-10,-10,-10,220,-0.002,-40.01
"2020-10-05 14:21:47.9",5641856,-10,-10,-10,220,-0.002,-40.01
"2020-10-05 14:21:48",5641857,-10,-10,-10,220,-0.002,-40.01
"2020-10-05 14:21:48.1",5641858,-10,-10,-10,220,-0.002,-40.01
"2020-10-05 14:21:48.2",5641859,-10,-10,-10,220,-0.002,-40.01
"2020-10-05 14:21:48.3",5641860,-10,-10,-10,220,-0.002,-40.01
"2020-10-05 14:21:48.4",5641861,-10,-10,-10,220,-0.002,-40.01
"2020-10-05 14:21:48.5",5641862,-10,-10,-10,220,-0.002,-40.01
"2020-10-05 14:21:48.6",5641863,-10,-10,-10,220,-0.002,-40.01
"2020-10-05 14:21:48.7",5641864,-10,-10,-10,220,-0.002,-40.01
"2020-10-05 14:21:48.8",5641865,-10,-10,-10,220,-0.002,-40.01
"2020-10-05 14:21:48.9",5641866,-10,-10,-10,220,-0.002,-40.01
"2020-10-05 14:21:49",5641867,-10,-10,-10,220,-0.002,-40.01
"2020-10-05 14:21:49.1",5641868,-10,-10,-10,220,-0.002,-40.01
"2020-10-05 14:21:49.2",5641869,-10,-10,-10,220,-0.002,-40.01
"2020-10-05 14:21:49.3",5641870,-10,-10,-10,220,-0.002,-40.01
"2020-10-05 14:21:49.4",5641871,-10,-10,-10,220,-0.002,-40.01
"2020-10-05 14:21:49.5",5641872,-10,-10,-10,220,-0.002,-40.01
"2020-10-05 14:21:49.6",5641873,-10,-10,-10,220,-0.002,-40.01
"2020-10-05 14:21:49.7",5641874,-10,-10,-10,220,-0.002,-40.01
"2020-10-05 14:21:49.8",5641875,-10,-10,-10,220,-0.002,-40.01
"2020-10-05 14:21:49.9",5641876,-10,-10,-10,220,-0.002,-40.01
"2020-10-05 14:21:50",5641877,-10,-10,-10,220,-0.002,-40.01
"2020-10-05 14:21:50.1",5641878,-10,-10,-10,220,-0.002,-40.01
"2020-10-05 14:21:50.2",5641879,-10,-10,-10,220,-0.002,-40.01
"2020-10-05 14:21:50.3",5641880,-10,-10,-10,220,-0.002,-40.01
"2020-10-05 14:21:50.4",5641881,-10,-10,-10,220,-0.002,-40.01
"2020-10-05 14:21:50.5",5641882,-10,-10,-10,220,-0.002,-40.01
"2020-10-05 14:21:50.6",5641883,-10,-10,-10,220,-0.002,-40.01
"2020-10-05 14:21:50.7",5641884,-10,-10,-10,220,-0.002,-40.01
"2020-10-05 14:21:50.8",5641885,-10,-10,-10,220,-0.002,-40.01
"2020-10-05 14:21:50.9",5641886,-10,-10,-10,220,-0.002,-40.01
