"TOA5","10329","CR6","10329","CR6.Std.09.01 CR6-WIFI.04.00.01","CPU:YOUNG81000_HMP60_10Hz.CR6","51185","Young10Hz_hmp"
"TIMESTAMP","RECORD","U","V","W","TSonic","RH","T_HMP60"
"TS","RN","mV","mV","mV","mV","%","Deg C"
"","","Smp","Smp","Smp","Smp","Smp","Smp"
"2020-10-05 14:26:51",5644887,-10,-10,-10,220,-0.002,-40.01
"2020-10-05 14:26:51.1",5644888,-10,-10,-10,220,-0.002,-40.01
"2020-10-05 14:26:51.2",5644889,-10,-10,-10,220,-0.002,-40.01
"2020-10-05 14:26:51.3",5644890,-10,-10,-10,220,-0.002,-40.01
"2020-10-05 14:26:51.4",5644891,-10,-10,-10,220,-0.002,-40.01
"2020-10-05 14:26:51.5",5644892,-10,-10,-10,220,-0.002,-40.01
"2020-10-05 14:26:51.6",5644893,-10,-10,-10,220,-0.002,-40.01
"2020-10-05 14:26:51.7",5644894,-10,-10,-10,220,-0.002,-40.01
"2020-10-05 14:26:51.8",5644895,-10,-10,-10,220,-0.002,-40.01
"2020-10-05 14:26:51.9",5644896,-10,-10,-10,220,-0.002,-40.01
"2020-10-05 14:26:52",5644897,-10,-10,-10,220,-0.002,-40.01
"2020-10-05 14:26:52.1",5644898,-10,-10,-10,220,-0.002,-40.01
"2020-10-05 14:26:52.2",5644899,-10,-10,-10,220,-0.002,-40.01
"2020-10-05 14:26:52.3",5644900,-10,-10,-10,220,-0.002,-40.01
"2020-10-05 14:26:52.4",5644901,-10,-10,-10,220,-0.002,-40.01
"2020-10-05 14:26:52.5",5644902,-10,-10,-10,220,-0.002,-40.01
"2020-10-05 14:26:52.6",5644903,-10,-10,-10,220,-0.002,-40.01
"2020-10-05 14:26:52.7",5644904,-10,-10,-10,220,-0.002,-40.01
"2020-10-05 14:26:52.8",5644905,-10,-10,-10,220,-0.002,-40.01
"2020-10-05 14:26:52.9",5644906,-10,-10,-10,220,-0.002,-40.01
"2020-10-05 14:26:53",5644907,-10,-10,-10,220,-0.002,-40.01
"2020-10-05 14:26:53.1",5644908,-10,-10,-10,220,-0.002,-40.01
"2020-10-05 14:26:53.2",5644909,-10,-10,-10,220,-0.002,-40.01
"2020-10-05 14:26:53.3",5644910,-10,-10,-10,220,-0.002,-40.01
"2020-10-05 14:26:53.4",5644911,-10,-10,-10,220,-0.002,-40.01
"2020-10-05 14:26:53.5",5644912,-10,-10,-10,220,-0.002,-40.01
"2020-10-05 14:26:53.6",5644913,-10,-10,-10,220,-0.002,-40.01
"2020-10-05 14:26:53.7",5644914,-10,-10,-10,220,-0.002,-40.01
"2020-10-05 14:26:53.8",5644915,-10,-10,-10,220,-0.002,-40.01
"2020-10-05 14:26:53.9",5644916,-10,-10,-10,220,-0.002,-40.01
"2020-10-05 14:26:54",5644917,-10,-10,-10,220,-0.002,-40.01
"2020-10-05 14:26:54.1",5644918,-10,-10,-10,220,-0.002,-40.01
"2020-10-05 14:26:54.2",5644919,-10,-10,-10,220,-0.002,-40.01
"2020-10-05 14:26:54.3",5644920,-10,-10,-10,220,-0.002,-40.01
"2020-10-05 14:26:54.4",5644921,-10,-10,-10,220,-0.002,-40.01
"2020-10-05 14:26:54.5",5644922,-10,-10,-10,220,-0.002,-40.01
"2020-10-05 14:26:54.6",5644923,-10,-10,-10,220,-0.002,-40.01
"2020-10-05 14:26:54.7",5644924,-10,-10,-10,220,-0.002,-40.01
"2020-10-05 14:26:54.8",5644925,-10,-10,-10,220,-0.002,-40.01
"2020-10-05 14:26:54.9",5644926,-10,-10,-10,220,-0.002,-40.01
"2020-10-05 14:26:55",5644927,-10,-10,-10,220,-0.002,-40.01
"2020-10-05 14:26:55.1",5644928,-10,-10,-10,220,-0.002,-40.01
"2020-10-05 14:26:55.2",5644929,-10,-10,-10,220,-0.002,-40.01
"2020-10-05 14:26:55.3",5644930,-10,-10,-10,220,-0.002,-40.01
"2020-10-05 14:26:55.4",5644931,-10,-10,-10,220,-0.002,-40.01
"2020-10-05 14:26:55.5",5644932,-10,-10,-10,220,-0.002,-40.01
"2020-10-05 14:26:55.6",5644933,-10,-10,-10,220,-0.002,-40.01
"2020-10-05 14:26:55.7",5644934,-10,-10,-10,220,-0.002,-40.01
"2020-10-05 14:26:55.8",5644935,-10,-10,-10,220,-0.002,-40.01
"2020-10-05 14:26:55.9",5644936,-10,-10,-10,220,-0.002,-40.01
"2020-10-05 14:26:56",5644937,-10,-10,-10,220,-0.002,-40.01
"2020-10-05 14:26:56.1",5644938,-10,-10,-10,220,-0.002,-40.01
"2020-10-05 14:26:56.2",5644939,-10,-10,-10,220,-0.002,-40.01
"2020-10-05 14:26:56.3",5644940,-10,-10,-10,220,-0.002,-40.01
"2020-10-05 14:26:56.4",5644941,-10,-10,-10,220,-0.002,-40.01
"2020-10-05 14:26:56.5",5644942,-10,-10,-10,220,-0.002,-40.01
"2020-10-05 14:26:56.6",5644943,-10,-10,-10,220,-0.002,-40.01
"2020-10-05 14:26:56.7",5644944,-10,-10,-10,220,-0.002,-40.01
"2020-10-05 14:26:56.8",5644945,-10,-10,-10,220,-0.002,-40.01
"2020-10-05 14:26:56.9",5644946,-10,-10,-10,220,-0.002,-40.01
"2020-10-05 14:26:57",5644947,-10,-10,-10,220,-0.002,-40.01
"2020-10-05 14:26:57.1",5644948,-10,-10,-10,220,-0.002,-40.01
"2020-10-05 14:26:57.2",5644949,-10,-10,-10,220,-0.002,-40.01
"2020-10-05 14:26:57.3",5644950,-10,-10,-10,220,-0.002,-40.01
"2020-10-05 14:26:57.4",5644951,-10,-10,-10,220,-0.002,-40.01
"2020-10-05 14:26:57.5",5644952,-10,-10,-10,220,-0.002,-40.01
"2020-10-05 14:26:57.6",5644953,-10,-10,-10,220,-0.002,-40.01
"2020-10-05 14:26:57.7",5644954,-10,-10,-10,220,-0.002,-40.01
"2020-10-05 14:26:57.8",5644955,-10,-10,-10,220,-0.002,-40.01
"2020-10-05 14:26:57.9",5644956,-10,-10,-10,220,-0.002,-40.01
"2020-10-05 14:26:58",5644957,-10,-10,-10,220,-0.002,-40.01
"2020-10-05 14:26:58.1",5644958,-10,-10,-10,220,-0.002,-40.01
"2020-10-05 14:26:58.2",5644959,-10,-10,-10,220,-0.002,-40.01
"2020-10-05 14:26:58.3",5644960,-10,-10,-10,220,-0.002,-40.01
"2020-10-05 14:26:58.4",5644961,-10,-10,-10,220,-0.002,-40.01
"2020-10-05 14:26:58.5",5644962,-10,-10,-10,220,-0.002,-40.01
"2020-10-05 14:26:58.6",5644963,-10,-10,-10,220,-0.002,-40.01
"2020-10-05 14:26:58.7",5644964,-10,-10,-10,220,-0.002,-40.01
"2020-10-05 14:26:58.8",5644965,-10,-10,-10,220,-0.002,-40.01
"2020-10-05 14:26:58.9",5644966,-10,-10,-10,220,-0.002,-40.01
"2020-10-05 14:26:59",5644967,-10,-10,-10,220,-0.002,-40.01
"2020-10-05 14:26:59.1",5644968,-10,-10,-10,220,-0.002,-40.01
"2020-10-05 14:26:59.2",5644969,-10,-10,-10,220,-0.002,-40.01
"2020-10-05 14:26:59.3",5644970,-10,-10,-10,220,-0.002,-40.01
"2020-10-05 14:26:59.4",5644971,-10,-10,-10,220,-0.002,-40.01
"2020-10-05 14:26:59.5",5644972,-10,-10,-10,220,-0.002,-40.01
"2020-10-05 14:26:59.6",5644973,-10,-10,-10,220,-0.002,-40.01
"2020-10-05 14:26:59.7",5644974,-10,-10,-10,220,-0.002,-40.01
"2020-10-05 14:26:59.8",5644975,-10,-10,-10,220,-0.002,-40.01
"2020-10-05 14:26:59.9",5644976,-10,-10,-10,220,-0.002,-40.01
"2020-10-05 14:27:00",5644977,-10,-10,-10,220,-0.002,-40.01
"2020-10-05 14:27:00.1",5644978,-10,-10,-10,220,-0.008,-40.02
"2020-10-05 14:27:00.2",5644979,-10,-10,-10,220,-0.008,-40.02
"2020-10-05 14:27:00.3",5644980,-10,-10,-10,220,-0.002,-40
"2020-10-05 14:27:00.4",5644981,-10,-10,-10,220,-0.002,-40.01
"2020-10-05 14:27:00.5",5644982,-10,-10,-10,220,-0.002,-40.01
"2020-10-05 14:27:00.6",5644983,-10,-10,-10,220,-0.002,-40.01
"2020-10-05 14:27:00.7",5644984,-10,-10,-10,220,-0.002,-40.01
"2020-10-05 14:27:00.8",5644985,-10,-10,-10,220,-0.002,-40.01
"2020-10-05 14:27:00.9",5644986,-10,-10,-10,220,-0.002,-40.01
"2020-10-05 14:27:01",5644987,-10,-10,-10,220,-0.002,-40.01
"2020-10-05 14:27:01.1",5644988,-10,-10,-10,220,-0.002,-40.01
"2020-10-05 14:27:01.2",5644989,-10,-10,-10,220,-0.002,-40.01
"2020-10-05 14:27:01.3",5644990,-10,-10,-10,220,-0.002,-40.01
"2020-10-05 14:27:01.4",5644991,-10,-10,-10,220,-0.002,-40.01
"2020-10-05 14:27:01.5",5644992,-10,-10,-10,220,-0.002,-40.01
"2020-10-05 14:27:01.6",5644993,-10,-10,-10,220,-0.002,-40.01
"2020-10-05 14:27:01.7",5644994,-10,-10,-10,220,-0.002,-40.01
"2020-10-05 14:27:01.8",5644995,-10,-10,-10,220,-0.002,-40.01
"2020-10-05 14:27:01.9",5644996,-10,-10,-10,220,-0.002,-40.01
"2020-10-05 14:27:02",5644997,-10,-10,-10,220,-0.002,-40.01
"2020-10-05 14:27:02.1",5644998,-10,-10,-10,220,-0.002,-40.01
"2020-10-05 14:27:02.2",5644999,-10,-10,-10,220,-0.002,-40.01
"2020-10-05 14:27:02.3",5645000,-10,-10,-10,220,-0.002,-40.01
"2020-10-05 14:27:02.4",5645001,-10,-10,-10,220,-0.002,-40.01
"2020-10-05 14:27:02.5",5645002,-10,-10,-10,220,-0.002,-40.01
"2020-10-05 14:27:02.6",5645003,-10,-10,-10,220,-0.002,-40.01
"2020-10-05 14:27:02.7",5645004,-10,-10,-10,220,-0.002,-40.01
"2020-10-05 14:27:02.8",5645005,-10,-10,-10,220,-0.002,-40.01
"2020-10-05 14:27:02.9",5645006,-10,-10,-10,220,-0.002,-40.01
"2020-10-05 14:27:03",5645007,-10,-10,-10,220,-0.002,-40.01
"2020-10-05 14:27:03.1",5645008,-10,-10,-10,220,-0.002,-40.01
"2020-10-05 14:27:03.2",5645009,-10,-10,-10,220,-0.002,-40.01
"2020-10-05 14:27:03.3",5645010,-10,-10,-10,220,-0.002,-40.01
"2020-10-05 14:27:03.4",5645011,-10,-10,-10,220,-0.002,-40.01
"2020-10-05 14:27:03.5",5645012,-10,-10,-10,220,-0.002,-40.01
"2020-10-05 14:27:03.6",5645013,-10,-10,-10,220,-0.002,-40.01
"2020-10-05 14:27:03.7",5645014,-10,-10,-10,220,-0.002,-40.01
"2020-10-05 14:27:03.8",5645015,-10,-10,-10,220,-0.002,-40.01
"2020-10-05 14:27:03.9",5645016,-10,-10,-10,220,-0.002,-40.01
"2020-10-05 14:27:04",5645017,-10,-10,-10,220,-0.002,-40.01
"2020-10-05 14:27:04.1",5645018,-10,-10,-10,220,-0.002,-40.01
"2020-10-05 14:27:04.2",5645019,-10,-10,-10,220,-0.002,-40.01
"2020-10-05 14:27:04.3",5645020,-10,-10,-10,220,-0.002,-40.01
"2020-10-05 14:27:04.4",5645021,-10,-10,-10,220,-0.002,-40.01
"2020-10-05 14:27:04.5",5645022,-10,-10,-10,220,-0.002,-40.01
"2020-10-05 14:27:04.6",5645023,-10,-10,-10,220,-0.002,-40.01
"2020-10-05 14:27:04.7",5645024,-10,-10,-10,220,-0.002,-40.01
"2020-10-05 14:27:04.8",5645025,-10,-10,-10,220,-0.002,-40.01
"2020-10-05 14:27:04.9",5645026,-10,-10,-10,220,-0.002,-40.01
"2020-10-05 14:27:05",5645027,-10,-10,-10,220,-0.002,-40.01
"2020-10-05 14:27:05.1",5645028,-10,-10,-10,220,-0.002,-40.01
"2020-10-05 14:27:05.2",5645029,-10,-10,-10,220,-0.002,-40.01
"2020-10-05 14:27:05.3",5645030,-10,-10,-10,220,-0.002,-40.01
"2020-10-05 14:27:05.4",5645031,-10,-10,-10,220,-0.002,-40.01
"2020-10-05 14:27:05.5",5645032,-10,-10,-10,220,-0.002,-40.01
"2020-10-05 14:27:05.6",5645033,-10,-10,-10,220,-0.002,-40.01
"2020-10-05 14:27:05.7",5645034,-10,-10,-10,220,-0.002,-40.01
"2020-10-05 14:27:05.8",5645035,-10,-10,-10,220,-0.002,-40.01
"2020-10-05 14:27:05.9",5645036,-10,-10,-10,220,-0.002,-40.01
"2020-10-05 14:27:06",5645037,-10,-10,-10,220,-0.002,-40.01
"2020-10-05 14:27:06.1",5645038,-10,-10,-10,220,-0.002,-40.01
"2020-10-05 14:27:06.2",5645039,-10,-10,-10,220,-0.002,-40.01
"2020-10-05 14:27:06.3",5645040,-10,-10,-10,220,-0.002,-40.01
"2020-10-05 14:27:06.4",5645041,-10,-10,-10,220,-0.002,-40.01
"2020-10-05 14:27:06.5",5645042,-10,-10,-10,220,-0.002,-40.01
"2020-10-05 14:27:06.6",5645043,-10,-10,-10,220,-0.002,-40.01
"2020-10-05 14:27:06.7",5645044,-10,-10,-10,220,-0.002,-40.01
"2020-10-05 14:27:06.8",5645045,-10,-10,-10,220,-0.002,-40.01
"2020-10-05 14:27:06.9",5645046,-10,-10,-10,220,-0.002,-40.01
"2020-10-05 14:27:07",5645047,-10,-10,-10,220,-0.002,-40.01
"2020-10-05 14:27:07.1",5645048,-10,-10,-10,220,-0.002,-40.01
"2020-10-05 14:27:07.2",5645049,-10,-10,-10,220,-0.002,-40.01
"2020-10-05 14:27:07.3",5645050,-10,-10,-10,220,-0.002,-40.01
"2020-10-05 14:27:07.4",5645051,-10,-10,-10,220,-0.002,-40.01
"2020-10-05 14:27:07.5",5645052,-10,-10,-10,220,-0.002,-40.01
"2020-10-05 14:27:07.6",5645053,-10,-10,-10,220,-0.002,-40.01
"2020-10-05 14:27:07.7",5645054,-10,-10,-10,220,-0.002,-40.01
"2020-10-05 14:27:07.8",5645055,-10,-10,-10,220,-0.002,-40.01
"2020-10-05 14:27:07.9",5645056,-10,-10,-10,220,-0.002,-40.01
"2020-10-05 14:27:08",5645057,-10,-10,-10,220,-0.002,-40.01
"2020-10-05 14:27:08.1",5645058,-10,-10,-10,220,-0.002,-40.01
"2020-10-05 14:27:08.2",5645059,-10,-10,-10,220,-0.002,-40.01
"2020-10-05 14:27:08.3",5645060,-10,-10,-10,220,-0.002,-40.01
"2020-10-05 14:27:08.4",5645061,-10,-10,-10,220,-0.002,-40.01
"2020-10-05 14:27:08.5",5645062,-10,-10,-10,220,-0.002,-40.01
"2020-10-05 14:27:08.6",5645063,-10,-10,-10,220,-0.002,-40.01
"2020-10-05 14:27:08.7",5645064,-10,-10,-10,220,-0.002,-40.01
"2020-10-05 14:27:08.8",5645065,-10,-10,-10,220,-0.002,-40.01
"2020-10-05 14:27:08.9",5645066,-10,-10,-10,220,-0.002,-40.01
"2020-10-05 14:27:09",5645067,-10,-10,-10,220,-0.002,-40.01
"2020-10-05 14:27:09.1",5645068,-10,-10,-10,220,-0.002,-40.01
"2020-10-05 14:27:09.2",5645069,-10,-10,-10,220,-0.002,-40.01
"2020-10-05 14:27:09.3",5645070,-10,-10,-10,220,-0.002,-40.01
"2020-10-05 14:27:09.4",5645071,-10,-10,-10,220,-0.002,-40.01
"2020-10-05 14:27:09.5",5645072,-10,-10,-10,220,-0.002,-40.01
"2020-10-05 14:27:09.6",5645073,-10,-10,-10,220,-0.002,-40.01
"2020-10-05 14:27:09.7",5645074,-10,-10,-10,220,-0.002,-40.01
"2020-10-05 14:27:09.8",5645075,-10,-10,-10,220,-0.002,-40.01
"2020-10-05 14:27:09.9",5645076,-10,-10,-10,220,-0.002,-40.01
"2020-10-05 14:27:10",5645077,-10,-10,-10,220,-0.002,-40.01
"2020-10-05 14:27:10.1",5645078,-10,-10,-10,220,-0.002,-40.01
"2020-10-05 14:27:10.2",5645079,-10,-10,-10,220,-0.002,-40.01
"2020-10-05 14:27:10.3",5645080,-10,-10,-10,220,-0.002,-40.01
"2020-10-05 14:27:10.4",5645081,-10,-10,-10,220,-0.002,-40.01
"2020-10-05 14:27:10.5",5645082,-10,-10,-10,220,-0.002,-40.01
"2020-10-05 14:27:10.6",5645083,-10,-10,-10,220,-0.002,-40.01
"2020-10-05 14:27:10.7",5645084,-10,-10,-10,220,-0.002,-40.01
"2020-10-05 14:27:10.8",5645085,-10,-10,-10,220,-0.002,-40.01
"2020-10-05 14:27:10.9",5645086,-10,-10,-10,220,-0.002,-40.01
"2020-10-05 14:27:11",5645087,-10,-10,-10,220,-0.002,-40.01
"2020-10-05 14:27:11.1",5645088,-10,-10,-10,220,-0.002,-40.01
"2020-10-05 14:27:11.2",5645089,-10,-10,-10,220,-0.002,-40.01
"2020-10-05 14:27:11.3",5645090,-10,-10,-10,220,-0.002,-40.01
"2020-10-05 14:27:11.4",5645091,-10,-10,-10,220,-0.002,-40.01
"2020-10-05 14:27:11.5",5645092,-10,-10,-10,220,-0.002,-40.01
"2020-10-05 14:27:11.6",5645093,-10,-10,-10,220,-0.002,-40.01
"2020-10-05 14:27:11.7",5645094,-10,-10,-10,220,-0.002,-40.01
"2020-10-05 14:27:11.8",5645095,-10,-10,-10,220,-0.002,-40.01
"2020-10-05 14:27:11.9",5645096,-10,-10,-10,220,-0.002,-40.01
"2020-10-05 14:27:12",5645097,-10,-10,-10,220,-0.002,-40.01
"2020-10-05 14:27:12.1",5645098,-10,-10,-10,220,-0.002,-40.01
"2020-10-05 14:27:12.2",5645099,-10,-10,-10,220,-0.002,-40.01
"2020-10-05 14:27:12.3",5645100,-10,-10,-10,220,-0.002,-40.01
"2020-10-05 14:27:12.4",5645101,-10,-10,-10,220,-0.002,-40.01
"2020-10-05 14:27:12.5",5645102,-10,-10,-10,220,-0.002,-40.01
"2020-10-05 14:27:12.6",5645103,-10,-10,-10,220,-0.002,-40.01
"2020-10-05 14:27:12.7",5645104,-10,-10,-10,220,-0.002,-40.01
"2020-10-05 14:27:12.8",5645105,-10,-10,-10,220,-0.002,-40.01
"2020-10-05 14:27:12.9",5645106,-10,-10,-10,220,-0.002,-40.01
"2020-10-05 14:27:13",5645107,-10,-10,-10,220,-0.002,-40.01
"2020-10-05 14:27:13.1",5645108,-10,-10,-10,220,-0.002,-40.01
"2020-10-05 14:27:13.2",5645109,-10,-10,-10,220,-0.002,-40.01
"2020-10-05 14:27:13.3",5645110,-10,-10,-10,220,-0.002,-40.01
"2020-10-05 14:27:13.4",5645111,-10,-10,-10,220,-0.002,-40.01
"2020-10-05 14:27:13.5",5645112,-10,-10,-10,220,-0.002,-40.01
"2020-10-05 14:27:13.6",5645113,-10,-10,-10,220,-0.002,-40.01
"2020-10-05 14:27:13.7",5645114,-10,-10,-10,220,-0.002,-40.01
"2020-10-05 14:27:13.8",5645115,-10,-10,-10,220,-0.002,-40.01
"2020-10-05 14:27:13.9",5645116,-10,-10,-10,220,-0.002,-40.01
"2020-10-05 14:27:14",5645117,-10,-10,-10,220,-0.002,-40.01
"2020-10-05 14:27:14.1",5645118,-10,-10,-10,220,-0.002,-40.01
"2020-10-05 14:27:14.2",5645119,-10,-10,-10,220,-0.002,-40.01
"2020-10-05 14:27:14.3",5645120,-10,-10,-10,220,-0.002,-40.01
"2020-10-05 14:27:14.4",5645121,-10,-10,-10,220,-0.002,-40.01
"2020-10-05 14:27:14.5",5645122,-10,-10,-10,220,-0.002,-40.01
"2020-10-05 14:27:14.6",5645123,-10,-10,-10,220,-0.002,-40.01
"2020-10-05 14:27:14.7",5645124,-10,-10,-10,220,-0.002,-40.01
"2020-10-05 14:27:14.8",5645125,-10,-10,-10,220,-0.002,-40.01
"2020-10-05 14:27:14.9",5645126,-10,-10,-10,220,-0.002,-40.01
"2020-10-05 14:27:15",5645127,-10,-10,-10,220,-0.002,-40.01
"2020-10-05 14:27:15.1",5645128,-10,-10,-10,220,-0.002,-40.01
"2020-10-05 14:27:15.2",5645129,-10,-10,-10,220,-0.002,-40.01
"2020-10-05 14:27:15.3",5645130,-10,-10,-10,220,-0.002,-40.01
"2020-10-05 14:27:15.4",5645131,-10,-10,-10,220,-0.002,-40.01
"2020-10-05 14:27:15.5",5645132,-10,-10,-10,220,-0.002,-40.01
"2020-10-05 14:27:15.6",5645133,-10,-10,-10,220,-0.002,-40.01
"2020-10-05 14:27:15.7",5645134,-10,-10,-10,220,-0.002,-40.01
"2020-10-05 14:27:15.8",5645135,-10,-10,-10,220,-0.002,-40.01
"2020-10-05 14:27:15.9",5645136,-10,-10,-10,220,-0.002,-40.01
"2020-10-05 14:27:16",5645137,-10,-10,-10,220,-0.002,-40.01
"2020-10-05 14:27:16.1",5645138,-10,-10,-10,220,-0.002,-40.01
"2020-10-05 14:27:16.2",5645139,-10,-10,-10,220,-0.002,-40.01
"2020-10-05 14:27:16.3",5645140,-10,-10,-10,220,-0.002,-40.01
"2020-10-05 14:27:16.4",5645141,-10,-10,-10,220,-0.002,-40.01
"2020-10-05 14:27:16.5",5645142,-10,-10,-10,220,-0.002,-40.01
"2020-10-05 14:27:16.6",5645143,-10,-10,-10,220,-0.002,-40.01
"2020-10-05 14:27:16.7",5645144,-10,-10,-10,220,-0.002,-40.01
"2020-10-05 14:27:16.8",5645145,-10,-10,-10,220,-0.002,-40.01
"2020-10-05 14:27:16.9",5645146,-10,-10,-10,220,-0.002,-40.01
"2020-10-05 14:27:17",5645147,-10,-10,-10,220,-0.002,-40.01
"2020-10-05 14:27:17.1",5645148,-10,-10,-10,220,-0.002,-40.01
"2020-10-05 14:27:17.2",5645149,-10,-10,-10,220,-0.002,-40.01
"2020-10-05 14:27:17.3",5645150,-10,-10,-10,220,-0.002,-40.01
"2020-10-05 14:27:17.4",5645151,-10,-10,-10,220,-0.002,-40.01
"2020-10-05 14:27:17.5",5645152,-10,-10,-10,220,-0.002,-40.01
"2020-10-05 14:27:17.6",5645153,-10,-10,-10,220,-0.002,-40.01
"2020-10-05 14:27:17.7",5645154,-10,-10,-10,220,-0.002,-40.01
"2020-10-05 14:27:17.8",5645155,-10,-10,-10,220,-0.002,-40.01
"2020-10-05 14:27:17.9",5645156,-10,-10,-10,220,-0.002,-40.01
"2020-10-05 14:27:18",5645157,-10,-10,-10,220,-0.002,-40.01
"2020-10-05 14:27:18.1",5645158,-10,-10,-10,220,-0.002,-40.01
"2020-10-05 14:27:18.2",5645159,-10,-10,-10,220,-0.002,-40.01
"2020-10-05 14:27:18.3",5645160,-10,-10,-10,220,-0.002,-40.01
"2020-10-05 14:27:18.4",5645161,-10,-10,-10,220,-0.002,-40.01
"2020-10-05 14:27:18.5",5645162,-10,-10,-10,220,-0.002,-40.01
"2020-10-05 14:27:18.6",5645163,-10,-10,-10,220,-0.002,-40.01
"2020-10-05 14:27:18.7",5645164,-10,-10,-10,220,-0.002,-40.01
"2020-10-05 14:27:18.8",5645165,-10,-10,-10,220,-0.002,-40.01
"2020-10-05 14:27:18.9",5645166,-10,-10,-10,220,-0.002,-40.01
"2020-10-05 14:27:19",5645167,-10,-10,-10,220,-0.002,-40.01
"2020-10-05 14:27:19.1",5645168,-10,-10,-10,220,-0.002,-40.01
"2020-10-05 14:27:19.2",5645169,-10,-10,-10,220,-0.002,-40.01
"2020-10-05 14:27:19.3",5645170,-10,-10,-10,220,-0.002,-40.01
"2020-10-05 14:27:19.4",5645171,-10,-10,-10,220,-0.002,-40.01
"2020-10-05 14:27:19.5",5645172,-10,-10,-10,220,-0.002,-40.01
"2020-10-05 14:27:19.6",5645173,-10,-10,-10,220,-0.002,-40.01
"2020-10-05 14:27:19.7",5645174,-10,-10,-10,220,-0.002,-40.01
"2020-10-05 14:27:19.8",5645175,-10,-10,-10,220,-0.002,-40.01
"2020-10-05 14:27:19.9",5645176,-10,-10,-10,220,-0.002,-40.01
"2020-10-05 14:27:20",5645177,-10,-10,-10,220,-0.002,-40.01
"2020-10-05 14:27:20.1",5645178,-10,-10,-10,220,-0.002,-40.01
"2020-10-05 14:27:20.2",5645179,-10,-10,-10,220,-0.002,-40.01
"2020-10-05 14:27:20.3",5645180,-10,-10,-10,220,-0.002,-40.01
"2020-10-05 14:27:20.4",5645181,-10,-10,-10,220,-0.002,-40.01
"2020-10-05 14:27:20.5",5645182,-10,-10,-10,220,-0.002,-40.01
"2020-10-05 14:27:20.6",5645183,-10,-10,-10,220,-0.002,-40.01
"2020-10-05 14:27:20.7",5645184,-10,-10,-10,220,-0.002,-40.01
"2020-10-05 14:27:20.8",5645185,-10,-10,-10,220,-0.002,-40.01
"2020-10-05 14:27:20.9",5645186,-10,-10,-10,220,-0.002,-40.01
"2020-10-05 14:27:21",5645187,-10,-10,-10,220,-0.002,-40.01
"2020-10-05 14:27:21.1",5645188,-10,-10,-10,220,-0.002,-40.01
"2020-10-05 14:27:21.2",5645189,-10,-10,-10,220,-0.002,-40.01
"2020-10-05 14:27:21.3",5645190,-10,-10,-10,220,-0.002,-40.01
"2020-10-05 14:27:21.4",5645191,-10,-10,-10,220,-0.002,-40.01
"2020-10-05 14:27:21.5",5645192,-10,-10,-10,220,-0.002,-40.01
"2020-10-05 14:27:21.6",5645193,-10,-10,-10,220,-0.002,-40.01
"2020-10-05 14:27:21.7",5645194,-10,-10,-10,220,-0.002,-40.01
"2020-10-05 14:27:21.8",5645195,-10,-10,-10,220,-0.002,-40.01
"2020-10-05 14:27:21.9",5645196,-10,-10,-10,220,-0.002,-40.01
"2020-10-05 14:27:22",5645197,-10,-10,-10,220,-0.002,-40.01
"2020-10-05 14:27:22.1",5645198,-10,-10,-10,220,-0.002,-40.01
"2020-10-05 14:27:22.2",5645199,-10,-10,-10,220,-0.002,-40.01
"2020-10-05 14:27:22.3",5645200,-10,-10,-10,220,-0.002,-40.01
"2020-10-05 14:27:22.4",5645201,-10,-10,-10,220,-0.002,-40.01
"2020-10-05 14:27:22.5",5645202,-10,-10,-10,220,-0.002,-40.01
"2020-10-05 14:27:22.6",5645203,-10,-10,-10,220,-0.002,-40.01
"2020-10-05 14:27:22.7",5645204,-10,-10,-10,220,-0.002,-40.01
"2020-10-05 14:27:22.8",5645205,-10,-10,-10,220,-0.002,-40.01
"2020-10-05 14:27:22.9",5645206,-10,-10,-10,220,-0.002,-40.01
"2020-10-05 14:27:23",5645207,-10,-10,-10,220,-0.002,-40.01
"2020-10-05 14:27:23.1",5645208,-10,-10,-10,220,-0.002,-40.01
"2020-10-05 14:27:23.2",5645209,-10,-10,-10,220,-0.002,-40.01
"2020-10-05 14:27:23.3",5645210,-10,-10,-10,220,-0.002,-40.01
"2020-10-05 14:27:23.4",5645211,-10,-10,-10,220,-0.002,-40.01
"2020-10-05 14:27:23.5",5645212,-10,-10,-10,220,-0.002,-40.01
"2020-10-05 14:27:23.6",5645213,-10,-10,-10,220,-0.002,-40.01
"2020-10-05 14:27:23.7",5645214,-10,-10,-10,220,-0.002,-40.01
"2020-10-05 14:27:23.8",5645215,-10,-10,-10,220,-0.002,-40.01
"2020-10-05 14:27:23.9",5645216,-10,-10,-10,220,-0.002,-40.01
"2020-10-05 14:27:24",5645217,-10,-10,-10,220,-0.002,-40.01
"2020-10-05 14:27:24.1",5645218,-10,-10,-10,220,-0.002,-40.01
"2020-10-05 14:27:24.2",5645219,-10,-10,-10,220,-0.002,-40.01
"2020-10-05 14:27:24.3",5645220,-10,-10,-10,220,-0.002,-40.01
"2020-10-05 14:27:24.4",5645221,-10,-10,-10,220,-0.002,-40.01
"2020-10-05 14:27:24.5",5645222,-10,-10,-10,220,-0.002,-40.01
"2020-10-05 14:27:24.6",5645223,-10,-10,-10,220,-0.002,-40.01
"2020-10-05 14:27:24.7",5645224,-10,-10,-10,220,-0.002,-40.01
"2020-10-05 14:27:24.8",5645225,-10,-10,-10,220,-0.002,-40.01
"2020-10-05 14:27:24.9",5645226,-10,-10,-10,220,-0.002,-40.01
"2020-10-05 14:27:25",5645227,-10,-10,-10,220,-0.002,-40.01
"2020-10-05 14:27:25.1",5645228,-10,-10,-10,220,-0.002,-40.01
"2020-10-05 14:27:25.2",5645229,-10,-10,-10,220,-0.002,-40.01
"2020-10-05 14:27:25.3",5645230,-10,-10,-10,220,-0.002,-40.01
"2020-10-05 14:27:25.4",5645231,-10,-10,-10,220,-0.002,-40.01
"2020-10-05 14:27:25.5",5645232,-10,-10,-10,220,-0.002,-40.01
"2020-10-05 14:27:25.6",5645233,-10,-10,-10,220,-0.002,-40.01
"2020-10-05 14:27:25.7",5645234,-10,-10,-10,220,-0.002,-40.01
"2020-10-05 14:27:25.8",5645235,-10,-10,-10,220,-0.002,-40.01
"2020-10-05 14:27:25.9",5645236,-10,-10,-10,220,-0.002,-40.01
"2020-10-05 14:27:26",5645237,-10,-10,-10,220,-0.002,-40.01
"2020-10-05 14:27:26.1",5645238,-10,-10,-10,220,-0.002,-40.01
"2020-10-05 14:27:26.2",5645239,-10,-10,-10,220,-0.002,-40.01
"2020-10-05 14:27:26.3",5645240,-10,-10,-10,220,-0.002,-40.01
"2020-10-05 14:27:26.4",5645241,-10,-10,-10,220,-0.002,-40.01
"2020-10-05 14:27:26.5",5645242,-10,-10,-10,220,-0.002,-40.01
"2020-10-05 14:27:26.6",5645243,-10,-10,-10,220,-0.002,-40.01
"2020-10-05 14:27:26.7",5645244,-10,-10,-10,220,-0.002,-40.01
"2020-10-05 14:27:26.8",5645245,-10,-10,-10,220,-0.002,-40.01
"2020-10-05 14:27:26.9",5645246,-10,-10,-10,220,-0.002,-40.01
"2020-10-05 14:27:27",5645247,-10,-10,-10,220,-0.002,-40.01
"2020-10-05 14:27:27.1",5645248,-10,-10,-10,220,-0.002,-40.01
"2020-10-05 14:27:27.2",5645249,-10,-10,-10,220,-0.002,-40.01
"2020-10-05 14:27:27.3",5645250,-10,-10,-10,220,-0.002,-40.01
"2020-10-05 14:27:27.4",5645251,-10,-10,-10,220,-0.002,-40.01
"2020-10-05 14:27:27.5",5645252,-10,-10,-10,220,-0.002,-40.01
"2020-10-05 14:27:27.6",5645253,-10,-10,-10,220,-0.002,-40.01
"2020-10-05 14:27:27.7",5645254,-10,-10,-10,220,-0.002,-40.01
"2020-10-05 14:27:27.8",5645255,-10,-10,-10,220,-0.002,-40.01
"2020-10-05 14:27:27.9",5645256,-10,-10,-10,220,-0.002,-40.01
"2020-10-05 14:27:28",5645257,-10,-10,-10,220,-0.002,-40.01
"2020-10-05 14:27:28.1",5645258,-10,-10,-10,220,-0.002,-40.01
"2020-10-05 14:27:28.2",5645259,-10,-10,-10,220,-0.002,-40.01
"2020-10-05 14:27:28.3",5645260,-10,-10,-10,220,-0.002,-40.01
"2020-10-05 14:27:28.4",5645261,-10,-10,-10,220,-0.002,-40.01
"2020-10-05 14:27:28.5",5645262,-10,-10,-10,220,-0.002,-40.01
"2020-10-05 14:27:28.6",5645263,-10,-10,-10,220,-0.002,-40.01
"2020-10-05 14:27:28.7",5645264,-10,-10,-10,220,-0.002,-40.01
"2020-10-05 14:27:28.8",5645265,-10,-10,-10,220,-0.002,-40.01
"2020-10-05 14:27:28.9",5645266,-10,-10,-10,220,-0.002,-40.01
"2020-10-05 14:27:29",5645267,-10,-10,-10,220,-0.002,-40.01
"2020-10-05 14:27:29.1",5645268,-10,-10,-10,220,-0.002,-40.01
"2020-10-05 14:27:29.2",5645269,-10,-10,-10,220,-0.002,-40.01
"2020-10-05 14:27:29.3",5645270,-10,-10,-10,220,-0.002,-40.01
"2020-10-05 14:27:29.4",5645271,-10,-10,-10,220,-0.002,-40.01
"2020-10-05 14:27:29.5",5645272,-10,-10,-10,220,-0.002,-40.01
"2020-10-05 14:27:29.6",5645273,-10,-10,-10,220,-0.002,-40.01
"2020-10-05 14:27:29.7",5645274,-10,-10,-10,220,-0.002,-40.01
"2020-10-05 14:27:29.8",5645275,-10,-10,-10,220,-0.002,-40.01
"2020-10-05 14:27:29.9",5645276,-10,-10,-10,220,-0.002,-40.01
"2020-10-05 14:27:30",5645277,-10,-10,-10,220,-0.002,-40.01
"2020-10-05 14:27:30.1",5645278,-10,-10,-10,220,-0.002,-40.01
"2020-10-05 14:27:30.2",5645279,-10,-10,-10,220,-0.002,-40.01
"2020-10-05 14:27:30.3",5645280,-10,-10,-10,220,-0.002,-40.01
"2020-10-05 14:27:30.4",5645281,-10,-10,-10,220,-0.002,-40.01
"2020-10-05 14:27:30.5",5645282,-10,-10,-10,220,-0.002,-40.01
"2020-10-05 14:27:30.6",5645283,-10,-10,-10,220,-0.002,-40.01
"2020-10-05 14:27:30.7",5645284,-10,-10,-10,220,-0.002,-40.01
"2020-10-05 14:27:30.8",5645285,-10,-10,-10,220,-0.002,-40.01
"2020-10-05 14:27:30.9",5645286,-10,-10,-10,220,-0.002,-40.01
"2020-10-05 14:27:31",5645287,-10,-10,-10,220,-0.002,-40.01
"2020-10-05 14:27:31.1",5645288,-10,-10,-10,220,-0.002,-40.01
"2020-10-05 14:27:31.2",5645289,-10,-10,-10,220,-0.002,-40.01
"2020-10-05 14:27:31.3",5645290,-10,-10,-10,220,-0.002,-40.01
"2020-10-05 14:27:31.4",5645291,-10,-10,-10,220,-0.002,-40.01
"2020-10-05 14:27:31.5",5645292,-10,-10,-10,220,-0.002,-40.01
"2020-10-05 14:27:31.6",5645293,-10,-10,-10,220,-0.002,-40.01
"2020-10-05 14:27:31.7",5645294,-10,-10,-10,220,-0.002,-40.01
"2020-10-05 14:27:31.8",5645295,-10,-10,-10,220,-0.002,-40.01
"2020-10-05 14:27:31.9",5645296,-10,-10,-10,220,-0.002,-40.01
"2020-10-05 14:27:32",5645297,-10,-10,-10,220,-0.002,-40.01
"2020-10-05 14:27:32.1",5645298,-10,-10,-10,220,-0.002,-40.01
"2020-10-05 14:27:32.2",5645299,-10,-10,-10,220,-0.002,-40.01
"2020-10-05 14:27:32.3",5645300,-10,-10,-10,220,-0.002,-40.01
"2020-10-05 14:27:32.4",5645301,-10,-10,-10,220,-0.002,-40.01
"2020-10-05 14:27:32.5",5645302,-10,-10,-10,220,-0.002,-40.01
"2020-10-05 14:27:32.6",5645303,-10,-10,-10,220,-0.002,-40.01
"2020-10-05 14:27:32.7",5645304,-10,-10,-10,220,-0.002,-40.01
"2020-10-05 14:27:32.8",5645305,-10,-10,-10,220,-0.002,-40.01
"2020-10-05 14:27:32.9",5645306,-10,-10,-10,220,-0.002,-40.01
"2020-10-05 14:27:33",5645307,-10,-10,-10,220,-0.002,-40.01
"2020-10-05 14:27:33.1",5645308,-10,-10,-10,220,-0.002,-40.01
"2020-10-05 14:27:33.2",5645309,-10,-10,-10,220,-0.002,-40.01
"2020-10-05 14:27:33.3",5645310,-10,-10,-10,220,-0.002,-40.01
"2020-10-05 14:27:33.4",5645311,-10,-10,-10,220,-0.002,-40.01
"2020-10-05 14:27:33.5",5645312,-10,-10,-10,220,-0.002,-40.01
"2020-10-05 14:27:33.6",5645313,-10,-10,-10,220,-0.002,-40.01
"2020-10-05 14:27:33.7",5645314,-10,-10,-10,220,-0.002,-40.01
"2020-10-05 14:27:33.8",5645315,-10,-10,-10,220,-0.002,-40.01
"2020-10-05 14:27:33.9",5645316,-10,-10,-10,220,-0.002,-40.01
"2020-10-05 14:27:34",5645317,-10,-10,-10,220,-0.002,-40.01
"2020-10-05 14:27:34.1",5645318,-10,-10,-10,220,-0.002,-40.01
"2020-10-05 14:27:34.2",5645319,-10,-10,-10,220,-0.002,-40.01
"2020-10-05 14:27:34.3",5645320,-10,-10,-10,220,-0.002,-40.01
"2020-10-05 14:27:34.4",5645321,-10,-10,-10,220,-0.002,-40.01
"2020-10-05 14:27:34.5",5645322,-10,-10,-10,220,-0.002,-40.01
"2020-10-05 14:27:34.6",5645323,-10,-10,-10,220,-0.002,-40.01
"2020-10-05 14:27:34.7",5645324,-10,-10,-10,220,-0.002,-40.01
"2020-10-05 14:27:34.8",5645325,-10,-10,-10,220,-0.002,-40.01
"2020-10-05 14:27:34.9",5645326,-10,-10,-10,220,-0.002,-40.01
"2020-10-05 14:27:35",5645327,-10,-10,-10,220,-0.002,-40.01
"2020-10-05 14:27:35.1",5645328,-10,-10,-10,220,-0.002,-40.01
"2020-10-05 14:27:35.2",5645329,-10,-10,-10,220,-0.002,-40.01
"2020-10-05 14:27:35.3",5645330,-10,-10,-10,220,-0.002,-40.01
"2020-10-05 14:27:35.4",5645331,-10,-10,-10,220,-0.002,-40.01
"2020-10-05 14:27:35.5",5645332,-10,-10,-10,220,-0.002,-40.01
"2020-10-05 14:27:35.6",5645333,-10,-10,-10,220,-0.002,-40.01
"2020-10-05 14:27:35.7",5645334,-10,-10,-10,220,-0.002,-40.01
"2020-10-05 14:27:35.8",5645335,-10,-10,-10,220,-0.002,-40.01
"2020-10-05 14:27:35.9",5645336,-10,-10,-10,220,-0.002,-40.01
"2020-10-05 14:27:36",5645337,-10,-10,-10,220,-0.002,-40.01
"2020-10-05 14:27:36.1",5645338,-10,-10,-10,220,-0.002,-40.01
"2020-10-05 14:27:36.2",5645339,-10,-10,-10,220,-0.002,-40.01
"2020-10-05 14:27:36.3",5645340,-10,-10,-10,220,-0.002,-40.01
"2020-10-05 14:27:36.4",5645341,-10,-10,-10,220,-0.002,-40.01
"2020-10-05 14:27:36.5",5645342,-10,-10,-10,220,-0.002,-40.01
"2020-10-05 14:27:36.6",5645343,-10,-10,-10,220,-0.002,-40.01
"2020-10-05 14:27:36.7",5645344,-10,-10,-10,220,-0.002,-40.01
"2020-10-05 14:27:36.8",5645345,-10,-10,-10,220,-0.002,-40.01
"2020-10-05 14:27:36.9",5645346,-10,-10,-10,220,-0.002,-40.01
"2020-10-05 14:27:37",5645347,-10,-10,-10,220,-0.002,-40.01
"2020-10-05 14:27:37.1",5645348,-10,-10,-10,220,-0.002,-40.01
"2020-10-05 14:27:37.2",5645349,-10,-10,-10,220,-0.002,-40.01
"2020-10-05 14:27:37.3",5645350,-10,-10,-10,220,-0.002,-40.01
"2020-10-05 14:27:37.4",5645351,-10,-10,-10,220,-0.002,-40.01
"2020-10-05 14:27:37.5",5645352,-10,-10,-10,220,-0.002,-40.01
"2020-10-05 14:27:37.6",5645353,-10,-10,-10,220,-0.002,-40.01
"2020-10-05 14:27:37.7",5645354,-10,-10,-10,220,-0.002,-40.01
"2020-10-05 14:27:37.8",5645355,-10,-10,-10,220,-0.002,-40.01
"2020-10-05 14:27:37.9",5645356,-10,-10,-10,220,-0.002,-40.01
"2020-10-05 14:27:38",5645357,-10,-10,-10,220,-0.002,-40.01
"2020-10-05 14:27:38.1",5645358,-10,-10,-10,220,-0.002,-40.01
"2020-10-05 14:27:38.2",5645359,-10,-10,-10,220,-0.002,-40.01
"2020-10-05 14:27:38.3",5645360,-10,-10,-10,220,-0.002,-40.01
"2020-10-05 14:27:38.4",5645361,-10,-10,-10,220,-0.002,-40.01
"2020-10-05 14:27:38.5",5645362,-10,-10,-10,220,-0.002,-40.01
"2020-10-05 14:27:38.6",5645363,-10,-10,-10,220,-0.002,-40.01
"2020-10-05 14:27:38.7",5645364,-10,-10,-10,220,-0.002,-40.01
"2020-10-05 14:27:38.8",5645365,-10,-10,-10,220,-0.002,-40.01
"2020-10-05 14:27:38.9",5645366,-10,-10,-10,220,-0.002,-40.01
"2020-10-05 14:27:39",5645367,-10,-10,-10,220,-0.002,-40.01
"2020-10-05 14:27:39.1",5645368,-10,-10,-10,220,-0.002,-40.01
"2020-10-05 14:27:39.2",5645369,-10,-10,-10,220,-0.002,-40.01
"2020-10-05 14:27:39.3",5645370,-10,-10,-10,220,-0.002,-40.01
"2020-10-05 14:27:39.4",5645371,-10,-10,-10,220,-0.002,-40.01
"2020-10-05 14:27:39.5",5645372,-10,-10,-10,220,-0.002,-40.01
"2020-10-05 14:27:39.6",5645373,-10,-10,-10,220,-0.002,-40.01
"2020-10-05 14:27:39.7",5645374,-10,-10,-10,220,-0.002,-40.01
"2020-10-05 14:27:39.8",5645375,-10,-10,-10,220,-0.002,-40.01
"2020-10-05 14:27:39.9",5645376,-10,-10,-10,220,-0.002,-40.01
"2020-10-05 14:27:40",5645377,-10,-10,-10,220,-0.002,-40.01
"2020-10-05 14:27:40.1",5645378,-10,-10,-10,220,-0.002,-40.01
"2020-10-05 14:27:40.2",5645379,-10,-10,-10,220,-0.002,-40.01
"2020-10-05 14:27:40.3",5645380,-10,-10,-10,220,-0.002,-40.01
"2020-10-05 14:27:40.4",5645381,-10,-10,-10,220,-0.002,-40.01
"2020-10-05 14:27:40.5",5645382,-10,-10,-10,220,-0.002,-40.01
"2020-10-05 14:27:40.6",5645383,-10,-10,-10,220,-0.002,-40.01
"2020-10-05 14:27:40.7",5645384,-10,-10,-10,220,-0.002,-40.01
"2020-10-05 14:27:40.8",5645385,-10,-10,-10,220,-0.002,-40.01
"2020-10-05 14:27:40.9",5645386,-10,-10,-10,220,-0.002,-40.01
"2020-10-05 14:27:41",5645387,-10,-10,-10,220,-0.002,-40.01
"2020-10-05 14:27:41.1",5645388,-10,-10,-10,220,-0.002,-40.01
"2020-10-05 14:27:41.2",5645389,-10,-10,-10,220,-0.002,-40.01
"2020-10-05 14:27:41.3",5645390,-10,-10,-10,220,-0.002,-40.01
"2020-10-05 14:27:41.4",5645391,-10,-10,-10,220,-0.002,-40.01
"2020-10-05 14:27:41.5",5645392,-10,-10,-10,220,-0.002,-40.01
"2020-10-05 14:27:41.6",5645393,-10,-10,-10,220,-0.002,-40.01
"2020-10-05 14:27:41.7",5645394,-10,-10,-10,220,-0.002,-40.01
"2020-10-05 14:27:41.8",5645395,-10,-10,-10,220,-0.002,-40.01
"2020-10-05 14:27:41.9",5645396,-10,-10,-10,220,-0.002,-40.01
"2020-10-05 14:27:42",5645397,-10,-10,-10,220,-0.002,-40.01
"2020-10-05 14:27:42.1",5645398,-10,-10,-10,220,-0.002,-40.01
"2020-10-05 14:27:42.2",5645399,-10,-10,-10,220,-0.002,-40.01
"2020-10-05 14:27:42.3",5645400,-10,-10,-10,220,-0.002,-40.01
"2020-10-05 14:27:42.4",5645401,-10,-10,-10,220,-0.002,-40.01
"2020-10-05 14:27:42.5",5645402,-10,-10,-10,220,-0.002,-40.01
"2020-10-05 14:27:42.6",5645403,-10,-10,-10,220,-0.002,-40.01
"2020-10-05 14:27:42.7",5645404,-10,-10,-10,220,-0.002,-40.01
"2020-10-05 14:27:42.8",5645405,-10,-10,-10,220,-0.002,-40.01
"2020-10-05 14:27:42.9",5645406,-10,-10,-10,220,-0.002,-40.01
"2020-10-05 14:27:43",5645407,-10,-10,-10,220,-0.002,-40.01
"2020-10-05 14:27:43.1",5645408,-10,-10,-10,220,-0.002,-40.01
"2020-10-05 14:27:43.2",5645409,-10,-10,-10,220,-0.002,-40.01
"2020-10-05 14:27:43.3",5645410,-10,-10,-10,220,-0.002,-40.01
"2020-10-05 14:27:43.4",5645411,-10,-10,-10,220,-0.002,-40.01
"2020-10-05 14:27:43.5",5645412,-10,-10,-10,220,-0.002,-40.01
"2020-10-05 14:27:43.6",5645413,-10,-10,-10,220,-0.002,-40.01
"2020-10-05 14:27:43.7",5645414,-10,-10,-10,220,-0.002,-40.01
"2020-10-05 14:27:43.8",5645415,-10,-10,-10,220,-0.002,-40.01
"2020-10-05 14:27:43.9",5645416,-10,-10,-10,220,-0.002,-40.01
"2020-10-05 14:27:44",5645417,-10,-10,-10,220,-0.002,-40.01
"2020-10-05 14:27:44.1",5645418,-10,-10,-10,220,-0.002,-40.01
"2020-10-05 14:27:44.2",5645419,-10,-10,-10,220,-0.002,-40.01
"2020-10-05 14:27:44.3",5645420,-10,-10,-10,220,-0.002,-40.01
"2020-10-05 14:27:44.4",5645421,-10,-10,-10,220,-0.002,-40.01
"2020-10-05 14:27:44.5",5645422,-10,-10,-10,220,-0.002,-40.01
"2020-10-05 14:27:44.6",5645423,-10,-10,-10,220,-0.002,-40.01
"2020-10-05 14:27:44.7",5645424,-10,-10,-10,220,-0.002,-40.01
"2020-10-05 14:27:44.8",5645425,-10,-10,-10,220,-0.002,-40.01
"2020-10-05 14:27:44.9",5645426,-10,-10,-10,220,-0.002,-40.01
"2020-10-05 14:27:45",5645427,-10,-10,-10,220,-0.002,-40.01
"2020-10-05 14:27:45.1",5645428,-10,-10,-10,220,-0.002,-40.01
"2020-10-05 14:27:45.2",5645429,-10,-10,-10,220,-0.002,-40.01
"2020-10-05 14:27:45.3",5645430,-10,-10,-10,220,-0.002,-40.01
"2020-10-05 14:27:45.4",5645431,-10,-10,-10,220,-0.002,-40.01
"2020-10-05 14:27:45.5",5645432,-10,-10,-10,220,-0.002,-40.01
"2020-10-05 14:27:45.6",5645433,-10,-10,-10,220,-0.002,-40.01
"2020-10-05 14:27:45.7",5645434,-10,-10,-10,220,-0.002,-40.01
"2020-10-05 14:27:45.8",5645435,-10,-10,-10,220,-0.002,-40.01
"2020-10-05 14:27:45.9",5645436,-10,-10,-10,220,-0.002,-40.01
"2020-10-05 14:27:46",5645437,-10,-10,-10,220,-0.002,-40.01
"2020-10-05 14:27:46.1",5645438,-10,-10,-10,220,-0.002,-40.01
"2020-10-05 14:27:46.2",5645439,-10,-10,-10,220,-0.002,-40.01
"2020-10-05 14:27:46.3",5645440,-10,-10,-10,220,-0.002,-40.01
"2020-10-05 14:27:46.4",5645441,-10,-10,-10,220,-0.002,-40.01
"2020-10-05 14:27:46.5",5645442,-10,-10,-10,220,-0.002,-40.01
"2020-10-05 14:27:46.6",5645443,-10,-10,-10,220,-0.002,-40.01
"2020-10-05 14:27:46.7",5645444,-10,-10,-10,220,-0.002,-40.01
"2020-10-05 14:27:46.8",5645445,-10,-10,-10,220,-0.002,-40.01
"2020-10-05 14:27:46.9",5645446,-10,-10,-10,220,-0.002,-40.01
"2020-10-05 14:27:47",5645447,-10,-10,-10,220,-0.002,-40.01
"2020-10-05 14:27:47.1",5645448,-10,-10,-10,220,-0.002,-40.01
"2020-10-05 14:27:47.2",5645449,-10,-10,-10,220,-0.002,-40.01
"2020-10-05 14:27:47.3",5645450,-10,-10,-10,220,-0.002,-40.01
"2020-10-05 14:27:47.4",5645451,-10,-10,-10,220,-0.002,-40.01
"2020-10-05 14:27:47.5",5645452,-10,-10,-10,220,-0.002,-40.01
"2020-10-05 14:27:47.6",5645453,-10,-10,-10,220,-0.002,-40.01
"2020-10-05 14:27:47.7",5645454,-10,-10,-10,220,-0.002,-40.01
"2020-10-05 14:27:47.8",5645455,-10,-10,-10,220,-0.002,-40.01
"2020-10-05 14:27:47.9",5645456,-10,-10,-10,220,-0.002,-40.01
"2020-10-05 14:27:48",5645457,-10,-10,-10,220,-0.002,-40.01
"2020-10-05 14:27:48.1",5645458,-10,-10,-10,220,-0.002,-40.01
"2020-10-05 14:27:48.2",5645459,-10,-10,-10,220,-0.002,-40.01
"2020-10-05 14:27:48.3",5645460,-10,-10,-10,220,-0.002,-40.01
"2020-10-05 14:27:48.4",5645461,-10,-10,-10,220,-0.002,-40.01
"2020-10-05 14:27:48.5",5645462,-10,-10,-10,220,-0.002,-40.01
"2020-10-05 14:27:48.6",5645463,-10,-10,-10,220,-0.002,-40.01
"2020-10-05 14:27:48.7",5645464,-10,-10,-10,220,-0.002,-40.01
"2020-10-05 14:27:48.8",5645465,-10,-10,-10,220,-0.002,-40.01
"2020-10-05 14:27:48.9",5645466,-10,-10,-10,220,-0.002,-40.01
"2020-10-05 14:27:49",5645467,-10,-10,-10,220,-0.002,-40.01
"2020-10-05 14:27:49.1",5645468,-10,-10,-10,220,-0.002,-40.01
"2020-10-05 14:27:49.2",5645469,-10,-10,-10,220,-0.002,-40.01
"2020-10-05 14:27:49.3",5645470,-10,-10,-10,220,-0.002,-40.01
"2020-10-05 14:27:49.4",5645471,-10,-10,-10,220,-0.002,-40.01
"2020-10-05 14:27:49.5",5645472,-10,-10,-10,220,-0.002,-40.01
"2020-10-05 14:27:49.6",5645473,-10,-10,-10,220,-0.002,-40.01
"2020-10-05 14:27:49.7",5645474,-10,-10,-10,220,-0.002,-40.01
"2020-10-05 14:27:49.8",5645475,-10,-10,-10,220,-0.002,-40.01
"2020-10-05 14:27:49.9",5645476,-10,-10,-10,220,-0.002,-40.01
"2020-10-05 14:27:50",5645477,-10,-10,-10,220,-0.002,-40.01
"2020-10-05 14:27:50.1",5645478,-10,-10,-10,220,-0.002,-40.01
"2020-10-05 14:27:50.2",5645479,-10,-10,-10,220,-0.002,-40.01
"2020-10-05 14:27:50.3",5645480,-10,-10,-10,220,-0.002,-40.01
"2020-10-05 14:27:50.4",5645481,-10,-10,-10,220,-0.002,-40.01
"2020-10-05 14:27:50.5",5645482,-10,-10,-10,220,-0.002,-40.01
"2020-10-05 14:27:50.6",5645483,-10,-10,-10,220,-0.002,-40.01
"2020-10-05 14:27:50.7",5645484,-10,-10,-10,220,-0.002,-40.01
"2020-10-05 14:27:50.8",5645485,-10,-10,-10,220,-0.002,-40.01
"2020-10-05 14:27:50.9",5645486,-10,-10,-10,220,-0.002,-40.01
