"TOA5","10329","CR6","10329","CR6.Std.09.01 CR6-WIFI.04.00.01","CPU:YOUNG81000_HMP60_10Hz.CR6","51185","Young10Hz_hmp"
"TIMESTAMP","RECORD","U","V","W","TSonic","RH","T_HMP60"
"TS","RN","mV","mV","mV","mV","%","Deg C"
"","","Smp","Smp","Smp","Smp","Smp","Smp"
"2020-10-06 13:55:51",6490287,-10,-10,-10,220,-0.003,-40.01
"2020-10-06 13:55:51.1",6490288,-10,-10,-10,220,-0.003,-40.01
"2020-10-06 13:55:51.2",6490289,-10,-10,-10,220,-0.003,-40.01
"2020-10-06 13:55:51.3",6490290,-10,-10,-10,220,-0.003,-40.01
"2020-10-06 13:55:51.4",6490291,-10,-10,-10,220,-0.003,-40.01
"2020-10-06 13:55:51.5",6490292,-10,-10,-10,220,-0.003,-40.01
"2020-10-06 13:55:51.6",6490293,-10,-10,-10,220,-0.003,-40.01
"2020-10-06 13:55:51.7",6490294,-10,-10,-10,220,-0.003,-40.01
"2020-10-06 13:55:51.8",6490295,-10,-10,-10,220,-0.003,-40.01
"2020-10-06 13:55:51.9",6490296,-10,-10,-10,220,-0.003,-40.01
"2020-10-06 13:55:52",6490297,-10,-10,-10,220,-0.003,-40.01
"2020-10-06 13:55:52.1",6490298,-10,-10,-10,220,-0.003,-40.01
"2020-10-06 13:55:52.2",6490299,-10,-10,-10,220,-0.003,-40.01
"2020-10-06 13:55:52.3",6490300,-10,-10,-10,220,-0.003,-40.01
"2020-10-06 13:55:52.4",6490301,-10,-10,-10,220,-0.003,-40.01
"2020-10-06 13:55:52.5",6490302,-10,-10,-10,220,-0.003,-40.01
"2020-10-06 13:55:52.6",6490303,-10,-10,-10,220,-0.003,-40.01
"2020-10-06 13:55:52.7",6490304,-10,-10,-10,220,-0.003,-40.01
"2020-10-06 13:55:52.8",6490305,-10,-10,-10,220,-0.003,-40.01
"2020-10-06 13:55:52.9",6490306,-10,-10,-10,220,-0.003,-40.01
"2020-10-06 13:55:53",6490307,-10,-10,-10,220,-0.003,-40.01
"2020-10-06 13:55:53.1",6490308,-10,-10,-10,220,-0.003,-40.01
"2020-10-06 13:55:53.2",6490309,-10,-10,-10,220,-0.003,-40.01
"2020-10-06 13:55:53.3",6490310,-10,-10,-10,220,-0.003,-40.01
"2020-10-06 13:55:53.4",6490311,-10,-10,-10,220,-0.003,-40.01
"2020-10-06 13:55:53.5",6490312,-10,-10,-10,220,-0.003,-40.01
"2020-10-06 13:55:53.6",6490313,-10,-10,-10,220,-0.003,-40.01
"2020-10-06 13:55:53.7",6490314,-10,-10,-10,220,-0.003,-40.01
"2020-10-06 13:55:53.8",6490315,-10,-10,-10,220,-0.003,-40.01
"2020-10-06 13:55:53.9",6490316,-10,-10,-10,220,-0.003,-40.01
"2020-10-06 13:55:54",6490317,-10,-10,-10,220,-0.003,-40.01
"2020-10-06 13:55:54.1",6490318,-10,-10,-10,220,-0.003,-40.01
"2020-10-06 13:55:54.2",6490319,-10,-10,-10,220,-0.003,-40.01
"2020-10-06 13:55:54.3",6490320,-10,-10,-10,220,-0.003,-40.01
"2020-10-06 13:55:54.4",6490321,-10,-10,-10,220,-0.003,-40.01
"2020-10-06 13:55:54.5",6490322,-10,-10,-10,220,-0.003,-40.01
"2020-10-06 13:55:54.6",6490323,-10,-10,-10,220,-0.003,-40.01
"2020-10-06 13:55:54.7",6490324,-10,-10,-10,220,-0.003,-40.01
"2020-10-06 13:55:54.8",6490325,-10,-10,-10,220,-0.003,-40.01
"2020-10-06 13:55:54.9",6490326,-10,-10,-10,220,-0.003,-40.01
"2020-10-06 13:55:55",6490327,-10,-10,-10,220,-0.003,-40.01
"2020-10-06 13:55:55.1",6490328,-10,-10,-10,220,-0.003,-40.01
"2020-10-06 13:55:55.2",6490329,-10,-10,-10,220,-0.003,-40.01
"2020-10-06 13:55:55.3",6490330,-10,-10,-10,220,-0.003,-40.01
"2020-10-06 13:55:55.4",6490331,-10,-10,-10,220,-0.003,-40.01
"2020-10-06 13:55:55.5",6490332,-10,-10,-10,220,-0.003,-40.01
"2020-10-06 13:55:55.6",6490333,-10,-10,-10,220,-0.003,-40.01
"2020-10-06 13:55:55.7",6490334,-10,-10,-10,220,-0.003,-40.01
"2020-10-06 13:55:55.8",6490335,-10,-10,-10,220,-0.003,-40.01
"2020-10-06 13:55:55.9",6490336,-10,-10,-10,220,-0.003,-40.01
"2020-10-06 13:55:56",6490337,-10,-10,-10,220,-0.003,-40.01
"2020-10-06 13:55:56.1",6490338,-10,-10,-10,220,-0.003,-40.01
"2020-10-06 13:55:56.2",6490339,-10,-10,-10,220,-0.003,-40.01
"2020-10-06 13:55:56.3",6490340,-10,-10,-10,220,-0.003,-40.01
"2020-10-06 13:55:56.4",6490341,-10,-10,-10,220,-0.003,-40.01
"2020-10-06 13:55:56.5",6490342,-10,-10,-10,220,-0.003,-40.01
"2020-10-06 13:55:56.6",6490343,-10,-10,-10,220,-0.003,-40.01
"2020-10-06 13:55:56.7",6490344,-10,-10,-10,220,-0.003,-40.01
"2020-10-06 13:55:56.8",6490345,-10,-10,-10,220,-0.003,-40.01
"2020-10-06 13:55:56.9",6490346,-10,-10,-10,220,-0.003,-40.01
"2020-10-06 13:55:57",6490347,-10,-10,-10,220,-0.003,-40.01
"2020-10-06 13:55:57.1",6490348,-10,-10,-10,220,-0.003,-40.01
"2020-10-06 13:55:57.2",6490349,-10,-10,-10,220,-0.003,-40.01
"2020-10-06 13:55:57.3",6490350,-10,-10,-10,220,-0.003,-40.01
"2020-10-06 13:55:57.4",6490351,-10,-10,-10,220,-0.003,-40.01
"2020-10-06 13:55:57.5",6490352,-10,-10,-10,220,-0.003,-40.01
"2020-10-06 13:55:57.6",6490353,-10,-10,-10,220,-0.003,-40.01
"2020-10-06 13:55:57.7",6490354,-10,-10,-10,220,-0.003,-40.01
"2020-10-06 13:55:57.8",6490355,-10,-10,-10,220,-0.003,-40.01
"2020-10-06 13:55:57.9",6490356,-10,-10,-10,220,-0.003,-40.01
"2020-10-06 13:55:58",6490357,-10,-10,-10,220,-0.003,-40.01
"2020-10-06 13:55:58.1",6490358,-10,-10,-10,220,-0.003,-40.01
"2020-10-06 13:55:58.2",6490359,-10,-10,-10,220,-0.003,-40.01
"2020-10-06 13:55:58.3",6490360,-10,-10,-10,220,-0.003,-40.01
"2020-10-06 13:55:58.4",6490361,-10,-10,-10,220,-0.003,-40.01
"2020-10-06 13:55:58.5",6490362,-10,-10,-10,220,-0.003,-40.01
"2020-10-06 13:55:58.6",6490363,-10,-10,-10,220,-0.003,-40.01
"2020-10-06 13:55:58.7",6490364,-10,-10,-10,220,-0.003,-40.01
"2020-10-06 13:55:58.8",6490365,-10,-10,-10,220,-0.003,-40.01
"2020-10-06 13:55:58.9",6490366,-10,-10,-10,220,-0.003,-40.01
"2020-10-06 13:55:59",6490367,-10,-10,-10,220,-0.003,-40.01
"2020-10-06 13:55:59.1",6490368,-10,-10,-10,220,-0.003,-40.01
"2020-10-06 13:55:59.2",6490369,-10,-10,-10,220,-0.003,-40.01
"2020-10-06 13:55:59.3",6490370,-10,-10,-10,220,-0.003,-40.01
"2020-10-06 13:55:59.4",6490371,-10,-10,-10,220,-0.003,-40.01
"2020-10-06 13:55:59.5",6490372,-10,-10,-10,220,-0.003,-40.01
"2020-10-06 13:55:59.6",6490373,-10,-10,-10,220,-0.003,-40.01
"2020-10-06 13:55:59.7",6490374,-10,-10,-10,220,-0.003,-40.01
"2020-10-06 13:55:59.8",6490375,-10,-10,-10,220,-0.003,-40.01
"2020-10-06 13:55:59.9",6490376,-10,-10,-10,220,-0.003,-40.01
"2020-10-06 13:56:00",6490377,-10,-10,-10,220,-0.003,-40.01
"2020-10-06 13:56:00.1",6490378,-10,-10,-10,220,-0.008,-40.02
"2020-10-06 13:56:00.2",6490379,-10,-10,-10,220,-0.008,-40.02
"2020-10-06 13:56:00.3",6490380,-10,-10,-10,220,-0.002,-40
"2020-10-06 13:56:00.4",6490381,-10,-10,-10,220,-0.003,-40.01
"2020-10-06 13:56:00.5",6490382,-10,-10,-10,220,-0.003,-40.01
"2020-10-06 13:56:00.6",6490383,-10,-10,-10,220,-0.003,-40.01
"2020-10-06 13:56:00.7",6490384,-10,-10,-10,220,-0.003,-40.01
"2020-10-06 13:56:00.8",6490385,-10,-10,-10,220,-0.003,-40.01
"2020-10-06 13:56:00.9",6490386,-10,-10,-10,220,-0.003,-40.01
"2020-10-06 13:56:01",6490387,-10,-10,-10,220,-0.003,-40.01
"2020-10-06 13:56:01.1",6490388,-10,-10,-10,220,-0.003,-40.01
"2020-10-06 13:56:01.2",6490389,-10,-10,-10,220,-0.003,-40.01
"2020-10-06 13:56:01.3",6490390,-10,-10,-10,220,-0.003,-40.01
"2020-10-06 13:56:01.4",6490391,-10,-10,-10,220,-0.003,-40.01
"2020-10-06 13:56:01.5",6490392,-10,-10,-10,220,-0.003,-40.01
"2020-10-06 13:56:01.6",6490393,-10,-10,-10,220,-0.003,-40.01
"2020-10-06 13:56:01.7",6490394,-10,-10,-10,220,-0.003,-40.01
"2020-10-06 13:56:01.8",6490395,-10,-10,-10,220,-0.003,-40.01
"2020-10-06 13:56:01.9",6490396,-10,-10,-10,220,-0.003,-40.01
"2020-10-06 13:56:02",6490397,-10,-10,-10,220,-0.003,-40.01
"2020-10-06 13:56:02.1",6490398,-10,-10,-10,220,-0.003,-40.01
"2020-10-06 13:56:02.2",6490399,-10,-10,-10,220,-0.003,-40.01
"2020-10-06 13:56:02.3",6490400,-10,-10,-10,220,-0.003,-40.01
"2020-10-06 13:56:02.4",6490401,-10,-10,-10,220,-0.003,-40.01
"2020-10-06 13:56:02.5",6490402,-10,-10,-10,220,-0.003,-40.01
"2020-10-06 13:56:02.6",6490403,-10,-10,-10,220,-0.003,-40.01
"2020-10-06 13:56:02.7",6490404,-10,-10,-10,220,-0.003,-40.01
"2020-10-06 13:56:02.8",6490405,-10,-10,-10,220,-0.003,-40.01
"2020-10-06 13:56:02.9",6490406,-10,-10,-10,220,-0.003,-40.01
"2020-10-06 13:56:03",6490407,-10,-10,-10,220,-0.003,-40.01
"2020-10-06 13:56:03.1",6490408,-10,-10,-10,220,-0.003,-40.01
"2020-10-06 13:56:03.2",6490409,-10,-10,-10,220,-0.003,-40.01
"2020-10-06 13:56:03.3",6490410,-10,-10,-10,220,-0.003,-40.01
"2020-10-06 13:56:03.4",6490411,-10,-10,-10,220,-0.003,-40.01
"2020-10-06 13:56:03.5",6490412,-10,-10,-10,220,-0.003,-40.01
"2020-10-06 13:56:03.6",6490413,-10,-10,-10,220,-0.003,-40.01
"2020-10-06 13:56:03.7",6490414,-10,-10,-10,220,-0.003,-40.01
"2020-10-06 13:56:03.8",6490415,-10,-10,-10,220,-0.003,-40.01
"2020-10-06 13:56:03.9",6490416,-10,-10,-10,220,-0.003,-40.01
"2020-10-06 13:56:04",6490417,-10,-10,-10,220,-0.003,-40.01
"2020-10-06 13:56:04.1",6490418,-10,-10,-10,220,-0.003,-40.01
"2020-10-06 13:56:04.2",6490419,-10,-10,-10,220,-0.003,-40.01
"2020-10-06 13:56:04.3",6490420,-10,-10,-10,220,-0.003,-40.01
"2020-10-06 13:56:04.4",6490421,-10,-10,-10,220,-0.003,-40.01
"2020-10-06 13:56:04.5",6490422,-10,-10,-10,220,-0.003,-40.01
"2020-10-06 13:56:04.6",6490423,-10,-10,-10,220,-0.003,-40.01
"2020-10-06 13:56:04.7",6490424,-10,-10,-10,220,-0.003,-40.01
"2020-10-06 13:56:04.8",6490425,-10,-10,-10,220,-0.003,-40.01
"2020-10-06 13:56:04.9",6490426,-10,-10,-10,220,-0.003,-40.01
"2020-10-06 13:56:05",6490427,-10,-10,-10,220,-0.003,-40.01
"2020-10-06 13:56:05.1",6490428,-10,-10,-10,220,-0.003,-40.01
"2020-10-06 13:56:05.2",6490429,-10,-10,-10,220,-0.003,-40.01
"2020-10-06 13:56:05.3",6490430,-10,-10,-10,220,-0.003,-40.01
"2020-10-06 13:56:05.4",6490431,-10,-10,-10,220,-0.003,-40.01
"2020-10-06 13:56:05.5",6490432,-10,-10,-10,220,-0.003,-40.01
"2020-10-06 13:56:05.6",6490433,-10,-10,-10,220,-0.003,-40.01
"2020-10-06 13:56:05.7",6490434,-10,-10,-10,220,-0.003,-40.01
"2020-10-06 13:56:05.8",6490435,-10,-10,-10,220,-0.003,-40.01
"2020-10-06 13:56:05.9",6490436,-10,-10,-10,220,-0.003,-40.01
"2020-10-06 13:56:06",6490437,-10,-10,-10,220,-0.003,-40.01
"2020-10-06 13:56:06.1",6490438,-10,-10,-10,220,-0.003,-40.01
"2020-10-06 13:56:06.2",6490439,-10,-10,-10,220,-0.003,-40.01
"2020-10-06 13:56:06.3",6490440,-10,-10,-10,220,-0.003,-40.01
"2020-10-06 13:56:06.4",6490441,-10,-10,-10,220,-0.003,-40.01
"2020-10-06 13:56:06.5",6490442,-10,-10,-10,220,-0.003,-40.01
"2020-10-06 13:56:06.6",6490443,-10,-10,-10,220,-0.003,-40.01
"2020-10-06 13:56:06.7",6490444,-10,-10,-10,220,-0.003,-40.01
"2020-10-06 13:56:06.8",6490445,-10,-10,-10,220,-0.003,-40.01
"2020-10-06 13:56:06.9",6490446,-10,-10,-10,220,-0.003,-40.01
"2020-10-06 13:56:07",6490447,-10,-10,-10,220,-0.003,-40.01
"2020-10-06 13:56:07.1",6490448,-10,-10,-10,220,-0.003,-40.01
"2020-10-06 13:56:07.2",6490449,-10,-10,-10,220,-0.003,-40.01
"2020-10-06 13:56:07.3",6490450,-10,-10,-10,220,-0.003,-40.01
"2020-10-06 13:56:07.4",6490451,-10,-10,-10,220,-0.003,-40.01
"2020-10-06 13:56:07.5",6490452,-10,-10,-10,220,-0.003,-40.01
"2020-10-06 13:56:07.6",6490453,-10,-10,-10,220,-0.003,-40.01
"2020-10-06 13:56:07.7",6490454,-10,-10,-10,220,-0.003,-40.01
"2020-10-06 13:56:07.8",6490455,-10,-10,-10,220,-0.003,-40.01
"2020-10-06 13:56:07.9",6490456,-10,-10,-10,220,-0.003,-40.01
"2020-10-06 13:56:08",6490457,-10,-10,-10,220,-0.003,-40.01
"2020-10-06 13:56:08.1",6490458,-10,-10,-10,220,-0.003,-40.01
"2020-10-06 13:56:08.2",6490459,-10,-10,-10,220,-0.003,-40.01
"2020-10-06 13:56:08.3",6490460,-10,-10,-10,220,-0.003,-40.01
"2020-10-06 13:56:08.4",6490461,-10,-10,-10,220,-0.003,-40.01
"2020-10-06 13:56:08.5",6490462,-10,-10,-10,220,-0.003,-40.01
"2020-10-06 13:56:08.6",6490463,-10,-10,-10,220,-0.003,-40.01
"2020-10-06 13:56:08.7",6490464,-10,-10,-10,220,-0.003,-40.01
"2020-10-06 13:56:08.8",6490465,-10,-10,-10,220,-0.003,-40.01
"2020-10-06 13:56:08.9",6490466,-10,-10,-10,220,-0.003,-40.01
"2020-10-06 13:56:09",6490467,-10,-10,-10,220,-0.003,-40.01
"2020-10-06 13:56:09.1",6490468,-10,-10,-10,220,-0.003,-40.01
"2020-10-06 13:56:09.2",6490469,-10,-10,-10,220,-0.003,-40.01
"2020-10-06 13:56:09.3",6490470,-10,-10,-10,220,-0.003,-40.01
"2020-10-06 13:56:09.4",6490471,-10,-10,-10,220,-0.003,-40.01
"2020-10-06 13:56:09.5",6490472,-10,-10,-10,220,-0.003,-40.01
"2020-10-06 13:56:09.6",6490473,-10,-10,-10,220,-0.003,-40.01
"2020-10-06 13:56:09.7",6490474,-10,-10,-10,220,-0.003,-40.01
"2020-10-06 13:56:09.8",6490475,-10,-10,-10,220,-0.003,-40.01
"2020-10-06 13:56:09.9",6490476,-10,-10,-10,220,-0.003,-40.01
"2020-10-06 13:56:10",6490477,-10,-10,-10,220,-0.003,-40.01
"2020-10-06 13:56:10.1",6490478,-10,-10,-10,220,-0.003,-40.01
"2020-10-06 13:56:10.2",6490479,-10,-10,-10,220,-0.003,-40.01
"2020-10-06 13:56:10.3",6490480,-10,-10,-10,220,-0.003,-40.01
"2020-10-06 13:56:10.4",6490481,-10,-10,-10,220,-0.003,-40.01
"2020-10-06 13:56:10.5",6490482,-10,-10,-10,220,-0.003,-40.01
"2020-10-06 13:56:10.6",6490483,-10,-10,-10,220,-0.003,-40.01
"2020-10-06 13:56:10.7",6490484,-10,-10,-10,220,-0.003,-40.01
"2020-10-06 13:56:10.8",6490485,-10,-10,-10,220,-0.003,-40.01
"2020-10-06 13:56:10.9",6490486,-10,-10,-10,220,-0.003,-40.01
"2020-10-06 13:56:11",6490487,-10,-10,-10,220,-0.003,-40.01
"2020-10-06 13:56:11.1",6490488,-10,-10,-10,220,-0.003,-40.01
"2020-10-06 13:56:11.2",6490489,-10,-10,-10,220,-0.003,-40.01
"2020-10-06 13:56:11.3",6490490,-10,-10,-10,220,-0.003,-40.01
"2020-10-06 13:56:11.4",6490491,-10,-10,-10,220,-0.003,-40.01
"2020-10-06 13:56:11.5",6490492,-10,-10,-10,220,-0.003,-40.01
"2020-10-06 13:56:11.6",6490493,-10,-10,-10,220,-0.003,-40.01
"2020-10-06 13:56:11.7",6490494,-10,-10,-10,220,-0.003,-40.01
"2020-10-06 13:56:11.8",6490495,-10,-10,-10,220,-0.003,-40.01
"2020-10-06 13:56:11.9",6490496,-10,-10,-10,220,-0.003,-40.01
"2020-10-06 13:56:12",6490497,-10,-10,-10,220,-0.003,-40.01
"2020-10-06 13:56:12.1",6490498,-10,-10,-10,220,-0.003,-40.01
"2020-10-06 13:56:12.2",6490499,-10,-10,-10,220,-0.003,-40.01
"2020-10-06 13:56:12.3",6490500,-10,-10,-10,220,-0.003,-40.01
"2020-10-06 13:56:12.4",6490501,-10,-10,-10,220,-0.003,-40.01
"2020-10-06 13:56:12.5",6490502,-10,-10,-10,220,-0.003,-40.01
"2020-10-06 13:56:12.6",6490503,-10,-10,-10,220,-0.003,-40.01
"2020-10-06 13:56:12.7",6490504,-10,-10,-10,220,-0.003,-40.01
"2020-10-06 13:56:12.8",6490505,-10,-10,-10,220,-0.003,-40.01
"2020-10-06 13:56:12.9",6490506,-10,-10,-10,220,-0.003,-40.01
"2020-10-06 13:56:13",6490507,-10,-10,-10,220,-0.003,-40.01
"2020-10-06 13:56:13.1",6490508,-10,-10,-10,220,-0.003,-40.01
"2020-10-06 13:56:13.2",6490509,-10,-10,-10,220,-0.003,-40.01
"2020-10-06 13:56:13.3",6490510,-10,-10,-10,220,-0.003,-40.01
"2020-10-06 13:56:13.4",6490511,-10,-10,-10,220,-0.003,-40.01
"2020-10-06 13:56:13.5",6490512,-10,-10,-10,220,-0.003,-40.01
"2020-10-06 13:56:13.6",6490513,-10,-10,-10,220,-0.003,-40.01
"2020-10-06 13:56:13.7",6490514,-10,-10,-10,220,-0.003,-40.01
"2020-10-06 13:56:13.8",6490515,-10,-10,-10,220,-0.003,-40.01
"2020-10-06 13:56:13.9",6490516,-10,-10,-10,220,-0.003,-40.01
"2020-10-06 13:56:14",6490517,-10,-10,-10,220,-0.003,-40.01
"2020-10-06 13:56:14.1",6490518,-10,-10,-10,220,-0.003,-40.01
"2020-10-06 13:56:14.2",6490519,-10,-10,-10,220,-0.003,-40.01
"2020-10-06 13:56:14.3",6490520,-10,-10,-10,220,-0.003,-40.01
"2020-10-06 13:56:14.4",6490521,-10,-10,-10,220,-0.003,-40.01
"2020-10-06 13:56:14.5",6490522,-10,-10,-10,220,-0.003,-40.01
"2020-10-06 13:56:14.6",6490523,-10,-10,-10,220,-0.003,-40.01
"2020-10-06 13:56:14.7",6490524,-10,-10,-10,220,-0.003,-40.01
"2020-10-06 13:56:14.8",6490525,-10,-10,-10,220,-0.003,-40.01
"2020-10-06 13:56:14.9",6490526,-10,-10,-10,220,-0.003,-40.01
"2020-10-06 13:56:15",6490527,-10,-10,-10,220,-0.003,-40.01
"2020-10-06 13:56:15.1",6490528,-10,-10,-10,220,-0.003,-40.01
"2020-10-06 13:56:15.2",6490529,-10,-10,-10,220,-0.003,-40.01
"2020-10-06 13:56:15.3",6490530,-10,-10,-10,220,-0.003,-40.01
"2020-10-06 13:56:15.4",6490531,-10,-10,-10,220,-0.003,-40.01
"2020-10-06 13:56:15.5",6490532,-10,-10,-10,220,-0.003,-40.01
"2020-10-06 13:56:15.6",6490533,-10,-10,-10,220,-0.003,-40.01
"2020-10-06 13:56:15.7",6490534,-10,-10,-10,220,-0.003,-40.01
"2020-10-06 13:56:15.8",6490535,-10,-10,-10,220,-0.003,-40.01
"2020-10-06 13:56:15.9",6490536,-10,-10,-10,220,-0.003,-40.01
"2020-10-06 13:56:16",6490537,-10,-10,-10,220,-0.003,-40.01
"2020-10-06 13:56:16.1",6490538,-10,-10,-10,220,-0.003,-40.01
"2020-10-06 13:56:16.2",6490539,-10,-10,-10,220,-0.003,-40.01
"2020-10-06 13:56:16.3",6490540,-10,-10,-10,220,-0.003,-40.01
"2020-10-06 13:56:16.4",6490541,-10,-10,-10,220,-0.003,-40.01
"2020-10-06 13:56:16.5",6490542,-10,-10,-10,220,-0.003,-40.01
"2020-10-06 13:56:16.6",6490543,-10,-10,-10,220,-0.003,-40.01
"2020-10-06 13:56:16.7",6490544,-10,-10,-10,220,-0.003,-40.01
"2020-10-06 13:56:16.8",6490545,-10,-10,-10,220,-0.003,-40.01
"2020-10-06 13:56:16.9",6490546,-10,-10,-10,220,-0.003,-40.01
"2020-10-06 13:56:17",6490547,-10,-10,-10,220,-0.003,-40.01
"2020-10-06 13:56:17.1",6490548,-10,-10,-10,220,-0.003,-40.01
"2020-10-06 13:56:17.2",6490549,-10,-10,-10,220,-0.003,-40.01
"2020-10-06 13:56:17.3",6490550,-10,-10,-10,220,-0.003,-40.01
"2020-10-06 13:56:17.4",6490551,-10,-10,-10,220,-0.003,-40.01
"2020-10-06 13:56:17.5",6490552,-10,-10,-10,220,-0.003,-40.01
"2020-10-06 13:56:17.6",6490553,-10,-10,-10,220,-0.003,-40.01
"2020-10-06 13:56:17.7",6490554,-10,-10,-10,220,-0.003,-40.01
"2020-10-06 13:56:17.8",6490555,-10,-10,-10,220,-0.003,-40.01
"2020-10-06 13:56:17.9",6490556,-10,-10,-10,220,-0.003,-40.01
"2020-10-06 13:56:18",6490557,-10,-10,-10,220,-0.003,-40.01
"2020-10-06 13:56:18.1",6490558,-10,-10,-10,220,-0.003,-40.01
"2020-10-06 13:56:18.2",6490559,-10,-10,-10,220,-0.003,-40.01
"2020-10-06 13:56:18.3",6490560,-10,-10,-10,220,-0.003,-40.01
"2020-10-06 13:56:18.4",6490561,-10,-10,-10,220,-0.003,-40.01
"2020-10-06 13:56:18.5",6490562,-10,-10,-10,220,-0.003,-40.01
"2020-10-06 13:56:18.6",6490563,-10,-10,-10,220,-0.003,-40.01
"2020-10-06 13:56:18.7",6490564,-10,-10,-10,220,-0.003,-40.01
"2020-10-06 13:56:18.8",6490565,-10,-10,-10,220,-0.003,-40.01
"2020-10-06 13:56:18.9",6490566,-10,-10,-10,220,-0.003,-40.01
"2020-10-06 13:56:19",6490567,-10,-10,-10,220,-0.003,-40.01
"2020-10-06 13:56:19.1",6490568,-10,-10,-10,220,-0.003,-40.01
"2020-10-06 13:56:19.2",6490569,-10,-10,-10,220,-0.003,-40.01
"2020-10-06 13:56:19.3",6490570,-10,-10,-10,220,-0.003,-40.01
"2020-10-06 13:56:19.4",6490571,-10,-10,-10,220,-0.003,-40.01
"2020-10-06 13:56:19.5",6490572,-10,-10,-10,220,-0.003,-40.01
"2020-10-06 13:56:19.6",6490573,-10,-10,-10,220,-0.003,-40.01
"2020-10-06 13:56:19.7",6490574,-10,-10,-10,220,-0.003,-40.01
"2020-10-06 13:56:19.8",6490575,-10,-10,-10,220,-0.003,-40.01
"2020-10-06 13:56:19.9",6490576,-10,-10,-10,220,-0.003,-40.01
"2020-10-06 13:56:20",6490577,-10,-10,-10,220,-0.003,-40.01
"2020-10-06 13:56:20.1",6490578,-10,-10,-10,220,-0.003,-40.01
"2020-10-06 13:56:20.2",6490579,-10,-10,-10,220,-0.003,-40.01
"2020-10-06 13:56:20.3",6490580,-10,-10,-10,220,-0.003,-40.01
"2020-10-06 13:56:20.4",6490581,-10,-10,-10,220,-0.003,-40.01
"2020-10-06 13:56:20.5",6490582,-10,-10,-10,220,-0.003,-40.01
"2020-10-06 13:56:20.6",6490583,-10,-10,-10,220,-0.003,-40.01
"2020-10-06 13:56:20.7",6490584,-10,-10,-10,220,-0.003,-40.01
"2020-10-06 13:56:20.8",6490585,-10,-10,-10,220,-0.003,-40.01
"2020-10-06 13:56:20.9",6490586,-10,-10,-10,220,-0.003,-40.01
"2020-10-06 13:56:21",6490587,-10,-10,-10,220,-0.003,-40.01
"2020-10-06 13:56:21.1",6490588,-10,-10,-10,220,-0.003,-40.01
"2020-10-06 13:56:21.2",6490589,-10,-10,-10,220,-0.003,-40.01
"2020-10-06 13:56:21.3",6490590,-10,-10,-10,220,-0.003,-40.01
"2020-10-06 13:56:21.4",6490591,-10,-10,-10,220,-0.003,-40.01
"2020-10-06 13:56:21.5",6490592,-10,-10,-10,220,-0.003,-40.01
"2020-10-06 13:56:21.6",6490593,-10,-10,-10,220,-0.003,-40.01
"2020-10-06 13:56:21.7",6490594,-10,-10,-10,220,-0.003,-40.01
"2020-10-06 13:56:21.8",6490595,-10,-10,-10,220,-0.003,-40.01
"2020-10-06 13:56:21.9",6490596,-10,-10,-10,220,-0.003,-40.01
"2020-10-06 13:56:22",6490597,-10,-10,-10,220,-0.003,-40.01
"2020-10-06 13:56:22.1",6490598,-10,-10,-10,220,-0.003,-40.01
"2020-10-06 13:56:22.2",6490599,-10,-10,-10,220,-0.003,-40.01
"2020-10-06 13:56:22.3",6490600,-10,-10,-10,220,-0.003,-40.01
"2020-10-06 13:56:22.4",6490601,-10,-10,-10,220,-0.003,-40.01
"2020-10-06 13:56:22.5",6490602,-10,-10,-10,220,-0.003,-40.01
"2020-10-06 13:56:22.6",6490603,-10,-10,-10,220,-0.003,-40.01
"2020-10-06 13:56:22.7",6490604,-10,-10,-10,220,-0.003,-40.01
"2020-10-06 13:56:22.8",6490605,-10,-10,-10,220,-0.003,-40.01
"2020-10-06 13:56:22.9",6490606,-10,-10,-10,220,-0.003,-40.01
"2020-10-06 13:56:23",6490607,-10,-10,-10,220,-0.003,-40.01
"2020-10-06 13:56:23.1",6490608,-10,-10,-10,220,-0.003,-40.01
"2020-10-06 13:56:23.2",6490609,-10,-10,-10,220,-0.003,-40.01
"2020-10-06 13:56:23.3",6490610,-10,-10,-10,220,-0.003,-40.01
"2020-10-06 13:56:23.4",6490611,-10,-10,-10,220,-0.003,-40.01
"2020-10-06 13:56:23.5",6490612,-10,-10,-10,220,-0.003,-40.01
"2020-10-06 13:56:23.6",6490613,-10,-10,-10,220,-0.003,-40.01
"2020-10-06 13:56:23.7",6490614,-10,-10,-10,220,-0.003,-40.01
"2020-10-06 13:56:23.8",6490615,-10,-10,-10,220,-0.003,-40.01
"2020-10-06 13:56:23.9",6490616,-10,-10,-10,220,-0.003,-40.01
"2020-10-06 13:56:24",6490617,-10,-10,-10,220,-0.003,-40.01
"2020-10-06 13:56:24.1",6490618,-10,-10,-10,220,-0.003,-40.01
"2020-10-06 13:56:24.2",6490619,-10,-10,-10,220,-0.003,-40.01
"2020-10-06 13:56:24.3",6490620,-10,-10,-10,220,-0.003,-40.01
"2020-10-06 13:56:24.4",6490621,-10,-10,-10,220,-0.003,-40.01
"2020-10-06 13:56:24.5",6490622,-10,-10,-10,220,-0.003,-40.01
"2020-10-06 13:56:24.6",6490623,-10,-10,-10,220,-0.003,-40.01
"2020-10-06 13:56:24.7",6490624,-10,-10,-10,220,-0.003,-40.01
"2020-10-06 13:56:24.8",6490625,-10,-10,-10,220,-0.003,-40.01
"2020-10-06 13:56:24.9",6490626,-10,-10,-10,220,-0.003,-40.01
"2020-10-06 13:56:25",6490627,-10,-10,-10,220,-0.003,-40.01
"2020-10-06 13:56:25.1",6490628,-10,-10,-10,220,-0.003,-40.01
"2020-10-06 13:56:25.2",6490629,-10,-10,-10,220,-0.003,-40.01
"2020-10-06 13:56:25.3",6490630,-10,-10,-10,220,-0.003,-40.01
"2020-10-06 13:56:25.4",6490631,-10,-10,-10,220,-0.003,-40.01
"2020-10-06 13:56:25.5",6490632,-10,-10,-10,220,-0.003,-40.01
"2020-10-06 13:56:25.6",6490633,-10,-10,-10,220,-0.003,-40.01
"2020-10-06 13:56:25.7",6490634,-10,-10,-10,220,-0.003,-40.01
"2020-10-06 13:56:25.8",6490635,-10,-10,-10,220,-0.003,-40.01
"2020-10-06 13:56:25.9",6490636,-10,-10,-10,220,-0.003,-40.01
"2020-10-06 13:56:26",6490637,-10,-10,-10,220,-0.003,-40.01
"2020-10-06 13:56:26.1",6490638,-10,-10,-10,220,-0.003,-40.01
"2020-10-06 13:56:26.2",6490639,-10,-10,-10,220,-0.003,-40.01
"2020-10-06 13:56:26.3",6490640,-10,-10,-10,220,-0.003,-40.01
"2020-10-06 13:56:26.4",6490641,-10,-10,-10,220,-0.003,-40.01
"2020-10-06 13:56:26.5",6490642,-10,-10,-10,220,-0.003,-40.01
"2020-10-06 13:56:26.6",6490643,-10,-10,-10,220,-0.003,-40.01
"2020-10-06 13:56:26.7",6490644,-10,-10,-10,220,-0.003,-40.01
"2020-10-06 13:56:26.8",6490645,-10,-10,-10,220,-0.003,-40.01
"2020-10-06 13:56:26.9",6490646,-10,-10,-10,220,-0.003,-40.01
"2020-10-06 13:56:27",6490647,-10,-10,-10,220,-0.003,-40.01
"2020-10-06 13:56:27.1",6490648,-10,-10,-10,220,-0.003,-40.01
"2020-10-06 13:56:27.2",6490649,-10,-10,-10,220,-0.003,-40.01
"2020-10-06 13:56:27.3",6490650,-10,-10,-10,220,-0.003,-40.01
"2020-10-06 13:56:27.4",6490651,-10,-10,-10,220,-0.003,-40.01
"2020-10-06 13:56:27.5",6490652,-10,-10,-10,220,-0.003,-40.01
"2020-10-06 13:56:27.6",6490653,-10,-10,-10,220,-0.003,-40.01
"2020-10-06 13:56:27.7",6490654,-10,-10,-10,220,-0.003,-40.01
"2020-10-06 13:56:27.8",6490655,-10,-10,-10,220,-0.003,-40.01
"2020-10-06 13:56:27.9",6490656,-10,-10,-10,220,-0.003,-40.01
"2020-10-06 13:56:28",6490657,-10,-10,-10,220,-0.003,-40.01
"2020-10-06 13:56:28.1",6490658,-10,-10,-10,220,-0.003,-40.01
"2020-10-06 13:56:28.2",6490659,-10,-10,-10,220,-0.003,-40.01
"2020-10-06 13:56:28.3",6490660,-10,-10,-10,220,-0.003,-40.01
"2020-10-06 13:56:28.4",6490661,-10,-10,-10,220,-0.003,-40.01
"2020-10-06 13:56:28.5",6490662,-10,-10,-10,220,-0.003,-40.01
"2020-10-06 13:56:28.6",6490663,-10,-10,-10,220,-0.003,-40.01
"2020-10-06 13:56:28.7",6490664,-10,-10,-10,220,-0.003,-40.01
"2020-10-06 13:56:28.8",6490665,-10,-10,-10,220,-0.003,-40.01
"2020-10-06 13:56:28.9",6490666,-10,-10,-10,220,-0.003,-40.01
"2020-10-06 13:56:29",6490667,-10,-10,-10,220,-0.003,-40.01
"2020-10-06 13:56:29.1",6490668,-10,-10,-10,220,-0.003,-40.01
"2020-10-06 13:56:29.2",6490669,-10,-10,-10,220,-0.003,-40.01
"2020-10-06 13:56:29.3",6490670,-10,-10,-10,220,-0.003,-40.01
"2020-10-06 13:56:29.4",6490671,-10,-10,-10,220,-0.003,-40.01
"2020-10-06 13:56:29.5",6490672,-10,-10,-10,220,-0.003,-40.01
"2020-10-06 13:56:29.6",6490673,-10,-10,-10,220,-0.003,-40.01
"2020-10-06 13:56:29.7",6490674,-10,-10,-10,220,-0.003,-40.01
"2020-10-06 13:56:29.8",6490675,-10,-10,-10,220,-0.003,-40.01
"2020-10-06 13:56:29.9",6490676,-10,-10,-10,220,-0.003,-40.01
"2020-10-06 13:56:30",6490677,-10,-10,-10,220,-0.003,-40.01
"2020-10-06 13:56:30.1",6490678,-10,-10,-10,220,-0.003,-40.01
"2020-10-06 13:56:30.2",6490679,-10,-10,-10,220,-0.003,-40.01
"2020-10-06 13:56:30.3",6490680,-10,-10,-10,220,-0.003,-40.01
"2020-10-06 13:56:30.4",6490681,-10,-10,-10,220,-0.003,-40.01
"2020-10-06 13:56:30.5",6490682,-10,-10,-10,220,-0.003,-40.01
"2020-10-06 13:56:30.6",6490683,-10,-10,-10,220,-0.003,-40.01
"2020-10-06 13:56:30.7",6490684,-10,-10,-10,220,-0.003,-40.01
"2020-10-06 13:56:30.8",6490685,-10,-10,-10,220,-0.003,-40.01
"2020-10-06 13:56:30.9",6490686,-10,-10,-10,220,-0.003,-40.01
"2020-10-06 13:56:31",6490687,-10,-10,-10,220,-0.003,-40.01
"2020-10-06 13:56:31.1",6490688,-10,-10,-10,220,-0.003,-40.01
"2020-10-06 13:56:31.2",6490689,-10,-10,-10,220,-0.003,-40.01
"2020-10-06 13:56:31.3",6490690,-10,-10,-10,220,-0.003,-40.01
"2020-10-06 13:56:31.4",6490691,-10,-10,-10,220,-0.003,-40.01
"2020-10-06 13:56:31.5",6490692,-10,-10,-10,220,-0.003,-40.01
"2020-10-06 13:56:31.6",6490693,-10,-10,-10,220,-0.003,-40.01
"2020-10-06 13:56:31.7",6490694,-10,-10,-10,220,-0.003,-40.01
"2020-10-06 13:56:31.8",6490695,-10,-10,-10,220,-0.003,-40.01
"2020-10-06 13:56:31.9",6490696,-10,-10,-10,220,-0.003,-40.01
"2020-10-06 13:56:32",6490697,-10,-10,-10,220,-0.003,-40.01
"2020-10-06 13:56:32.1",6490698,-10,-10,-10,220,-0.003,-40.01
"2020-10-06 13:56:32.2",6490699,-10,-10,-10,220,-0.003,-40.01
"2020-10-06 13:56:32.3",6490700,-10,-10,-10,220,-0.003,-40.01
"2020-10-06 13:56:32.4",6490701,-10,-10,-10,220,-0.003,-40.01
"2020-10-06 13:56:32.5",6490702,-10,-10,-10,220,-0.003,-40.01
"2020-10-06 13:56:32.6",6490703,-10,-10,-10,220,-0.003,-40.01
"2020-10-06 13:56:32.7",6490704,-10,-10,-10,220,-0.003,-40.01
"2020-10-06 13:56:32.8",6490705,-10,-10,-10,220,-0.003,-40.01
"2020-10-06 13:56:32.9",6490706,-10,-10,-10,220,-0.003,-40.01
"2020-10-06 13:56:33",6490707,-10,-10,-10,220,-0.003,-40.01
"2020-10-06 13:56:33.1",6490708,-10,-10,-10,220,-0.003,-40.01
"2020-10-06 13:56:33.2",6490709,-10,-10,-10,220,-0.003,-40.01
"2020-10-06 13:56:33.3",6490710,-10,-10,-10,220,-0.003,-40.01
"2020-10-06 13:56:33.4",6490711,-10,-10,-10,220,-0.003,-40.01
"2020-10-06 13:56:33.5",6490712,-10,-10,-10,220,-0.003,-40.01
"2020-10-06 13:56:33.6",6490713,-10,-10,-10,220,-0.003,-40.01
"2020-10-06 13:56:33.7",6490714,-10,-10,-10,220,-0.003,-40.01
"2020-10-06 13:56:33.8",6490715,-10,-10,-10,220,-0.003,-40.01
"2020-10-06 13:56:33.9",6490716,-10,-10,-10,220,-0.003,-40.01
"2020-10-06 13:56:34",6490717,-10,-10,-10,220,-0.003,-40.01
"2020-10-06 13:56:34.1",6490718,-10,-10,-10,220,-0.003,-40.01
"2020-10-06 13:56:34.2",6490719,-10,-10,-10,220,-0.003,-40.01
"2020-10-06 13:56:34.3",6490720,-10,-10,-10,220,-0.003,-40.01
"2020-10-06 13:56:34.4",6490721,-10,-10,-10,220,-0.003,-40.01
"2020-10-06 13:56:34.5",6490722,-10,-10,-10,220,-0.003,-40.01
"2020-10-06 13:56:34.6",6490723,-10,-10,-10,220,-0.003,-40.01
"2020-10-06 13:56:34.7",6490724,-10,-10,-10,220,-0.003,-40.01
"2020-10-06 13:56:34.8",6490725,-10,-10,-10,220,-0.003,-40.01
"2020-10-06 13:56:34.9",6490726,-10,-10,-10,220,-0.003,-40.01
"2020-10-06 13:56:35",6490727,-10,-10,-10,220,-0.003,-40.01
"2020-10-06 13:56:35.1",6490728,-10,-10,-10,220,-0.003,-40.01
"2020-10-06 13:56:35.2",6490729,-10,-10,-10,220,-0.003,-40.01
"2020-10-06 13:56:35.3",6490730,-10,-10,-10,220,-0.003,-40.01
"2020-10-06 13:56:35.4",6490731,-10,-10,-10,220,-0.003,-40.01
"2020-10-06 13:56:35.5",6490732,-10,-10,-10,220,-0.003,-40.01
"2020-10-06 13:56:35.6",6490733,-10,-10,-10,220,-0.003,-40.01
"2020-10-06 13:56:35.7",6490734,-10,-10,-10,220,-0.003,-40.01
"2020-10-06 13:56:35.8",6490735,-10,-10,-10,220,-0.003,-40.01
"2020-10-06 13:56:35.9",6490736,-10,-10,-10,220,-0.003,-40.01
"2020-10-06 13:56:36",6490737,-10,-10,-10,220,-0.003,-40.01
"2020-10-06 13:56:36.1",6490738,-10,-10,-10,220,-0.003,-40.01
"2020-10-06 13:56:36.2",6490739,-10,-10,-10,220,-0.003,-40.01
"2020-10-06 13:56:36.3",6490740,-10,-10,-10,220,-0.003,-40.01
"2020-10-06 13:56:36.4",6490741,-10,-10,-10,220,-0.003,-40.01
"2020-10-06 13:56:36.5",6490742,-10,-10,-10,220,-0.003,-40.01
"2020-10-06 13:56:36.6",6490743,-10,-10,-10,220,-0.003,-40.01
"2020-10-06 13:56:36.7",6490744,-10,-10,-10,220,-0.003,-40.01
"2020-10-06 13:56:36.8",6490745,-10,-10,-10,220,-0.003,-40.01
"2020-10-06 13:56:36.9",6490746,-10,-10,-10,220,-0.003,-40.01
"2020-10-06 13:56:37",6490747,-10,-10,-10,220,-0.003,-40.01
"2020-10-06 13:56:37.1",6490748,-10,-10,-10,220,-0.003,-40.01
"2020-10-06 13:56:37.2",6490749,-10,-10,-10,220,-0.003,-40.01
"2020-10-06 13:56:37.3",6490750,-10,-10,-10,220,-0.003,-40.01
"2020-10-06 13:56:37.4",6490751,-10,-10,-10,220,-0.003,-40.01
"2020-10-06 13:56:37.5",6490752,-10,-10,-10,220,-0.003,-40.01
"2020-10-06 13:56:37.6",6490753,-10,-10,-10,220,-0.003,-40.01
"2020-10-06 13:56:37.7",6490754,-10,-10,-10,220,-0.003,-40.01
"2020-10-06 13:56:37.8",6490755,-10,-10,-10,220,-0.003,-40.01
"2020-10-06 13:56:37.9",6490756,-10,-10,-10,220,-0.003,-40.01
"2020-10-06 13:56:38",6490757,-10,-10,-10,220,-0.003,-40.01
"2020-10-06 13:56:38.1",6490758,-10,-10,-10,220,-0.003,-40.01
"2020-10-06 13:56:38.2",6490759,-10,-10,-10,220,-0.003,-40.01
"2020-10-06 13:56:38.3",6490760,-10,-10,-10,220,-0.003,-40.01
"2020-10-06 13:56:38.4",6490761,-10,-10,-10,220,-0.003,-40.01
"2020-10-06 13:56:38.5",6490762,-10,-10,-10,220,-0.003,-40.01
"2020-10-06 13:56:38.6",6490763,-10,-10,-10,220,-0.003,-40.01
"2020-10-06 13:56:38.7",6490764,-10,-10,-10,220,-0.003,-40.01
"2020-10-06 13:56:38.8",6490765,-10,-10,-10,220,-0.003,-40.01
"2020-10-06 13:56:38.9",6490766,-10,-10,-10,220,-0.003,-40.01
"2020-10-06 13:56:39",6490767,-10,-10,-10,220,-0.003,-40.01
"2020-10-06 13:56:39.1",6490768,-10,-10,-10,220,-0.003,-40.01
"2020-10-06 13:56:39.2",6490769,-10,-10,-10,220,-0.003,-40.01
"2020-10-06 13:56:39.3",6490770,-10,-10,-10,220,-0.003,-40.01
"2020-10-06 13:56:39.4",6490771,-10,-10,-10,220,-0.003,-40.01
"2020-10-06 13:56:39.5",6490772,-10,-10,-10,220,-0.003,-40.01
"2020-10-06 13:56:39.6",6490773,-10,-10,-10,220,-0.003,-40.01
"2020-10-06 13:56:39.7",6490774,-10,-10,-10,220,-0.003,-40.01
"2020-10-06 13:56:39.8",6490775,-10,-10,-10,220,-0.003,-40.01
"2020-10-06 13:56:39.9",6490776,-10,-10,-10,220,-0.003,-40.01
"2020-10-06 13:56:40",6490777,-10,-10,-10,220,-0.003,-40.01
"2020-10-06 13:56:40.1",6490778,-10,-10,-10,220,-0.003,-40.01
"2020-10-06 13:56:40.2",6490779,-10,-10,-10,220,-0.003,-40.01
"2020-10-06 13:56:40.3",6490780,-10,-10,-10,220,-0.003,-40.01
"2020-10-06 13:56:40.4",6490781,-10,-10,-10,220,-0.003,-40.01
"2020-10-06 13:56:40.5",6490782,-10,-10,-10,220,-0.003,-40.01
"2020-10-06 13:56:40.6",6490783,-10,-10,-10,220,-0.003,-40.01
"2020-10-06 13:56:40.7",6490784,-10,-10,-10,220,-0.003,-40.01
"2020-10-06 13:56:40.8",6490785,-10,-10,-10,220,-0.003,-40.01
"2020-10-06 13:56:40.9",6490786,-10,-10,-10,220,-0.003,-40.01
"2020-10-06 13:56:41",6490787,-10,-10,-10,220,-0.003,-40.01
"2020-10-06 13:56:41.1",6490788,-10,-10,-10,220,-0.003,-40.01
"2020-10-06 13:56:41.2",6490789,-10,-10,-10,220,-0.003,-40.01
"2020-10-06 13:56:41.3",6490790,-10,-10,-10,220,-0.003,-40.01
"2020-10-06 13:56:41.4",6490791,-10,-10,-10,220,-0.003,-40.01
"2020-10-06 13:56:41.5",6490792,-10,-10,-10,220,-0.003,-40.01
"2020-10-06 13:56:41.6",6490793,-10,-10,-10,220,-0.003,-40.01
"2020-10-06 13:56:41.7",6490794,-10,-10,-10,220,-0.003,-40.01
"2020-10-06 13:56:41.8",6490795,-10,-10,-10,220,-0.003,-40.01
"2020-10-06 13:56:41.9",6490796,-10,-10,-10,220,-0.003,-40.01
"2020-10-06 13:56:42",6490797,-10,-10,-10,220,-0.003,-40.01
"2020-10-06 13:56:42.1",6490798,-10,-10,-10,220,-0.003,-40.01
"2020-10-06 13:56:42.2",6490799,-10,-10,-10,220,-0.003,-40.01
"2020-10-06 13:56:42.3",6490800,-10,-10,-10,220,-0.003,-40.01
"2020-10-06 13:56:42.4",6490801,-10,-10,-10,220,-0.003,-40.01
"2020-10-06 13:56:42.5",6490802,-10,-10,-10,220,-0.003,-40.01
"2020-10-06 13:56:42.6",6490803,-10,-10,-10,220,-0.003,-40.01
"2020-10-06 13:56:42.7",6490804,-10,-10,-10,220,-0.003,-40.01
"2020-10-06 13:56:42.8",6490805,-10,-10,-10,220,-0.003,-40.01
"2020-10-06 13:56:42.9",6490806,-10,-10,-10,220,-0.003,-40.01
"2020-10-06 13:56:43",6490807,-10,-10,-10,220,-0.003,-40.01
"2020-10-06 13:56:43.1",6490808,-10,-10,-10,220,-0.003,-40.01
"2020-10-06 13:56:43.2",6490809,-10,-10,-10,220,-0.003,-40.01
"2020-10-06 13:56:43.3",6490810,-10,-10,-10,220,-0.003,-40.01
"2020-10-06 13:56:43.4",6490811,-10,-10,-10,220,-0.003,-40.01
"2020-10-06 13:56:43.5",6490812,-10,-10,-10,220,-0.003,-40.01
"2020-10-06 13:56:43.6",6490813,-10,-10,-10,220,-0.003,-40.01
"2020-10-06 13:56:43.7",6490814,-10,-10,-10,220,-0.003,-40.01
"2020-10-06 13:56:43.8",6490815,-10,-10,-10,220,-0.003,-40.01
"2020-10-06 13:56:43.9",6490816,-10,-10,-10,220,-0.003,-40.01
"2020-10-06 13:56:44",6490817,-10,-10,-10,220,-0.003,-40.01
"2020-10-06 13:56:44.1",6490818,-10,-10,-10,220,-0.003,-40.01
"2020-10-06 13:56:44.2",6490819,-10,-10,-10,220,-0.003,-40.01
"2020-10-06 13:56:44.3",6490820,-10,-10,-10,220,-0.003,-40.01
"2020-10-06 13:56:44.4",6490821,-10,-10,-10,220,-0.003,-40.01
"2020-10-06 13:56:44.5",6490822,-10,-10,-10,220,-0.003,-40.01
"2020-10-06 13:56:44.6",6490823,-10,-10,-10,220,-0.003,-40.01
"2020-10-06 13:56:44.7",6490824,-10,-10,-10,220,-0.003,-40.01
"2020-10-06 13:56:44.8",6490825,-10,-10,-10,220,-0.003,-40.01
"2020-10-06 13:56:44.9",6490826,-10,-10,-10,220,-0.003,-40.01
"2020-10-06 13:56:45",6490827,-10,-10,-10,220,-0.003,-40.01
"2020-10-06 13:56:45.1",6490828,-10,-10,-10,220,-0.003,-40.01
"2020-10-06 13:56:45.2",6490829,-10,-10,-10,220,-0.003,-40.01
"2020-10-06 13:56:45.3",6490830,-10,-10,-10,220,-0.003,-40.01
"2020-10-06 13:56:45.4",6490831,-10,-10,-10,220,-0.003,-40.01
"2020-10-06 13:56:45.5",6490832,-10,-10,-10,220,-0.003,-40.01
"2020-10-06 13:56:45.6",6490833,-10,-10,-10,220,-0.003,-40.01
"2020-10-06 13:56:45.7",6490834,-10,-10,-10,220,-0.003,-40.01
"2020-10-06 13:56:45.8",6490835,-10,-10,-10,220,-0.003,-40.01
"2020-10-06 13:56:45.9",6490836,-10,-10,-10,220,-0.003,-40.01
"2020-10-06 13:56:46",6490837,-10,-10,-10,220,-0.003,-40.01
"2020-10-06 13:56:46.1",6490838,-10,-10,-10,220,-0.003,-40.01
"2020-10-06 13:56:46.2",6490839,-10,-10,-10,220,-0.003,-40.01
"2020-10-06 13:56:46.3",6490840,-10,-10,-10,220,-0.003,-40.01
"2020-10-06 13:56:46.4",6490841,-10,-10,-10,220,-0.003,-40.01
"2020-10-06 13:56:46.5",6490842,-10,-10,-10,220,-0.003,-40.01
"2020-10-06 13:56:46.6",6490843,-10,-10,-10,220,-0.003,-40.01
"2020-10-06 13:56:46.7",6490844,-10,-10,-10,220,-0.003,-40.01
"2020-10-06 13:56:46.8",6490845,-10,-10,-10,220,-0.003,-40.01
"2020-10-06 13:56:46.9",6490846,-10,-10,-10,220,-0.003,-40.01
"2020-10-06 13:56:47",6490847,-10,-10,-10,220,-0.003,-40.01
"2020-10-06 13:56:47.1",6490848,-10,-10,-10,220,-0.003,-40.01
"2020-10-06 13:56:47.2",6490849,-10,-10,-10,220,-0.003,-40.01
"2020-10-06 13:56:47.3",6490850,-10,-10,-10,220,-0.003,-40.01
"2020-10-06 13:56:47.4",6490851,-10,-10,-10,220,-0.003,-40.01
"2020-10-06 13:56:47.5",6490852,-10,-10,-10,220,-0.003,-40.01
"2020-10-06 13:56:47.6",6490853,-10,-10,-10,220,-0.003,-40.01
"2020-10-06 13:56:47.7",6490854,-10,-10,-10,220,-0.003,-40.01
"2020-10-06 13:56:47.8",6490855,-10,-10,-10,220,-0.003,-40.01
"2020-10-06 13:56:47.9",6490856,-10,-10,-10,220,-0.003,-40.01
"2020-10-06 13:56:48",6490857,-10,-10,-10,220,-0.003,-40.01
"2020-10-06 13:56:48.1",6490858,-10,-10,-10,220,-0.003,-40.01
"2020-10-06 13:56:48.2",6490859,-10,-10,-10,220,-0.003,-40.01
"2020-10-06 13:56:48.3",6490860,-10,-10,-10,220,-0.003,-40.01
"2020-10-06 13:56:48.4",6490861,-10,-10,-10,220,-0.003,-40.01
"2020-10-06 13:56:48.5",6490862,-10,-10,-10,220,-0.003,-40.01
"2020-10-06 13:56:48.6",6490863,-10,-10,-10,220,-0.003,-40.01
"2020-10-06 13:56:48.7",6490864,-10,-10,-10,220,-0.003,-40.01
"2020-10-06 13:56:48.8",6490865,-10,-10,-10,220,-0.003,-40.01
"2020-10-06 13:56:48.9",6490866,-10,-10,-10,220,-0.003,-40.01
"2020-10-06 13:56:49",6490867,-10,-10,-10,220,-0.003,-40.01
"2020-10-06 13:56:49.1",6490868,-10,-10,-10,220,-0.003,-40.01
"2020-10-06 13:56:49.2",6490869,-10,-10,-10,220,-0.003,-40.01
"2020-10-06 13:56:49.3",6490870,-10,-10,-10,220,-0.003,-40.01
"2020-10-06 13:56:49.4",6490871,-10,-10,-10,220,-0.003,-40.01
"2020-10-06 13:56:49.5",6490872,-10,-10,-10,220,-0.003,-40.01
"2020-10-06 13:56:49.6",6490873,-10,-10,-10,220,-0.003,-40.01
"2020-10-06 13:56:49.7",6490874,-10,-10,-10,220,-0.003,-40.01
"2020-10-06 13:56:49.8",6490875,-10,-10,-10,220,-0.003,-40.01
"2020-10-06 13:56:49.9",6490876,-10,-10,-10,220,-0.003,-40.01
"2020-10-06 13:56:50",6490877,-10,-10,-10,220,-0.003,-40.01
"2020-10-06 13:56:50.1",6490878,-10,-10,-10,220,-0.003,-40.01
"2020-10-06 13:56:50.2",6490879,-10,-10,-10,220,-0.003,-40.01
"2020-10-06 13:56:50.3",6490880,-10,-10,-10,220,-0.003,-40.01
"2020-10-06 13:56:50.4",6490881,-10,-10,-10,220,-0.003,-40.01
"2020-10-06 13:56:50.5",6490882,-10,-10,-10,220,-0.003,-40.01
"2020-10-06 13:56:50.6",6490883,-10,-10,-10,220,-0.003,-40.01
"2020-10-06 13:56:50.7",6490884,-10,-10,-10,220,-0.003,-40.01
"2020-10-06 13:56:50.8",6490885,-10,-10,-10,220,-0.003,-40.01
"2020-10-06 13:56:50.9",6490886,-10,-10,-10,220,-0.003,-40.01
