"TOA5","10329","CR6","10329","CR6.Std.09.01 CR6-WIFI.04.00.01","CPU:YOUNG81000_HMP60_10Hz.CR6","51185","Young10Hz_hmp"
"TIMESTAMP","RECORD","U","V","W","TSonic","RH","T_HMP60"
"TS","RN","mV","mV","mV","mV","%","Deg C"
"","","Smp","Smp","Smp","Smp","Smp","Smp"
"2020-10-07 19:48:51",7566087,-10,-10,-10,220,-0.003,-40.01
"2020-10-07 19:48:51.1",7566088,-10,-10,-10,220,-0.003,-40.01
"2020-10-07 19:48:51.2",7566089,-10,-10,-10,220,-0.003,-40.01
"2020-10-07 19:48:51.3",7566090,-10,-10,-10,220,-0.003,-40.01
"2020-10-07 19:48:51.4",7566091,-10,-10,-10,220,-0.003,-40.01
"2020-10-07 19:48:51.5",7566092,-10,-10,-10,220,-0.003,-40.01
"2020-10-07 19:48:51.6",7566093,-10,-10,-10,220,-0.003,-40.01
"2020-10-07 19:48:51.7",7566094,-10,-10,-10,220,-0.003,-40.01
"2020-10-07 19:48:51.8",7566095,-10,-10,-10,220,-0.003,-40.01
"2020-10-07 19:48:51.9",7566096,-10,-10,-10,220,-0.003,-40.01
"2020-10-07 19:48:52",7566097,-10,-10,-10,220,-0.003,-40.01
"2020-10-07 19:48:52.1",7566098,-10,-10,-10,220,-0.003,-40.01
"2020-10-07 19:48:52.2",7566099,-10,-10,-10,220,-0.003,-40.01
"2020-10-07 19:48:52.3",7566100,-10,-10,-10,220,-0.003,-40.01
"2020-10-07 19:48:52.4",7566101,-10,-10,-10,220,-0.003,-40.01
"2020-10-07 19:48:52.5",7566102,-10,-10,-10,220,-0.003,-40.01
"2020-10-07 19:48:52.6",7566103,-10,-10,-10,220,-0.003,-40.01
"2020-10-07 19:48:52.7",7566104,-10,-10,-10,220,-0.003,-40.01
"2020-10-07 19:48:52.8",7566105,-10,-10,-10,220,-0.003,-40.01
"2020-10-07 19:48:52.9",7566106,-10,-10,-10,220,-0.003,-40.01
"2020-10-07 19:48:53",7566107,-10,-10,-10,220,-0.003,-40.01
"2020-10-07 19:48:53.1",7566108,-10,-10,-10,220,-0.003,-40.01
"2020-10-07 19:48:53.2",7566109,-10,-10,-10,220,-0.003,-40.01
"2020-10-07 19:48:53.3",7566110,-10,-10,-10,220,-0.003,-40.01
"2020-10-07 19:48:53.4",7566111,-10,-10,-10,220,-0.003,-40.01
"2020-10-07 19:48:53.5",7566112,-10,-10,-10,220,-0.003,-40.01
"2020-10-07 19:48:53.6",7566113,-10,-10,-10,220,-0.003,-40.01
"2020-10-07 19:48:53.7",7566114,-10,-10,-10,220,-0.003,-40.01
"2020-10-07 19:48:53.8",7566115,-10,-10,-10,220,-0.003,-40.01
"2020-10-07 19:48:53.9",7566116,-10,-10,-10,220,-0.003,-40.01
"2020-10-07 19:48:54",7566117,-10,-10,-10,220,-0.003,-40.01
"2020-10-07 19:48:54.1",7566118,-10,-10,-10,220,-0.003,-40.01
"2020-10-07 19:48:54.2",7566119,-10,-10,-10,220,-0.003,-40.01
"2020-10-07 19:48:54.3",7566120,-10,-10,-10,220,-0.003,-40.01
"2020-10-07 19:48:54.4",7566121,-10,-10,-10,220,-0.003,-40.01
"2020-10-07 19:48:54.5",7566122,-10,-10,-10,220,-0.003,-40.01
"2020-10-07 19:48:54.6",7566123,-10,-10,-10,220,-0.003,-40.01
"2020-10-07 19:48:54.7",7566124,-10,-10,-10,220,-0.003,-40.01
"2020-10-07 19:48:54.8",7566125,-10,-10,-10,220,-0.003,-40.01
"2020-10-07 19:48:54.9",7566126,-10,-10,-10,220,-0.003,-40.01
"2020-10-07 19:48:55",7566127,-10,-10,-10,220,-0.003,-40.01
"2020-10-07 19:48:55.1",7566128,-10,-10,-10,220,-0.003,-40.01
"2020-10-07 19:48:55.2",7566129,-10,-10,-10,220,-0.003,-40.01
"2020-10-07 19:48:55.3",7566130,-10,-10,-10,220,-0.003,-40.01
"2020-10-07 19:48:55.4",7566131,-10,-10,-10,220,-0.003,-40.01
"2020-10-07 19:48:55.5",7566132,-10,-10,-10,220,-0.003,-40.01
"2020-10-07 19:48:55.6",7566133,-10,-10,-10,220,-0.003,-40.01
"2020-10-07 19:48:55.7",7566134,-10,-10,-10,220,-0.003,-40.01
"2020-10-07 19:48:55.8",7566135,-10,-10,-10,220,-0.003,-40.01
"2020-10-07 19:48:55.9",7566136,-10,-10,-10,220,-0.003,-40.01
"2020-10-07 19:48:56",7566137,-10,-10,-10,220,-0.003,-40.01
"2020-10-07 19:48:56.1",7566138,-10,-10,-10,220,-0.003,-40.01
"2020-10-07 19:48:56.2",7566139,-10,-10,-10,220,-0.003,-40.01
"2020-10-07 19:48:56.3",7566140,-10,-10,-10,220,-0.003,-40.01
"2020-10-07 19:48:56.4",7566141,-10,-10,-10,220,-0.003,-40.01
"2020-10-07 19:48:56.5",7566142,-10,-10,-10,220,-0.003,-40.01
"2020-10-07 19:48:56.6",7566143,-10,-10,-10,220,-0.003,-40.01
"2020-10-07 19:48:56.7",7566144,-10,-10,-10,220,-0.003,-40.01
"2020-10-07 19:48:56.8",7566145,-10,-10,-10,220,-0.003,-40.01
"2020-10-07 19:48:56.9",7566146,-10,-10,-10,220,-0.003,-40.01
"2020-10-07 19:48:57",7566147,-10,-10,-10,220,-0.003,-40.01
"2020-10-07 19:48:57.1",7566148,-10,-10,-10,220,-0.003,-40.01
"2020-10-07 19:48:57.2",7566149,-10,-10,-10,220,-0.003,-40.01
"2020-10-07 19:48:57.3",7566150,-10,-10,-10,220,-0.003,-40.01
"2020-10-07 19:48:57.4",7566151,-10,-10,-10,220,-0.003,-40.01
"2020-10-07 19:48:57.5",7566152,-10,-10,-10,220,-0.003,-40.01
"2020-10-07 19:48:57.6",7566153,-10,-10,-10,220,-0.003,-40.01
"2020-10-07 19:48:57.7",7566154,-10,-10,-10,220,-0.003,-40.01
"2020-10-07 19:48:57.8",7566155,-10,-10,-10,220,-0.003,-40.01
"2020-10-07 19:48:57.9",7566156,-10,-10,-10,220,-0.003,-40.01
"2020-10-07 19:48:58",7566157,-10,-10,-10,220,-0.003,-40.01
"2020-10-07 19:48:58.1",7566158,-10,-10,-10,220,-0.003,-40.01
"2020-10-07 19:48:58.2",7566159,-10,-10,-10,220,-0.003,-40.01
"2020-10-07 19:48:58.3",7566160,-10,-10,-10,220,-0.003,-40.01
"2020-10-07 19:48:58.4",7566161,-10,-10,-10,220,-0.003,-40.01
"2020-10-07 19:48:58.5",7566162,-10,-10,-10,220,-0.003,-40.01
"2020-10-07 19:48:58.6",7566163,-10,-10,-10,220,-0.003,-40.01
"2020-10-07 19:48:58.7",7566164,-10,-10,-10,220,-0.003,-40.01
"2020-10-07 19:48:58.8",7566165,-10,-10,-10,220,-0.003,-40.01
"2020-10-07 19:48:58.9",7566166,-10,-10,-10,220,-0.003,-40.01
"2020-10-07 19:48:59",7566167,-10,-10,-10,220,-0.003,-40.01
"2020-10-07 19:48:59.1",7566168,-10,-10,-10,220,-0.003,-40.01
"2020-10-07 19:48:59.2",7566169,-10,-10,-10,220,-0.003,-40.01
"2020-10-07 19:48:59.3",7566170,-10,-10,-10,220,-0.003,-40.01
"2020-10-07 19:48:59.4",7566171,-10,-10,-10,220,-0.003,-40.01
"2020-10-07 19:48:59.5",7566172,-10,-10,-10,220,-0.003,-40.01
"2020-10-07 19:48:59.6",7566173,-10,-10,-10,220,-0.003,-40.01
"2020-10-07 19:48:59.7",7566174,-10,-10,-10,220,-0.003,-40.01
"2020-10-07 19:48:59.8",7566175,-10,-10,-10,220,-0.003,-40.01
"2020-10-07 19:48:59.9",7566176,-10,-10,-10,220,-0.003,-40.01
"2020-10-07 19:49:00",7566177,-10,-10,-10,220,-0.003,-40.01
"2020-10-07 19:49:00.1",7566178,-10,-10,-10,220,-0.008,-40.02
"2020-10-07 19:49:00.2",7566179,-10,-10,-10,220,-0.008,-40.02
"2020-10-07 19:49:00.3",7566180,-10,-10,-10,220,-0.002,-40
"2020-10-07 19:49:00.4",7566181,-10,-10,-10,220,-0.003,-40.01
"2020-10-07 19:49:00.5",7566182,-10,-10,-10,220,-0.003,-40.01
"2020-10-07 19:49:00.6",7566183,-10,-10,-10,220,-0.003,-40.01
"2020-10-07 19:49:00.7",7566184,-10,-10,-10,220,-0.003,-40.01
"2020-10-07 19:49:00.8",7566185,-10,-10,-10,220,-0.003,-40.01
"2020-10-07 19:49:00.9",7566186,-10,-10,-10,220,-0.003,-40.01
"2020-10-07 19:49:01",7566187,-10,-10,-10,220,-0.003,-40.01
"2020-10-07 19:49:01.1",7566188,-10,-10,-10,220,-0.003,-40.01
"2020-10-07 19:49:01.2",7566189,-10,-10,-10,220,-0.003,-40.01
"2020-10-07 19:49:01.3",7566190,-10,-10,-10,220,-0.003,-40.01
"2020-10-07 19:49:01.4",7566191,-10,-10,-10,220,-0.003,-40.01
"2020-10-07 19:49:01.5",7566192,-10,-10,-10,220,-0.003,-40.01
"2020-10-07 19:49:01.6",7566193,-10,-10,-10,220,-0.003,-40.01
"2020-10-07 19:49:01.7",7566194,-10,-10,-10,220,-0.003,-40.01
"2020-10-07 19:49:01.8",7566195,-10,-10,-10,220,-0.003,-40.01
"2020-10-07 19:49:01.9",7566196,-10,-10,-10,220,-0.003,-40.01
"2020-10-07 19:49:02",7566197,-10,-10,-10,220,-0.003,-40.01
"2020-10-07 19:49:02.1",7566198,-10,-10,-10,220,-0.003,-40.01
"2020-10-07 19:49:02.2",7566199,-10,-10,-10,220,-0.003,-40.01
"2020-10-07 19:49:02.3",7566200,-10,-10,-10,220,-0.003,-40.01
"2020-10-07 19:49:02.4",7566201,-10,-10,-10,220,-0.003,-40.01
"2020-10-07 19:49:02.5",7566202,-10,-10,-10,220,-0.003,-40.01
"2020-10-07 19:49:02.6",7566203,-10,-10,-10,220,-0.003,-40.01
"2020-10-07 19:49:02.7",7566204,-10,-10,-10,220,-0.003,-40.01
"2020-10-07 19:49:02.8",7566205,-10,-10,-10,220,-0.003,-40.01
"2020-10-07 19:49:02.9",7566206,-10,-10,-10,220,-0.003,-40.01
"2020-10-07 19:49:03",7566207,-10,-10,-10,220,-0.003,-40.01
"2020-10-07 19:49:03.1",7566208,-10,-10,-10,220,-0.003,-40.01
"2020-10-07 19:49:03.2",7566209,-10,-10,-10,220,-0.003,-40.01
"2020-10-07 19:49:03.3",7566210,-10,-10,-10,220,-0.003,-40.01
"2020-10-07 19:49:03.4",7566211,-10,-10,-10,220,-0.003,-40.01
"2020-10-07 19:49:03.5",7566212,-10,-10,-10,220,-0.003,-40.01
"2020-10-07 19:49:03.6",7566213,-10,-10,-10,220,-0.003,-40.01
"2020-10-07 19:49:03.7",7566214,-10,-10,-10,220,-0.003,-40.01
"2020-10-07 19:49:03.8",7566215,-10,-10,-10,220,-0.003,-40.01
"2020-10-07 19:49:03.9",7566216,-10,-10,-10,220,-0.003,-40.01
"2020-10-07 19:49:04",7566217,-10,-10,-10,220,-0.003,-40.01
"2020-10-07 19:49:04.1",7566218,-10,-10,-10,220,-0.003,-40.01
"2020-10-07 19:49:04.2",7566219,-10,-10,-10,220,-0.003,-40.01
"2020-10-07 19:49:04.3",7566220,-10,-10,-10,220,-0.003,-40.01
"2020-10-07 19:49:04.4",7566221,-10,-10,-10,220,-0.003,-40.01
"2020-10-07 19:49:04.5",7566222,-10,-10,-10,220,-0.003,-40.01
"2020-10-07 19:49:04.6",7566223,-10,-10,-10,220,-0.003,-40.01
"2020-10-07 19:49:04.7",7566224,-10,-10,-10,220,-0.003,-40.01
"2020-10-07 19:49:04.8",7566225,-10,-10,-10,220,-0.003,-40.01
"2020-10-07 19:49:04.9",7566226,-10,-10,-10,220,-0.003,-40.01
"2020-10-07 19:49:05",7566227,-10,-10,-10,220,-0.003,-40.01
"2020-10-07 19:49:05.1",7566228,-10,-10,-10,220,-0.003,-40.01
"2020-10-07 19:49:05.2",7566229,-10,-10,-10,220,-0.003,-40.01
"2020-10-07 19:49:05.3",7566230,-10,-10,-10,220,-0.003,-40.01
"2020-10-07 19:49:05.4",7566231,-10,-10,-10,220,-0.003,-40.01
"2020-10-07 19:49:05.5",7566232,-10,-10,-10,220,-0.003,-40.01
"2020-10-07 19:49:05.6",7566233,-10,-10,-10,220,-0.003,-40.01
"2020-10-07 19:49:05.7",7566234,-10,-10,-10,220,-0.003,-40.01
"2020-10-07 19:49:05.8",7566235,-10,-10,-10,220,-0.003,-40.01
"2020-10-07 19:49:05.9",7566236,-10,-10,-10,220,-0.003,-40.01
"2020-10-07 19:49:06",7566237,-10,-10,-10,220,-0.003,-40.01
"2020-10-07 19:49:06.1",7566238,-10,-10,-10,220,-0.003,-40.01
"2020-10-07 19:49:06.2",7566239,-10,-10,-10,220,-0.003,-40.01
"2020-10-07 19:49:06.3",7566240,-10,-10,-10,220,-0.003,-40.01
"2020-10-07 19:49:06.4",7566241,-10,-10,-10,220,-0.003,-40.01
"2020-10-07 19:49:06.5",7566242,-10,-10,-10,220,-0.003,-40.01
"2020-10-07 19:49:06.6",7566243,-10,-10,-10,220,-0.003,-40.01
"2020-10-07 19:49:06.7",7566244,-10,-10,-10,220,-0.003,-40.01
"2020-10-07 19:49:06.8",7566245,-10,-10,-10,220,-0.003,-40.01
"2020-10-07 19:49:06.9",7566246,-10,-10,-10,220,-0.003,-40.01
"2020-10-07 19:49:07",7566247,-10,-10,-10,220,-0.003,-40.01
"2020-10-07 19:49:07.1",7566248,-10,-10,-10,220,-0.003,-40.01
"2020-10-07 19:49:07.2",7566249,-10,-10,-10,220,-0.003,-40.01
"2020-10-07 19:49:07.3",7566250,-10,-10,-10,220,-0.003,-40.01
"2020-10-07 19:49:07.4",7566251,-10,-10,-10,220,-0.003,-40.01
"2020-10-07 19:49:07.5",7566252,-10,-10,-10,220,-0.003,-40.01
"2020-10-07 19:49:07.6",7566253,-10,-10,-10,220,-0.003,-40.01
"2020-10-07 19:49:07.7",7566254,-10,-10,-10,220,-0.003,-40.01
"2020-10-07 19:49:07.8",7566255,-10,-10,-10,220,-0.003,-40.01
"2020-10-07 19:49:07.9",7566256,-10,-10,-10,220,-0.003,-40.01
"2020-10-07 19:49:08",7566257,-10,-10,-10,220,-0.003,-40.01
"2020-10-07 19:49:08.1",7566258,-10,-10,-10,220,-0.003,-40.01
"2020-10-07 19:49:08.2",7566259,-10,-10,-10,220,-0.003,-40.01
"2020-10-07 19:49:08.3",7566260,-10,-10,-10,220,-0.003,-40.01
"2020-10-07 19:49:08.4",7566261,-10,-10,-10,220,-0.003,-40.01
"2020-10-07 19:49:08.5",7566262,-10,-10,-10,220,-0.003,-40.01
"2020-10-07 19:49:08.6",7566263,-10,-10,-10,220,-0.003,-40.01
"2020-10-07 19:49:08.7",7566264,-10,-10,-10,220,-0.003,-40.01
"2020-10-07 19:49:08.8",7566265,-10,-10,-10,220,-0.003,-40.01
"2020-10-07 19:49:08.9",7566266,-10,-10,-10,220,-0.003,-40.01
"2020-10-07 19:49:09",7566267,-10,-10,-10,220,-0.003,-40.01
"2020-10-07 19:49:09.1",7566268,-10,-10,-10,220,-0.003,-40.01
"2020-10-07 19:49:09.2",7566269,-10,-10,-10,220,-0.003,-40.01
"2020-10-07 19:49:09.3",7566270,-10,-10,-10,220,-0.003,-40.01
"2020-10-07 19:49:09.4",7566271,-10,-10,-10,220,-0.003,-40.01
"2020-10-07 19:49:09.5",7566272,-10,-10,-10,220,-0.003,-40.01
"2020-10-07 19:49:09.6",7566273,-10,-10,-10,220,-0.003,-40.01
"2020-10-07 19:49:09.7",7566274,-10,-10,-10,220,-0.003,-40.01
"2020-10-07 19:49:09.8",7566275,-10,-10,-10,220,-0.003,-40.01
"2020-10-07 19:49:09.9",7566276,-10,-10,-10,220,-0.003,-40.01
"2020-10-07 19:49:10",7566277,-10,-10,-10,220,-0.003,-40.01
"2020-10-07 19:49:10.1",7566278,-10,-10,-10,220,-0.003,-40.01
"2020-10-07 19:49:10.2",7566279,-10,-10,-10,220,-0.003,-40.01
"2020-10-07 19:49:10.3",7566280,-10,-10,-10,220,-0.003,-40.01
"2020-10-07 19:49:10.4",7566281,-10,-10,-10,220,-0.003,-40.01
"2020-10-07 19:49:10.5",7566282,-10,-10,-10,220,-0.003,-40.01
"2020-10-07 19:49:10.6",7566283,-10,-10,-10,220,-0.003,-40.01
"2020-10-07 19:49:10.7",7566284,-10,-10,-10,220,-0.003,-40.01
"2020-10-07 19:49:10.8",7566285,-10,-10,-10,220,-0.003,-40.01
"2020-10-07 19:49:10.9",7566286,-10,-10,-10,220,-0.003,-40.01
"2020-10-07 19:49:11",7566287,-10,-10,-10,220,-0.003,-40.01
"2020-10-07 19:49:11.1",7566288,-10,-10,-10,220,-0.003,-40.01
"2020-10-07 19:49:11.2",7566289,-10,-10,-10,220,-0.003,-40.01
"2020-10-07 19:49:11.3",7566290,-10,-10,-10,220,-0.003,-40.01
"2020-10-07 19:49:11.4",7566291,-10,-10,-10,220,-0.003,-40.01
"2020-10-07 19:49:11.5",7566292,-10,-10,-10,220,-0.003,-40.01
"2020-10-07 19:49:11.6",7566293,-10,-10,-10,220,-0.003,-40.01
"2020-10-07 19:49:11.7",7566294,-10,-10,-10,220,-0.003,-40.01
"2020-10-07 19:49:11.8",7566295,-10,-10,-10,220,-0.003,-40.01
"2020-10-07 19:49:11.9",7566296,-10,-10,-10,220,-0.003,-40.01
"2020-10-07 19:49:12",7566297,-10,-10,-10,220,-0.003,-40.01
"2020-10-07 19:49:12.1",7566298,-10,-10,-10,220,-0.003,-40.01
"2020-10-07 19:49:12.2",7566299,-10,-10,-10,220,-0.003,-40.01
"2020-10-07 19:49:12.3",7566300,-10,-10,-10,220,-0.003,-40.01
"2020-10-07 19:49:12.4",7566301,-10,-10,-10,220,-0.003,-40.01
"2020-10-07 19:49:12.5",7566302,-10,-10,-10,220,-0.003,-40.01
"2020-10-07 19:49:12.6",7566303,-10,-10,-10,220,-0.003,-40.01
"2020-10-07 19:49:12.7",7566304,-10,-10,-10,220,-0.003,-40.01
"2020-10-07 19:49:12.8",7566305,-10,-10,-10,220,-0.003,-40.01
"2020-10-07 19:49:12.9",7566306,-10,-10,-10,220,-0.003,-40.01
"2020-10-07 19:49:13",7566307,-10,-10,-10,220,-0.003,-40.01
"2020-10-07 19:49:13.1",7566308,-10,-10,-10,220,-0.003,-40.01
"2020-10-07 19:49:13.2",7566309,-10,-10,-10,220,-0.003,-40.01
"2020-10-07 19:49:13.3",7566310,-10,-10,-10,220,-0.003,-40.01
"2020-10-07 19:49:13.4",7566311,-10,-10,-10,220,-0.003,-40.01
"2020-10-07 19:49:13.5",7566312,-10,-10,-10,220,-0.003,-40.01
"2020-10-07 19:49:13.6",7566313,-10,-10,-10,220,-0.003,-40.01
"2020-10-07 19:49:13.7",7566314,-10,-10,-10,220,-0.003,-40.01
"2020-10-07 19:49:13.8",7566315,-10,-10,-10,220,-0.003,-40.01
"2020-10-07 19:49:13.9",7566316,-10,-10,-10,220,-0.003,-40.01
"2020-10-07 19:49:14",7566317,-10,-10,-10,220,-0.003,-40.01
"2020-10-07 19:49:14.1",7566318,-10,-10,-10,220,-0.003,-40.01
"2020-10-07 19:49:14.2",7566319,-10,-10,-10,220,-0.003,-40.01
"2020-10-07 19:49:14.3",7566320,-10,-10,-10,220,-0.003,-40.01
"2020-10-07 19:49:14.4",7566321,-10,-10,-10,220,-0.003,-40.01
"2020-10-07 19:49:14.5",7566322,-10,-10,-10,220,-0.003,-40.01
"2020-10-07 19:49:14.6",7566323,-10,-10,-10,220,-0.003,-40.01
"2020-10-07 19:49:14.7",7566324,-10,-10,-10,220,-0.003,-40.01
"2020-10-07 19:49:14.8",7566325,-10,-10,-10,220,-0.003,-40.01
"2020-10-07 19:49:14.9",7566326,-10,-10,-10,220,-0.003,-40.01
"2020-10-07 19:49:15",7566327,-10,-10,-10,220,-0.003,-40.01
"2020-10-07 19:49:15.1",7566328,-10,-10,-10,220,-0.003,-40.01
"2020-10-07 19:49:15.2",7566329,-10,-10,-10,220,-0.003,-40.01
"2020-10-07 19:49:15.3",7566330,-10,-10,-10,220,-0.003,-40.01
"2020-10-07 19:49:15.4",7566331,-10,-10,-10,220,-0.003,-40.01
"2020-10-07 19:49:15.5",7566332,-10,-10,-10,220,-0.003,-40.01
"2020-10-07 19:49:15.6",7566333,-10,-10,-10,220,-0.003,-40.01
"2020-10-07 19:49:15.7",7566334,-10,-10,-10,220,-0.003,-40.01
"2020-10-07 19:49:15.8",7566335,-10,-10,-10,220,-0.003,-40.01
"2020-10-07 19:49:15.9",7566336,-10,-10,-10,220,-0.003,-40.01
"2020-10-07 19:49:16",7566337,-10,-10,-10,220,-0.003,-40.01
"2020-10-07 19:49:16.1",7566338,-10,-10,-10,220,-0.003,-40.01
"2020-10-07 19:49:16.2",7566339,-10,-10,-10,220,-0.003,-40.01
"2020-10-07 19:49:16.3",7566340,-10,-10,-10,220,-0.003,-40.01
"2020-10-07 19:49:16.4",7566341,-10,-10,-10,220,-0.003,-40.01
"2020-10-07 19:49:16.5",7566342,-10,-10,-10,220,-0.003,-40.01
"2020-10-07 19:49:16.6",7566343,-10,-10,-10,220,-0.003,-40.01
"2020-10-07 19:49:16.7",7566344,-10,-10,-10,220,-0.003,-40.01
"2020-10-07 19:49:16.8",7566345,-10,-10,-10,220,-0.003,-40.01
"2020-10-07 19:49:16.9",7566346,-10,-10,-10,220,-0.003,-40.01
"2020-10-07 19:49:17",7566347,-10,-10,-10,220,-0.003,-40.01
"2020-10-07 19:49:17.1",7566348,-10,-10,-10,220,-0.003,-40.01
"2020-10-07 19:49:17.2",7566349,-10,-10,-10,220,-0.003,-40.01
"2020-10-07 19:49:17.3",7566350,-10,-10,-10,220,-0.003,-40.01
"2020-10-07 19:49:17.4",7566351,-10,-10,-10,220,-0.003,-40.01
"2020-10-07 19:49:17.5",7566352,-10,-10,-10,220,-0.003,-40.01
"2020-10-07 19:49:17.6",7566353,-10,-10,-10,220,-0.003,-40.01
"2020-10-07 19:49:17.7",7566354,-10,-10,-10,220,-0.003,-40.01
"2020-10-07 19:49:17.8",7566355,-10,-10,-10,220,-0.003,-40.01
"2020-10-07 19:49:17.9",7566356,-10,-10,-10,220,-0.003,-40.01
"2020-10-07 19:49:18",7566357,-10,-10,-10,220,-0.003,-40.01
"2020-10-07 19:49:18.1",7566358,-10,-10,-10,220,-0.003,-40.01
"2020-10-07 19:49:18.2",7566359,-10,-10,-10,220,-0.003,-40.01
"2020-10-07 19:49:18.3",7566360,-10,-10,-10,220,-0.003,-40.01
"2020-10-07 19:49:18.4",7566361,-10,-10,-10,220,-0.003,-40.01
"2020-10-07 19:49:18.5",7566362,-10,-10,-10,220,-0.003,-40.01
"2020-10-07 19:49:18.6",7566363,-10,-10,-10,220,-0.003,-40.01
"2020-10-07 19:49:18.7",7566364,-10,-10,-10,220,-0.003,-40.01
"2020-10-07 19:49:18.8",7566365,-10,-10,-10,220,-0.003,-40.01
"2020-10-07 19:49:18.9",7566366,-10,-10,-10,220,-0.003,-40.01
"2020-10-07 19:49:19",7566367,-10,-10,-10,220,-0.003,-40.01
"2020-10-07 19:49:19.1",7566368,-10,-10,-10,220,-0.003,-40.01
"2020-10-07 19:49:19.2",7566369,-10,-10,-10,220,-0.003,-40.01
"2020-10-07 19:49:19.3",7566370,-10,-10,-10,220,-0.003,-40.01
"2020-10-07 19:49:19.4",7566371,-10,-10,-10,220,-0.003,-40.01
"2020-10-07 19:49:19.5",7566372,-10,-10,-10,220,-0.003,-40.01
"2020-10-07 19:49:19.6",7566373,-10,-10,-10,220,-0.003,-40.01
"2020-10-07 19:49:19.7",7566374,-10,-10,-10,220,-0.003,-40.01
"2020-10-07 19:49:19.8",7566375,-10,-10,-10,220,-0.003,-40.01
"2020-10-07 19:49:19.9",7566376,-10,-10,-10,220,-0.003,-40.01
"2020-10-07 19:49:20",7566377,-10,-10,-10,220,-0.003,-40.01
"2020-10-07 19:49:20.1",7566378,-10,-10,-10,220,-0.003,-40.01
"2020-10-07 19:49:20.2",7566379,-10,-10,-10,220,-0.003,-40.01
"2020-10-07 19:49:20.3",7566380,-10,-10,-10,220,-0.003,-40.01
"2020-10-07 19:49:20.4",7566381,-10,-10,-10,220,-0.003,-40.01
"2020-10-07 19:49:20.5",7566382,-10,-10,-10,220,-0.003,-40.01
"2020-10-07 19:49:20.6",7566383,-10,-10,-10,220,-0.003,-40.01
"2020-10-07 19:49:20.7",7566384,-10,-10,-10,220,-0.003,-40.01
"2020-10-07 19:49:20.8",7566385,-10,-10,-10,220,-0.003,-40.01
"2020-10-07 19:49:20.9",7566386,-10,-10,-10,220,-0.003,-40.01
"2020-10-07 19:49:21",7566387,-10,-10,-10,220,-0.003,-40.01
"2020-10-07 19:49:21.1",7566388,-10,-10,-10,220,-0.003,-40.01
"2020-10-07 19:49:21.2",7566389,-10,-10,-10,220,-0.003,-40.01
"2020-10-07 19:49:21.3",7566390,-10,-10,-10,220,-0.003,-40.01
"2020-10-07 19:49:21.4",7566391,-10,-10,-10,220,-0.003,-40.01
"2020-10-07 19:49:21.5",7566392,-10,-10,-10,220,-0.003,-40.01
"2020-10-07 19:49:21.6",7566393,-10,-10,-10,220,-0.003,-40.01
"2020-10-07 19:49:21.7",7566394,-10,-10,-10,220,-0.003,-40.01
"2020-10-07 19:49:21.8",7566395,-10,-10,-10,220,-0.003,-40.01
"2020-10-07 19:49:21.9",7566396,-10,-10,-10,220,-0.003,-40.01
"2020-10-07 19:49:22",7566397,-10,-10,-10,220,-0.003,-40.01
"2020-10-07 19:49:22.1",7566398,-10,-10,-10,220,-0.003,-40.01
"2020-10-07 19:49:22.2",7566399,-10,-10,-10,220,-0.003,-40.01
"2020-10-07 19:49:22.3",7566400,-10,-10,-10,220,-0.003,-40.01
"2020-10-07 19:49:22.4",7566401,-10,-10,-10,220,-0.003,-40.01
"2020-10-07 19:49:22.5",7566402,-10,-10,-10,220,-0.003,-40.01
"2020-10-07 19:49:22.6",7566403,-10,-10,-10,220,-0.003,-40.01
"2020-10-07 19:49:22.7",7566404,-10,-10,-10,220,-0.003,-40.01
"2020-10-07 19:49:22.8",7566405,-10,-10,-10,220,-0.003,-40.01
"2020-10-07 19:49:22.9",7566406,-10,-10,-10,220,-0.003,-40.01
"2020-10-07 19:49:23",7566407,-10,-10,-10,220,-0.003,-40.01
"2020-10-07 19:49:23.1",7566408,-10,-10,-10,220,-0.003,-40.01
"2020-10-07 19:49:23.2",7566409,-10,-10,-10,220,-0.003,-40.01
"2020-10-07 19:49:23.3",7566410,-10,-10,-10,220,-0.003,-40.01
"2020-10-07 19:49:23.4",7566411,-10,-10,-10,220,-0.003,-40.01
"2020-10-07 19:49:23.5",7566412,-10,-10,-10,220,-0.003,-40.01
"2020-10-07 19:49:23.6",7566413,-10,-10,-10,220,-0.003,-40.01
"2020-10-07 19:49:23.7",7566414,-10,-10,-10,220,-0.003,-40.01
"2020-10-07 19:49:23.8",7566415,-10,-10,-10,220,-0.003,-40.01
"2020-10-07 19:49:23.9",7566416,-10,-10,-10,220,-0.003,-40.01
"2020-10-07 19:49:24",7566417,-10,-10,-10,220,-0.003,-40.01
"2020-10-07 19:49:24.1",7566418,-10,-10,-10,220,-0.003,-40.01
"2020-10-07 19:49:24.2",7566419,-10,-10,-10,220,-0.003,-40.01
"2020-10-07 19:49:24.3",7566420,-10,-10,-10,220,-0.003,-40.01
"2020-10-07 19:49:24.4",7566421,-10,-10,-10,220,-0.003,-40.01
"2020-10-07 19:49:24.5",7566422,-10,-10,-10,220,-0.003,-40.01
"2020-10-07 19:49:24.6",7566423,-10,-10,-10,220,-0.003,-40.01
"2020-10-07 19:49:24.7",7566424,-10,-10,-10,220,-0.003,-40.01
"2020-10-07 19:49:24.8",7566425,-10,-10,-10,220,-0.003,-40.01
"2020-10-07 19:49:24.9",7566426,-10,-10,-10,220,-0.003,-40.01
"2020-10-07 19:49:25",7566427,-10,-10,-10,220,-0.003,-40.01
"2020-10-07 19:49:25.1",7566428,-10,-10,-10,220,-0.003,-40.01
"2020-10-07 19:49:25.2",7566429,-10,-10,-10,220,-0.003,-40.01
"2020-10-07 19:49:25.3",7566430,-10,-10,-10,220,-0.003,-40.01
"2020-10-07 19:49:25.4",7566431,-10,-10,-10,220,-0.003,-40.01
"2020-10-07 19:49:25.5",7566432,-10,-10,-10,220,-0.003,-40.01
"2020-10-07 19:49:25.6",7566433,-10,-10,-10,220,-0.003,-40.01
"2020-10-07 19:49:25.7",7566434,-10,-10,-10,220,-0.003,-40.01
"2020-10-07 19:49:25.8",7566435,-10,-10,-10,220,-0.003,-40.01
"2020-10-07 19:49:25.9",7566436,-10,-10,-10,220,-0.003,-40.01
"2020-10-07 19:49:26",7566437,-10,-10,-10,220,-0.003,-40.01
"2020-10-07 19:49:26.1",7566438,-10,-10,-10,220,-0.003,-40.01
"2020-10-07 19:49:26.2",7566439,-10,-10,-10,220,-0.003,-40.01
"2020-10-07 19:49:26.3",7566440,-10,-10,-10,220,-0.003,-40.01
"2020-10-07 19:49:26.4",7566441,-10,-10,-10,220,-0.003,-40.01
"2020-10-07 19:49:26.5",7566442,-10,-10,-10,220,-0.003,-40.01
"2020-10-07 19:49:26.6",7566443,-10,-10,-10,220,-0.003,-40.01
"2020-10-07 19:49:26.7",7566444,-10,-10,-10,220,-0.003,-40.01
"2020-10-07 19:49:26.8",7566445,-10,-10,-10,220,-0.003,-40.01
"2020-10-07 19:49:26.9",7566446,-10,-10,-10,220,-0.003,-40.01
"2020-10-07 19:49:27",7566447,-10,-10,-10,220,-0.003,-40.01
"2020-10-07 19:49:27.1",7566448,-10,-10,-10,220,-0.003,-40.01
"2020-10-07 19:49:27.2",7566449,-10,-10,-10,220,-0.003,-40.01
"2020-10-07 19:49:27.3",7566450,-10,-10,-10,220,-0.003,-40.01
"2020-10-07 19:49:27.4",7566451,-10,-10,-10,220,-0.003,-40.01
"2020-10-07 19:49:27.5",7566452,-10,-10,-10,220,-0.003,-40.01
"2020-10-07 19:49:27.6",7566453,-10,-10,-10,220,-0.003,-40.01
"2020-10-07 19:49:27.7",7566454,-10,-10,-10,220,-0.003,-40.01
"2020-10-07 19:49:27.8",7566455,-10,-10,-10,220,-0.003,-40.01
"2020-10-07 19:49:27.9",7566456,-10,-10,-10,220,-0.003,-40.01
"2020-10-07 19:49:28",7566457,-10,-10,-10,220,-0.003,-40.01
"2020-10-07 19:49:28.1",7566458,-10,-10,-10,220,-0.003,-40.01
"2020-10-07 19:49:28.2",7566459,-10,-10,-10,220,-0.003,-40.01
"2020-10-07 19:49:28.3",7566460,-10,-10,-10,220,-0.003,-40.01
"2020-10-07 19:49:28.4",7566461,-10,-10,-10,220,-0.003,-40.01
"2020-10-07 19:49:28.5",7566462,-10,-10,-10,220,-0.003,-40.01
"2020-10-07 19:49:28.6",7566463,-10,-10,-10,220,-0.003,-40.01
"2020-10-07 19:49:28.7",7566464,-10,-10,-10,220,-0.003,-40.01
"2020-10-07 19:49:28.8",7566465,-10,-10,-10,220,-0.003,-40.01
"2020-10-07 19:49:28.9",7566466,-10,-10,-10,220,-0.003,-40.01
"2020-10-07 19:49:29",7566467,-10,-10,-10,220,-0.003,-40.01
"2020-10-07 19:49:29.1",7566468,-10,-10,-10,220,-0.003,-40.01
"2020-10-07 19:49:29.2",7566469,-10,-10,-10,220,-0.003,-40.01
"2020-10-07 19:49:29.3",7566470,-10,-10,-10,220,-0.003,-40.01
"2020-10-07 19:49:29.4",7566471,-10,-10,-10,220,-0.003,-40.01
"2020-10-07 19:49:29.5",7566472,-10,-10,-10,220,-0.003,-40.01
"2020-10-07 19:49:29.6",7566473,-10,-10,-10,220,-0.003,-40.01
"2020-10-07 19:49:29.7",7566474,-10,-10,-10,220,-0.003,-40.01
"2020-10-07 19:49:29.8",7566475,-10,-10,-10,220,-0.003,-40.01
"2020-10-07 19:49:29.9",7566476,-10,-10,-10,220,-0.003,-40.01
"2020-10-07 19:49:30",7566477,-10,-10,-10,220,-0.003,-40.01
"2020-10-07 19:49:30.1",7566478,-10,-10,-10,220,-0.003,-40.01
"2020-10-07 19:49:30.2",7566479,-10,-10,-10,220,-0.003,-40.01
"2020-10-07 19:49:30.3",7566480,-10,-10,-10,220,-0.003,-40.01
"2020-10-07 19:49:30.4",7566481,-10,-10,-10,220,-0.003,-40.01
"2020-10-07 19:49:30.5",7566482,-10,-10,-10,220,-0.003,-40.01
"2020-10-07 19:49:30.6",7566483,-10,-10,-10,220,-0.003,-40.01
"2020-10-07 19:49:30.7",7566484,-10,-10,-10,220,-0.003,-40.01
"2020-10-07 19:49:30.8",7566485,-10,-10,-10,220,-0.003,-40.01
"2020-10-07 19:49:30.9",7566486,-10,-10,-10,220,-0.003,-40.01
"2020-10-07 19:49:31",7566487,-10,-10,-10,220,-0.003,-40.01
"2020-10-07 19:49:31.1",7566488,-10,-10,-10,220,-0.003,-40.01
"2020-10-07 19:49:31.2",7566489,-10,-10,-10,220,-0.003,-40.01
"2020-10-07 19:49:31.3",7566490,-10,-10,-10,220,-0.003,-40.01
"2020-10-07 19:49:31.4",7566491,-10,-10,-10,220,-0.003,-40.01
"2020-10-07 19:49:31.5",7566492,-10,-10,-10,220,-0.003,-40.01
"2020-10-07 19:49:31.6",7566493,-10,-10,-10,220,-0.003,-40.01
"2020-10-07 19:49:31.7",7566494,-10,-10,-10,220,-0.003,-40.01
"2020-10-07 19:49:31.8",7566495,-10,-10,-10,220,-0.003,-40.01
"2020-10-07 19:49:31.9",7566496,-10,-10,-10,220,-0.003,-40.01
"2020-10-07 19:49:32",7566497,-10,-10,-10,220,-0.003,-40.01
"2020-10-07 19:49:32.1",7566498,-10,-10,-10,220,-0.003,-40.01
"2020-10-07 19:49:32.2",7566499,-10,-10,-10,220,-0.003,-40.01
"2020-10-07 19:49:32.3",7566500,-10,-10,-10,220,-0.003,-40.01
"2020-10-07 19:49:32.4",7566501,-10,-10,-10,220,-0.003,-40.01
"2020-10-07 19:49:32.5",7566502,-10,-10,-10,220,-0.003,-40.01
"2020-10-07 19:49:32.6",7566503,-10,-10,-10,220,-0.003,-40.01
"2020-10-07 19:49:32.7",7566504,-10,-10,-10,220,-0.003,-40.01
"2020-10-07 19:49:32.8",7566505,-10,-10,-10,220,-0.003,-40.01
"2020-10-07 19:49:32.9",7566506,-10,-10,-10,220,-0.003,-40.01
"2020-10-07 19:49:33",7566507,-10,-10,-10,220,-0.003,-40.01
"2020-10-07 19:49:33.1",7566508,-10,-10,-10,220,-0.003,-40.01
"2020-10-07 19:49:33.2",7566509,-10,-10,-10,220,-0.003,-40.01
"2020-10-07 19:49:33.3",7566510,-10,-10,-10,220,-0.003,-40.01
"2020-10-07 19:49:33.4",7566511,-10,-10,-10,220,-0.003,-40.01
"2020-10-07 19:49:33.5",7566512,-10,-10,-10,220,-0.003,-40.01
"2020-10-07 19:49:33.6",7566513,-10,-10,-10,220,-0.003,-40.01
"2020-10-07 19:49:33.7",7566514,-10,-10,-10,220,-0.003,-40.01
"2020-10-07 19:49:33.8",7566515,-10,-10,-10,220,-0.003,-40.01
"2020-10-07 19:49:33.9",7566516,-10,-10,-10,220,-0.003,-40.01
"2020-10-07 19:49:34",7566517,-10,-10,-10,220,-0.003,-40.01
"2020-10-07 19:49:34.1",7566518,-10,-10,-10,220,-0.003,-40.01
"2020-10-07 19:49:34.2",7566519,-10,-10,-10,220,-0.003,-40.01
"2020-10-07 19:49:34.3",7566520,-10,-10,-10,220,-0.003,-40.01
"2020-10-07 19:49:34.4",7566521,-10,-10,-10,220,-0.003,-40.01
"2020-10-07 19:49:34.5",7566522,-10,-10,-10,220,-0.003,-40.01
"2020-10-07 19:49:34.6",7566523,-10,-10,-10,220,-0.003,-40.01
"2020-10-07 19:49:34.7",7566524,-10,-10,-10,220,-0.003,-40.01
"2020-10-07 19:49:34.8",7566525,-10,-10,-10,220,-0.003,-40.01
"2020-10-07 19:49:34.9",7566526,-10,-10,-10,220,-0.003,-40.01
"2020-10-07 19:49:35",7566527,-10,-10,-10,220,-0.003,-40.01
"2020-10-07 19:49:35.1",7566528,-10,-10,-10,220,-0.003,-40.01
"2020-10-07 19:49:35.2",7566529,-10,-10,-10,220,-0.003,-40.01
"2020-10-07 19:49:35.3",7566530,-10,-10,-10,220,-0.003,-40.01
"2020-10-07 19:49:35.4",7566531,-10,-10,-10,220,-0.003,-40.01
"2020-10-07 19:49:35.5",7566532,-10,-10,-10,220,-0.003,-40.01
"2020-10-07 19:49:35.6",7566533,-10,-10,-10,220,-0.003,-40.01
"2020-10-07 19:49:35.7",7566534,-10,-10,-10,220,-0.003,-40.01
"2020-10-07 19:49:35.8",7566535,-10,-10,-10,220,-0.003,-40.01
"2020-10-07 19:49:35.9",7566536,-10,-10,-10,220,-0.003,-40.01
"2020-10-07 19:49:36",7566537,-10,-10,-10,220,-0.003,-40.01
"2020-10-07 19:49:36.1",7566538,-10,-10,-10,220,-0.003,-40.01
"2020-10-07 19:49:36.2",7566539,-10,-10,-10,220,-0.003,-40.01
"2020-10-07 19:49:36.3",7566540,-10,-10,-10,220,-0.003,-40.01
"2020-10-07 19:49:36.4",7566541,-10,-10,-10,220,-0.003,-40.01
"2020-10-07 19:49:36.5",7566542,-10,-10,-10,220,-0.003,-40.01
"2020-10-07 19:49:36.6",7566543,-10,-10,-10,220,-0.003,-40.01
"2020-10-07 19:49:36.7",7566544,-10,-10,-10,220,-0.003,-40.01
"2020-10-07 19:49:36.8",7566545,-10,-10,-10,220,-0.003,-40.01
"2020-10-07 19:49:36.9",7566546,-10,-10,-10,220,-0.003,-40.01
"2020-10-07 19:49:37",7566547,-10,-10,-10,220,-0.003,-40.01
"2020-10-07 19:49:37.1",7566548,-10,-10,-10,220,-0.003,-40.01
"2020-10-07 19:49:37.2",7566549,-10,-10,-10,220,-0.003,-40.01
"2020-10-07 19:49:37.3",7566550,-10,-10,-10,220,-0.003,-40.01
"2020-10-07 19:49:37.4",7566551,-10,-10,-10,220,-0.003,-40.01
"2020-10-07 19:49:37.5",7566552,-10,-10,-10,220,-0.003,-40.01
"2020-10-07 19:49:37.6",7566553,-10,-10,-10,220,-0.003,-40.01
"2020-10-07 19:49:37.7",7566554,-10,-10,-10,220,-0.003,-40.01
"2020-10-07 19:49:37.8",7566555,-10,-10,-10,220,-0.003,-40.01
"2020-10-07 19:49:37.9",7566556,-10,-10,-10,220,-0.003,-40.01
"2020-10-07 19:49:38",7566557,-10,-10,-10,220,-0.003,-40.01
"2020-10-07 19:49:38.1",7566558,-10,-10,-10,220,-0.003,-40.01
"2020-10-07 19:49:38.2",7566559,-10,-10,-10,220,-0.003,-40.01
"2020-10-07 19:49:38.3",7566560,-10,-10,-10,220,-0.003,-40.01
"2020-10-07 19:49:38.4",7566561,-10,-10,-10,220,-0.003,-40.01
"2020-10-07 19:49:38.5",7566562,-10,-10,-10,220,-0.003,-40.01
"2020-10-07 19:49:38.6",7566563,-10,-10,-10,220,-0.003,-40.01
"2020-10-07 19:49:38.7",7566564,-10,-10,-10,220,-0.003,-40.01
"2020-10-07 19:49:38.8",7566565,-10,-10,-10,220,-0.003,-40.01
"2020-10-07 19:49:38.9",7566566,-10,-10,-10,220,-0.003,-40.01
"2020-10-07 19:49:39",7566567,-10,-10,-10,220,-0.003,-40.01
"2020-10-07 19:49:39.1",7566568,-10,-10,-10,220,-0.003,-40.01
"2020-10-07 19:49:39.2",7566569,-10,-10,-10,220,-0.003,-40.01
"2020-10-07 19:49:39.3",7566570,-10,-10,-10,220,-0.003,-40.01
"2020-10-07 19:49:39.4",7566571,-10,-10,-10,220,-0.003,-40.01
"2020-10-07 19:49:39.5",7566572,-10,-10,-10,220,-0.003,-40.01
"2020-10-07 19:49:39.6",7566573,-10,-10,-10,220,-0.003,-40.01
"2020-10-07 19:49:39.7",7566574,-10,-10,-10,220,-0.003,-40.01
"2020-10-07 19:49:39.8",7566575,-10,-10,-10,220,-0.003,-40.01
"2020-10-07 19:49:39.9",7566576,-10,-10,-10,220,-0.003,-40.01
"2020-10-07 19:49:40",7566577,-10,-10,-10,220,-0.003,-40.01
"2020-10-07 19:49:40.1",7566578,-10,-10,-10,220,-0.003,-40.01
"2020-10-07 19:49:40.2",7566579,-10,-10,-10,220,-0.003,-40.01
"2020-10-07 19:49:40.3",7566580,-10,-10,-10,220,-0.003,-40.01
"2020-10-07 19:49:40.4",7566581,-10,-10,-10,220,-0.003,-40.01
"2020-10-07 19:49:40.5",7566582,-10,-10,-10,220,-0.003,-40.01
"2020-10-07 19:49:40.6",7566583,-10,-10,-10,220,-0.003,-40.01
"2020-10-07 19:49:40.7",7566584,-10,-10,-10,220,-0.003,-40.01
"2020-10-07 19:49:40.8",7566585,-10,-10,-10,220,-0.003,-40.01
"2020-10-07 19:49:40.9",7566586,-10,-10,-10,220,-0.003,-40.01
"2020-10-07 19:49:41",7566587,-10,-10,-10,220,-0.003,-40.01
"2020-10-07 19:49:41.1",7566588,-10,-10,-10,220,-0.003,-40.01
"2020-10-07 19:49:41.2",7566589,-10,-10,-10,220,-0.003,-40.01
"2020-10-07 19:49:41.3",7566590,-10,-10,-10,220,-0.003,-40.01
"2020-10-07 19:49:41.4",7566591,-10,-10,-10,220,-0.003,-40.01
"2020-10-07 19:49:41.5",7566592,-10,-10,-10,220,-0.003,-40.01
"2020-10-07 19:49:41.6",7566593,-10,-10,-10,220,-0.003,-40.01
"2020-10-07 19:49:41.7",7566594,-10,-10,-10,220,-0.003,-40.01
"2020-10-07 19:49:41.8",7566595,-10,-10,-10,220,-0.003,-40.01
"2020-10-07 19:49:41.9",7566596,-10,-10,-10,220,-0.003,-40.01
"2020-10-07 19:49:42",7566597,-10,-10,-10,220,-0.003,-40.01
"2020-10-07 19:49:42.1",7566598,-10,-10,-10,220,-0.003,-40.01
"2020-10-07 19:49:42.2",7566599,-10,-10,-10,220,-0.003,-40.01
"2020-10-07 19:49:42.3",7566600,-10,-10,-10,220,-0.003,-40.01
"2020-10-07 19:49:42.4",7566601,-10,-10,-10,220,-0.003,-40.01
"2020-10-07 19:49:42.5",7566602,-10,-10,-10,220,-0.003,-40.01
"2020-10-07 19:49:42.6",7566603,-10,-10,-10,220,-0.003,-40.01
"2020-10-07 19:49:42.7",7566604,-10,-10,-10,220,-0.003,-40.01
"2020-10-07 19:49:42.8",7566605,-10,-10,-10,220,-0.003,-40.01
"2020-10-07 19:49:42.9",7566606,-10,-10,-10,220,-0.003,-40.01
"2020-10-07 19:49:43",7566607,-10,-10,-10,220,-0.003,-40.01
"2020-10-07 19:49:43.1",7566608,-10,-10,-10,220,-0.003,-40.01
"2020-10-07 19:49:43.2",7566609,-10,-10,-10,220,-0.003,-40.01
"2020-10-07 19:49:43.3",7566610,-10,-10,-10,220,-0.003,-40.01
"2020-10-07 19:49:43.4",7566611,-10,-10,-10,220,-0.003,-40.01
"2020-10-07 19:49:43.5",7566612,-10,-10,-10,220,-0.003,-40.01
"2020-10-07 19:49:43.6",7566613,-10,-10,-10,220,-0.003,-40.01
"2020-10-07 19:49:43.7",7566614,-10,-10,-10,220,-0.003,-40.01
"2020-10-07 19:49:43.8",7566615,-10,-10,-10,220,-0.003,-40.01
"2020-10-07 19:49:43.9",7566616,-10,-10,-10,220,-0.003,-40.01
"2020-10-07 19:49:44",7566617,-10,-10,-10,220,-0.003,-40.01
"2020-10-07 19:49:44.1",7566618,-10,-10,-10,220,-0.003,-40.01
"2020-10-07 19:49:44.2",7566619,-10,-10,-10,220,-0.003,-40.01
"2020-10-07 19:49:44.3",7566620,-10,-10,-10,220,-0.003,-40.01
"2020-10-07 19:49:44.4",7566621,-10,-10,-10,220,-0.003,-40.01
"2020-10-07 19:49:44.5",7566622,-10,-10,-10,220,-0.003,-40.01
"2020-10-07 19:49:44.6",7566623,-10,-10,-10,220,-0.003,-40.01
"2020-10-07 19:49:44.7",7566624,-10,-10,-10,220,-0.003,-40.01
"2020-10-07 19:49:44.8",7566625,-10,-10,-10,220,-0.003,-40.01
"2020-10-07 19:49:44.9",7566626,-10,-10,-10,220,-0.003,-40.01
"2020-10-07 19:49:45",7566627,-10,-10,-10,220,-0.003,-40.01
"2020-10-07 19:49:45.1",7566628,-10,-10,-10,220,-0.003,-40.01
"2020-10-07 19:49:45.2",7566629,-10,-10,-10,220,-0.003,-40.01
"2020-10-07 19:49:45.3",7566630,-10,-10,-10,220,-0.003,-40.01
"2020-10-07 19:49:45.4",7566631,-10,-10,-10,220,-0.003,-40.01
"2020-10-07 19:49:45.5",7566632,-10,-10,-10,220,-0.003,-40.01
"2020-10-07 19:49:45.6",7566633,-10,-10,-10,220,-0.003,-40.01
"2020-10-07 19:49:45.7",7566634,-10,-10,-10,220,-0.003,-40.01
"2020-10-07 19:49:45.8",7566635,-10,-10,-10,220,-0.003,-40.01
"2020-10-07 19:49:45.9",7566636,-10,-10,-10,220,-0.003,-40.01
"2020-10-07 19:49:46",7566637,-10,-10,-10,220,-0.003,-40.01
"2020-10-07 19:49:46.1",7566638,-10,-10,-10,220,-0.003,-40.01
"2020-10-07 19:49:46.2",7566639,-10,-10,-10,220,-0.003,-40.01
"2020-10-07 19:49:46.3",7566640,-10,-10,-10,220,-0.003,-40.01
"2020-10-07 19:49:46.4",7566641,-10,-10,-10,220,-0.003,-40.01
"2020-10-07 19:49:46.5",7566642,-10,-10,-10,220,-0.003,-40.01
"2020-10-07 19:49:46.6",7566643,-10,-10,-10,220,-0.003,-40.01
"2020-10-07 19:49:46.7",7566644,-10,-10,-10,220,-0.003,-40.01
"2020-10-07 19:49:46.8",7566645,-10,-10,-10,220,-0.003,-40.01
"2020-10-07 19:49:46.9",7566646,-10,-10,-10,220,-0.003,-40.01
"2020-10-07 19:49:47",7566647,-10,-10,-10,220,-0.003,-40.01
"2020-10-07 19:49:47.1",7566648,-10,-10,-10,220,-0.003,-40.01
"2020-10-07 19:49:47.2",7566649,-10,-10,-10,220,-0.003,-40.01
"2020-10-07 19:49:47.3",7566650,-10,-10,-10,220,-0.003,-40.01
"2020-10-07 19:49:47.4",7566651,-10,-10,-10,220,-0.003,-40.01
"2020-10-07 19:49:47.5",7566652,-10,-10,-10,220,-0.003,-40.01
"2020-10-07 19:49:47.6",7566653,-10,-10,-10,220,-0.003,-40.01
"2020-10-07 19:49:47.7",7566654,-10,-10,-10,220,-0.003,-40.01
"2020-10-07 19:49:47.8",7566655,-10,-10,-10,220,-0.003,-40.01
"2020-10-07 19:49:47.9",7566656,-10,-10,-10,220,-0.003,-40.01
"2020-10-07 19:49:48",7566657,-10,-10,-10,220,-0.003,-40.01
"2020-10-07 19:49:48.1",7566658,-10,-10,-10,220,-0.003,-40.01
"2020-10-07 19:49:48.2",7566659,-10,-10,-10,220,-0.003,-40.01
"2020-10-07 19:49:48.3",7566660,-10,-10,-10,220,-0.003,-40.01
"2020-10-07 19:49:48.4",7566661,-10,-10,-10,220,-0.003,-40.01
"2020-10-07 19:49:48.5",7566662,-10,-10,-10,220,-0.003,-40.01
"2020-10-07 19:49:48.6",7566663,-10,-10,-10,220,-0.003,-40.01
"2020-10-07 19:49:48.7",7566664,-10,-10,-10,220,-0.003,-40.01
"2020-10-07 19:49:48.8",7566665,-10,-10,-10,220,-0.003,-40.01
"2020-10-07 19:49:48.9",7566666,-10,-10,-10,220,-0.003,-40.01
"2020-10-07 19:49:49",7566667,-10,-10,-10,220,-0.003,-40.01
"2020-10-07 19:49:49.1",7566668,-10,-10,-10,220,-0.003,-40.01
"2020-10-07 19:49:49.2",7566669,-10,-10,-10,220,-0.003,-40.01
"2020-10-07 19:49:49.3",7566670,-10,-10,-10,220,-0.003,-40.01
"2020-10-07 19:49:49.4",7566671,-10,-10,-10,220,-0.003,-40.01
"2020-10-07 19:49:49.5",7566672,-10,-10,-10,220,-0.003,-40.01
"2020-10-07 19:49:49.6",7566673,-10,-10,-10,220,-0.003,-40.01
"2020-10-07 19:49:49.7",7566674,-10,-10,-10,220,-0.003,-40.01
"2020-10-07 19:49:49.8",7566675,-10,-10,-10,220,-0.003,-40.01
"2020-10-07 19:49:49.9",7566676,-10,-10,-10,220,-0.003,-40.01
"2020-10-07 19:49:50",7566677,-10,-10,-10,220,-0.003,-40.01
"2020-10-07 19:49:50.1",7566678,-10,-10,-10,220,-0.003,-40.01
"2020-10-07 19:49:50.2",7566679,-10,-10,-10,220,-0.003,-40.01
"2020-10-07 19:49:50.3",7566680,-10,-10,-10,220,-0.003,-40.01
"2020-10-07 19:49:50.4",7566681,-10,-10,-10,220,-0.003,-40.01
"2020-10-07 19:49:50.5",7566682,-10,-10,-10,220,-0.003,-40.01
"2020-10-07 19:49:50.6",7566683,-10,-10,-10,220,-0.003,-40.01
"2020-10-07 19:49:50.7",7566684,-10,-10,-10,220,-0.003,-40.01
"2020-10-07 19:49:50.8",7566685,-10,-10,-10,220,-0.003,-40.01
"2020-10-07 19:49:50.9",7566686,-10,-10,-10,220,-0.003,-40.01
