"TOA5","10329","CR6","10329","CR6.Std.09.01 CR6-WIFI.04.00.01","CPU:YOUNG81000_HMP60_10Hz.CR6","51185","Young10Hz_hmp"
"TIMESTAMP","RECORD","U","V","W","TSonic","RH","T_HMP60"
"TS","RN","mV","mV","mV","mV","%","Deg C"
"","","Smp","Smp","Smp","Smp","Smp","Smp"
"2020-10-02 19:33:43.6",3453832,-0.008,0.088,-0.016,295.5,33.63,21.13
"2020-10-02 19:33:43.7",3453833,-0.007,0.088,-0.015,295.5,33.64,21.12
"2020-10-02 19:33:43.8",3453834,-0.007,0.087,-0.016,295.5,33.64,21.12
"2020-10-02 19:33:43.9",3453835,-0.085,0.12,-0.025,295.5,33.62,21.12
"2020-10-02 19:33:44",3453836,-0.085,0.121,-0.025,295.5,33.62,21.13
"2020-10-02 19:33:44.1",3453837,-0.086,0.121,-0.025,295.5,33.63,21.13
"2020-10-02 19:33:44.2",3453838,-0.057,0.078,-0.006,295.5,33.64,21.12
"2020-10-02 19:33:44.3",3453839,-0.057,0.078,-0.006,295.5,33.64,21.12
"2020-10-02 19:33:44.4",3453840,-0.056,0.077,-0.006,295.5,33.63,21.11
"2020-10-02 19:33:44.5",3453841,-0.056,0.077,-0.005,295.5,33.62,21.13
"2020-10-02 19:33:44.6",3453842,-0.057,0.077,-0.006,295.5,33.61,21.14
"2020-10-02 19:33:44.7",3453843,-0.057,0.077,-0.006,295.5,33.64,21.13
"2020-10-02 19:33:44.8",3453844,-0.056,0.077,-0.006,295.5,33.64,21.13
"2020-10-02 19:33:44.9",3453845,-0.057,0.078,-0.006,295.5,33.64,21.11
"2020-10-02 19:33:45",3453846,-0.055,0.077,-0.006,295.5,33.62,21.12
"2020-10-02 19:33:45.1",3453847,-0.056,0.077,-0.006,295.5,33.61,21.13
"2020-10-02 19:33:45.2",3453848,-0.057,0.077,-0.005,295.5,33.63,21.13
"2020-10-02 19:33:45.3",3453849,-0.056,0.077,-0.006,295.5,33.64,21.13
"2020-10-02 19:33:45.4",3453850,-0.027,0.122,0.015,295.5,33.65,21.12
"2020-10-02 19:33:45.5",3453851,-0.027,0.12,0.015,295.5,33.63,21.11
"2020-10-02 19:33:45.6",3453852,-0.024,0.121,0.015,295.5,33.62,21.13
"2020-10-02 19:33:45.7",3453853,-0.027,0.121,0.016,295.6,33.61,21.13
"2020-10-02 19:33:45.8",3453854,-0.028,0.121,0.015,295.6,33.64,21.13
"2020-10-02 19:33:45.9",3453855,-0.027,0.209,0.015,295.5,33.64,21.12
"2020-10-02 19:33:46",3453856,-0.026,0.21,0.015,295.5,33.7,21.16
"2020-10-02 19:33:46.1",3453857,-0.027,0.209,0.015,295.5,33.62,21.12
"2020-10-02 19:33:46.2",3453858,-0.026,0.21,0.015,295.5,33.63,21.13
"2020-10-02 19:33:46.3",3453859,-0.027,0.209,0.016,295.5,33.64,21.13
"2020-10-02 19:33:46.4",3453860,-0.028,0.209,0.015,295.5,33.65,21.13
"2020-10-02 19:33:46.5",3453861,-0.026,0.209,0.015,295.5,33.66,21.12
"2020-10-02 19:33:46.6",3453862,-0.027,0.209,0.015,295.5,33.65,21.11
"2020-10-02 19:33:46.7",3453863,-0.026,0.122,0.015,295.5,33.63,21.13
"2020-10-02 19:33:46.8",3453864,-0.026,0.121,0.015,295.5,33.64,21.13
"2020-10-02 19:33:46.9",3453865,-0.027,0.209,0.015,295.5,33.66,21.13
"2020-10-02 19:33:47",3453866,-0.027,0.209,0.015,295.5,33.66,21.12
"2020-10-02 19:33:47.1",3453867,-0.026,0.21,0.015,295.5,33.66,21.12
"2020-10-02 19:33:47.2",3453868,-0.027,0.209,0.015,295.5,33.65,21.12
"2020-10-02 19:33:47.3",3453869,-0.026,0.209,0.016,295.5,33.64,21.16
"2020-10-02 19:33:47.4",3453870,-0.027,0.209,0.016,295.5,33.62,21.14
"2020-10-02 19:33:47.5",3453871,-0.028,0.209,0.015,295.5,33.66,21.13
"2020-10-02 19:33:47.6",3453872,-0.027,0.209,0.07,295.5,33.67,21.12
"2020-10-02 19:33:47.7",3453873,-0.006,0.141,0.074,295.5,33.66,21.11
"2020-10-02 19:33:47.8",3453874,-0.005,0.141,0.075,295.5,33.63,21.14
"2020-10-02 19:33:47.9",3453875,-0.027,0.209,0.016,295.5,33.63,21.13
"2020-10-02 19:33:48",3453876,-0.028,0.209,0.016,295.5,33.65,21.13
"2020-10-02 19:33:48.1",3453877,-0.027,0.209,0.015,295.5,33.66,21.12
"2020-10-02 19:33:48.2",3453878,-0.007,0.181,0.035,295.5,33.66,21.11
"2020-10-02 19:33:48.3",3453879,-0.007,0.179,0.035,295.5,33.64,21.12
"2020-10-02 19:33:48.4",3453880,-0.026,0.209,0.016,295.5,33.64,21.13
"2020-10-02 19:33:48.5",3453881,-0.028,0.209,0.016,295.5,33.71,21.16
"2020-10-02 19:33:48.6",3453882,-0.028,0.209,0.02,295.5,33.66,21.12
"2020-10-02 19:33:48.7",3453883,-0.007,0.098,0.044,295.5,33.65,21.12
"2020-10-02 19:33:48.8",3453884,-0.007,0.096,0.044,295.5,33.64,21.11
"2020-10-02 19:33:48.9",3453885,-0.007,0.14,0.075,295.5,33.62,21.13
"2020-10-02 19:33:49",3453886,-0.008,0.141,0.074,295.5,33.62,21.13
"2020-10-02 19:33:49.1",3453887,-0.008,0.14,0.073,295.5,33.64,21.13
"2020-10-02 19:33:49.2",3453888,0.013,0.171,0.015,295.5,33.65,21.11
"2020-10-02 19:33:49.3",3453889,0.013,0.171,0.015,295.5,33.63,21.12
"2020-10-02 19:33:49.4",3453890,-0.007,0.18,0.036,295.5,33.63,21.13
"2020-10-02 19:33:49.5",3453891,-0.006,0.18,0.035,295.5,33.62,21.14
"2020-10-02 19:33:49.6",3453892,-0.008,0.179,0.062,295.5,33.68,21.12
"2020-10-02 19:33:49.7",3453893,-0.007,0.14,0.073,295.5,33.64,21.11
"2020-10-02 19:33:49.8",3453894,-0.007,0.14,0.074,295.5,33.63,21.15
"2020-10-02 19:33:49.9",3453895,-0.008,0.009,0.044,295.5,33.63,21.12
"2020-10-02 19:33:50",3453896,-0.008,0.009,0.044,295.5,33.63,21.12
"2020-10-02 19:33:50.1",3453897,-0.008,0.008,0.044,295.5,33.63,21.12
"2020-10-02 19:33:50.2",3453898,-0.018,-0.041,0.044,295.5,33.63,21.12
"2020-10-02 19:33:50.3",3453899,-0.018,-0.041,0.044,295.5,33.63,21.12
"2020-10-02 19:33:50.4",3453900,0.032,-0.08,0.117,295.6,33.63,21.12
"2020-10-02 19:33:50.5",3453901,0.032,-0.08,0.118,295.6,33.63,21.12
"2020-10-02 19:33:50.6",3453902,0.032,-0.08,0.117,295.8,33.63,21.12
"2020-10-02 19:33:50.7",3453903,-0.018,-0.124,0.118,295.8,33.63,21.12
"2020-10-02 19:33:50.8",3453904,-0.018,-0.124,0.118,295.8,33.63,21.12
"2020-10-02 19:33:50.9",3453905,-0.008,-0.251,0.147,295.6,33.63,21.12
"2020-10-02 19:33:51",3453906,-0.008,-0.251,0.147,295.6,33.69,21.13
"2020-10-02 19:33:51.1",3453907,-0.008,-0.251,0.147,295.6,33.63,21.12
"2020-10-02 19:33:51.2",3453908,-0.34,-0.193,0.156,295.2,33.63,21.12
"2020-10-02 19:33:51.3",3453909,-0.34,-0.192,0.157,295.2,33.63,21.12
"2020-10-02 19:33:51.4",3453910,-0.15,-0.861,0.318,295.8,33.63,21.12
"2020-10-02 19:33:51.5",3453911,-0.15,-0.862,0.318,295.8,33.63,21.12
"2020-10-02 19:33:51.6",3453912,-0.15,-0.862,0.317,295.8,33.63,21.12
"2020-10-02 19:33:51.7",3453913,0.071,-0.901,-0.026,295.6,33.63,21.12
"2020-10-02 19:33:51.8",3453914,0.071,-0.901,-0.026,295.6,33.63,21.12
"2020-10-02 19:33:51.9",3453915,0.173,-0.593,0.396,295.6,33.63,21.12
"2020-10-02 19:33:52",3453916,0.173,-0.593,0.396,295.6,33.63,21.12
"2020-10-02 19:33:52.1",3453917,0.173,-0.593,0.396,295.6,33.63,21.12
"2020-10-02 19:33:52.2",3453918,0.222,-0.49,0.064,295.5,33.63,21.12
"2020-10-02 19:33:52.3",3453919,0.222,-0.49,0.064,295.5,33.66,21.15
"2020-10-02 19:33:52.4",3453920,-0.028,-0.334,0.005,295.5,33.63,21.12
"2020-10-02 19:33:52.5",3453921,-0.028,-0.334,0.005,295.5,33.63,21.12
"2020-10-02 19:33:52.6",3453922,-0.028,-0.334,0.005,295.5,33.63,21.12
"2020-10-02 19:33:52.7",3453923,0.163,-0.324,-0.104,295.4,33.63,21.12
"2020-10-02 19:33:52.8",3453924,0.163,-0.324,-0.104,295.4,33.63,21.12
"2020-10-02 19:33:52.9",3453925,-0.028,-0.325,-0.045,295.5,33.63,21.12
"2020-10-02 19:33:53",3453926,-0.028,-0.324,-0.045,295.5,33.63,21.12
"2020-10-02 19:33:53.1",3453927,-0.028,-0.325,-0.04,295.5,33.63,21.12
"2020-10-02 19:33:53.2",3453928,-0.067,-0.154,-0.006,295.5,33.63,21.12
"2020-10-02 19:33:53.3",3453929,-0.066,-0.153,-0.006,295.5,33.63,21.12
"2020-10-02 19:33:53.4",3453930,-0.066,-0.153,-0.006,295.5,33.63,21.12
"2020-10-02 19:33:53.5",3453931,-0.067,-0.154,-0.006,295.5,33.67,21.12
"2020-10-02 19:33:53.6",3453932,-0.067,-0.154,-0.006,295.5,33.63,21.12
"2020-10-02 19:33:53.7",3453933,-0.13,-0.251,0.064,295.5,33.63,21.12
"2020-10-02 19:33:53.8",3453934,-0.13,-0.251,0.064,295.5,33.63,21.12
"2020-10-02 19:33:53.9",3453935,-0.12,-0.344,0.064,295.5,33.63,21.12
"2020-10-02 19:33:54",3453936,-0.12,-0.344,0.064,295.5,33.63,21.12
"2020-10-02 19:33:54.1",3453937,-0.121,-0.17,0.117,295.5,33.63,21.12
"2020-10-02 19:33:54.2",3453938,-0.067,-0.163,0.117,295.5,33.63,21.12
"2020-10-02 19:33:54.3",3453939,-0.067,-0.163,0.117,295.5,33.63,21.12
"2020-10-02 19:33:54.4",3453940,-0.008,-0.163,0.074,295.5,33.63,21.12
"2020-10-02 19:33:54.5",3453941,-0.008,-0.163,0.074,295.5,33.63,21.12
"2020-10-02 19:33:54.6",3453942,-0.008,-0.164,0.166,295.5,33.63,21.12
"2020-10-02 19:33:54.7",3453943,-0.028,-0.163,0.166,295.5,33.63,21.12
"2020-10-02 19:33:54.8",3453944,-0.028,-0.163,0.166,295.5,33.66,21.18
"2020-10-02 19:33:54.9",3453945,-0.066,-0.202,0.064,295.4,33.63,21.12
"2020-10-02 19:33:55",3453946,-0.067,-0.202,0.064,295.4,33.63,21.12
"2020-10-02 19:33:55.1",3453947,-0.067,-0.145,0.044,295.4,33.63,21.12
"2020-10-02 19:33:55.2",3453948,-0.057,-0.144,0.044,295.4,33.63,21.12
"2020-10-02 19:33:55.3",3453949,-0.057,-0.144,0.044,295.4,33.63,21.12
"2020-10-02 19:33:55.4",3453950,-0.057,-0.144,0.044,295.4,33.63,21.12
"2020-10-02 19:33:55.5",3453951,-0.057,-0.144,0.044,295.4,33.63,21.12
"2020-10-02 19:33:55.6",3453952,-0.057,-0.144,0.044,295.5,33.63,21.12
"2020-10-02 19:33:55.7",3453953,-0.086,-0.251,0.035,295.5,33.63,21.12
"2020-10-02 19:33:55.8",3453954,-0.086,-0.251,0.035,295.5,33.63,21.12
"2020-10-02 19:33:55.9",3453955,-0.13,-0.163,0.074,295.5,33.63,21.12
"2020-10-02 19:33:56",3453956,-0.13,-0.163,0.074,295.5,33.63,21.12
"2020-10-02 19:33:56.1",3453957,-0.13,-0.163,0.073,295.5,33.63,21.12
"2020-10-02 19:33:56.2",3453958,-0.13,-0.163,0.074,295.5,33.64,21.12
"2020-10-02 19:33:56.3",3453959,-0.13,-0.163,0.074,295.5,33.64,21.12
"2020-10-02 19:33:56.4",3453960,-0.067,-0.163,0.117,295.5,33.64,21.12
"2020-10-02 19:33:56.5",3453961,-0.066,-0.163,0.117,295.5,33.65,21.12
"2020-10-02 19:33:56.6",3453962,-0.13,-0.163,0.074,295.5,33.65,21.12
"2020-10-02 19:33:56.7",3453963,-0.13,-0.163,0.074,295.5,33.65,21.12
"2020-10-02 19:33:56.8",3453964,-0.13,-0.163,0.074,295.5,33.65,21.12
"2020-10-02 19:33:56.9",3453965,-0.086,-0.124,0.005,295.6,33.65,21.12
"2020-10-02 19:33:57",3453966,-0.086,-0.124,0.005,295.6,33.65,21.12
"2020-10-02 19:33:57.1",3453967,-0.128,-0.115,0.054,295.5,33.65,21.12
"2020-10-02 19:33:57.2",3453968,-0.13,-0.115,0.054,295.5,33.65,21.12
"2020-10-02 19:33:57.3",3453969,-0.13,-0.114,0.054,295.5,33.69,21.18
"2020-10-02 19:33:57.4",3453970,-0.14,-0.08,0.074,295.5,33.66,21.12
"2020-10-02 19:33:57.5",3453971,-0.14,-0.08,0.073,295.5,33.68,21.12
"2020-10-02 19:33:57.6",3453972,-0.14,-0.115,0.054,295.5,33.69,21.12
"2020-10-02 19:33:57.7",3453973,-0.13,-0.114,0.054,295.5,33.7,21.12
"2020-10-02 19:33:57.8",3453974,-0.13,-0.115,0.054,295.5,33.7,21.12
"2020-10-02 19:33:57.9",3453975,-0.047,-0.124,-0.006,295.5,33.7,21.12
"2020-10-02 19:33:58",3453976,-0.047,-0.124,-0.006,295.5,33.71,21.12
"2020-10-02 19:33:58.1",3453977,-0.047,-0.042,0.015,295.6,33.71,21.12
"2020-10-02 19:33:58.2",3453978,-0.096,-0.041,0.015,295.6,33.71,21.12
"2020-10-02 19:33:58.3",3453979,-0.096,-0.041,0.015,295.6,33.71,21.12
"2020-10-02 19:33:58.4",3453980,-0.13,-0.002,0.074,295.5,33.71,21.12
"2020-10-02 19:33:58.5",3453981,-0.13,-0.002,0.074,295.5,33.71,21.12
"2020-10-02 19:33:58.6",3453982,-0.076,-0.002,0.044,295.4,33.71,21.12
"2020-10-02 19:33:58.7",3453983,-0.076,-0.002,0.044,295.4,33.74,21.12
"2020-10-02 19:33:58.8",3453984,-0.076,-0.002,0.044,295.4,33.77,21.12
"2020-10-02 19:33:58.9",3453985,-0.096,-0.041,0.015,295.4,33.78,21.12
"2020-10-02 19:33:59",3453986,-0.096,-0.041,0.015,295.4,33.79,21.12
"2020-10-02 19:33:59.1",3453987,-0.027,-0.002,-0.035,295.4,33.8,21.12
"2020-10-02 19:33:59.2",3453988,-0.028,-0.002,-0.035,295.4,33.8,21.12
"2020-10-02 19:33:59.3",3453989,-0.028,-0.002,-0.035,295.4,33.8,21.12
"2020-10-02 19:33:59.4",3453990,-0.008,-0.031,-0.016,295.3,33.81,21.12
"2020-10-02 19:33:59.5",3453991,-0.008,-0.031,-0.016,295.3,33.81,21.12
"2020-10-02 19:33:59.6",3453992,-0.008,-0.032,0.025,295.5,33.81,21.12
"2020-10-02 19:33:59.7",3453993,-0.027,-0.002,0.025,295.5,33.81,21.12
"2020-10-02 19:33:59.8",3453994,-0.028,-0.002,0.025,295.5,33.87,21.18
"2020-10-02 19:33:59.9",3453995,-0.047,-0.041,-0.006,295.5,33.83,21.12
"2020-10-02 19:34:00",3453996,-0.047,-0.041,-0.006,295.5,33.85,21.12
"2020-10-02 19:34:00.1",3453997,-0.028,-0.002,0.024,295.5,33.87,21.12
"2020-10-02 19:34:00.2",3453998,-0.028,-0.002,0.025,295.5,33.89,21.12
"2020-10-02 19:34:00.3",3453999,-0.028,-0.002,0.025,295.5,33.89,21.12
"2020-10-02 19:34:00.4",3454000,-0.018,-0.041,0.044,295.5,33.9,21.12
"2020-10-02 19:34:00.5",3454001,-0.018,-0.041,0.044,295.5,33.9,21.12
"2020-10-02 19:34:00.6",3454002,0.012,-0.041,0.025,295.5,33.91,21.12
"2020-10-02 19:34:00.7",3454003,0.012,-0.041,0.025,295.5,33.91,21.12
"2020-10-02 19:34:00.8",3454004,0.012,-0.041,0.025,295.5,33.91,21.12
"2020-10-02 19:34:00.9",3454005,-0.008,-0.002,0.074,295.6,33.91,21.12
"2020-10-02 19:34:01",3454006,-0.008,-0.002,0.074,295.6,33.91,21.12
"2020-10-02 19:34:01.1",3454007,-0.018,-0.041,0.044,295.6,33.91,21.14
"2020-10-02 19:34:01.2",3454008,-0.018,-0.041,0.044,295.6,33.94,21.12
"2020-10-02 19:34:01.3",3454009,-0.018,-0.041,0.044,295.6,33.95,21.12
"2020-10-02 19:34:01.4",3454010,-0.008,0.009,0.044,295.4,33.97,21.12
"2020-10-02 19:34:01.5",3454011,-0.008,0.009,0.044,295.4,33.97,21.12
"2020-10-02 19:34:01.6",3454012,-0.008,0.008,0.044,295.5,33.98,21.12
"2020-10-02 19:34:01.7",3454013,-0.008,0.009,0.044,295.5,33.98,21.12
"2020-10-02 19:34:01.8",3454014,-0.008,0.009,0.044,295.5,33.99,21.12
"2020-10-02 19:34:01.9",3454015,-0.008,-0.002,0.074,295.5,33.99,21.12
"2020-10-02 19:34:02",3454016,-0.008,-0.002,0.074,295.5,33.99,21.12
"2020-10-02 19:34:02.1",3454017,-0.028,-0.002,0.025,295.5,33.99,21.12
"2020-10-02 19:34:02.2",3454018,-0.027,-0.002,0.025,295.5,33.99,21.12
"2020-10-02 19:34:02.3",3454019,-0.028,-0.002,0.025,295.5,34.05,21.17
"2020-10-02 19:34:02.4",3454020,-0.018,-0.041,0.044,295.4,33.99,21.12
"2020-10-02 19:34:02.5",3454021,-0.018,-0.041,0.045,295.4,34,21.12
"2020-10-02 19:34:02.6",3454022,-0.028,-0.071,0.015,295.3,34,21.12
"2020-10-02 19:34:02.7",3454023,-0.028,-0.071,0.015,295.3,34.01,21.12
"2020-10-02 19:34:02.8",3454024,-0.027,-0.07,0.015,295.3,34.01,21.12
"2020-10-02 19:34:02.9",3454025,-0.047,-0.041,-0.006,295.3,34.01,21.12
"2020-10-02 19:34:03",3454026,-0.047,-0.041,-0.006,295.3,34.01,21.12
"2020-10-02 19:34:03.1",3454027,-0.047,-0.041,-0.006,295.3,34.01,21.12
"2020-10-02 19:34:03.2",3454028,-0.047,-0.041,-0.006,295.3,34.01,21.12
"2020-10-02 19:34:03.3",3454029,-0.047,-0.041,-0.006,295.3,34.01,21.12
"2020-10-02 19:34:03.4",3454030,-0.028,-0.071,0.015,295.2,34.01,21.12
"2020-10-02 19:34:03.5",3454031,-0.028,-0.07,0.015,295.2,34.01,21.12
"2020-10-02 19:34:03.6",3454032,-0.03,-0.041,-0.006,295.1,34.01,21.15
"2020-10-02 19:34:03.7",3454033,-0.047,-0.041,-0.006,295.1,34.02,21.12
"2020-10-02 19:34:03.8",3454034,-0.047,-0.041,-0.006,295.1,34.02,21.12
"2020-10-02 19:34:03.9",3454035,-0.067,-0.002,-0.016,295.2,34.03,21.12
"2020-10-02 19:34:04",3454036,-0.067,-0.002,-0.016,295.2,34.03,21.12
"2020-10-02 19:34:04.1",3454037,-0.077,-0.08,-0.006,295.2,34.03,21.12
"2020-10-02 19:34:04.2",3454038,-0.076,-0.081,-0.006,295.2,34.03,21.12
"2020-10-02 19:34:04.3",3454039,-0.076,-0.08,-0.006,295.2,34.03,21.12
"2020-10-02 19:34:04.4",3454040,-0.028,-0.07,0.015,295.2,34.03,21.12
"2020-10-02 19:34:04.5",3454041,-0.028,-0.07,0.015,295.2,34.03,21.12
"2020-10-02 19:34:04.6",3454042,-0.076,-0.08,0.044,295.1,34.03,21.12
"2020-10-02 19:34:04.7",3454043,-0.076,-0.08,0.044,295.1,34.03,21.12
"2020-10-02 19:34:04.8",3454044,-0.076,-0.081,0.044,295.1,34.09,21.14
"2020-10-02 19:34:04.9",3454045,-0.077,-0.08,0.044,295.1,34.03,21.12
"2020-10-02 19:34:05",3454046,-0.076,-0.08,0.044,295.1,34.02,21.12
"2020-10-02 19:34:05.1",3454047,-0.077,-0.119,-0.006,295.2,34.02,21.12
"2020-10-02 19:34:05.2",3454048,-0.047,-0.124,-0.006,295.2,34.02,21.12
"2020-10-02 19:34:05.3",3454049,-0.047,-0.124,-0.006,295.2,34.01,21.12
"2020-10-02 19:34:05.4",3454050,-0.086,-0.124,0.005,295.2,34.01,21.12
"2020-10-02 19:34:05.5",3454051,-0.086,-0.124,0.005,295.2,34.01,21.12
"2020-10-02 19:34:05.6",3454052,-0.086,-0.124,0.005,295.2,34.01,21.12
"2020-10-02 19:34:05.7",3454053,-0.086,-0.124,0.005,295.2,34.01,21.12
"2020-10-02 19:34:05.8",3454054,-0.086,-0.124,0.005,295.2,34.01,21.12
"2020-10-02 19:34:05.9",3454055,-0.028,-0.07,0.015,295.2,34.01,21.12
"2020-10-02 19:34:06",3454056,-0.027,-0.07,0.015,295.2,34.01,21.12
"2020-10-02 19:34:06.1",3454057,-0.077,-0.08,0.044,295.2,34.01,21.16
"2020-10-02 19:34:06.2",3454058,-0.076,-0.08,0.044,295.2,34.01,21.12
"2020-10-02 19:34:06.3",3454059,-0.076,-0.08,0.044,295.2,34,21.12
"2020-10-02 19:34:06.4",3454060,-0.076,-0.08,0.044,295.2,34,21.12
"2020-10-02 19:34:06.5",3454061,-0.076,-0.081,0.044,295.2,34,21.12
"2020-10-02 19:34:06.6",3454062,-0.076,-0.08,0.044,295.2,33.99,21.12
"2020-10-02 19:34:06.7",3454063,-0.076,-0.08,0.044,295.2,33.99,21.12
"2020-10-02 19:34:06.8",3454064,-0.077,-0.08,0.044,295.2,33.99,21.12
"2020-10-02 19:34:06.9",3454065,-0.018,-0.08,0.083,295.2,33.99,21.12
"2020-10-02 19:34:07",3454066,-0.018,-0.08,0.084,295.2,33.99,21.12
"2020-10-02 19:34:07.1",3454067,-0.018,-0.08,0.074,295.2,33.99,21.12
"2020-10-02 19:34:07.2",3454068,-0.018,-0.08,0.074,295.2,33.99,21.12
"2020-10-02 19:34:07.3",3454069,-0.018,-0.08,0.074,295.2,34.05,21.12
"2020-10-02 19:34:07.4",3454070,-0.028,-0.08,0.093,295.3,33.99,21.12
"2020-10-02 19:34:07.5",3454071,-0.028,-0.08,0.093,295.3,33.98,21.12
"2020-10-02 19:34:07.6",3454072,-0.018,-0.041,0.044,295.4,33.98,21.12
"2020-10-02 19:34:07.7",3454073,-0.018,-0.041,0.044,295.4,33.98,21.12
"2020-10-02 19:34:07.8",3454074,-0.018,-0.041,0.044,295.4,33.98,21.12
"2020-10-02 19:34:07.9",3454075,-0.018,-0.041,0.044,295.4,33.97,21.12
"2020-10-02 19:34:08",3454076,-0.018,-0.041,0.044,295.4,33.97,21.12
"2020-10-02 19:34:08.1",3454077,0.012,-0.041,0.025,295.4,33.97,21.12
"2020-10-02 19:34:08.2",3454078,0.012,-0.041,0.025,295.4,33.97,21.12
"2020-10-02 19:34:08.3",3454079,0.012,-0.041,0.025,295.4,33.97,21.12
"2020-10-02 19:34:08.4",3454080,-0.018,-0.041,0.044,295.4,33.97,21.12
"2020-10-02 19:34:08.5",3454081,-0.018,-0.041,0.044,295.4,33.97,21.12
"2020-10-02 19:34:08.6",3454082,-0.018,-0.041,0.044,295.4,34,21.15
"2020-10-02 19:34:08.7",3454083,-0.018,-0.041,0.044,295.4,33.97,21.12
"2020-10-02 19:34:08.8",3454084,-0.018,-0.041,0.044,295.4,33.96,21.12
"2020-10-02 19:34:08.9",3454085,-0.018,-0.041,0.044,295.4,33.96,21.12
"2020-10-02 19:34:09",3454086,-0.018,-0.041,0.044,295.4,33.96,21.12
"2020-10-02 19:34:09.1",3454087,0.012,-0.041,0.025,295.5,33.95,21.12
"2020-10-02 19:34:09.2",3454088,0.012,-0.041,0.025,295.5,33.95,21.12
"2020-10-02 19:34:09.3",3454089,0.012,-0.041,0.025,295.5,33.95,21.12
"2020-10-02 19:34:09.4",3454090,-0.027,-0.002,0.025,295.4,33.95,21.12
"2020-10-02 19:34:09.5",3454091,-0.028,-0.002,0.025,295.4,33.95,21.12
"2020-10-02 19:34:09.6",3454092,-0.018,-0.041,0.044,295.4,33.95,21.12
"2020-10-02 19:34:09.7",3454093,-0.018,-0.041,0.044,295.4,33.95,21.12
"2020-10-02 19:34:09.8",3454094,-0.018,-0.041,0.044,295.4,33.98,21.12
"2020-10-02 19:34:09.9",3454095,-0.028,-0.002,0.025,295.5,33.95,21.12
"2020-10-02 19:34:10",3454096,-0.028,-0.002,0.025,295.5,33.94,21.12
"2020-10-02 19:34:10.1",3454097,-0.008,-0.002,-0.006,295.5,33.94,21.12
"2020-10-02 19:34:10.2",3454098,-0.008,-0.002,-0.006,295.5,33.94,21.12
"2020-10-02 19:34:10.3",3454099,-0.008,-0.002,-0.006,295.5,33.94,21.12
"2020-10-02 19:34:10.4",3454100,-0.008,-0.002,-0.006,295.5,33.93,21.12
"2020-10-02 19:34:10.5",3454101,-0.008,-0.002,-0.006,295.5,33.93,21.12
"2020-10-02 19:34:10.6",3454102,-0.008,-0.002,-0.006,295.5,33.93,21.12
"2020-10-02 19:34:10.7",3454103,-0.008,-0.002,-0.006,295.5,33.93,21.12
"2020-10-02 19:34:10.8",3454104,-0.008,-0.002,-0.006,295.5,33.93,21.12
"2020-10-02 19:34:10.9",3454105,-0.028,-0.002,0.025,295.5,33.93,21.12
"2020-10-02 19:34:11",3454106,-0.028,-0.002,0.025,295.5,33.93,21.12
"2020-10-02 19:34:11.1",3454107,-0.028,-0.002,0.025,295.5,33.96,21.18
"2020-10-02 19:34:11.2",3454108,-0.028,-0.002,0.025,295.5,33.93,21.12
"2020-10-02 19:34:11.3",3454109,-0.028,-0.002,0.025,295.5,33.93,21.12
"2020-10-02 19:34:11.4",3454110,-0.028,-0.002,0.025,295.5,33.93,21.12
"2020-10-02 19:34:11.5",3454111,-0.028,-0.002,0.025,295.5,33.93,21.12
"2020-10-02 19:34:11.6",3454112,-0.047,-0.041,-0.006,295.5,33.93,21.12
"2020-10-02 19:34:11.7",3454113,-0.047,-0.041,-0.006,295.5,33.93,21.12
"2020-10-02 19:34:11.8",3454114,-0.047,-0.041,-0.006,295.5,33.93,21.12
"2020-10-02 19:34:11.9",3454115,-0.047,-0.041,-0.006,295.4,33.93,21.12
"2020-10-02 19:34:12",3454116,-0.047,-0.041,-0.006,295.4,33.93,21.12
"2020-10-02 19:34:12.1",3454117,-0.047,-0.041,-0.006,295.4,33.93,21.12
"2020-10-02 19:34:12.2",3454118,-0.047,-0.041,-0.006,295.4,33.93,21.12
"2020-10-02 19:34:12.3",3454119,-0.047,-0.041,-0.006,295.4,33.94,21.12
"2020-10-02 19:34:12.4",3454120,-0.047,-0.041,-0.006,295.4,33.93,21.12
"2020-10-02 19:34:12.5",3454121,-0.047,-0.041,-0.006,295.4,33.93,21.12
"2020-10-02 19:34:12.6",3454122,-0.047,-0.041,-0.006,295.4,33.93,21.12
"2020-10-02 19:34:12.7",3454123,-0.047,-0.041,-0.006,295.4,33.93,21.12
"2020-10-02 19:34:12.8",3454124,-0.047,-0.041,-0.006,295.4,33.93,21.12
"2020-10-02 19:34:12.9",3454125,-0.008,-0.032,-0.016,295.3,33.93,21.12
"2020-10-02 19:34:13",3454126,-0.008,-0.031,-0.016,295.3,33.93,21.12
"2020-10-02 19:34:13.1",3454127,-0.008,-0.032,-0.016,295.3,33.93,21.12
"2020-10-02 19:34:13.2",3454128,-0.008,-0.032,-0.016,295.3,33.93,21.12
"2020-10-02 19:34:13.3",3454129,-0.008,-0.031,-0.016,295.3,33.93,21.12
"2020-10-02 19:34:13.4",3454130,-0.008,-0.031,-0.016,295.3,33.93,21.12
"2020-10-02 19:34:13.5",3454131,-0.008,-0.032,-0.016,295.3,33.93,21.12
"2020-10-02 19:34:13.6",3454132,0.012,-0.041,0.025,295.4,33.96,21.18
"2020-10-02 19:34:13.7",3454133,0.012,-0.041,0.025,295.4,33.93,21.12
"2020-10-02 19:34:13.8",3454134,0.012,-0.041,0.025,295.4,33.92,21.12
"2020-10-02 19:34:13.9",3454135,-0.018,-0.07,-0.006,295.4,33.92,21.12
"2020-10-02 19:34:14",3454136,-0.018,-0.07,-0.006,295.4,33.92,21.12
"2020-10-02 19:34:14.1",3454137,-0.008,-0.032,-0.016,295.4,33.91,21.12
"2020-10-02 19:34:14.2",3454138,-0.008,-0.032,-0.016,295.4,33.91,21.12
"2020-10-02 19:34:14.3",3454139,-0.008,-0.032,-0.016,295.4,33.91,21.12
"2020-10-02 19:34:14.4",3454140,-0.008,-0.031,-0.016,295.5,33.91,21.12
"2020-10-02 19:34:14.5",3454141,-0.008,-0.031,-0.016,295.5,33.91,21.12
"2020-10-02 19:34:14.6",3454142,-0.008,-0.032,-0.016,295.4,33.91,21.12
"2020-10-02 19:34:14.7",3454143,-0.008,-0.032,-0.016,295.4,33.91,21.12
"2020-10-02 19:34:14.8",3454144,-0.008,-0.031,-0.016,295.4,33.91,21.12
"2020-10-02 19:34:14.9",3454145,-0.008,-0.031,-0.016,295.4,33.91,21.12
"2020-10-02 19:34:15",3454146,-0.008,-0.032,-0.016,295.4,33.9,21.12
"2020-10-02 19:34:15.1",3454147,-0.008,-0.032,-0.016,295.4,33.9,21.12
"2020-10-02 19:34:15.2",3454148,-0.008,-0.031,-0.016,295.4,33.9,21.12
"2020-10-02 19:34:15.3",3454149,-0.008,-0.031,-0.016,295.4,33.9,21.12
"2020-10-02 19:34:15.4",3454150,-0.008,-0.031,-0.016,295.4,33.89,21.12
"2020-10-02 19:34:15.5",3454151,-0.008,-0.031,-0.016,295.4,33.89,21.12
"2020-10-02 19:34:15.6",3454152,-0.008,-0.031,-0.016,295.4,33.89,21.12
"2020-10-02 19:34:15.7",3454153,-0.008,-0.031,-0.016,295.4,33.89,21.12
"2020-10-02 19:34:15.8",3454154,-0.008,-0.031,-0.016,295.4,33.89,21.12
"2020-10-02 19:34:15.9",3454155,-0.018,-0.07,-0.006,295.4,33.89,21.12
"2020-10-02 19:34:16",3454156,-0.018,-0.071,-0.006,295.4,33.89,21.12
"2020-10-02 19:34:16.1",3454157,-0.027,-0.071,0.015,295.5,33.94,21.18
"2020-10-02 19:34:16.2",3454158,-0.028,-0.07,0.015,295.5,33.88,21.12
"2020-10-02 19:34:16.3",3454159,-0.028,-0.071,0.015,295.5,33.88,21.12
"2020-10-02 19:34:16.4",3454160,-0.018,-0.041,0.044,295.5,33.87,21.12
"2020-10-02 19:34:16.5",3454161,-0.018,-0.041,0.044,295.5,33.86,21.12
"2020-10-02 19:34:16.6",3454162,-0.018,-0.041,0.044,295.5,33.86,21.12
"2020-10-02 19:34:16.7",3454163,-0.018,-0.041,0.044,295.5,33.86,21.12
"2020-10-02 19:34:16.8",3454164,-0.018,-0.041,0.044,295.5,33.85,21.12
"2020-10-02 19:34:16.9",3454165,0.012,-0.041,0.025,295.5,33.85,21.12
"2020-10-02 19:34:17",3454166,0.012,-0.041,0.025,295.5,33.85,21.12
"2020-10-02 19:34:17.1",3454167,0.012,-0.041,0.025,295.5,33.85,21.12
"2020-10-02 19:34:17.2",3454168,0.012,-0.041,0.025,295.5,33.85,21.12
"2020-10-02 19:34:17.3",3454169,0.012,-0.041,0.025,295.5,33.85,21.12
"2020-10-02 19:34:17.4",3454170,-0.018,-0.07,-0.006,295.4,33.85,21.13
"2020-10-02 19:34:17.5",3454171,-0.018,-0.07,-0.006,295.4,33.85,21.12
"2020-10-02 19:34:17.6",3454172,0.012,-0.041,0.025,295.4,33.84,21.12
"2020-10-02 19:34:17.7",3454173,0.012,-0.041,0.025,295.4,33.84,21.12
"2020-10-02 19:34:17.8",3454174,0.012,-0.041,0.025,295.4,33.84,21.12
"2020-10-02 19:34:17.9",3454175,0.012,-0.041,0.025,295.4,33.83,21.12
"2020-10-02 19:34:18",3454176,0.012,-0.041,0.025,295.4,33.83,21.12
"2020-10-02 19:34:18.1",3454177,0.012,-0.041,0.025,295.3,33.83,21.12
"2020-10-02 19:34:18.2",3454178,0.012,-0.041,0.025,295.3,33.83,21.12
"2020-10-02 19:34:18.3",3454179,0.012,-0.041,0.025,295.3,33.83,21.12
"2020-10-02 19:34:18.4",3454180,-0.018,-0.07,-0.006,295.3,33.83,21.12
"2020-10-02 19:34:18.5",3454181,-0.018,-0.07,-0.006,295.3,33.83,21.12
"2020-10-02 19:34:18.6",3454182,0.012,-0.041,0.025,295.3,33.89,21.17
"2020-10-02 19:34:18.7",3454183,0.012,-0.041,0.025,295.3,33.83,21.12
"2020-10-02 19:34:18.8",3454184,0.012,-0.041,0.025,295.3,33.82,21.12
"2020-10-02 19:34:18.9",3454185,0.012,-0.041,0.025,295.3,33.82,21.12
"2020-10-02 19:34:19",3454186,0.012,-0.041,0.025,295.3,33.82,21.12
"2020-10-02 19:34:19.1",3454187,0.012,-0.041,0.025,295.3,33.81,21.12
"2020-10-02 19:34:19.2",3454188,0.012,-0.041,0.025,295.3,33.81,21.12
"2020-10-02 19:34:19.3",3454189,0.012,-0.041,0.025,295.3,33.81,21.12
"2020-10-02 19:34:19.4",3454190,-0.028,-0.07,0.015,295.3,33.81,21.12
"2020-10-02 19:34:19.5",3454191,-0.028,-0.07,0.015,295.3,33.81,21.12
"2020-10-02 19:34:19.6",3454192,-0.028,-0.07,0.015,295.3,33.81,21.12
"2020-10-02 19:34:19.7",3454193,-0.028,-0.07,0.015,295.3,33.81,21.12
"2020-10-02 19:34:19.8",3454194,-0.028,-0.07,0.015,295.3,33.81,21.12
"2020-10-02 19:34:19.9",3454195,-0.028,-0.07,0.015,295.3,33.81,21.15
"2020-10-02 19:34:20",3454196,-0.028,-0.071,0.015,295.3,33.81,21.12
"2020-10-02 19:34:20.1",3454197,-0.018,-0.07,-0.006,295.3,33.8,21.12
"2020-10-02 19:34:20.2",3454198,-0.018,-0.07,-0.006,295.3,33.8,21.12
"2020-10-02 19:34:20.3",3454199,-0.018,-0.07,-0.006,295.3,33.8,21.12
"2020-10-02 19:34:20.4",3454200,0.012,-0.041,0.025,295.3,33.79,21.12
"2020-10-02 19:34:20.5",3454201,0.012,-0.041,0.025,295.3,33.79,21.12
"2020-10-02 19:34:20.6",3454202,-0.027,-0.07,0.015,295.3,33.79,21.12
"2020-10-02 19:34:20.7",3454203,-0.028,-0.07,0.015,295.3,33.79,21.12
"2020-10-02 19:34:20.8",3454204,-0.028,-0.071,0.015,295.3,33.79,21.12
"2020-10-02 19:34:20.9",3454205,-0.028,-0.07,0.015,295.3,33.79,21.12
"2020-10-02 19:34:21",3454206,-0.028,-0.07,0.015,295.3,33.79,21.12
"2020-10-02 19:34:21.1",3454207,-0.028,-0.071,0.015,295.3,33.85,21.15
"2020-10-02 19:34:21.2",3454208,-0.028,-0.07,0.015,295.3,33.79,21.12
"2020-10-02 19:34:21.3",3454209,-0.028,-0.07,0.015,295.3,33.79,21.12
"2020-10-02 19:34:21.4",3454210,-0.018,-0.071,-0.006,295.4,33.79,21.12
"2020-10-02 19:34:21.5",3454211,-0.018,-0.07,-0.006,295.4,33.79,21.12
"2020-10-02 19:34:21.6",3454212,0.012,-0.041,0.025,295.4,33.79,21.12
"2020-10-02 19:34:21.7",3454213,0.012,-0.041,0.025,295.4,33.79,21.12
"2020-10-02 19:34:21.8",3454214,0.012,-0.041,0.025,295.4,33.79,21.12
"2020-10-02 19:34:21.9",3454215,0.012,-0.041,0.025,295.4,33.79,21.12
"2020-10-02 19:34:22",3454216,0.012,-0.041,0.025,295.4,33.79,21.12
"2020-10-02 19:34:22.1",3454217,0.012,-0.041,0.025,295.4,33.79,21.12
"2020-10-02 19:34:22.2",3454218,0.012,-0.041,0.025,295.4,33.79,21.12
"2020-10-02 19:34:22.3",3454219,0.012,-0.041,0.025,295.4,33.79,21.12
"2020-10-02 19:34:22.4",3454220,-0.018,-0.07,-0.006,295.4,33.79,21.16
"2020-10-02 19:34:22.5",3454221,-0.018,-0.07,-0.006,295.4,33.79,21.12
"2020-10-02 19:34:22.6",3454222,-0.018,-0.071,-0.006,295.4,33.79,21.12
"2020-10-02 19:34:22.7",3454223,-0.018,-0.071,-0.006,295.4,33.79,21.12
"2020-10-02 19:34:22.8",3454224,-0.018,-0.07,-0.006,295.4,33.79,21.12
"2020-10-02 19:34:22.9",3454225,-0.018,-0.07,-0.006,295.4,33.79,21.12
"2020-10-02 19:34:23",3454226,-0.018,-0.07,-0.006,295.4,33.79,21.12
"2020-10-02 19:34:23.1",3454227,-0.018,-0.071,-0.006,295.4,33.79,21.12
"2020-10-02 19:34:23.2",3454228,-0.018,-0.07,-0.006,295.4,33.79,21.12
"2020-10-02 19:34:23.3",3454229,-0.018,-0.07,-0.006,295.4,33.79,21.12
"2020-10-02 19:34:23.4",3454230,-0.018,-0.07,-0.006,295.4,33.79,21.12
"2020-10-02 19:34:23.5",3454231,-0.018,-0.07,-0.006,295.4,33.79,21.12
"2020-10-02 19:34:23.6",3454232,0.012,-0.041,0.025,295.4,33.85,21.12
"2020-10-02 19:34:23.7",3454233,0.012,-0.041,0.025,295.4,33.79,21.12
"2020-10-02 19:34:23.8",3454234,0.012,-0.041,0.025,295.4,33.78,21.12
"2020-10-02 19:34:23.9",3454235,0.012,-0.041,0.025,295.4,33.78,21.12
"2020-10-02 19:34:24",3454236,0.012,-0.041,0.025,295.4,33.78,21.12
"2020-10-02 19:34:24.1",3454237,-0.018,-0.071,-0.006,295.4,33.77,21.12
"2020-10-02 19:34:24.2",3454238,-0.018,-0.071,-0.006,295.4,33.77,21.12
"2020-10-02 19:34:24.3",3454239,-0.018,-0.071,-0.006,295.4,33.77,21.12
"2020-10-02 19:34:24.4",3454240,-0.008,-0.032,-0.016,295.5,33.77,21.12
"2020-10-02 19:34:24.5",3454241,-0.008,-0.031,-0.016,295.5,33.77,21.12
"2020-10-02 19:34:24.6",3454242,-0.018,-0.07,-0.006,295.5,33.77,21.12
"2020-10-02 19:34:24.7",3454243,-0.018,-0.07,-0.006,295.5,33.77,21.12
"2020-10-02 19:34:24.8",3454244,-0.018,-0.07,-0.006,295.5,33.77,21.12
"2020-10-02 19:34:24.9",3454245,-0.018,-0.07,-0.006,295.5,33.8,21.16
"2020-10-02 19:34:25",3454246,-0.018,-0.07,-0.006,295.5,33.77,21.12
"2020-10-02 19:34:25.1",3454247,-0.028,-0.07,0.015,295.5,33.77,21.12
"2020-10-02 19:34:25.2",3454248,-0.028,-0.07,0.015,295.5,33.77,21.12
"2020-10-02 19:34:25.3",3454249,-0.028,-0.07,0.015,295.5,33.77,21.12
"2020-10-02 19:34:25.4",3454250,-0.028,-0.07,0.015,295.5,33.77,21.12
"2020-10-02 19:34:25.5",3454251,-0.028,-0.07,0.015,295.5,33.77,21.12
"2020-10-02 19:34:25.6",3454252,-0.028,-0.071,0.015,295.5,33.77,21.12
"2020-10-02 19:34:25.7",3454253,-0.028,-0.07,0.015,295.5,33.77,21.12
"2020-10-02 19:34:25.8",3454254,-0.028,-0.07,0.015,295.5,33.77,21.12
"2020-10-02 19:34:25.9",3454255,-0.028,-0.071,0.015,295.5,33.77,21.12
"2020-10-02 19:34:26",3454256,-0.027,-0.07,0.015,295.5,33.77,21.12
"2020-10-02 19:34:26.1",3454257,0.022,-0.115,0.025,295.5,33.8,21.12
"2020-10-02 19:34:26.2",3454258,0.022,-0.115,0.025,295.5,33.77,21.12
"2020-10-02 19:34:26.3",3454259,0.022,-0.115,0.025,295.5,33.77,21.12
"2020-10-02 19:34:26.4",3454260,-0.008,-0.115,0.035,295.4,33.77,21.12
"2020-10-02 19:34:26.5",3454261,-0.008,-0.115,0.035,295.4,33.77,21.12
"2020-10-02 19:34:26.6",3454262,0.022,-0.115,0.025,295.5,33.77,21.12
"2020-10-02 19:34:26.7",3454263,0.022,-0.115,0.025,295.5,33.77,21.12
"2020-10-02 19:34:26.8",3454264,0.022,-0.115,0.025,295.5,33.77,21.12
"2020-10-02 19:34:26.9",3454265,-0.028,-0.07,0.015,295.5,33.77,21.12
"2020-10-02 19:34:27",3454266,-0.028,-0.07,0.015,295.5,33.77,21.12
"2020-10-02 19:34:27.1",3454267,-0.028,-0.071,0.015,295.5,33.77,21.12
"2020-10-02 19:34:27.2",3454268,-0.027,-0.07,0.015,295.5,33.77,21.12
"2020-10-02 19:34:27.3",3454269,-0.028,-0.07,0.015,295.5,33.77,21.12
"2020-10-02 19:34:27.4",3454270,-0.027,-0.07,0.015,295.5,33.81,21.18
"2020-10-02 19:34:27.5",3454271,-0.028,-0.07,0.015,295.5,33.77,21.12
"2020-10-02 19:34:27.6",3454272,-0.028,-0.07,0.015,295.5,33.77,21.12
"2020-10-02 19:34:27.7",3454273,-0.027,-0.071,0.015,295.5,33.77,21.12
"2020-10-02 19:34:27.8",3454274,-0.028,-0.07,0.015,295.5,33.77,21.12
"2020-10-02 19:34:27.9",3454275,-0.027,-0.071,0.015,295.5,33.77,21.12
"2020-10-02 19:34:28",3454276,-0.028,-0.07,0.015,295.5,33.77,21.12
"2020-10-02 19:34:28.1",3454277,-0.028,-0.07,0.015,295.5,33.77,21.12
"2020-10-02 19:34:28.2",3454278,-0.027,-0.07,0.015,295.5,33.77,21.12
"2020-10-02 19:34:28.3",3454279,-0.027,-0.071,0.015,295.5,33.77,21.12
"2020-10-02 19:34:28.4",3454280,-0.018,-0.07,-0.006,295.5,33.77,21.12
"2020-10-02 19:34:28.5",3454281,-0.018,-0.07,-0.006,295.5,33.77,21.12
"2020-10-02 19:34:28.6",3454282,-0.018,-0.071,-0.006,295.5,33.77,21.12
"2020-10-02 19:34:28.7",3454283,-0.018,-0.07,-0.006,295.5,33.77,21.12
"2020-10-02 19:34:28.8",3454284,-0.018,-0.07,-0.006,295.5,33.77,21.12
"2020-10-02 19:34:28.9",3454285,-0.018,-0.07,-0.006,295.5,33.77,21.12
"2020-10-02 19:34:29",3454286,-0.018,-0.07,-0.006,295.5,33.77,21.12
"2020-10-02 19:34:29.1",3454287,-0.018,-0.07,-0.006,295.5,33.77,21.12
"2020-10-02 19:34:29.2",3454288,-0.018,-0.07,-0.006,295.5,33.77,21.12
"2020-10-02 19:34:29.3",3454289,-0.018,-0.07,-0.006,295.5,33.77,21.12
"2020-10-02 19:34:29.4",3454290,-0.018,-0.071,-0.006,295.5,33.77,21.12
"2020-10-02 19:34:29.5",3454291,-0.018,-0.07,-0.006,295.5,33.77,21.12
"2020-10-02 19:34:29.6",3454292,-0.018,-0.07,-0.006,295.5,33.77,21.12
"2020-10-02 19:34:29.7",3454293,-0.018,-0.07,-0.006,295.5,33.77,21.12
"2020-10-02 19:34:29.8",3454294,-0.018,-0.07,-0.006,295.5,33.77,21.12
"2020-10-02 19:34:29.9",3454295,-0.018,-0.07,-0.006,295.5,33.81,21.18
"2020-10-02 19:34:30",3454296,-0.018,-0.07,-0.006,295.5,33.77,21.12
"2020-10-02 19:34:30.1",3454297,-0.018,-0.071,-0.006,295.5,33.77,21.12
"2020-10-02 19:34:30.2",3454298,-0.018,-0.07,-0.006,295.5,33.77,21.12
"2020-10-02 19:34:30.3",3454299,-0.018,-0.07,-0.006,295.5,33.77,21.12
"2020-10-02 19:34:30.4",3454300,-0.018,-0.07,-0.006,295.5,33.77,21.12
"2020-10-02 19:34:30.5",3454301,-0.018,-0.07,-0.006,295.5,33.77,21.12
"2020-10-02 19:34:30.6",3454302,-0.018,-0.071,-0.006,295.5,33.77,21.12
"2020-10-02 19:34:30.7",3454303,-0.018,-0.07,-0.006,295.5,33.77,21.12
"2020-10-02 19:34:30.8",3454304,-0.018,-0.07,-0.006,295.5,33.77,21.12
"2020-10-02 19:34:30.9",3454305,-0.028,-0.07,0.015,295.5,33.77,21.12
"2020-10-02 19:34:31",3454306,-0.027,-0.071,0.015,295.5,33.77,21.12
"2020-10-02 19:34:31.1",3454307,-0.018,-0.07,-0.006,295.5,33.77,21.12
"2020-10-02 19:34:31.2",3454308,-0.018,-0.07,-0.006,295.5,33.77,21.12
"2020-10-02 19:34:31.3",3454309,-0.018,-0.07,-0.006,295.5,33.77,21.12
"2020-10-02 19:34:31.4",3454310,-0.018,-0.07,-0.006,295.5,33.77,21.12
"2020-10-02 19:34:31.5",3454311,-0.018,-0.071,-0.006,295.5,33.77,21.12
"2020-10-02 19:34:31.6",3454312,-0.018,-0.071,-0.006,295.5,33.77,21.12
"2020-10-02 19:34:31.7",3454313,-0.018,-0.07,-0.006,295.5,33.77,21.12
"2020-10-02 19:34:31.8",3454314,-0.018,-0.07,-0.006,295.5,33.77,21.12
"2020-10-02 19:34:31.9",3454315,-0.008,-0.031,-0.016,295.6,33.77,21.12
"2020-10-02 19:34:32",3454316,-0.008,-0.032,-0.016,295.6,33.77,21.12
"2020-10-02 19:34:32.1",3454317,-0.047,-0.041,-0.006,295.5,33.77,21.12
"2020-10-02 19:34:32.2",3454318,-0.047,-0.041,-0.006,295.5,33.77,21.12
"2020-10-02 19:34:32.3",3454319,-0.047,-0.041,-0.006,295.5,33.77,21.12
"2020-10-02 19:34:32.4",3454320,-0.047,-0.041,-0.006,295.5,33.83,21.18
"2020-10-02 19:34:32.5",3454321,-0.047,-0.041,-0.006,295.5,33.77,21.12
"2020-10-02 19:34:32.6",3454322,-0.047,-0.041,-0.006,295.5,33.77,21.12
"2020-10-02 19:34:32.7",3454323,-0.047,-0.041,-0.006,295.5,33.77,21.12
"2020-10-02 19:34:32.8",3454324,-0.047,-0.041,-0.006,295.5,33.77,21.12
"2020-10-02 19:34:32.9",3454325,-0.008,-0.031,-0.016,295.5,33.77,21.12
"2020-10-02 19:34:33",3454326,-0.008,-0.031,-0.016,295.5,33.77,21.12
"2020-10-02 19:34:33.1",3454327,-0.008,-0.031,-0.016,295.5,33.77,21.12
"2020-10-02 19:34:33.2",3454328,-0.008,-0.031,-0.016,295.5,33.77,21.12
"2020-10-02 19:34:33.3",3454329,-0.008,-0.031,-0.016,295.5,33.77,21.12
"2020-10-02 19:34:33.4",3454330,-0.008,-0.031,-0.016,295.5,33.77,21.12
"2020-10-02 19:34:33.5",3454331,-0.008,-0.031,-0.016,295.5,33.77,21.12
"2020-10-02 19:34:33.6",3454332,-0.008,-0.031,-0.016,295.5,33.77,21.12
"2020-10-02 19:34:33.7",3454333,-0.008,-0.032,-0.016,295.5,33.77,21.15
"2020-10-02 19:34:33.8",3454334,-0.008,-0.031,-0.016,295.5,33.77,21.12
"2020-10-02 19:34:33.9",3454335,-0.008,-0.032,-0.016,295.5,33.77,21.12
"2020-10-02 19:34:34",3454336,-0.008,-0.032,-0.016,295.5,33.77,21.12
"2020-10-02 19:34:34.1",3454337,-0.008,-0.031,-0.016,295.5,33.77,21.12
"2020-10-02 19:34:34.2",3454338,-0.008,-0.031,-0.016,295.5,33.77,21.12
"2020-10-02 19:34:34.3",3454339,-0.008,-0.032,-0.016,295.5,33.77,21.12
"2020-10-02 19:34:34.4",3454340,-0.008,-0.031,-0.016,295.5,33.77,21.12
"2020-10-02 19:34:34.5",3454341,-0.008,-0.031,-0.016,295.5,33.77,21.12
"2020-10-02 19:34:34.6",3454342,-0.008,-0.031,-0.016,295.5,33.77,21.12
"2020-10-02 19:34:34.7",3454343,-0.008,-0.031,-0.016,295.5,33.77,21.12
"2020-10-02 19:34:34.8",3454344,-0.008,-0.032,-0.016,295.5,33.77,21.12
"2020-10-02 19:34:34.9",3454345,-0.008,-0.031,-0.016,295.5,33.83,21.16
"2020-10-02 19:34:35",3454346,-0.008,-0.032,-0.016,295.5,33.77,21.12
"2020-10-02 19:34:35.1",3454347,-0.008,-0.031,-0.016,295.5,33.77,21.12
"2020-10-02 19:34:35.2",3454348,-0.008,-0.031,-0.016,295.5,33.77,21.12
"2020-10-02 19:34:35.3",3454349,-0.008,-0.031,-0.016,295.5,33.77,21.12
"2020-10-02 19:34:35.4",3454350,-0.008,-0.031,-0.016,295.5,33.77,21.12
"2020-10-02 19:34:35.5",3454351,-0.008,-0.031,-0.016,295.5,33.77,21.12
"2020-10-02 19:34:35.6",3454352,-0.008,-0.032,-0.016,295.5,33.77,21.12
"2020-10-02 19:34:35.7",3454353,-0.008,-0.032,-0.016,295.5,33.77,21.12
"2020-10-02 19:34:35.8",3454354,-0.008,-0.031,-0.016,295.5,33.77,21.12
"2020-10-02 19:34:35.9",3454355,-0.008,-0.031,-0.016,295.5,33.77,21.12
"2020-10-02 19:34:36",3454356,-0.008,-0.031,-0.016,295.5,33.77,21.12
"2020-10-02 19:34:36.1",3454357,-0.008,-0.032,-0.016,295.5,33.77,21.12
"2020-10-02 19:34:36.2",3454358,-0.008,-0.031,-0.016,295.5,33.77,21.15
"2020-10-02 19:34:36.3",3454359,-0.008,-0.031,-0.016,295.5,33.77,21.12
"2020-10-02 19:34:36.4",3454360,-0.008,-0.031,-0.016,295.5,33.76,21.12
"2020-10-02 19:34:36.5",3454361,-0.008,-0.031,-0.016,295.5,33.76,21.12
"2020-10-02 19:34:36.6",3454362,-0.008,-0.002,-0.006,295.5,33.76,21.12
"2020-10-02 19:34:36.7",3454363,-0.008,-0.002,-0.006,295.5,33.75,21.12
"2020-10-02 19:34:36.8",3454364,-0.008,-0.002,-0.006,295.5,33.75,21.12
"2020-10-02 19:34:36.9",3454365,-0.008,-0.002,-0.006,295.5,33.75,21.12
"2020-10-02 19:34:37",3454366,-0.008,-0.002,-0.006,295.5,33.75,21.12
"2020-10-02 19:34:37.1",3454367,-0.008,-0.002,-0.006,295.5,33.75,21.12
"2020-10-02 19:34:37.2",3454368,-0.008,-0.002,-0.006,295.5,33.75,21.12
"2020-10-02 19:34:37.3",3454369,-0.008,-0.002,-0.006,295.5,33.75,21.12
"2020-10-02 19:34:37.4",3454370,-0.008,-0.002,-0.006,295.5,33.81,21.13
"2020-10-02 19:34:37.5",3454371,-0.008,-0.002,-0.006,295.5,33.75,21.12
"2020-10-02 19:34:37.6",3454372,-0.008,-0.002,-0.006,295.5,33.75,21.12
"2020-10-02 19:34:37.7",3454373,-0.008,-0.002,-0.006,295.5,33.75,21.12
"2020-10-02 19:34:37.8",3454374,-0.008,-0.002,-0.006,295.5,33.75,21.12
"2020-10-02 19:34:37.9",3454375,-0.008,-0.002,-0.006,295.5,33.75,21.12
"2020-10-02 19:34:38",3454376,-0.008,-0.002,-0.006,295.5,33.75,21.12
"2020-10-02 19:34:38.1",3454377,-0.008,-0.002,-0.006,295.5,33.75,21.12
"2020-10-02 19:34:38.2",3454378,-0.008,-0.002,-0.006,295.5,33.75,21.12
"2020-10-02 19:34:38.3",3454379,-0.008,-0.002,-0.006,295.5,33.75,21.12
"2020-10-02 19:34:38.4",3454380,-0.028,-0.002,0.024,295.5,33.75,21.12
"2020-10-02 19:34:38.5",3454381,-0.027,-0.002,0.025,295.5,33.75,21.12
"2020-10-02 19:34:38.6",3454382,-0.028,-0.002,0.025,295.5,33.75,21.12
"2020-10-02 19:34:38.7",3454383,-0.028,-0.002,0.025,295.5,33.78,21.15
"2020-10-02 19:34:38.8",3454384,-0.028,-0.002,0.025,295.5,33.75,21.12
"2020-10-02 19:34:38.9",3454385,-0.008,0.009,-0.016,295.6,33.75,21.12
"2020-10-02 19:34:39",3454386,-0.008,0.009,-0.016,295.6,33.75,21.12
"2020-10-02 19:34:39.1",3454387,-0.008,0.009,-0.016,295.6,33.75,21.12
"2020-10-02 19:34:39.2",3454388,-0.008,0.009,-0.016,295.6,33.75,21.12
"2020-10-02 19:34:39.3",3454389,-0.008,0.009,-0.015,295.6,33.75,21.12
"2020-10-02 19:34:39.4",3454390,-0.008,-0.002,-0.006,295.6,33.75,21.12
"2020-10-02 19:34:39.5",3454391,-0.008,-0.002,-0.006,295.6,33.75,21.12
"2020-10-02 19:34:39.6",3454392,-0.047,-0.041,-0.006,295.6,33.75,21.12
"2020-10-02 19:34:39.7",3454393,-0.047,-0.041,-0.006,295.6,33.75,21.12
"2020-10-02 19:34:39.8",3454394,-0.047,-0.041,-0.006,295.6,33.75,21.12
"2020-10-02 19:34:39.9",3454395,-0.047,-0.041,-0.006,295.6,33.78,21.12
"2020-10-02 19:34:40",3454396,-0.047,-0.041,-0.006,295.6,33.75,21.12
"2020-10-02 19:34:40.1",3454397,-0.028,-0.002,0.024,295.6,33.74,21.12
"2020-10-02 19:34:40.2",3454398,-0.028,-0.002,0.025,295.6,33.74,21.12
"2020-10-02 19:34:40.3",3454399,-0.027,-0.002,0.025,295.6,33.74,21.12
"2020-10-02 19:34:40.4",3454400,-0.047,0.009,-0.006,295.6,33.74,21.12
"2020-10-02 19:34:40.5",3454401,-0.047,0.009,-0.006,295.6,33.73,21.12
"2020-10-02 19:34:40.6",3454402,-0.008,-0.022,-0.006,295.7,33.73,21.12
"2020-10-02 19:34:40.7",3454403,-0.008,-0.021,-0.006,295.7,33.73,21.12
"2020-10-02 19:34:40.8",3454404,-0.008,-0.022,-0.006,295.7,33.73,21.12
"2020-10-02 19:34:40.9",3454405,-0.008,-0.002,-0.006,295.8,33.73,21.12
"2020-10-02 19:34:41",3454406,-0.008,-0.002,-0.006,295.8,33.73,21.12
"2020-10-02 19:34:41.1",3454407,-0.028,-0.002,0.025,295.9,33.73,21.12
"2020-10-02 19:34:41.2",3454408,-0.027,-0.002,0.025,295.9,33.76,21.18
"2020-10-02 19:34:41.3",3454409,-0.028,-0.002,0.025,295.9,33.73,21.12
"2020-10-02 19:34:41.4",3454410,-0.028,-0.002,0.025,295.8,33.73,21.12
"2020-10-02 19:34:41.5",3454411,-0.028,-0.002,0.025,295.8,33.73,21.12
"2020-10-02 19:34:41.6",3454412,-0.047,-0.041,-0.006,295.8,33.73,21.12
"2020-10-02 19:34:41.7",3454413,-0.047,-0.041,-0.006,295.8,33.73,21.12
"2020-10-02 19:34:41.8",3454414,-0.047,-0.041,-0.006,295.8,33.73,21.12
"2020-10-02 19:34:41.9",3454415,-0.028,-0.07,0.015,295.8,33.73,21.12
"2020-10-02 19:34:42",3454416,-0.028,-0.07,0.015,295.8,33.73,21.12
"2020-10-02 19:34:42.1",3454417,-0.018,-0.071,-0.006,295.8,33.73,21.12
"2020-10-02 19:34:42.2",3454418,-0.018,-0.071,-0.006,295.8,33.73,21.12
"2020-10-02 19:34:42.3",3454419,-0.018,-0.07,-0.006,295.8,33.73,21.12
"2020-10-02 19:34:42.4",3454420,-0.018,-0.041,0.044,295.8,33.73,21.12
"2020-10-02 19:34:42.5",3454421,-0.018,-0.041,0.044,295.8,33.73,21.12
"2020-10-02 19:34:42.6",3454422,-0.018,-0.041,0.044,295.8,33.73,21.12
"2020-10-02 19:34:42.7",3454423,-0.018,-0.041,0.044,295.8,33.73,21.12
"2020-10-02 19:34:42.8",3454424,-0.018,-0.041,0.044,295.8,33.73,21.12
"2020-10-02 19:34:42.9",3454425,-0.018,-0.041,0.044,295.8,33.73,21.12
"2020-10-02 19:34:43",3454426,-0.018,-0.041,0.044,295.8,33.73,21.12
"2020-10-02 19:34:43.1",3454427,-0.018,-0.041,0.044,295.8,33.73,21.12
"2020-10-02 19:34:43.2",3454428,-0.018,-0.041,0.044,295.8,33.73,21.12
"2020-10-02 19:34:43.3",3454429,-0.018,-0.041,0.044,295.8,33.73,21.12
"2020-10-02 19:34:43.4",3454430,-0.028,-0.002,0.025,295.7,33.73,21.12
"2020-10-02 19:34:43.5",3454431,-0.028,-0.002,0.025,295.7,33.73,21.12
