"TOA5","10329","CR6","10329","CR6.Std.09.01 CR6-WIFI.04.00.01","CPU:YOUNG81000_HMP60_10Hz.CR6","51185","Young10Hz_hmp"
"TIMESTAMP","RECORD","U","V","W","TSonic","RH","T_HMP60"
"TS","RN","mV","mV","mV","mV","%","Deg C"
"","","Smp","Smp","Smp","Smp","Smp","Smp"
"2020-10-06 05:41:51",6193887,-10,-10,-10,220,-0.001,-40.01
"2020-10-06 05:41:51.1",6193888,-10,-10,-10,220,-0.001,-40.01
"2020-10-06 05:41:51.2",6193889,-10,-10,-10,220,-0.001,-40.01
"2020-10-06 05:41:51.3",6193890,-10,-10,-10,220,-0.001,-40.01
"2020-10-06 05:41:51.4",6193891,-10,-10,-10,220,-0.001,-40.01
"2020-10-06 05:41:51.5",6193892,-10,-10,-10,220,-0.001,-40.01
"2020-10-06 05:41:51.6",6193893,-10,-10,-10,220,-0.001,-40.01
"2020-10-06 05:41:51.7",6193894,-10,-10,-10,220,-0.001,-40.01
"2020-10-06 05:41:51.8",6193895,-10,-10,-10,220,-0.001,-40.01
"2020-10-06 05:41:51.9",6193896,-10,-10,-10,220,-0.001,-40.01
"2020-10-06 05:41:52",6193897,-10,-10,-10,220,-0.001,-40.01
"2020-10-06 05:41:52.1",6193898,-10,-10,-10,220,-0.001,-40.01
"2020-10-06 05:41:52.2",6193899,-10,-10,-10,220,-0.001,-40.01
"2020-10-06 05:41:52.3",6193900,-10,-10,-10,220,-0.001,-40.01
"2020-10-06 05:41:52.4",6193901,-10,-10,-10,220,-0.001,-40.01
"2020-10-06 05:41:52.5",6193902,-10,-10,-10,220,-0.001,-40.01
"2020-10-06 05:41:52.6",6193903,-10,-10,-10,220,-0.001,-40.01
"2020-10-06 05:41:52.7",6193904,-10,-10,-10,220,-0.001,-40.01
"2020-10-06 05:41:52.8",6193905,-10,-10,-10,220,-0.001,-40.01
"2020-10-06 05:41:52.9",6193906,-10,-10,-10,220,-0.001,-40.01
"2020-10-06 05:41:53",6193907,-10,-10,-10,220,-0.001,-40.01
"2020-10-06 05:41:53.1",6193908,-10,-10,-10,220,-0.001,-40.01
"2020-10-06 05:41:53.2",6193909,-10,-10,-10,220,-0.001,-40.01
"2020-10-06 05:41:53.3",6193910,-10,-10,-10,220,-0.001,-40.01
"2020-10-06 05:41:53.4",6193911,-10,-10,-10,220,-0.001,-40.01
"2020-10-06 05:41:53.5",6193912,-10,-10,-10,220,-0.001,-40.01
"2020-10-06 05:41:53.6",6193913,-10,-10,-10,220,-0.001,-40.01
"2020-10-06 05:41:53.7",6193914,-10,-10,-10,220,-0.001,-40.01
"2020-10-06 05:41:53.8",6193915,-10,-10,-10,220,-0.001,-40.01
"2020-10-06 05:41:53.9",6193916,-10,-10,-10,220,-0.001,-40.01
"2020-10-06 05:41:54",6193917,-10,-10,-10,220,-0.001,-40.01
"2020-10-06 05:41:54.1",6193918,-10,-10,-10,220,-0.001,-40.01
"2020-10-06 05:41:54.2",6193919,-10,-10,-10,220,-0.001,-40.01
"2020-10-06 05:41:54.3",6193920,-10,-10,-10,220,-0.001,-40.01
"2020-10-06 05:41:54.4",6193921,-10,-10,-10,220,-0.001,-40.01
"2020-10-06 05:41:54.5",6193922,-10,-10,-10,220,-0.001,-40.01
"2020-10-06 05:41:54.6",6193923,-10,-10,-10,220,-0.001,-40.01
"2020-10-06 05:41:54.7",6193924,-10,-10,-10,220,-0.001,-40.01
"2020-10-06 05:41:54.8",6193925,-10,-10,-10,220,-0.001,-40.01
"2020-10-06 05:41:54.9",6193926,-10,-10,-10,220,-0.001,-40.01
"2020-10-06 05:41:55",6193927,-10,-10,-10,220,-0.001,-40.01
"2020-10-06 05:41:55.1",6193928,-10,-10,-10,220,-0.001,-40.01
"2020-10-06 05:41:55.2",6193929,-10,-10,-10,220,-0.001,-40.01
"2020-10-06 05:41:55.3",6193930,-10,-10,-10,220,-0.001,-40.01
"2020-10-06 05:41:55.4",6193931,-10,-10,-10,220,-0.001,-40.01
"2020-10-06 05:41:55.5",6193932,-10,-10,-10,220,-0.001,-40.01
"2020-10-06 05:41:55.6",6193933,-10,-10,-10,220,-0.001,-40.01
"2020-10-06 05:41:55.7",6193934,-10,-10,-10,220,-0.001,-40.01
"2020-10-06 05:41:55.8",6193935,-10,-10,-10,220,-0.001,-40.01
"2020-10-06 05:41:55.9",6193936,-10,-10,-10,220,-0.001,-40.01
"2020-10-06 05:41:56",6193937,-10,-10,-10,220,-0.001,-40.01
"2020-10-06 05:41:56.1",6193938,-10,-10,-10,220,-0.001,-40.01
"2020-10-06 05:41:56.2",6193939,-10,-10,-10,220,-0.001,-40.01
"2020-10-06 05:41:56.3",6193940,-10,-10,-10,220,-0.001,-40.01
"2020-10-06 05:41:56.4",6193941,-10,-10,-10,220,-0.001,-40.01
"2020-10-06 05:41:56.5",6193942,-10,-10,-10,220,-0.001,-40.01
"2020-10-06 05:41:56.6",6193943,-10,-10,-10,220,-0.001,-40.01
"2020-10-06 05:41:56.7",6193944,-10,-10,-10,220,-0.001,-40.01
"2020-10-06 05:41:56.8",6193945,-10,-10,-10,220,-0.001,-40.01
"2020-10-06 05:41:56.9",6193946,-10,-10,-10,220,-0.001,-40.01
"2020-10-06 05:41:57",6193947,-10,-10,-10,220,-0.001,-40.01
"2020-10-06 05:41:57.1",6193948,-10,-10,-10,220,-0.001,-40.01
"2020-10-06 05:41:57.2",6193949,-10,-10,-10,220,-0.001,-40.01
"2020-10-06 05:41:57.3",6193950,-10,-10,-10,220,-0.001,-40.01
"2020-10-06 05:41:57.4",6193951,-10,-10,-10,220,-0.001,-40.01
"2020-10-06 05:41:57.5",6193952,-10,-10,-10,220,-0.001,-40.01
"2020-10-06 05:41:57.6",6193953,-10,-10,-10,220,-0.001,-40.01
"2020-10-06 05:41:57.7",6193954,-10,-10,-10,220,-0.001,-40.01
"2020-10-06 05:41:57.8",6193955,-10,-10,-10,220,-0.001,-40.01
"2020-10-06 05:41:57.9",6193956,-10,-10,-10,220,-0.001,-40.01
"2020-10-06 05:41:58",6193957,-10,-10,-10,220,-0.001,-40.01
"2020-10-06 05:41:58.1",6193958,-10,-10,-10,220,-0.001,-40.01
"2020-10-06 05:41:58.2",6193959,-10,-10,-10,220,-0.001,-40.01
"2020-10-06 05:41:58.3",6193960,-10,-10,-10,220,-0.001,-40.01
"2020-10-06 05:41:58.4",6193961,-10,-10,-10,220,-0.001,-40.01
"2020-10-06 05:41:58.5",6193962,-10,-10,-10,220,-0.001,-40.01
"2020-10-06 05:41:58.6",6193963,-10,-10,-10,220,-0.001,-40.01
"2020-10-06 05:41:58.7",6193964,-10,-10,-10,220,-0.001,-40.01
"2020-10-06 05:41:58.8",6193965,-10,-10,-10,220,-0.001,-40.01
"2020-10-06 05:41:58.9",6193966,-10,-10,-10,220,-0.001,-40.01
"2020-10-06 05:41:59",6193967,-10,-10,-10,220,-0.001,-40.01
"2020-10-06 05:41:59.1",6193968,-10,-10,-10,220,-0.001,-40.01
"2020-10-06 05:41:59.2",6193969,-10,-10,-10,220,-0.001,-40.01
"2020-10-06 05:41:59.3",6193970,-10,-10,-10,220,-0.001,-40.01
"2020-10-06 05:41:59.4",6193971,-10,-10,-10,220,-0.001,-40.01
"2020-10-06 05:41:59.5",6193972,-10,-10,-10,220,-0.001,-40.01
"2020-10-06 05:41:59.6",6193973,-10,-10,-10,220,-0.001,-40.01
"2020-10-06 05:41:59.7",6193974,-10,-10,-10,220,-0.001,-40.01
"2020-10-06 05:41:59.8",6193975,-10,-10,-10,220,-0.001,-40.01
"2020-10-06 05:41:59.9",6193976,-10,-10,-10,220,-0.001,-40.01
"2020-10-06 05:42:00",6193977,-10,-10,-10,220,-0.001,-40.01
"2020-10-06 05:42:00.1",6193978,-10,-10,-10,220,-0.008,-40.02
"2020-10-06 05:42:00.2",6193979,-10,-10,-10,220,-0.008,-40.02
"2020-10-06 05:42:00.3",6193980,-10,-10,-10,220,-0.001,-40.01
"2020-10-06 05:42:00.4",6193981,-10,-10,-10,220,-0.001,-40.01
"2020-10-06 05:42:00.5",6193982,-10,-10,-10,220,-0.001,-40.01
"2020-10-06 05:42:00.6",6193983,-10,-10,-10,220,-0.001,-40.01
"2020-10-06 05:42:00.7",6193984,-10,-10,-10,220,-0.001,-40.01
"2020-10-06 05:42:00.8",6193985,-10,-10,-10,220,-0.001,-40.01
"2020-10-06 05:42:00.9",6193986,-10,-10,-10,220,-0.001,-40.01
"2020-10-06 05:42:01",6193987,-10,-10,-10,220,-0.001,-40.01
"2020-10-06 05:42:01.1",6193988,-10,-10,-10,220,-0.001,-40.01
"2020-10-06 05:42:01.2",6193989,-10,-10,-10,220,-0.001,-40.01
"2020-10-06 05:42:01.3",6193990,-10,-10,-10,220,-0.001,-40.01
"2020-10-06 05:42:01.4",6193991,-10,-10,-10,220,-0.001,-40.01
"2020-10-06 05:42:01.5",6193992,-10,-10,-10,220,-0.001,-40.01
"2020-10-06 05:42:01.6",6193993,-10,-10,-10,220,-0.001,-40.01
"2020-10-06 05:42:01.7",6193994,-10,-10,-10,220,-0.001,-40.01
"2020-10-06 05:42:01.8",6193995,-10,-10,-10,220,-0.001,-40.01
"2020-10-06 05:42:01.9",6193996,-10,-10,-10,220,-0.001,-40.01
"2020-10-06 05:42:02",6193997,-10,-10,-10,220,-0.001,-40.01
"2020-10-06 05:42:02.1",6193998,-10,-10,-10,220,-0.001,-40.01
"2020-10-06 05:42:02.2",6193999,-10,-10,-10,220,-0.001,-40.01
"2020-10-06 05:42:02.3",6194000,-10,-10,-10,220,-0.001,-40.01
"2020-10-06 05:42:02.4",6194001,-10,-10,-10,220,-0.001,-40.01
"2020-10-06 05:42:02.5",6194002,-10,-10,-10,220,-0.001,-40.01
"2020-10-06 05:42:02.6",6194003,-10,-10,-10,220,-0.001,-40.01
"2020-10-06 05:42:02.7",6194004,-10,-10,-10,220,-0.001,-40.01
"2020-10-06 05:42:02.8",6194005,-10,-10,-10,220,-0.001,-40.01
"2020-10-06 05:42:02.9",6194006,-10,-10,-10,220,-0.001,-40.01
"2020-10-06 05:42:03",6194007,-10,-10,-10,220,-0.001,-40.01
"2020-10-06 05:42:03.1",6194008,-10,-10,-10,220,-0.001,-40.01
"2020-10-06 05:42:03.2",6194009,-10,-10,-10,220,-0.001,-40.01
"2020-10-06 05:42:03.3",6194010,-10,-10,-10,220,-0.001,-40.01
"2020-10-06 05:42:03.4",6194011,-10,-10,-10,220,-0.001,-40.01
"2020-10-06 05:42:03.5",6194012,-10,-10,-10,220,-0.001,-40.01
"2020-10-06 05:42:03.6",6194013,-10,-10,-10,220,-0.001,-40.01
"2020-10-06 05:42:03.7",6194014,-10,-10,-10,220,-0.001,-40.01
"2020-10-06 05:42:03.8",6194015,-10,-10,-10,220,-0.001,-40.01
"2020-10-06 05:42:03.9",6194016,-10,-10,-10,220,-0.001,-40.01
"2020-10-06 05:42:04",6194017,-10,-10,-10,220,-0.001,-40.01
"2020-10-06 05:42:04.1",6194018,-10,-10,-10,220,-0.001,-40.01
"2020-10-06 05:42:04.2",6194019,-10,-10,-10,220,-0.001,-40.01
"2020-10-06 05:42:04.3",6194020,-10,-10,-10,220,-0.001,-40.01
"2020-10-06 05:42:04.4",6194021,-10,-10,-10,220,-0.001,-40.01
"2020-10-06 05:42:04.5",6194022,-10,-10,-10,220,-0.001,-40.01
"2020-10-06 05:42:04.6",6194023,-10,-10,-10,220,-0.001,-40.01
"2020-10-06 05:42:04.7",6194024,-10,-10,-10,220,-0.001,-40.01
"2020-10-06 05:42:04.8",6194025,-10,-10,-10,220,-0.001,-40.01
"2020-10-06 05:42:04.9",6194026,-10,-10,-10,220,-0.001,-40.01
"2020-10-06 05:42:05",6194027,-10,-10,-10,220,-0.001,-40.01
"2020-10-06 05:42:05.1",6194028,-10,-10,-10,220,-0.001,-40.01
"2020-10-06 05:42:05.2",6194029,-10,-10,-10,220,-0.001,-40.01
"2020-10-06 05:42:05.3",6194030,-10,-10,-10,220,-0.001,-40.01
"2020-10-06 05:42:05.4",6194031,-10,-10,-10,220,-0.001,-40.01
"2020-10-06 05:42:05.5",6194032,-10,-10,-10,220,-0.001,-40.01
"2020-10-06 05:42:05.6",6194033,-10,-10,-10,220,-0.001,-40.01
"2020-10-06 05:42:05.7",6194034,-10,-10,-10,220,-0.001,-40.01
"2020-10-06 05:42:05.8",6194035,-10,-10,-10,220,-0.001,-40.01
"2020-10-06 05:42:05.9",6194036,-10,-10,-10,220,-0.001,-40.01
"2020-10-06 05:42:06",6194037,-10,-10,-10,220,-0.001,-40.01
"2020-10-06 05:42:06.1",6194038,-10,-10,-10,220,-0.001,-40.01
"2020-10-06 05:42:06.2",6194039,-10,-10,-10,220,-0.001,-40.01
"2020-10-06 05:42:06.3",6194040,-10,-10,-10,220,-0.001,-40.01
"2020-10-06 05:42:06.4",6194041,-10,-10,-10,220,-0.001,-40.01
"2020-10-06 05:42:06.5",6194042,-10,-10,-10,220,-0.001,-40.01
"2020-10-06 05:42:06.6",6194043,-10,-10,-10,220,-0.001,-40.01
"2020-10-06 05:42:06.7",6194044,-10,-10,-10,220,-0.001,-40.01
"2020-10-06 05:42:06.8",6194045,-10,-10,-10,220,-0.001,-40.01
"2020-10-06 05:42:06.9",6194046,-10,-10,-10,220,-0.001,-40.01
"2020-10-06 05:42:07",6194047,-10,-10,-10,220,-0.001,-40.01
"2020-10-06 05:42:07.1",6194048,-10,-10,-10,220,-0.001,-40.01
"2020-10-06 05:42:07.2",6194049,-10,-10,-10,220,-0.001,-40.01
"2020-10-06 05:42:07.3",6194050,-10,-10,-10,220,-0.001,-40.01
"2020-10-06 05:42:07.4",6194051,-10,-10,-10,220,-0.001,-40.01
"2020-10-06 05:42:07.5",6194052,-10,-10,-10,220,-0.001,-40.01
"2020-10-06 05:42:07.6",6194053,-10,-10,-10,220,-0.001,-40.01
"2020-10-06 05:42:07.7",6194054,-10,-10,-10,220,-0.001,-40.01
"2020-10-06 05:42:07.8",6194055,-10,-10,-10,220,-0.001,-40.01
"2020-10-06 05:42:07.9",6194056,-10,-10,-10,220,-0.001,-40.01
"2020-10-06 05:42:08",6194057,-10,-10,-10,220,-0.001,-40.01
"2020-10-06 05:42:08.1",6194058,-10,-10,-10,220,-0.001,-40.01
"2020-10-06 05:42:08.2",6194059,-10,-10,-10,220,-0.001,-40.01
"2020-10-06 05:42:08.3",6194060,-10,-10,-10,220,-0.001,-40.01
"2020-10-06 05:42:08.4",6194061,-10,-10,-10,220,-0.001,-40.01
"2020-10-06 05:42:08.5",6194062,-10,-10,-10,220,-0.001,-40.01
"2020-10-06 05:42:08.6",6194063,-10,-10,-10,220,-0.001,-40.01
"2020-10-06 05:42:08.7",6194064,-10,-10,-10,220,-0.001,-40.01
"2020-10-06 05:42:08.8",6194065,-10,-10,-10,220,-0.001,-40.01
"2020-10-06 05:42:08.9",6194066,-10,-10,-10,220,-0.001,-40.01
"2020-10-06 05:42:09",6194067,-10,-10,-10,220,-0.001,-40.01
"2020-10-06 05:42:09.1",6194068,-10,-10,-10,220,-0.001,-40.01
"2020-10-06 05:42:09.2",6194069,-10,-10,-10,220,-0.001,-40.01
"2020-10-06 05:42:09.3",6194070,-10,-10,-10,220,-0.001,-40.01
"2020-10-06 05:42:09.4",6194071,-10,-10,-10,220,-0.001,-40.01
"2020-10-06 05:42:09.5",6194072,-10,-10,-10,220,-0.001,-40.01
"2020-10-06 05:42:09.6",6194073,-10,-10,-10,220,-0.001,-40.01
"2020-10-06 05:42:09.7",6194074,-10,-10,-10,220,-0.001,-40.01
"2020-10-06 05:42:09.8",6194075,-10,-10,-10,220,-0.001,-40.01
"2020-10-06 05:42:09.9",6194076,-10,-10,-10,220,-0.001,-40.01
"2020-10-06 05:42:10",6194077,-10,-10,-10,220,-0.001,-40.01
"2020-10-06 05:42:10.1",6194078,-10,-10,-10,220,-0.001,-40.01
"2020-10-06 05:42:10.2",6194079,-10,-10,-10,220,-0.001,-40.01
"2020-10-06 05:42:10.3",6194080,-10,-10,-10,220,-0.001,-40.01
"2020-10-06 05:42:10.4",6194081,-10,-10,-10,220,-0.001,-40.01
"2020-10-06 05:42:10.5",6194082,-10,-10,-10,220,-0.001,-40.01
"2020-10-06 05:42:10.6",6194083,-10,-10,-10,220,-0.001,-40.01
"2020-10-06 05:42:10.7",6194084,-10,-10,-10,220,-0.001,-40.01
"2020-10-06 05:42:10.8",6194085,-10,-10,-10,220,-0.001,-40.01
"2020-10-06 05:42:10.9",6194086,-10,-10,-10,220,-0.001,-40.01
"2020-10-06 05:42:11",6194087,-10,-10,-10,220,-0.001,-40.01
"2020-10-06 05:42:11.1",6194088,-10,-10,-10,220,-0.001,-40.01
"2020-10-06 05:42:11.2",6194089,-10,-10,-10,220,-0.001,-40.01
"2020-10-06 05:42:11.3",6194090,-10,-10,-10,220,-0.001,-40.01
"2020-10-06 05:42:11.4",6194091,-10,-10,-10,220,-0.001,-40.01
"2020-10-06 05:42:11.5",6194092,-10,-10,-10,220,-0.001,-40.01
"2020-10-06 05:42:11.6",6194093,-10,-10,-10,220,-0.001,-40.01
"2020-10-06 05:42:11.7",6194094,-10,-10,-10,220,-0.001,-40.01
"2020-10-06 05:42:11.8",6194095,-10,-10,-10,220,-0.001,-40.01
"2020-10-06 05:42:11.9",6194096,-10,-10,-10,220,-0.001,-40.01
"2020-10-06 05:42:12",6194097,-10,-10,-10,220,-0.001,-40.01
"2020-10-06 05:42:12.1",6194098,-10,-10,-10,220,-0.001,-40.01
"2020-10-06 05:42:12.2",6194099,-10,-10,-10,220,-0.001,-40.01
"2020-10-06 05:42:12.3",6194100,-10,-10,-10,220,-0.001,-40.01
"2020-10-06 05:42:12.4",6194101,-10,-10,-10,220,-0.001,-40.01
"2020-10-06 05:42:12.5",6194102,-10,-10,-10,220,-0.001,-40.01
"2020-10-06 05:42:12.6",6194103,-10,-10,-10,220,-0.001,-40.01
"2020-10-06 05:42:12.7",6194104,-10,-10,-10,220,-0.001,-40.01
"2020-10-06 05:42:12.8",6194105,-10,-10,-10,220,-0.001,-40.01
"2020-10-06 05:42:12.9",6194106,-10,-10,-10,220,-0.001,-40.01
"2020-10-06 05:42:13",6194107,-10,-10,-10,220,-0.001,-40.01
"2020-10-06 05:42:13.1",6194108,-10,-10,-10,220,-0.001,-40.01
"2020-10-06 05:42:13.2",6194109,-10,-10,-10,220,-0.001,-40.01
"2020-10-06 05:42:13.3",6194110,-10,-10,-10,220,-0.001,-40.01
"2020-10-06 05:42:13.4",6194111,-10,-10,-10,220,-0.001,-40.01
"2020-10-06 05:42:13.5",6194112,-10,-10,-10,220,-0.001,-40.01
"2020-10-06 05:42:13.6",6194113,-10,-10,-10,220,-0.001,-40.01
"2020-10-06 05:42:13.7",6194114,-10,-10,-10,220,-0.001,-40.01
"2020-10-06 05:42:13.8",6194115,-10,-10,-10,220,-0.001,-40.01
"2020-10-06 05:42:13.9",6194116,-10,-10,-10,220,-0.001,-40.01
"2020-10-06 05:42:14",6194117,-10,-10,-10,220,-0.001,-40.01
"2020-10-06 05:42:14.1",6194118,-10,-10,-10,220,-0.001,-40.01
"2020-10-06 05:42:14.2",6194119,-10,-10,-10,220,-0.001,-40.01
"2020-10-06 05:42:14.3",6194120,-10,-10,-10,220,-0.001,-40.01
"2020-10-06 05:42:14.4",6194121,-10,-10,-10,220,-0.001,-40.01
"2020-10-06 05:42:14.5",6194122,-10,-10,-10,220,-0.001,-40.01
"2020-10-06 05:42:14.6",6194123,-10,-10,-10,220,-0.001,-40.01
"2020-10-06 05:42:14.7",6194124,-10,-10,-10,220,-0.001,-40.01
"2020-10-06 05:42:14.8",6194125,-10,-10,-10,220,-0.001,-40.01
"2020-10-06 05:42:14.9",6194126,-10,-10,-10,220,-0.001,-40.01
"2020-10-06 05:42:15",6194127,-10,-10,-10,220,-0.001,-40.01
"2020-10-06 05:42:15.1",6194128,-10,-10,-10,220,-0.001,-40.01
"2020-10-06 05:42:15.2",6194129,-10,-10,-10,220,-0.001,-40.01
"2020-10-06 05:42:15.3",6194130,-10,-10,-10,220,-0.001,-40.01
"2020-10-06 05:42:15.4",6194131,-10,-10,-10,220,-0.001,-40.01
"2020-10-06 05:42:15.5",6194132,-10,-10,-10,220,-0.001,-40.01
"2020-10-06 05:42:15.6",6194133,-10,-10,-10,220,-0.001,-40.01
"2020-10-06 05:42:15.7",6194134,-10,-10,-10,220,-0.001,-40.01
"2020-10-06 05:42:15.8",6194135,-10,-10,-10,220,-0.001,-40.01
"2020-10-06 05:42:15.9",6194136,-10,-10,-10,220,-0.001,-40.01
"2020-10-06 05:42:16",6194137,-10,-10,-10,220,-0.001,-40.01
"2020-10-06 05:42:16.1",6194138,-10,-10,-10,220,-0.001,-40.01
"2020-10-06 05:42:16.2",6194139,-10,-10,-10,220,-0.001,-40.01
"2020-10-06 05:42:16.3",6194140,-10,-10,-10,220,-0.001,-40.01
"2020-10-06 05:42:16.4",6194141,-10,-10,-10,220,-0.001,-40.01
"2020-10-06 05:42:16.5",6194142,-10,-10,-10,220,-0.001,-40.01
"2020-10-06 05:42:16.6",6194143,-10,-10,-10,220,-0.001,-40.01
"2020-10-06 05:42:16.7",6194144,-10,-10,-10,220,-0.001,-40.01
"2020-10-06 05:42:16.8",6194145,-10,-10,-10,220,-0.001,-40.01
"2020-10-06 05:42:16.9",6194146,-10,-10,-10,220,-0.001,-40.01
"2020-10-06 05:42:17",6194147,-10,-10,-10,220,-0.001,-40.01
"2020-10-06 05:42:17.1",6194148,-10,-10,-10,220,-0.001,-40.01
"2020-10-06 05:42:17.2",6194149,-10,-10,-10,220,-0.001,-40.01
"2020-10-06 05:42:17.3",6194150,-10,-10,-10,220,-0.001,-40.01
"2020-10-06 05:42:17.4",6194151,-10,-10,-10,220,-0.001,-40.01
"2020-10-06 05:42:17.5",6194152,-10,-10,-10,220,-0.001,-40.01
"2020-10-06 05:42:17.6",6194153,-10,-10,-10,220,-0.001,-40.01
"2020-10-06 05:42:17.7",6194154,-10,-10,-10,220,-0.001,-40.01
"2020-10-06 05:42:17.8",6194155,-10,-10,-10,220,-0.001,-40.01
"2020-10-06 05:42:17.9",6194156,-10,-10,-10,220,-0.001,-40.01
"2020-10-06 05:42:18",6194157,-10,-10,-10,220,-0.001,-40.01
"2020-10-06 05:42:18.1",6194158,-10,-10,-10,220,-0.001,-40.01
"2020-10-06 05:42:18.2",6194159,-10,-10,-10,220,-0.001,-40.01
"2020-10-06 05:42:18.3",6194160,-10,-10,-10,220,-0.001,-40.01
"2020-10-06 05:42:18.4",6194161,-10,-10,-10,220,-0.001,-40.01
"2020-10-06 05:42:18.5",6194162,-10,-10,-10,220,-0.001,-40.01
"2020-10-06 05:42:18.6",6194163,-10,-10,-10,220,-0.001,-40.01
"2020-10-06 05:42:18.7",6194164,-10,-10,-10,220,-0.001,-40.01
"2020-10-06 05:42:18.8",6194165,-10,-10,-10,220,-0.001,-40.01
"2020-10-06 05:42:18.9",6194166,-10,-10,-10,220,-0.001,-40.01
"2020-10-06 05:42:19",6194167,-10,-10,-10,220,-0.001,-40.01
"2020-10-06 05:42:19.1",6194168,-10,-10,-10,220,-0.001,-40.01
"2020-10-06 05:42:19.2",6194169,-10,-10,-10,220,-0.001,-40.01
"2020-10-06 05:42:19.3",6194170,-10,-10,-10,220,-0.001,-40.01
"2020-10-06 05:42:19.4",6194171,-10,-10,-10,220,-0.001,-40.01
"2020-10-06 05:42:19.5",6194172,-10,-10,-10,220,-0.001,-40.01
"2020-10-06 05:42:19.6",6194173,-10,-10,-10,220,-0.001,-40.01
"2020-10-06 05:42:19.7",6194174,-10,-10,-10,220,-0.001,-40.01
"2020-10-06 05:42:19.8",6194175,-10,-10,-10,220,-0.001,-40.01
"2020-10-06 05:42:19.9",6194176,-10,-10,-10,220,-0.001,-40.01
"2020-10-06 05:42:20",6194177,-10,-10,-10,220,-0.001,-40.01
"2020-10-06 05:42:20.1",6194178,-10,-10,-10,220,-0.001,-40.01
"2020-10-06 05:42:20.2",6194179,-10,-10,-10,220,-0.001,-40.01
"2020-10-06 05:42:20.3",6194180,-10,-10,-10,220,-0.001,-40.01
"2020-10-06 05:42:20.4",6194181,-10,-10,-10,220,-0.001,-40.01
"2020-10-06 05:42:20.5",6194182,-10,-10,-10,220,-0.001,-40.01
"2020-10-06 05:42:20.6",6194183,-10,-10,-10,220,-0.001,-40.01
"2020-10-06 05:42:20.7",6194184,-10,-10,-10,220,-0.001,-40.01
"2020-10-06 05:42:20.8",6194185,-10,-10,-10,220,-0.001,-40.01
"2020-10-06 05:42:20.9",6194186,-10,-10,-10,220,-0.001,-40.01
"2020-10-06 05:42:21",6194187,-10,-10,-10,220,-0.001,-40.01
"2020-10-06 05:42:21.1",6194188,-10,-10,-10,220,-0.001,-40.01
"2020-10-06 05:42:21.2",6194189,-10,-10,-10,220,-0.001,-40.01
"2020-10-06 05:42:21.3",6194190,-10,-10,-10,220,-0.001,-40.01
"2020-10-06 05:42:21.4",6194191,-10,-10,-10,220,-0.001,-40.01
"2020-10-06 05:42:21.5",6194192,-10,-10,-10,220,-0.001,-40.01
"2020-10-06 05:42:21.6",6194193,-10,-10,-10,220,-0.001,-40.01
"2020-10-06 05:42:21.7",6194194,-10,-10,-10,220,-0.001,-40.01
"2020-10-06 05:42:21.8",6194195,-10,-10,-10,220,-0.001,-40.01
"2020-10-06 05:42:21.9",6194196,-10,-10,-10,220,-0.001,-40.01
"2020-10-06 05:42:22",6194197,-10,-10,-10,220,-0.001,-40.01
"2020-10-06 05:42:22.1",6194198,-10,-10,-10,220,-0.001,-40.01
"2020-10-06 05:42:22.2",6194199,-10,-10,-10,220,-0.001,-40.01
"2020-10-06 05:42:22.3",6194200,-10,-10,-10,220,-0.001,-40.01
"2020-10-06 05:42:22.4",6194201,-10,-10,-10,220,-0.001,-40.01
"2020-10-06 05:42:22.5",6194202,-10,-10,-10,220,-0.001,-40.01
"2020-10-06 05:42:22.6",6194203,-10,-10,-10,220,-0.001,-40.01
"2020-10-06 05:42:22.7",6194204,-10,-10,-10,220,-0.001,-40.01
"2020-10-06 05:42:22.8",6194205,-10,-10,-10,220,-0.001,-40.01
"2020-10-06 05:42:22.9",6194206,-10,-10,-10,220,-0.001,-40.01
"2020-10-06 05:42:23",6194207,-10,-10,-10,220,-0.001,-40.01
"2020-10-06 05:42:23.1",6194208,-10,-10,-10,220,-0.001,-40.01
"2020-10-06 05:42:23.2",6194209,-10,-10,-10,220,-0.001,-40.01
"2020-10-06 05:42:23.3",6194210,-10,-10,-10,220,-0.001,-40.01
"2020-10-06 05:42:23.4",6194211,-10,-10,-10,220,-0.001,-40.01
"2020-10-06 05:42:23.5",6194212,-10,-10,-10,220,-0.001,-40.01
"2020-10-06 05:42:23.6",6194213,-10,-10,-10,220,-0.001,-40.01
"2020-10-06 05:42:23.7",6194214,-10,-10,-10,220,-0.001,-40.01
"2020-10-06 05:42:23.8",6194215,-10,-10,-10,220,-0.001,-40.01
"2020-10-06 05:42:23.9",6194216,-10,-10,-10,220,-0.001,-40.01
"2020-10-06 05:42:24",6194217,-10,-10,-10,220,-0.001,-40.01
"2020-10-06 05:42:24.1",6194218,-10,-10,-10,220,-0.001,-40.01
"2020-10-06 05:42:24.2",6194219,-10,-10,-10,220,-0.001,-40.01
"2020-10-06 05:42:24.3",6194220,-10,-10,-10,220,-0.001,-40.01
"2020-10-06 05:42:24.4",6194221,-10,-10,-10,220,-0.001,-40.01
"2020-10-06 05:42:24.5",6194222,-10,-10,-10,220,-0.001,-40.01
"2020-10-06 05:42:24.6",6194223,-10,-10,-10,220,-0.001,-40.01
"2020-10-06 05:42:24.7",6194224,-10,-10,-10,220,-0.001,-40.01
"2020-10-06 05:42:24.8",6194225,-10,-10,-10,220,-0.001,-40.01
"2020-10-06 05:42:24.9",6194226,-10,-10,-10,220,-0.001,-40.01
"2020-10-06 05:42:25",6194227,-10,-10,-10,220,-0.001,-40.01
"2020-10-06 05:42:25.1",6194228,-10,-10,-10,220,-0.001,-40.01
"2020-10-06 05:42:25.2",6194229,-10,-10,-10,220,-0.001,-40.01
"2020-10-06 05:42:25.3",6194230,-10,-10,-10,220,-0.001,-40.01
"2020-10-06 05:42:25.4",6194231,-10,-10,-10,220,-0.001,-40.01
"2020-10-06 05:42:25.5",6194232,-10,-10,-10,220,-0.001,-40.01
"2020-10-06 05:42:25.6",6194233,-10,-10,-10,220,-0.001,-40.01
"2020-10-06 05:42:25.7",6194234,-10,-10,-10,220,-0.001,-40.01
"2020-10-06 05:42:25.8",6194235,-10,-10,-10,220,-0.001,-40.01
"2020-10-06 05:42:25.9",6194236,-10,-10,-10,220,-0.001,-40.01
"2020-10-06 05:42:26",6194237,-10,-10,-10,220,-0.001,-40.01
"2020-10-06 05:42:26.1",6194238,-10,-10,-10,220,-0.001,-40.01
"2020-10-06 05:42:26.2",6194239,-10,-10,-10,220,-0.001,-40.01
"2020-10-06 05:42:26.3",6194240,-10,-10,-10,220,-0.001,-40.01
"2020-10-06 05:42:26.4",6194241,-10,-10,-10,220,-0.001,-40.01
"2020-10-06 05:42:26.5",6194242,-10,-10,-10,220,-0.001,-40.01
"2020-10-06 05:42:26.6",6194243,-10,-10,-10,220,-0.001,-40.01
"2020-10-06 05:42:26.7",6194244,-10,-10,-10,220,-0.001,-40.01
"2020-10-06 05:42:26.8",6194245,-10,-10,-10,220,-0.001,-40.01
"2020-10-06 05:42:26.9",6194246,-10,-10,-10,220,-0.001,-40.01
"2020-10-06 05:42:27",6194247,-10,-10,-10,220,-0.001,-40.01
"2020-10-06 05:42:27.1",6194248,-10,-10,-10,220,-0.001,-40.01
"2020-10-06 05:42:27.2",6194249,-10,-10,-10,220,-0.001,-40.01
"2020-10-06 05:42:27.3",6194250,-10,-10,-10,220,-0.001,-40.01
"2020-10-06 05:42:27.4",6194251,-10,-10,-10,220,-0.001,-40.01
"2020-10-06 05:42:27.5",6194252,-10,-10,-10,220,-0.001,-40.01
"2020-10-06 05:42:27.6",6194253,-10,-10,-10,220,-0.001,-40.01
"2020-10-06 05:42:27.7",6194254,-10,-10,-10,220,-0.001,-40.01
"2020-10-06 05:42:27.8",6194255,-10,-10,-10,220,-0.001,-40.01
"2020-10-06 05:42:27.9",6194256,-10,-10,-10,220,-0.001,-40.01
"2020-10-06 05:42:28",6194257,-10,-10,-10,220,-0.001,-40.01
"2020-10-06 05:42:28.1",6194258,-10,-10,-10,220,-0.001,-40.01
"2020-10-06 05:42:28.2",6194259,-10,-10,-10,220,-0.001,-40.01
"2020-10-06 05:42:28.3",6194260,-10,-10,-10,220,-0.001,-40.01
"2020-10-06 05:42:28.4",6194261,-10,-10,-10,220,-0.001,-40.01
"2020-10-06 05:42:28.5",6194262,-10,-10,-10,220,-0.001,-40.01
"2020-10-06 05:42:28.6",6194263,-10,-10,-10,220,-0.001,-40.01
"2020-10-06 05:42:28.7",6194264,-10,-10,-10,220,-0.001,-40.01
"2020-10-06 05:42:28.8",6194265,-10,-10,-10,220,-0.001,-40.01
"2020-10-06 05:42:28.9",6194266,-10,-10,-10,220,-0.001,-40.01
"2020-10-06 05:42:29",6194267,-10,-10,-10,220,-0.001,-40.01
"2020-10-06 05:42:29.1",6194268,-10,-10,-10,220,-0.001,-40.01
"2020-10-06 05:42:29.2",6194269,-10,-10,-10,220,-0.001,-40.01
"2020-10-06 05:42:29.3",6194270,-10,-10,-10,220,-0.001,-40.01
"2020-10-06 05:42:29.4",6194271,-10,-10,-10,220,-0.001,-40.01
"2020-10-06 05:42:29.5",6194272,-10,-10,-10,220,-0.001,-40.01
"2020-10-06 05:42:29.6",6194273,-10,-10,-10,220,-0.001,-40.01
"2020-10-06 05:42:29.7",6194274,-10,-10,-10,220,-0.001,-40.01
"2020-10-06 05:42:29.8",6194275,-10,-10,-10,220,-0.001,-40.01
"2020-10-06 05:42:29.9",6194276,-10,-10,-10,220,-0.001,-40.01
"2020-10-06 05:42:30",6194277,-10,-10,-10,220,-0.001,-40.01
"2020-10-06 05:42:30.1",6194278,-10,-10,-10,220,-0.001,-40.01
"2020-10-06 05:42:30.2",6194279,-10,-10,-10,220,-0.001,-40.01
"2020-10-06 05:42:30.3",6194280,-10,-10,-10,220,-0.001,-40.01
"2020-10-06 05:42:30.4",6194281,-10,-10,-10,220,-0.001,-40.01
"2020-10-06 05:42:30.5",6194282,-10,-10,-10,220,-0.001,-40.01
"2020-10-06 05:42:30.6",6194283,-10,-10,-10,220,-0.001,-40.01
"2020-10-06 05:42:30.7",6194284,-10,-10,-10,220,-0.001,-40.01
"2020-10-06 05:42:30.8",6194285,-10,-10,-10,220,-0.001,-40.01
"2020-10-06 05:42:30.9",6194286,-10,-10,-10,220,-0.001,-40.01
"2020-10-06 05:42:31",6194287,-10,-10,-10,220,-0.001,-40.01
"2020-10-06 05:42:31.1",6194288,-10,-10,-10,220,-0.001,-40.01
"2020-10-06 05:42:31.2",6194289,-10,-10,-10,220,-0.001,-40.01
"2020-10-06 05:42:31.3",6194290,-10,-10,-10,220,-0.001,-40.01
"2020-10-06 05:42:31.4",6194291,-10,-10,-10,220,-0.001,-40.01
"2020-10-06 05:42:31.5",6194292,-10,-10,-10,220,-0.001,-40.01
"2020-10-06 05:42:31.6",6194293,-10,-10,-10,220,-0.001,-40.01
"2020-10-06 05:42:31.7",6194294,-10,-10,-10,220,-0.001,-40.01
"2020-10-06 05:42:31.8",6194295,-10,-10,-10,220,-0.001,-40.01
"2020-10-06 05:42:31.9",6194296,-10,-10,-10,220,-0.001,-40.01
"2020-10-06 05:42:32",6194297,-10,-10,-10,220,-0.001,-40.01
"2020-10-06 05:42:32.1",6194298,-10,-10,-10,220,-0.001,-40.01
"2020-10-06 05:42:32.2",6194299,-10,-10,-10,220,-0.001,-40.01
"2020-10-06 05:42:32.3",6194300,-10,-10,-10,220,-0.001,-40.01
"2020-10-06 05:42:32.4",6194301,-10,-10,-10,220,-0.001,-40.01
"2020-10-06 05:42:32.5",6194302,-10,-10,-10,220,-0.001,-40.01
"2020-10-06 05:42:32.6",6194303,-10,-10,-10,220,-0.001,-40.01
"2020-10-06 05:42:32.7",6194304,-10,-10,-10,220,-0.001,-40.01
"2020-10-06 05:42:32.8",6194305,-10,-10,-10,220,-0.001,-40.01
"2020-10-06 05:42:32.9",6194306,-10,-10,-10,220,-0.001,-40.01
"2020-10-06 05:42:33",6194307,-10,-10,-10,220,-0.001,-40.01
"2020-10-06 05:42:33.1",6194308,-10,-10,-10,220,-0.001,-40.01
"2020-10-06 05:42:33.2",6194309,-10,-10,-10,220,-0.001,-40.01
"2020-10-06 05:42:33.3",6194310,-10,-10,-10,220,-0.001,-40.01
"2020-10-06 05:42:33.4",6194311,-10,-10,-10,220,-0.001,-40.01
"2020-10-06 05:42:33.5",6194312,-10,-10,-10,220,-0.001,-40.01
"2020-10-06 05:42:33.6",6194313,-10,-10,-10,220,-0.001,-40.01
"2020-10-06 05:42:33.7",6194314,-10,-10,-10,220,-0.001,-40.01
"2020-10-06 05:42:33.8",6194315,-10,-10,-10,220,-0.001,-40.01
"2020-10-06 05:42:33.9",6194316,-10,-10,-10,220,-0.001,-40.01
"2020-10-06 05:42:34",6194317,-10,-10,-10,220,-0.001,-40.01
"2020-10-06 05:42:34.1",6194318,-10,-10,-10,220,-0.001,-40.01
"2020-10-06 05:42:34.2",6194319,-10,-10,-10,220,-0.001,-40.01
"2020-10-06 05:42:34.3",6194320,-10,-10,-10,220,-0.001,-40.01
"2020-10-06 05:42:34.4",6194321,-10,-10,-10,220,-0.001,-40.01
"2020-10-06 05:42:34.5",6194322,-10,-10,-10,220,-0.001,-40.01
"2020-10-06 05:42:34.6",6194323,-10,-10,-10,220,-0.001,-40.01
"2020-10-06 05:42:34.7",6194324,-10,-10,-10,220,-0.001,-40.01
"2020-10-06 05:42:34.8",6194325,-10,-10,-10,220,-0.001,-40.01
"2020-10-06 05:42:34.9",6194326,-10,-10,-10,220,-0.001,-40.01
"2020-10-06 05:42:35",6194327,-10,-10,-10,220,-0.001,-40.01
"2020-10-06 05:42:35.1",6194328,-10,-10,-10,220,-0.001,-40.01
"2020-10-06 05:42:35.2",6194329,-10,-10,-10,220,-0.001,-40.01
"2020-10-06 05:42:35.3",6194330,-10,-10,-10,220,-0.001,-40.01
"2020-10-06 05:42:35.4",6194331,-10,-10,-10,220,-0.001,-40.01
"2020-10-06 05:42:35.5",6194332,-10,-10,-10,220,-0.001,-40.01
"2020-10-06 05:42:35.6",6194333,-10,-10,-10,220,-0.001,-40.01
"2020-10-06 05:42:35.7",6194334,-10,-10,-10,220,-0.001,-40.01
"2020-10-06 05:42:35.8",6194335,-10,-10,-10,220,-0.001,-40.01
"2020-10-06 05:42:35.9",6194336,-10,-10,-10,220,-0.001,-40.01
"2020-10-06 05:42:36",6194337,-10,-10,-10,220,-0.001,-40.01
"2020-10-06 05:42:36.1",6194338,-10,-10,-10,220,-0.001,-40.01
"2020-10-06 05:42:36.2",6194339,-10,-10,-10,220,-0.001,-40.01
"2020-10-06 05:42:36.3",6194340,-10,-10,-10,220,-0.001,-40.01
"2020-10-06 05:42:36.4",6194341,-10,-10,-10,220,-0.001,-40.01
"2020-10-06 05:42:36.5",6194342,-10,-10,-10,220,-0.001,-40.01
"2020-10-06 05:42:36.6",6194343,-10,-10,-10,220,-0.001,-40.01
"2020-10-06 05:42:36.7",6194344,-10,-10,-10,220,-0.001,-40.01
"2020-10-06 05:42:36.8",6194345,-10,-10,-10,220,-0.001,-40.01
"2020-10-06 05:42:36.9",6194346,-10,-10,-10,220,-0.001,-40.01
"2020-10-06 05:42:37",6194347,-10,-10,-10,220,-0.001,-40.01
"2020-10-06 05:42:37.1",6194348,-10,-10,-10,220,-0.001,-40.01
"2020-10-06 05:42:37.2",6194349,-10,-10,-10,220,-0.001,-40.01
"2020-10-06 05:42:37.3",6194350,-10,-10,-10,220,-0.001,-40.01
"2020-10-06 05:42:37.4",6194351,-10,-10,-10,220,-0.001,-40.01
"2020-10-06 05:42:37.5",6194352,-10,-10,-10,220,-0.001,-40.01
"2020-10-06 05:42:37.6",6194353,-10,-10,-10,220,-0.001,-40.01
"2020-10-06 05:42:37.7",6194354,-10,-10,-10,220,-0.001,-40.01
"2020-10-06 05:42:37.8",6194355,-10,-10,-10,220,-0.001,-40.01
"2020-10-06 05:42:37.9",6194356,-10,-10,-10,220,-0.001,-40.01
"2020-10-06 05:42:38",6194357,-10,-10,-10,220,-0.001,-40.01
"2020-10-06 05:42:38.1",6194358,-10,-10,-10,220,-0.001,-40.01
"2020-10-06 05:42:38.2",6194359,-10,-10,-10,220,-0.001,-40.01
"2020-10-06 05:42:38.3",6194360,-10,-10,-10,220,-0.001,-40.01
"2020-10-06 05:42:38.4",6194361,-10,-10,-10,220,-0.001,-40.01
"2020-10-06 05:42:38.5",6194362,-10,-10,-10,220,-0.001,-40.01
"2020-10-06 05:42:38.6",6194363,-10,-10,-10,220,-0.001,-40.01
"2020-10-06 05:42:38.7",6194364,-10,-10,-10,220,-0.001,-40.01
"2020-10-06 05:42:38.8",6194365,-10,-10,-10,220,-0.001,-40.01
"2020-10-06 05:42:38.9",6194366,-10,-10,-10,220,-0.001,-40.01
"2020-10-06 05:42:39",6194367,-10,-10,-10,220,-0.001,-40.01
"2020-10-06 05:42:39.1",6194368,-10,-10,-10,220,-0.001,-40.01
"2020-10-06 05:42:39.2",6194369,-10,-10,-10,220,-0.001,-40.01
"2020-10-06 05:42:39.3",6194370,-10,-10,-10,220,-0.001,-40.01
"2020-10-06 05:42:39.4",6194371,-10,-10,-10,220,-0.001,-40.01
"2020-10-06 05:42:39.5",6194372,-10,-10,-10,220,-0.001,-40.01
"2020-10-06 05:42:39.6",6194373,-10,-10,-10,220,-0.001,-40.01
"2020-10-06 05:42:39.7",6194374,-10,-10,-10,220,-0.001,-40.01
"2020-10-06 05:42:39.8",6194375,-10,-10,-10,220,-0.001,-40.01
"2020-10-06 05:42:39.9",6194376,-10,-10,-10,220,-0.001,-40.01
"2020-10-06 05:42:40",6194377,-10,-10,-10,220,-0.001,-40.01
"2020-10-06 05:42:40.1",6194378,-10,-10,-10,220,-0.001,-40.01
"2020-10-06 05:42:40.2",6194379,-10,-10,-10,220,-0.001,-40.01
"2020-10-06 05:42:40.3",6194380,-10,-10,-10,220,-0.001,-40.01
"2020-10-06 05:42:40.4",6194381,-10,-10,-10,220,-0.001,-40.01
"2020-10-06 05:42:40.5",6194382,-10,-10,-10,220,-0.001,-40.01
"2020-10-06 05:42:40.6",6194383,-10,-10,-10,220,-0.001,-40.01
"2020-10-06 05:42:40.7",6194384,-10,-10,-10,220,-0.001,-40.01
"2020-10-06 05:42:40.8",6194385,-10,-10,-10,220,-0.001,-40.01
"2020-10-06 05:42:40.9",6194386,-10,-10,-10,220,-0.001,-40.01
"2020-10-06 05:42:41",6194387,-10,-10,-10,220,-0.001,-40.01
"2020-10-06 05:42:41.1",6194388,-10,-10,-10,220,-0.001,-40.01
"2020-10-06 05:42:41.2",6194389,-10,-10,-10,220,-0.001,-40.01
"2020-10-06 05:42:41.3",6194390,-10,-10,-10,220,-0.001,-40.01
"2020-10-06 05:42:41.4",6194391,-10,-10,-10,220,-0.001,-40.01
"2020-10-06 05:42:41.5",6194392,-10,-10,-10,220,-0.001,-40.01
"2020-10-06 05:42:41.6",6194393,-10,-10,-10,220,-0.001,-40.01
"2020-10-06 05:42:41.7",6194394,-10,-10,-10,220,-0.001,-40.01
"2020-10-06 05:42:41.8",6194395,-10,-10,-10,220,-0.001,-40.01
"2020-10-06 05:42:41.9",6194396,-10,-10,-10,220,-0.001,-40.01
"2020-10-06 05:42:42",6194397,-10,-10,-10,220,-0.001,-40.01
"2020-10-06 05:42:42.1",6194398,-10,-10,-10,220,-0.001,-40.01
"2020-10-06 05:42:42.2",6194399,-10,-10,-10,220,-0.001,-40.01
"2020-10-06 05:42:42.3",6194400,-10,-10,-10,220,-0.001,-40.01
"2020-10-06 05:42:42.4",6194401,-10,-10,-10,220,-0.001,-40.01
"2020-10-06 05:42:42.5",6194402,-10,-10,-10,220,-0.001,-40.01
"2020-10-06 05:42:42.6",6194403,-10,-10,-10,220,-0.001,-40.01
"2020-10-06 05:42:42.7",6194404,-10,-10,-10,220,-0.001,-40.01
"2020-10-06 05:42:42.8",6194405,-10,-10,-10,220,-0.001,-40.01
"2020-10-06 05:42:42.9",6194406,-10,-10,-10,220,-0.001,-40.01
"2020-10-06 05:42:43",6194407,-10,-10,-10,220,-0.001,-40.01
"2020-10-06 05:42:43.1",6194408,-10,-10,-10,220,-0.001,-40.01
"2020-10-06 05:42:43.2",6194409,-10,-10,-10,220,-0.001,-40.01
"2020-10-06 05:42:43.3",6194410,-10,-10,-10,220,-0.001,-40.01
"2020-10-06 05:42:43.4",6194411,-10,-10,-10,220,-0.001,-40.01
"2020-10-06 05:42:43.5",6194412,-10,-10,-10,220,-0.001,-40.01
"2020-10-06 05:42:43.6",6194413,-10,-10,-10,220,-0.001,-40.01
"2020-10-06 05:42:43.7",6194414,-10,-10,-10,220,-0.001,-40.01
"2020-10-06 05:42:43.8",6194415,-10,-10,-10,220,-0.001,-40.01
"2020-10-06 05:42:43.9",6194416,-10,-10,-10,220,-0.001,-40.01
"2020-10-06 05:42:44",6194417,-10,-10,-10,220,-0.001,-40.01
"2020-10-06 05:42:44.1",6194418,-10,-10,-10,220,-0.001,-40.01
"2020-10-06 05:42:44.2",6194419,-10,-10,-10,220,-0.001,-40.01
"2020-10-06 05:42:44.3",6194420,-10,-10,-10,220,-0.001,-40.01
"2020-10-06 05:42:44.4",6194421,-10,-10,-10,220,-0.001,-40.01
"2020-10-06 05:42:44.5",6194422,-10,-10,-10,220,-0.001,-40.01
"2020-10-06 05:42:44.6",6194423,-10,-10,-10,220,-0.001,-40.01
"2020-10-06 05:42:44.7",6194424,-10,-10,-10,220,-0.001,-40.01
"2020-10-06 05:42:44.8",6194425,-10,-10,-10,220,-0.001,-40.01
"2020-10-06 05:42:44.9",6194426,-10,-10,-10,220,-0.001,-40.01
"2020-10-06 05:42:45",6194427,-10,-10,-10,220,-0.001,-40.01
"2020-10-06 05:42:45.1",6194428,-10,-10,-10,220,-0.001,-40.01
"2020-10-06 05:42:45.2",6194429,-10,-10,-10,220,-0.001,-40.01
"2020-10-06 05:42:45.3",6194430,-10,-10,-10,220,-0.001,-40.01
"2020-10-06 05:42:45.4",6194431,-10,-10,-10,220,-0.001,-40.01
"2020-10-06 05:42:45.5",6194432,-10,-10,-10,220,-0.001,-40.01
"2020-10-06 05:42:45.6",6194433,-10,-10,-10,220,-0.001,-40.01
"2020-10-06 05:42:45.7",6194434,-10,-10,-10,220,-0.001,-40.01
"2020-10-06 05:42:45.8",6194435,-10,-10,-10,220,-0.001,-40.01
"2020-10-06 05:42:45.9",6194436,-10,-10,-10,220,-0.001,-40.01
"2020-10-06 05:42:46",6194437,-10,-10,-10,220,-0.001,-40.01
"2020-10-06 05:42:46.1",6194438,-10,-10,-10,220,-0.001,-40.01
"2020-10-06 05:42:46.2",6194439,-10,-10,-10,220,-0.001,-40.01
"2020-10-06 05:42:46.3",6194440,-10,-10,-10,220,-0.001,-40.01
"2020-10-06 05:42:46.4",6194441,-10,-10,-10,220,-0.001,-40.01
"2020-10-06 05:42:46.5",6194442,-10,-10,-10,220,-0.001,-40.01
"2020-10-06 05:42:46.6",6194443,-10,-10,-10,220,-0.001,-40.01
"2020-10-06 05:42:46.7",6194444,-10,-10,-10,220,-0.001,-40.01
"2020-10-06 05:42:46.8",6194445,-10,-10,-10,220,-0.001,-40.01
"2020-10-06 05:42:46.9",6194446,-10,-10,-10,220,-0.001,-40.01
"2020-10-06 05:42:47",6194447,-10,-10,-10,220,-0.001,-40.01
"2020-10-06 05:42:47.1",6194448,-10,-10,-10,220,-0.001,-40.01
"2020-10-06 05:42:47.2",6194449,-10,-10,-10,220,-0.001,-40.01
"2020-10-06 05:42:47.3",6194450,-10,-10,-10,220,-0.001,-40.01
"2020-10-06 05:42:47.4",6194451,-10,-10,-10,220,-0.001,-40.01
"2020-10-06 05:42:47.5",6194452,-10,-10,-10,220,-0.001,-40.01
"2020-10-06 05:42:47.6",6194453,-10,-10,-10,220,-0.001,-40.01
"2020-10-06 05:42:47.7",6194454,-10,-10,-10,220,-0.001,-40.01
"2020-10-06 05:42:47.8",6194455,-10,-10,-10,220,-0.001,-40.01
"2020-10-06 05:42:47.9",6194456,-10,-10,-10,220,-0.001,-40.01
"2020-10-06 05:42:48",6194457,-10,-10,-10,220,-0.001,-40.01
"2020-10-06 05:42:48.1",6194458,-10,-10,-10,220,-0.001,-40.01
"2020-10-06 05:42:48.2",6194459,-10,-10,-10,220,-0.001,-40.01
"2020-10-06 05:42:48.3",6194460,-10,-10,-10,220,-0.001,-40.01
"2020-10-06 05:42:48.4",6194461,-10,-10,-10,220,-0.001,-40.01
"2020-10-06 05:42:48.5",6194462,-10,-10,-10,220,-0.001,-40.01
"2020-10-06 05:42:48.6",6194463,-10,-10,-10,220,-0.001,-40.01
"2020-10-06 05:42:48.7",6194464,-10,-10,-10,220,-0.001,-40.01
"2020-10-06 05:42:48.8",6194465,-10,-10,-10,220,-0.001,-40.01
"2020-10-06 05:42:48.9",6194466,-10,-10,-10,220,-0.001,-40.01
"2020-10-06 05:42:49",6194467,-10,-10,-10,220,-0.001,-40.01
"2020-10-06 05:42:49.1",6194468,-10,-10,-10,220,-0.001,-40.01
"2020-10-06 05:42:49.2",6194469,-10,-10,-10,220,-0.001,-40.01
"2020-10-06 05:42:49.3",6194470,-10,-10,-10,220,-0.001,-40.01
"2020-10-06 05:42:49.4",6194471,-10,-10,-10,220,-0.001,-40.01
"2020-10-06 05:42:49.5",6194472,-10,-10,-10,220,-0.001,-40.01
"2020-10-06 05:42:49.6",6194473,-10,-10,-10,220,-0.001,-40.01
"2020-10-06 05:42:49.7",6194474,-10,-10,-10,220,-0.001,-40.01
"2020-10-06 05:42:49.8",6194475,-10,-10,-10,220,-0.001,-40.01
"2020-10-06 05:42:49.9",6194476,-10,-10,-10,220,-0.001,-40.01
"2020-10-06 05:42:50",6194477,-10,-10,-10,220,-0.001,-40.01
"2020-10-06 05:42:50.1",6194478,-10,-10,-10,220,-0.001,-40.01
"2020-10-06 05:42:50.2",6194479,-10,-10,-10,220,-0.001,-40.01
"2020-10-06 05:42:50.3",6194480,-10,-10,-10,220,-0.001,-40.01
"2020-10-06 05:42:50.4",6194481,-10,-10,-10,220,-0.001,-40.01
"2020-10-06 05:42:50.5",6194482,-10,-10,-10,220,-0.001,-40.01
"2020-10-06 05:42:50.6",6194483,-10,-10,-10,220,-0.001,-40.01
"2020-10-06 05:42:50.7",6194484,-10,-10,-10,220,-0.001,-40.01
"2020-10-06 05:42:50.8",6194485,-10,-10,-10,220,-0.001,-40.01
"2020-10-06 05:42:50.9",6194486,-10,-10,-10,220,-0.001,-40.01
