"TOA5","10329","CR6","10329","CR6.Std.09.01 CR6-WIFI.04.00.01","CPU:YOUNG81000_HMP60_10Hz.CR6","51185","Young10Hz_hmp"
"TIMESTAMP","RECORD","U","V","W","TSonic","RH","T_HMP60"
"TS","RN","mV","mV","mV","mV","%","Deg C"
"","","Smp","Smp","Smp","Smp","Smp","Smp"
"2020-10-02 17:51:03.7",3392491,-0.047,0.008,-0.006,295.4,33.57,21.72
"2020-10-02 17:51:03.8",3392492,-0.047,0.009,-0.006,295.4,33.57,21.72
"2020-10-02 17:51:03.9",3392493,-0.047,0.008,-0.006,295.4,33.57,21.72
"2020-10-02 17:51:04",3392494,-0.047,0.009,-0.006,295.4,33.57,21.72
"2020-10-02 17:51:04.1",3392495,-0.047,0.009,-0.006,295.4,33.57,21.72
"2020-10-02 17:51:04.2",3392496,-0.008,0.008,-0.016,295.4,33.57,21.72
"2020-10-02 17:51:04.3",3392497,-0.008,0.009,-0.016,295.4,33.57,21.72
"2020-10-02 17:51:04.4",3392498,-0.067,-0.002,-0.016,295.3,33.57,21.72
"2020-10-02 17:51:04.5",3392499,-0.067,-0.002,-0.016,295.3,33.57,21.72
"2020-10-02 17:51:04.6",3392500,-0.067,-0.002,-0.016,295.3,33.57,21.72
"2020-10-02 17:51:04.7",3392501,-0.067,-0.002,-0.016,295.3,33.57,21.72
"2020-10-02 17:51:04.8",3392502,-0.067,-0.002,-0.016,295.3,33.57,21.72
"2020-10-02 17:51:04.9",3392503,-0.067,-0.002,-0.016,295.3,33.57,21.72
"2020-10-02 17:51:05",3392504,-0.067,-0.002,-0.016,295.3,33.57,21.72
"2020-10-02 17:51:05.1",3392505,-0.067,-0.002,-0.016,295.3,33.57,21.72
"2020-10-02 17:51:05.2",3392506,-0.067,-0.002,-0.016,295.3,33.57,21.72
"2020-10-02 17:51:05.3",3392507,-0.067,-0.002,-0.016,295.3,33.57,21.72
"2020-10-02 17:51:05.4",3392508,-0.047,0.008,-0.006,295.3,33.57,21.72
"2020-10-02 17:51:05.5",3392509,-0.047,0.009,-0.006,295.3,33.57,21.72
"2020-10-02 17:51:05.6",3392510,-0.047,0.009,-0.006,295.3,33.57,21.72
"2020-10-02 17:51:05.7",3392511,-0.028,0.047,0.025,295.3,33.57,21.72
"2020-10-02 17:51:05.8",3392512,-0.028,0.047,0.024,295.3,33.57,21.72
"2020-10-02 17:51:05.9",3392513,-0.057,0.077,-0.006,295.3,33.57,21.72
"2020-10-02 17:51:06",3392514,-0.057,0.077,-0.006,295.3,33.57,21.72
"2020-10-02 17:51:06.1",3392515,-0.057,0.077,-0.006,295.3,33.6,21.78
"2020-10-02 17:51:06.2",3392516,-0.008,0.086,-0.016,295.3,33.57,21.72
"2020-10-02 17:51:06.3",3392517,-0.008,0.087,-0.016,295.3,33.57,21.72
"2020-10-02 17:51:06.4",3392518,-0.008,0.038,-0.006,295.3,33.57,21.71
"2020-10-02 17:51:06.5",3392519,-0.008,0.038,-0.006,295.3,33.57,21.71
"2020-10-02 17:51:06.6",3392520,-0.008,0.038,-0.006,295.3,33.57,21.71
"2020-10-02 17:51:06.7",3392521,-0.008,0.008,0.044,295.3,33.57,21.71
"2020-10-02 17:51:06.8",3392522,-0.008,0.008,0.044,295.3,33.57,21.71
"2020-10-02 17:51:06.9",3392523,-0.008,0.008,0.044,295.3,33.57,21.71
"2020-10-02 17:51:07",3392524,-0.008,0.009,0.044,295.3,33.57,21.71
"2020-10-02 17:51:07.1",3392525,-0.008,0.008,0.044,295.3,33.57,21.7
"2020-10-02 17:51:07.2",3392526,-0.008,0.009,0.044,295.4,33.57,21.7
"2020-10-02 17:51:07.3",3392527,-0.008,0.009,0.044,295.4,33.57,21.71
"2020-10-02 17:51:07.4",3392528,-0.008,0.008,0.044,295.4,33.57,21.7
"2020-10-02 17:51:07.5",3392529,-0.008,0.008,0.044,295.4,33.57,21.7
"2020-10-02 17:51:07.6",3392530,-0.008,0.008,0.044,295.4,33.57,21.7
"2020-10-02 17:51:07.7",3392531,-0.008,0.009,0.044,295.4,33.57,21.7
"2020-10-02 17:51:07.8",3392532,-0.008,0.009,0.044,295.4,33.57,21.7
"2020-10-02 17:51:07.9",3392533,-0.008,0.008,0.044,295.4,33.57,21.7
"2020-10-02 17:51:08",3392534,-0.008,0.008,0.044,295.4,33.57,21.7
"2020-10-02 17:51:08.1",3392535,-0.008,0.008,0.044,295.4,33.57,21.7
"2020-10-02 17:51:08.2",3392536,-0.008,0.008,0.117,295.5,33.57,21.7
"2020-10-02 17:51:08.3",3392537,-0.009,0.008,0.117,295.5,33.57,21.7
"2020-10-02 17:51:08.4",3392538,-0.008,0.008,0.117,295.5,33.57,21.7
"2020-10-02 17:51:08.5",3392539,-0.008,0.009,0.117,295.5,33.57,21.7
"2020-10-02 17:51:08.6",3392540,-0.008,0.008,0.117,295.5,33.62,21.76
"2020-10-02 17:51:08.7",3392541,-0.008,0.008,0.117,295.5,33.57,21.7
"2020-10-02 17:51:08.8",3392542,-0.008,0.008,0.117,295.5,33.57,21.7
"2020-10-02 17:51:08.9",3392543,-0.028,0.047,0.093,295.5,33.57,21.7
"2020-10-02 17:51:09",3392544,-0.028,0.047,0.093,295.5,33.57,21.7
"2020-10-02 17:51:09.1",3392545,-0.028,0.047,0.093,295.5,33.57,21.7
"2020-10-02 17:51:09.2",3392546,-0.086,0.008,0.015,295.5,33.57,21.7
"2020-10-02 17:51:09.3",3392547,-0.086,0.008,0.015,295.5,33.57,21.7
"2020-10-02 17:51:09.4",3392548,-0.057,0.008,0.073,295.5,33.57,21.7
"2020-10-02 17:51:09.5",3392549,-0.057,0.008,0.073,295.5,33.57,21.7
"2020-10-02 17:51:09.6",3392550,-0.057,0.009,0.073,295.5,33.57,21.7
"2020-10-02 17:51:09.7",3392551,-0.057,0.008,0.073,295.4,33.57,21.7
"2020-10-02 17:51:09.8",3392552,-0.057,0.008,0.073,295.4,33.57,21.7
"2020-10-02 17:51:09.9",3392553,-0.057,0.008,0.073,295.4,33.57,21.71
"2020-10-02 17:51:10",3392554,-0.057,0.008,0.074,295.4,33.57,21.71
"2020-10-02 17:51:10.1",3392555,-0.057,0.008,0.073,295.4,33.57,21.71
"2020-10-02 17:51:10.2",3392556,-0.077,0.057,0.044,295.4,33.57,21.7
"2020-10-02 17:51:10.3",3392557,-0.077,0.057,0.044,295.4,33.57,21.7
"2020-10-02 17:51:10.4",3392558,-0.087,0.008,0.015,295.5,33.57,21.7
"2020-10-02 17:51:10.5",3392559,-0.086,0.009,0.015,295.5,33.57,21.7
"2020-10-02 17:51:10.6",3392560,-0.086,0.008,0.015,295.5,33.57,21.7
"2020-10-02 17:51:10.7",3392561,-0.077,-0.002,0.044,295.5,33.57,21.7
"2020-10-02 17:51:10.8",3392562,-0.077,-0.002,0.044,295.5,33.57,21.7
"2020-10-02 17:51:10.9",3392563,-0.086,0.008,0.015,295.5,33.57,21.7
"2020-10-02 17:51:11",3392564,-0.087,0.008,0.015,295.5,33.57,21.7
"2020-10-02 17:51:11.1",3392565,-0.086,0.008,0.015,295.5,33.63,21.75
"2020-10-02 17:51:11.2",3392566,-0.077,-0.002,0.044,295.5,33.57,21.7
"2020-10-02 17:51:11.3",3392567,-0.077,-0.002,0.044,295.5,33.57,21.7
"2020-10-02 17:51:11.4",3392568,-0.086,0.008,0.015,295.5,33.57,21.7
"2020-10-02 17:51:11.5",3392569,-0.086,0.008,0.015,295.4,33.57,21.7
"2020-10-02 17:51:11.6",3392570,-0.086,0.008,0.015,295.5,33.57,21.7
"2020-10-02 17:51:11.7",3392571,-0.086,0.008,0.015,295.5,33.57,21.7
"2020-10-02 17:51:11.8",3392572,-0.086,0.009,0.015,295.5,33.57,21.7
"2020-10-02 17:51:11.9",3392573,-0.077,-0.002,0.044,295.4,33.57,21.7
"2020-10-02 17:51:12",3392574,-0.077,-0.002,0.044,295.4,33.57,21.7
"2020-10-02 17:51:12.1",3392575,-0.077,-0.002,0.044,295.4,33.57,21.7
"2020-10-02 17:51:12.2",3392576,-0.077,-0.002,0.044,295.4,33.57,21.7
"2020-10-02 17:51:12.3",3392577,-0.077,-0.002,0.044,295.4,33.57,21.7
"2020-10-02 17:51:12.4",3392578,-0.077,-0.002,0.044,295.5,33.57,21.73
"2020-10-02 17:51:12.5",3392579,-0.077,-0.002,0.044,295.5,33.57,21.7
"2020-10-02 17:51:12.6",3392580,-0.077,-0.002,0.044,295.5,33.57,21.7
"2020-10-02 17:51:12.7",3392581,-0.077,-0.002,0.044,295.5,33.57,21.7
"2020-10-02 17:51:12.8",3392582,-0.077,-0.002,0.044,295.5,33.57,21.7
"2020-10-02 17:51:12.9",3392583,-0.028,-0.002,0.025,295.6,33.57,21.7
"2020-10-02 17:51:13",3392584,-0.028,-0.002,0.024,295.6,33.57,21.7
"2020-10-02 17:51:13.1",3392585,-0.028,-0.002,0.025,295.6,33.57,21.7
"2020-10-02 17:51:13.2",3392586,-0.028,-0.002,0.025,295.5,33.57,21.7
"2020-10-02 17:51:13.3",3392587,-0.028,-0.002,0.025,295.5,33.57,21.7
"2020-10-02 17:51:13.4",3392588,-0.028,-0.002,0.025,295.6,33.57,21.71
"2020-10-02 17:51:13.5",3392589,-0.028,-0.002,0.025,295.6,33.57,21.7
"2020-10-02 17:51:13.6",3392590,-0.028,-0.002,0.025,295.6,33.63,21.72
"2020-10-02 17:51:13.7",3392591,-0.028,-0.002,0.025,295.6,33.57,21.7
"2020-10-02 17:51:13.8",3392592,-0.028,-0.002,0.024,295.6,33.57,21.7
"2020-10-02 17:51:13.9",3392593,-0.028,-0.002,0.025,295.5,33.57,21.7
"2020-10-02 17:51:14",3392594,-0.028,-0.002,0.025,295.5,33.57,21.7
"2020-10-02 17:51:14.1",3392595,-0.028,-0.002,0.025,295.5,33.57,21.7
"2020-10-02 17:51:14.2",3392596,-0.028,-0.002,0.025,295.5,33.57,21.7
"2020-10-02 17:51:14.3",3392597,-0.028,-0.002,0.025,295.5,33.57,21.7
"2020-10-02 17:51:14.4",3392598,-0.077,-0.002,0.044,295.5,33.57,21.7
"2020-10-02 17:51:14.5",3392599,-0.077,-0.002,0.044,295.5,33.57,21.7
"2020-10-02 17:51:14.6",3392600,-0.077,-0.002,0.044,295.5,33.57,21.7
"2020-10-02 17:51:14.7",3392601,-0.077,-0.002,0.044,295.5,33.57,21.7
"2020-10-02 17:51:14.8",3392602,-0.077,-0.002,0.044,295.5,33.57,21.7
"2020-10-02 17:51:14.9",3392603,-0.077,-0.002,0.044,295.5,33.59,21.73
"2020-10-02 17:51:15",3392604,-0.077,-0.002,0.044,295.5,33.57,21.7
"2020-10-02 17:51:15.1",3392605,-0.077,-0.002,0.044,295.5,33.57,21.7
"2020-10-02 17:51:15.2",3392606,-0.077,-0.002,0.044,295.5,33.57,21.7
"2020-10-02 17:51:15.3",3392607,-0.077,-0.002,0.044,295.5,33.57,21.71
"2020-10-02 17:51:15.4",3392608,-0.077,-0.002,0.044,295.5,33.57,21.7
"2020-10-02 17:51:15.5",3392609,-0.077,-0.002,0.044,295.5,33.57,21.7
"2020-10-02 17:51:15.6",3392610,-0.077,-0.002,0.044,295.5,33.57,21.71
"2020-10-02 17:51:15.7",3392611,-0.077,-0.002,0.044,295.5,33.57,21.71
"2020-10-02 17:51:15.8",3392612,-0.077,-0.002,0.044,295.5,33.57,21.7
"2020-10-02 17:51:15.9",3392613,-0.077,-0.002,0.044,295.5,33.57,21.7
"2020-10-02 17:51:16",3392614,-0.077,-0.002,0.044,295.5,33.57,21.7
"2020-10-02 17:51:16.1",3392615,-0.077,-0.002,0.044,295.5,33.62,21.7
"2020-10-02 17:51:16.2",3392616,-0.077,-0.002,0.044,295.5,33.57,21.7
"2020-10-02 17:51:16.3",3392617,-0.077,-0.002,0.044,295.5,33.57,21.7
"2020-10-02 17:51:16.4",3392618,-0.077,-0.002,0.044,295.5,33.57,21.7
"2020-10-02 17:51:16.5",3392619,-0.077,-0.002,0.044,295.5,33.57,21.7
"2020-10-02 17:51:16.6",3392620,-0.077,-0.002,0.044,295.5,33.57,21.7
"2020-10-02 17:51:16.7",3392621,-0.096,-0.041,0.015,295.5,33.57,21.7
"2020-10-02 17:51:16.8",3392622,-0.096,-0.041,0.015,295.5,33.57,21.7
"2020-10-02 17:51:16.9",3392623,-0.077,-0.002,0.044,295.5,33.57,21.7
"2020-10-02 17:51:17",3392624,-0.077,-0.002,0.044,295.5,33.57,21.7
"2020-10-02 17:51:17.1",3392625,-0.077,-0.002,0.044,295.5,33.57,21.7
"2020-10-02 17:51:17.2",3392626,-0.047,-0.041,-0.006,295.5,33.57,21.7
"2020-10-02 17:51:17.3",3392627,-0.047,-0.041,-0.006,295.5,33.57,21.7
"2020-10-02 17:51:17.4",3392628,-0.047,-0.041,-0.006,295.5,33.6,21.75
"2020-10-02 17:51:17.5",3392629,-0.047,-0.041,-0.006,295.5,33.57,21.7
"2020-10-02 17:51:17.6",3392630,-0.047,-0.041,-0.006,295.5,33.57,21.7
"2020-10-02 17:51:17.7",3392631,-0.028,-0.002,0.025,295.6,33.57,21.7
"2020-10-02 17:51:17.8",3392632,-0.028,-0.002,0.025,295.6,33.57,21.7
"2020-10-02 17:51:17.9",3392633,-0.028,-0.002,0.024,295.6,33.57,21.7
"2020-10-02 17:51:18",3392634,-0.028,-0.002,0.025,295.6,33.57,21.7
"2020-10-02 17:51:18.1",3392635,-0.028,-0.002,0.025,295.6,33.57,21.7
"2020-10-02 17:51:18.2",3392636,-0.077,-0.002,0.044,295.6,33.57,21.7
"2020-10-02 17:51:18.3",3392637,-0.077,-0.002,0.044,295.6,33.57,21.7
"2020-10-02 17:51:18.4",3392638,-0.018,-0.041,0.044,295.5,33.57,21.7
"2020-10-02 17:51:18.5",3392639,-0.018,-0.041,0.044,295.5,33.57,21.7
"2020-10-02 17:51:18.6",3392640,-0.018,-0.041,0.044,295.5,33.59,21.7
"2020-10-02 17:51:18.7",3392641,-0.028,-0.002,0.024,295.5,33.57,21.7
"2020-10-02 17:51:18.8",3392642,-0.028,-0.002,0.025,295.5,33.57,21.7
"2020-10-02 17:51:18.9",3392643,-0.077,-0.002,0.044,295.5,33.57,21.7
"2020-10-02 17:51:19",3392644,-0.077,-0.002,0.044,295.5,33.57,21.7
"2020-10-02 17:51:19.1",3392645,-0.077,-0.002,0.044,295.5,33.57,21.7
"2020-10-02 17:51:19.2",3392646,-0.077,-0.002,0.044,295.5,33.57,21.7
"2020-10-02 17:51:19.3",3392647,-0.077,-0.002,0.044,295.5,33.57,21.7
"2020-10-02 17:51:19.4",3392648,-0.077,-0.002,0.044,295.5,33.57,21.7
"2020-10-02 17:51:19.5",3392649,-0.077,-0.002,0.044,295.5,33.57,21.7
"2020-10-02 17:51:19.6",3392650,-0.077,-0.002,0.044,295.5,33.57,21.7
"2020-10-02 17:51:19.7",3392651,-0.028,-0.002,0.025,295.4,33.57,21.7
"2020-10-02 17:51:19.8",3392652,-0.028,-0.002,0.025,295.4,33.57,21.7
"2020-10-02 17:51:19.9",3392653,-0.028,-0.002,0.024,295.5,33.6,21.76
"2020-10-02 17:51:20",3392654,-0.028,-0.002,0.024,295.5,33.57,21.7
"2020-10-02 17:51:20.1",3392655,-0.028,-0.002,0.024,295.5,33.57,21.7
"2020-10-02 17:51:20.2",3392656,-0.028,-0.002,0.025,295.4,33.57,21.7
"2020-10-02 17:51:20.3",3392657,-0.028,-0.002,0.025,295.5,33.57,21.7
"2020-10-02 17:51:20.4",3392658,-0.047,0.008,-0.006,295.4,33.57,21.7
"2020-10-02 17:51:20.5",3392659,-0.047,0.008,-0.006,295.4,33.57,21.7
"2020-10-02 17:51:20.6",3392660,-0.047,0.008,-0.006,295.4,33.57,21.7
"2020-10-02 17:51:20.7",3392661,-0.086,0.008,0.015,295.4,33.57,21.7
"2020-10-02 17:51:20.8",3392662,-0.086,0.008,0.015,295.4,33.57,21.7
"2020-10-02 17:51:20.9",3392663,-0.086,0.008,0.015,295.4,33.57,21.7
"2020-10-02 17:51:21",3392664,-0.087,0.008,0.015,295.4,33.57,21.7
"2020-10-02 17:51:21.1",3392665,-0.086,0.008,0.015,295.4,33.57,21.7
"2020-10-02 17:51:21.2",3392666,-0.047,-0.041,-0.006,295.4,33.57,21.7
"2020-10-02 17:51:21.3",3392667,-0.047,-0.041,-0.006,295.4,33.57,21.7
"2020-10-02 17:51:21.4",3392668,-0.096,-0.041,0.015,295.5,33.57,21.7
"2020-10-02 17:51:21.5",3392669,-0.096,-0.041,0.015,295.5,33.57,21.7
"2020-10-02 17:51:21.6",3392670,-0.096,-0.041,0.015,295.5,33.57,21.7
"2020-10-02 17:51:21.7",3392671,-0.008,-0.002,-0.006,295.4,33.57,21.7
"2020-10-02 17:51:21.8",3392672,-0.008,-0.002,-0.006,295.4,33.57,21.7
"2020-10-02 17:51:21.9",3392673,-0.028,-0.002,-0.035,295.4,33.57,21.7
"2020-10-02 17:51:22",3392674,-0.028,-0.002,-0.035,295.4,33.57,21.7
"2020-10-02 17:51:22.1",3392675,-0.028,-0.002,-0.036,295.4,33.57,21.7
"2020-10-02 17:51:22.2",3392676,-0.028,-0.002,-0.036,295.4,33.57,21.7
"2020-10-02 17:51:22.3",3392677,-0.028,-0.002,-0.036,295.4,33.57,21.7
"2020-10-02 17:51:22.4",3392678,-0.047,0.008,-0.006,295.4,33.62,21.76
"2020-10-02 17:51:22.5",3392679,-0.047,0.009,-0.006,295.4,33.57,21.7
"2020-10-02 17:51:22.6",3392680,-0.047,0.009,-0.006,295.4,33.57,21.7
"2020-10-02 17:51:22.7",3392681,-0.047,0.009,-0.006,295.4,33.57,21.7
"2020-10-02 17:51:22.8",3392682,-0.047,0.008,-0.006,295.4,33.57,21.7
"2020-10-02 17:51:22.9",3392683,-0.047,0.009,-0.006,295.4,33.57,21.7
"2020-10-02 17:51:23",3392684,-0.047,0.008,-0.006,295.4,33.57,21.7
"2020-10-02 17:51:23.1",3392685,-0.047,0.009,-0.006,295.4,33.57,21.7
"2020-10-02 17:51:23.2",3392686,-0.047,0.008,-0.006,295.4,33.57,21.7
"2020-10-02 17:51:23.3",3392687,-0.047,0.008,-0.006,295.4,33.57,21.7
"2020-10-02 17:51:23.4",3392688,-0.047,0.008,-0.006,295.4,33.57,21.7
"2020-10-02 17:51:23.5",3392689,-0.047,0.009,-0.006,295.4,33.57,21.7
"2020-10-02 17:51:23.6",3392690,-0.047,0.008,-0.006,295.4,33.57,21.7
"2020-10-02 17:51:23.7",3392691,-0.028,-0.002,-0.036,295.4,33.57,21.71
"2020-10-02 17:51:23.8",3392692,-0.028,-0.002,-0.036,295.4,33.57,21.7
"2020-10-02 17:51:23.9",3392693,-0.008,0.008,-0.016,295.4,33.57,21.7
"2020-10-02 17:51:24",3392694,-0.008,0.008,-0.016,295.4,33.57,21.7
"2020-10-02 17:51:24.1",3392695,-0.008,0.008,-0.016,295.4,33.57,21.7
"2020-10-02 17:51:24.2",3392696,-0.008,0.009,-0.016,295.4,33.57,21.7
"2020-10-02 17:51:24.3",3392697,-0.008,0.009,-0.016,295.4,33.57,21.7
"2020-10-02 17:51:24.4",3392698,-0.008,0.008,-0.016,295.4,33.57,21.7
"2020-10-02 17:51:24.5",3392699,-0.008,0.008,-0.016,295.4,33.57,21.7
"2020-10-02 17:51:24.6",3392700,-0.008,0.008,-0.016,295.4,33.57,21.7
"2020-10-02 17:51:24.7",3392701,-0.028,-0.002,-0.036,295.4,33.57,21.7
"2020-10-02 17:51:24.8",3392702,-0.028,-0.002,-0.036,295.4,33.57,21.7
"2020-10-02 17:51:24.9",3392703,-0.028,-0.002,-0.035,295.4,33.63,21.75
"2020-10-02 17:51:25",3392704,-0.028,-0.002,-0.035,295.4,33.57,21.7
"2020-10-02 17:51:25.1",3392705,-0.028,-0.002,-0.035,295.4,33.57,21.7
"2020-10-02 17:51:25.2",3392706,-0.047,-0.041,-0.006,295.3,33.57,21.7
"2020-10-02 17:51:25.3",3392707,-0.047,-0.041,-0.006,295.3,33.57,21.7
"2020-10-02 17:51:25.4",3392708,-0.067,-0.002,-0.016,295.3,33.57,21.7
"2020-10-02 17:51:25.5",3392709,-0.067,-0.002,-0.016,295.3,33.57,21.7
"2020-10-02 17:51:25.6",3392710,-0.067,-0.002,-0.016,295.3,33.57,21.7
"2020-10-02 17:51:25.7",3392711,-0.067,-0.002,-0.016,295.3,33.57,21.7
"2020-10-02 17:51:25.8",3392712,-0.067,-0.002,-0.016,295.3,33.57,21.7
"2020-10-02 17:51:25.9",3392713,-0.047,0.008,-0.006,295.4,33.57,21.7
"2020-10-02 17:51:26",3392714,-0.047,0.008,-0.006,295.4,33.57,21.7
"2020-10-02 17:51:26.1",3392715,-0.047,0.009,-0.006,295.4,33.57,21.7
"2020-10-02 17:51:26.2",3392716,-0.047,0.009,-0.006,295.4,33.57,21.73
"2020-10-02 17:51:26.3",3392717,-0.047,0.008,-0.006,295.4,33.57,21.7
"2020-10-02 17:51:26.4",3392718,-0.047,0.008,-0.006,295.4,33.57,21.7
"2020-10-02 17:51:26.5",3392719,-0.047,0.009,-0.006,295.4,33.57,21.7
"2020-10-02 17:51:26.6",3392720,-0.047,0.008,-0.006,295.4,33.57,21.7
"2020-10-02 17:51:26.7",3392721,-0.047,0.008,-0.006,295.4,33.57,21.7
"2020-10-02 17:51:26.8",3392722,-0.047,0.008,-0.006,295.4,33.57,21.7
"2020-10-02 17:51:26.9",3392723,-0.047,0.008,-0.006,295.4,33.57,21.7
"2020-10-02 17:51:27",3392724,-0.047,0.008,-0.006,295.4,33.57,21.7
"2020-10-02 17:51:27.1",3392725,-0.047,0.009,-0.006,295.4,33.57,21.7
"2020-10-02 17:51:27.2",3392726,-0.047,0.008,-0.006,295.4,33.57,21.7
"2020-10-02 17:51:27.3",3392727,-0.047,0.008,-0.006,295.4,33.57,21.7
"2020-10-02 17:51:27.4",3392728,-0.008,0.009,-0.016,295.4,33.63,21.72
"2020-10-02 17:51:27.5",3392729,-0.008,0.008,-0.016,295.4,33.57,21.7
"2020-10-02 17:51:27.6",3392730,-0.008,0.008,-0.016,295.4,33.57,21.7
"2020-10-02 17:51:27.7",3392731,-0.028,-0.002,-0.035,295.4,33.57,21.7
"2020-10-02 17:51:27.8",3392732,-0.028,-0.002,-0.036,295.4,33.57,21.7
"2020-10-02 17:51:27.9",3392733,-0.028,-0.002,-0.036,295.4,33.57,21.7
"2020-10-02 17:51:28",3392734,-0.028,-0.002,-0.036,295.4,33.57,21.7
"2020-10-02 17:51:28.1",3392735,-0.028,-0.002,-0.035,295.4,33.57,21.7
"2020-10-02 17:51:28.2",3392736,-0.028,-0.002,-0.036,295.4,33.57,21.7
"2020-10-02 17:51:28.3",3392737,-0.028,-0.002,-0.035,295.4,33.57,21.7
"2020-10-02 17:51:28.4",3392738,-0.028,-0.002,-0.036,295.4,33.57,21.7
"2020-10-02 17:51:28.5",3392739,-0.028,-0.002,-0.036,295.4,33.57,21.7
"2020-10-02 17:51:28.6",3392740,-0.028,-0.002,-0.035,295.4,33.57,21.7
"2020-10-02 17:51:28.7",3392741,-0.096,-0.041,-0.035,295.4,33.57,21.74
"2020-10-02 17:51:28.8",3392742,-0.096,-0.041,-0.035,295.4,33.57,21.7
"2020-10-02 17:51:28.9",3392743,-0.047,-0.051,-0.065,295.4,33.57,21.7
"2020-10-02 17:51:29",3392744,-0.047,-0.051,-0.065,295.4,33.57,21.7
"2020-10-02 17:51:29.1",3392745,-0.047,-0.051,-0.065,295.4,33.57,21.7
"2020-10-02 17:51:29.2",3392746,-0.086,0.008,-0.036,295.5,33.57,21.7
"2020-10-02 17:51:29.3",3392747,-0.087,0.008,-0.036,295.5,33.57,21.7
"2020-10-02 17:51:29.4",3392748,-0.087,0.008,-0.036,295.5,33.57,21.7
"2020-10-02 17:51:29.5",3392749,-0.086,0.009,-0.036,295.5,33.57,21.7
"2020-10-02 17:51:29.6",3392750,-0.086,0.009,-0.036,295.5,33.57,21.71
"2020-10-02 17:51:29.7",3392751,-0.086,0.008,-0.035,295.5,33.57,21.7
"2020-10-02 17:51:29.8",3392752,-0.086,0.008,-0.035,295.5,33.57,21.71
"2020-10-02 17:51:29.9",3392753,-0.067,-0.002,-0.016,295.5,33.63,21.7
"2020-10-02 17:51:30",3392754,-0.067,-0.002,-0.016,295.5,33.57,21.7
"2020-10-02 17:51:30.1",3392755,-0.067,-0.002,-0.016,295.5,33.57,21.7
"2020-10-02 17:51:30.2",3392756,-0.067,-0.002,-0.016,295.5,33.57,21.7
"2020-10-02 17:51:30.3",3392757,-0.067,-0.002,-0.016,295.5,33.57,21.7
"2020-10-02 17:51:30.4",3392758,-0.067,-0.002,-0.016,295.5,33.57,21.7
"2020-10-02 17:51:30.5",3392759,-0.067,-0.002,-0.016,295.5,33.57,21.7
"2020-10-02 17:51:30.6",3392760,-0.067,-0.002,-0.016,295.5,33.57,21.7
"2020-10-02 17:51:30.7",3392761,-0.067,-0.002,-0.016,295.5,33.57,21.7
"2020-10-02 17:51:30.8",3392762,-0.067,-0.002,-0.016,295.5,33.57,21.7
"2020-10-02 17:51:30.9",3392763,-0.067,-0.002,-0.016,295.5,33.57,21.7
"2020-10-02 17:51:31",3392764,-0.067,-0.002,-0.016,295.5,33.57,21.7
"2020-10-02 17:51:31.1",3392765,-0.067,-0.002,-0.016,295.5,33.57,21.7
"2020-10-02 17:51:31.2",3392766,-0.057,0.008,-0.065,295.5,33.6,21.73
"2020-10-02 17:51:31.3",3392767,-0.057,0.008,-0.065,295.5,33.57,21.71
"2020-10-02 17:51:31.4",3392768,-0.028,-0.002,-0.036,295.4,33.57,21.71
"2020-10-02 17:51:31.5",3392769,-0.028,-0.002,-0.035,295.4,33.57,21.71
"2020-10-02 17:51:31.6",3392770,-0.028,-0.002,-0.036,295.4,33.57,21.7
"2020-10-02 17:51:31.7",3392771,-0.008,0.008,-0.016,295.4,33.57,21.7
"2020-10-02 17:51:31.8",3392772,-0.008,0.008,-0.016,295.4,33.57,21.7
"2020-10-02 17:51:31.9",3392773,-0.008,-0.002,-0.006,295.4,33.57,21.7
"2020-10-02 17:51:32",3392774,-0.008,-0.002,-0.006,295.4,33.57,21.7
"2020-10-02 17:51:32.1",3392775,-0.008,-0.002,-0.006,295.4,33.57,21.7
"2020-10-02 17:51:32.2",3392776,-0.008,-0.002,-0.006,295.4,33.57,21.7
"2020-10-02 17:51:32.3",3392777,-0.008,-0.002,-0.006,295.4,33.57,21.7
"2020-10-02 17:51:32.4",3392778,-0.008,-0.002,-0.006,295.4,33.6,21.7
"2020-10-02 17:51:32.5",3392779,-0.008,-0.002,-0.006,295.4,33.57,21.7
"2020-10-02 17:51:32.6",3392780,-0.008,-0.002,-0.006,295.4,33.57,21.7
"2020-10-02 17:51:32.7",3392781,-0.008,0.009,-0.016,295.4,33.57,21.7
"2020-10-02 17:51:32.8",3392782,-0.008,0.008,-0.016,295.4,33.57,21.7
"2020-10-02 17:51:32.9",3392783,-0.008,0.008,-0.016,295.4,33.57,21.7
"2020-10-02 17:51:33",3392784,-0.008,0.008,-0.016,295.4,33.57,21.7
"2020-10-02 17:51:33.1",3392785,-0.008,0.008,-0.016,295.4,33.57,21.7
"2020-10-02 17:51:33.2",3392786,-0.008,0.008,-0.016,295.4,33.57,21.7
"2020-10-02 17:51:33.3",3392787,-0.008,0.008,-0.016,295.4,33.57,21.7
"2020-10-02 17:51:33.4",3392788,-0.008,0.008,-0.016,295.4,33.57,21.7
"2020-10-02 17:51:33.5",3392789,-0.008,0.009,-0.016,295.4,33.57,21.7
"2020-10-02 17:51:33.6",3392790,-0.008,0.008,-0.016,295.4,33.57,21.71
"2020-10-02 17:51:33.7",3392791,-0.028,0.047,-0.036,295.4,33.6,21.76
"2020-10-02 17:51:33.8",3392792,-0.028,0.047,-0.035,295.4,33.57,21.7
"2020-10-02 17:51:33.9",3392793,-0.057,0.008,-0.065,295.5,33.57,21.7
"2020-10-02 17:51:34",3392794,-0.057,0.008,-0.065,295.5,33.57,21.7
"2020-10-02 17:51:34.1",3392795,-0.057,0.008,-0.065,295.5,33.57,21.7
"2020-10-02 17:51:34.2",3392796,-0.028,-0.002,-0.036,295.4,33.57,21.7
"2020-10-02 17:51:34.3",3392797,-0.028,-0.002,-0.036,295.4,33.57,21.7
"2020-10-02 17:51:34.4",3392798,-0.057,0.008,-0.065,295.5,33.57,21.7
"2020-10-02 17:51:34.5",3392799,-0.057,0.009,-0.065,295.4,33.57,21.7
"2020-10-02 17:51:34.6",3392800,-0.057,0.008,-0.065,295.5,33.57,21.7
"2020-10-02 17:51:34.7",3392801,-0.008,0.008,-0.016,295.5,33.57,21.7
"2020-10-02 17:51:34.8",3392802,-0.008,0.008,-0.016,295.5,33.57,21.7
"2020-10-02 17:51:34.9",3392803,-0.028,-0.002,-0.035,295.5,33.58,21.7
"2020-10-02 17:51:35",3392804,-0.028,-0.002,-0.035,295.5,33.57,21.7
"2020-10-02 17:51:35.1",3392805,-0.028,-0.002,-0.036,295.5,33.57,21.7
"2020-10-02 17:51:35.2",3392806,-0.057,0.008,-0.065,295.5,33.57,21.7
"2020-10-02 17:51:35.3",3392807,-0.057,0.008,-0.065,295.5,33.57,21.7
"2020-10-02 17:51:35.4",3392808,-0.057,0.008,-0.065,295.5,33.57,21.7
"2020-10-02 17:51:35.5",3392809,-0.057,0.008,-0.065,295.5,33.57,21.7
"2020-10-02 17:51:35.6",3392810,-0.057,0.008,-0.065,295.5,33.57,21.7
"2020-10-02 17:51:35.7",3392811,-0.057,0.008,-0.065,295.5,33.57,21.7
"2020-10-02 17:51:35.8",3392812,-0.057,0.008,-0.065,295.4,33.57,21.7
"2020-10-02 17:51:35.9",3392813,-0.057,0.008,-0.065,295.5,33.57,21.7
"2020-10-02 17:51:36",3392814,-0.057,0.008,-0.065,295.5,33.57,21.7
"2020-10-02 17:51:36.1",3392815,-0.057,0.008,-0.065,295.5,33.57,21.7
"2020-10-02 17:51:36.2",3392816,-0.057,0.008,-0.065,295.5,33.6,21.76
"2020-10-02 17:51:36.3",3392817,-0.057,0.008,-0.065,295.5,33.57,21.7
"2020-10-02 17:51:36.4",3392818,-0.028,0.047,-0.035,295.4,33.57,21.7
"2020-10-02 17:51:36.5",3392819,-0.028,0.047,-0.035,295.4,33.57,21.7
"2020-10-02 17:51:36.6",3392820,-0.028,0.047,-0.036,295.4,33.57,21.7
"2020-10-02 17:51:36.7",3392821,-0.028,0.047,-0.035,295.4,33.57,21.7
"2020-10-02 17:51:36.8",3392822,-0.028,0.048,-0.035,295.4,33.57,21.7
"2020-10-02 17:51:36.9",3392823,-0.067,0.047,-0.006,295.5,33.57,21.7
"2020-10-02 17:51:37",3392824,-0.067,0.047,-0.006,295.5,33.57,21.7
"2020-10-02 17:51:37.1",3392825,-0.067,0.047,-0.006,295.5,33.57,21.7
"2020-10-02 17:51:37.2",3392826,-0.13,0.038,-0.006,295.4,33.57,21.7
"2020-10-02 17:51:37.3",3392827,-0.13,0.038,-0.006,295.4,33.57,21.7
"2020-10-02 17:51:37.4",3392828,-0.13,0.038,-0.006,295.4,33.57,21.7
"2020-10-02 17:51:37.5",3392829,-0.13,0.038,-0.006,295.4,33.57,21.7
"2020-10-02 17:51:37.6",3392830,-0.131,0.038,-0.006,295.4,33.57,21.7
"2020-10-02 17:51:37.7",3392831,-0.057,0.077,-0.006,295.5,33.57,21.7
"2020-10-02 17:51:37.8",3392832,-0.057,0.077,-0.006,295.5,33.57,21.7
"2020-10-02 17:51:37.9",3392833,-0.067,0.047,-0.006,295.5,33.57,21.7
"2020-10-02 17:51:38",3392834,-0.067,0.047,-0.006,295.5,33.57,21.7
"2020-10-02 17:51:38.1",3392835,-0.067,0.048,-0.006,295.4,33.57,21.7
"2020-10-02 17:51:38.2",3392836,-0.13,0.038,-0.006,295.4,33.57,21.7
"2020-10-02 17:51:38.3",3392837,-0.13,0.038,-0.006,295.4,33.57,21.7
"2020-10-02 17:51:38.4",3392838,-0.13,0.038,-0.006,295.4,33.57,21.7
"2020-10-02 17:51:38.5",3392839,-0.13,0.038,-0.006,295.4,33.57,21.7
"2020-10-02 17:51:38.6",3392840,-0.131,0.038,-0.006,295.4,33.57,21.7
"2020-10-02 17:51:38.7",3392841,-0.131,0.038,-0.006,295.4,33.61,21.76
"2020-10-02 17:51:38.8",3392842,-0.13,0.038,-0.006,295.4,33.57,21.7
"2020-10-02 17:51:38.9",3392843,-0.13,0.038,-0.006,295.4,33.57,21.7
"2020-10-02 17:51:39",3392844,-0.13,0.038,-0.006,295.4,33.57,21.7
"2020-10-02 17:51:39.1",3392845,-0.13,0.038,-0.006,295.4,33.57,21.7
"2020-10-02 17:51:39.2",3392846,-0.14,0.008,-0.016,295.5,33.57,21.7
"2020-10-02 17:51:39.3",3392847,-0.14,0.008,-0.016,295.5,33.57,21.7
"2020-10-02 17:51:39.4",3392848,-0.13,0.038,-0.006,295.5,33.57,21.7
"2020-10-02 17:51:39.5",3392849,-0.13,0.038,-0.006,295.5,33.57,21.7
"2020-10-02 17:51:39.6",3392850,-0.13,0.038,-0.006,295.5,33.57,21.7
"2020-10-02 17:51:39.7",3392851,-0.14,0.008,-0.016,295.5,33.57,21.7
"2020-10-02 17:51:39.8",3392852,-0.14,0.009,-0.016,295.5,33.57,21.7
"2020-10-02 17:51:39.9",3392853,-0.067,0.047,-0.006,295.5,33.57,21.7
"2020-10-02 17:51:40",3392854,-0.067,0.047,-0.006,295.5,33.57,21.71
"2020-10-02 17:51:40.1",3392855,-0.067,0.047,-0.006,295.5,33.57,21.7
"2020-10-02 17:51:40.2",3392856,-0.067,0.047,-0.006,295.4,33.57,21.7
"2020-10-02 17:51:40.3",3392857,-0.067,0.047,-0.006,295.5,33.57,21.7
"2020-10-02 17:51:40.4",3392858,-0.067,0.047,-0.006,295.5,33.57,21.7
"2020-10-02 17:51:40.5",3392859,-0.067,0.047,-0.006,295.5,33.57,21.7
"2020-10-02 17:51:40.6",3392860,-0.067,0.047,-0.006,295.5,33.57,21.7
"2020-10-02 17:51:40.7",3392861,-0.096,0.087,-0.035,295.4,33.57,21.7
"2020-10-02 17:51:40.8",3392862,-0.096,0.087,-0.036,295.4,33.57,21.7
"2020-10-02 17:51:40.9",3392863,-0.057,0.087,-0.065,295.4,33.57,21.7
"2020-10-02 17:51:41",3392864,-0.057,0.087,-0.065,295.4,33.57,21.7
"2020-10-02 17:51:41.1",3392865,-0.057,0.087,-0.065,295.4,33.57,21.7
"2020-10-02 17:51:41.2",3392866,-0.067,0.047,-0.006,295.4,33.63,21.76
"2020-10-02 17:51:41.3",3392867,-0.067,0.047,-0.006,295.4,33.57,21.7
"2020-10-02 17:51:41.4",3392868,-0.028,0.047,-0.036,295.4,33.57,21.7
"2020-10-02 17:51:41.5",3392869,-0.028,0.047,-0.035,295.4,33.57,21.7
"2020-10-02 17:51:41.6",3392870,-0.028,0.047,-0.035,295.4,33.57,21.7
"2020-10-02 17:51:41.7",3392871,-0.028,0.047,-0.035,295.4,33.57,21.7
"2020-10-02 17:51:41.8",3392872,-0.028,0.047,-0.036,295.4,33.57,21.7
"2020-10-02 17:51:41.9",3392873,-0.028,0.047,-0.035,295.4,33.57,21.7
"2020-10-02 17:51:42",3392874,-0.028,0.048,-0.035,295.4,33.57,21.7
"2020-10-02 17:51:42.1",3392875,-0.028,0.047,-0.035,295.4,33.57,21.7
"2020-10-02 17:51:42.2",3392876,-0.067,0.047,-0.006,295.4,33.57,21.7
"2020-10-02 17:51:42.3",3392877,-0.067,0.047,-0.006,295.4,33.57,21.7
"2020-10-02 17:51:42.4",3392878,-0.047,0.008,-0.006,295.4,33.57,21.7
"2020-10-02 17:51:42.5",3392879,-0.047,0.009,-0.006,295.4,33.57,21.73
"2020-10-02 17:51:42.6",3392880,-0.047,0.009,-0.006,295.4,33.57,21.7
"2020-10-02 17:51:42.7",3392881,-0.028,-0.002,0.025,295.4,33.57,21.7
"2020-10-02 17:51:42.8",3392882,-0.028,-0.002,0.025,295.4,33.57,21.7
"2020-10-02 17:51:42.9",3392883,-0.077,-0.002,0.044,295.4,33.57,21.7
"2020-10-02 17:51:43",3392884,-0.077,-0.002,0.044,295.4,33.57,21.7
"2020-10-02 17:51:43.1",3392885,-0.077,-0.002,0.044,295.4,33.57,21.7
"2020-10-02 17:51:43.2",3392886,-0.086,0.008,0.015,295.5,33.57,21.7
"2020-10-02 17:51:43.3",3392887,-0.086,0.008,0.015,295.5,33.57,21.7
"2020-10-02 17:51:43.4",3392888,-0.086,0.008,0.015,295.5,33.57,21.7
"2020-10-02 17:51:43.5",3392889,-0.086,0.008,0.015,295.5,33.57,21.7
"2020-10-02 17:51:43.6",3392890,-0.086,0.008,0.015,295.5,33.57,21.7
"2020-10-02 17:51:43.7",3392891,-0.077,-0.002,0.044,295.5,33.63,21.73
"2020-10-02 17:51:43.8",3392892,-0.077,-0.002,0.044,295.5,33.57,21.7
"2020-10-02 17:51:43.9",3392893,-0.057,0.009,0.073,295.5,33.57,21.7
"2020-10-02 17:51:44",3392894,-0.057,0.008,0.073,295.5,33.57,21.7
"2020-10-02 17:51:44.1",3392895,-0.057,0.009,0.073,295.5,33.57,21.7
"2020-10-02 17:51:44.2",3392896,-0.057,0.008,0.073,295.5,33.57,21.7
"2020-10-02 17:51:44.3",3392897,-0.057,0.008,0.073,295.5,33.57,21.7
"2020-10-02 17:51:44.4",3392898,-0.057,0.009,0.073,295.5,33.57,21.7
"2020-10-02 17:51:44.5",3392899,-0.057,0.008,0.074,295.5,33.57,21.7
"2020-10-02 17:51:44.6",3392900,-0.057,0.008,0.073,295.5,33.57,21.71
"2020-10-02 17:51:44.7",3392901,-0.008,0.009,0.044,295.5,33.57,21.7
"2020-10-02 17:51:44.8",3392902,-0.008,0.008,0.044,295.5,33.57,21.7
"2020-10-02 17:51:44.9",3392903,-0.028,-0.002,0.025,295.5,33.57,21.7
"2020-10-02 17:51:45",3392904,-0.028,-0.002,0.024,295.5,33.57,21.73
"2020-10-02 17:51:45.1",3392905,-0.028,-0.002,0.025,295.5,33.57,21.7
"2020-10-02 17:51:45.2",3392906,-0.028,-0.002,0.025,295.5,33.57,21.7
"2020-10-02 17:51:45.3",3392907,-0.028,-0.002,0.025,295.5,33.57,21.7
"2020-10-02 17:51:45.4",3392908,-0.028,-0.002,0.025,295.5,33.57,21.7
"2020-10-02 17:51:45.5",3392909,-0.028,-0.002,0.025,295.5,33.57,21.7
"2020-10-02 17:51:45.6",3392910,-0.028,-0.002,0.025,295.5,33.57,21.7
"2020-10-02 17:51:45.7",3392911,-0.018,-0.041,0.044,295.5,33.57,21.7
"2020-10-02 17:51:45.8",3392912,-0.018,-0.041,0.044,295.5,33.57,21.7
"2020-10-02 17:51:45.9",3392913,-0.057,0.008,0.073,295.6,33.57,21.7
"2020-10-02 17:51:46",3392914,-0.057,0.009,0.074,295.6,33.57,21.7
"2020-10-02 17:51:46.1",3392915,-0.057,0.009,0.074,295.6,33.57,21.7
"2020-10-02 17:51:46.2",3392916,-0.008,0.009,0.044,295.6,33.63,21.71
"2020-10-02 17:51:46.3",3392917,-0.008,0.008,0.044,295.6,33.57,21.7
"2020-10-02 17:51:46.4",3392918,-0.057,0.008,0.073,295.6,33.57,21.7
"2020-10-02 17:51:46.5",3392919,-0.057,0.008,0.073,295.6,33.57,21.7
"2020-10-02 17:51:46.6",3392920,-0.057,0.008,0.074,295.6,33.57,21.7
"2020-10-02 17:51:46.7",3392921,-0.077,-0.002,0.044,295.5,33.57,21.7
"2020-10-02 17:51:46.8",3392922,-0.077,-0.002,0.044,295.5,33.57,21.7
"2020-10-02 17:51:46.9",3392923,-0.028,-0.002,0.025,295.5,33.57,21.7
"2020-10-02 17:51:47",3392924,-0.028,-0.002,0.025,295.5,33.57,21.7
"2020-10-02 17:51:47.1",3392925,-0.028,-0.002,0.025,295.5,33.57,21.7
"2020-10-02 17:51:47.2",3392926,-0.028,-0.002,0.025,295.5,33.57,21.7
"2020-10-02 17:51:47.3",3392927,-0.028,-0.002,0.025,295.5,33.57,21.7
"2020-10-02 17:51:47.4",3392928,-0.028,-0.002,0.024,295.5,33.57,21.7
"2020-10-02 17:51:47.5",3392929,-0.028,-0.002,0.025,295.5,33.6,21.73
"2020-10-02 17:51:47.6",3392930,-0.028,-0.002,0.025,295.5,33.57,21.7
"2020-10-02 17:51:47.7",3392931,-0.028,-0.002,0.025,295.5,33.57,21.7
"2020-10-02 17:51:47.8",3392932,-0.028,-0.002,0.025,295.5,33.57,21.7
"2020-10-02 17:51:47.9",3392933,-0.028,-0.002,0.024,295.5,33.57,21.7
"2020-10-02 17:51:48",3392934,-0.028,-0.002,0.025,295.5,33.57,21.7
"2020-10-02 17:51:48.1",3392935,-0.028,-0.002,0.025,295.5,33.57,21.7
"2020-10-02 17:51:48.2",3392936,-0.028,-0.002,0.025,295.5,33.57,21.7
"2020-10-02 17:51:48.3",3392937,-0.028,-0.002,0.025,295.5,33.57,21.7
"2020-10-02 17:51:48.4",3392938,-0.008,-0.002,0.074,295.6,33.57,21.7
"2020-10-02 17:51:48.5",3392939,-0.008,-0.002,0.073,295.6,33.57,21.7
"2020-10-02 17:51:48.6",3392940,-0.008,-0.002,0.074,295.6,33.57,21.7
"2020-10-02 17:51:48.7",3392941,-0.028,-0.002,0.025,295.6,33.61,21.7
"2020-10-02 17:51:48.8",3392942,-0.028,-0.002,0.025,295.6,33.57,21.7
"2020-10-02 17:51:48.9",3392943,-0.077,-0.002,0.117,295.6,33.57,21.7
"2020-10-02 17:51:49",3392944,-0.077,-0.002,0.117,295.6,33.57,21.7
"2020-10-02 17:51:49.1",3392945,-0.077,-0.002,0.117,295.6,33.57,21.7
"2020-10-02 17:51:49.2",3392946,-0.028,-0.002,0.093,295.6,33.57,21.7
"2020-10-02 17:51:49.3",3392947,-0.028,-0.002,0.093,295.6,33.57,21.7
"2020-10-02 17:51:49.4",3392948,-0.096,0.009,0.093,295.7,33.57,21.7
"2020-10-02 17:51:49.5",3392949,-0.096,0.008,0.093,295.7,33.57,21.7
"2020-10-02 17:51:49.6",3392950,-0.096,0.008,0.093,295.7,33.57,21.7
"2020-10-02 17:51:49.7",3392951,-0.028,-0.002,0.093,295.6,33.57,21.7
"2020-10-02 17:51:49.8",3392952,-0.028,-0.002,0.093,295.6,33.57,21.7
"2020-10-02 17:51:49.9",3392953,-0.057,0.009,0.073,295.6,33.57,21.7
"2020-10-02 17:51:50",3392954,-0.057,0.008,0.073,295.6,33.6,21.76
"2020-10-02 17:51:50.1",3392955,-0.057,0.008,0.073,295.6,33.57,21.7
"2020-10-02 17:51:50.2",3392956,-0.077,0.057,0.044,295.5,33.57,21.7
"2020-10-02 17:51:50.3",3392957,-0.077,0.057,0.044,295.5,33.57,21.7
"2020-10-02 17:51:50.4",3392958,-0.057,0.008,0.074,295.5,33.57,21.7
"2020-10-02 17:51:50.5",3392959,-0.057,0.008,0.073,295.5,33.57,21.7
"2020-10-02 17:51:50.6",3392960,-0.057,0.008,0.074,295.5,33.57,21.7
"2020-10-02 17:51:50.7",3392961,-0.14,0.048,0.073,295.5,33.57,21.7
"2020-10-02 17:51:50.8",3392962,-0.14,0.047,0.073,295.5,33.57,21.7
"2020-10-02 17:51:50.9",3392963,-0.096,0.008,0.093,295.5,33.57,21.7
"2020-10-02 17:51:51",3392964,-0.096,0.008,0.093,295.5,33.57,21.7
"2020-10-02 17:51:51.1",3392965,-0.096,0.008,0.093,295.5,33.57,21.7
"2020-10-02 17:51:51.2",3392966,-0.057,0.008,0.073,295.5,33.58,21.7
"2020-10-02 17:51:51.3",3392967,-0.057,0.008,0.073,295.5,33.57,21.7
"2020-10-02 17:51:51.4",3392968,-0.008,-0.002,0.074,295.6,33.57,21.7
"2020-10-02 17:51:51.5",3392969,-0.008,-0.002,0.073,295.6,33.57,21.7
"2020-10-02 17:51:51.6",3392970,-0.008,-0.002,0.073,295.6,33.57,21.7
"2020-10-02 17:51:51.7",3392971,-0.057,0.008,0.073,295.5,33.57,21.7
"2020-10-02 17:51:51.8",3392972,-0.057,0.008,0.073,295.5,33.57,21.7
"2020-10-02 17:51:51.9",3392973,-0.096,0.009,0.093,295.5,33.57,21.7
"2020-10-02 17:51:52",3392974,-0.096,0.008,0.093,295.5,33.57,21.7
"2020-10-02 17:51:52.1",3392975,-0.096,0.008,0.093,295.5,33.57,21.7
"2020-10-02 17:51:52.2",3392976,-0.077,0.057,0.044,295.6,33.57,21.7
"2020-10-02 17:51:52.3",3392977,-0.077,0.057,0.044,295.6,33.57,21.7
"2020-10-02 17:51:52.4",3392978,-0.047,0.009,-0.006,295.5,33.57,21.7
"2020-10-02 17:51:52.5",3392979,-0.047,0.009,-0.006,295.5,33.6,21.76
"2020-10-02 17:51:52.6",3392980,-0.047,0.008,-0.006,295.5,33.57,21.7
"2020-10-02 17:51:52.7",3392981,-0.047,0.008,-0.006,295.5,33.57,21.7
"2020-10-02 17:51:52.8",3392982,-0.047,0.008,-0.006,295.5,33.57,21.7
"2020-10-02 17:51:52.9",3392983,-0.067,0.047,-0.006,295.5,33.57,21.7
"2020-10-02 17:51:53",3392984,-0.067,0.047,-0.006,295.5,33.57,21.7
"2020-10-02 17:51:53.1",3392985,-0.067,0.047,-0.006,295.5,33.57,21.7
"2020-10-02 17:51:53.2",3392986,-0.13,0.038,-0.006,295.4,33.57,21.7
"2020-10-02 17:51:53.3",3392987,-0.13,0.038,-0.006,295.4,33.57,21.7
"2020-10-02 17:51:53.4",3392988,-0.14,0.009,-0.016,295.5,33.57,21.7
"2020-10-02 17:51:53.5",3392989,-0.14,0.008,-0.016,295.5,33.57,21.7
"2020-10-02 17:51:53.6",3392990,-0.14,0.008,-0.016,295.5,33.57,21.7
"2020-10-02 17:51:53.7",3392991,-0.14,0.077,0.044,295.5,33.57,21.7
"2020-10-02 17:51:53.8",3392992,-0.14,0.077,0.044,295.5,33.57,21.7
"2020-10-02 17:51:53.9",3392993,-0.096,0.009,0.093,295.4,33.57,21.7
"2020-10-02 17:51:54",3392994,-0.096,0.009,0.093,295.4,33.57,21.7
"2020-10-02 17:51:54.1",3392995,-0.096,0.008,0.093,295.4,33.57,21.7
"2020-10-02 17:51:54.2",3392996,-0.057,0.008,0.074,295.5,33.57,21.7
"2020-10-02 17:51:54.3",3392997,-0.057,0.009,0.074,295.5,33.57,21.7
"2020-10-02 17:51:54.4",3392998,-0.14,0.047,0.074,295.5,33.57,21.7
"2020-10-02 17:51:54.5",3392999,-0.14,0.047,0.073,295.5,33.57,21.7
"2020-10-02 17:51:54.6",3393000,-0.14,0.048,0.073,295.5,33.57,21.7
"2020-10-02 17:51:54.7",3393001,-0.14,0.047,0.074,295.5,33.57,21.7
"2020-10-02 17:51:54.8",3393002,-0.14,0.048,0.073,295.5,33.57,21.7
"2020-10-02 17:51:54.9",3393003,-0.16,0.087,0.117,295.5,33.57,21.7
"2020-10-02 17:51:55",3393004,-0.16,0.087,0.117,295.5,33.62,21.76
"2020-10-02 17:51:55.1",3393005,-0.16,0.087,0.117,295.5,33.57,21.7
"2020-10-02 17:51:55.2",3393006,-0.077,0.057,0.044,295.5,33.57,21.7
"2020-10-02 17:51:55.3",3393007,-0.077,0.057,0.044,295.5,33.57,21.7
"2020-10-02 17:51:55.4",3393008,-0.15,0.086,-0.006,295.5,33.57,21.7
"2020-10-02 17:51:55.5",3393009,-0.15,0.087,-0.006,295.5,33.57,21.7
"2020-10-02 17:51:55.6",3393010,-0.15,0.087,-0.006,295.5,33.57,21.7
"2020-10-02 17:51:55.7",3393011,-0.13,0.038,-0.006,295.4,33.57,21.7
"2020-10-02 17:51:55.8",3393012,-0.13,0.038,-0.006,295.4,33.57,21.7
"2020-10-02 17:51:55.9",3393013,-0.13,0.038,-0.006,295.4,33.57,21.71
"2020-10-02 17:51:56",3393014,-0.13,0.038,-0.006,295.4,33.57,21.71
"2020-10-02 17:51:56.1",3393015,-0.13,0.038,-0.006,295.4,33.57,21.7
"2020-10-02 17:51:56.2",3393016,-0.086,0.008,0.015,295.5,33.57,21.7
"2020-10-02 17:51:56.3",3393017,-0.086,0.008,0.015,295.5,33.57,21.71
"2020-10-02 17:51:56.4",3393018,-0.14,0.008,-0.016,295.5,33.57,21.7
"2020-10-02 17:51:56.5",3393019,-0.14,0.008,-0.016,295.5,33.57,21.7
"2020-10-02 17:51:56.6",3393020,-0.14,0.009,-0.016,295.5,33.57,21.7
"2020-10-02 17:51:56.7",3393021,-0.096,0.087,0.015,295.5,33.57,21.7
"2020-10-02 17:51:56.8",3393022,-0.096,0.087,0.015,295.5,33.57,21.7
"2020-10-02 17:51:56.9",3393023,-0.096,0.087,0.015,295.4,33.57,21.7
"2020-10-02 17:51:57",3393024,-0.096,0.087,0.015,295.4,33.57,21.7
"2020-10-02 17:51:57.1",3393025,-0.096,0.087,0.015,295.4,33.57,21.7
"2020-10-02 17:51:57.2",3393026,-0.179,0.047,0.015,295.5,33.57,21.7
"2020-10-02 17:51:57.3",3393027,-0.179,0.047,0.015,295.5,33.57,21.7
"2020-10-02 17:51:57.4",3393028,-0.14,0.008,-0.016,295.5,33.57,21.7
"2020-10-02 17:51:57.5",3393029,-0.14,0.008,-0.016,295.5,33.63,21.75
"2020-10-02 17:51:57.6",3393030,-0.14,0.008,-0.016,295.5,33.57,21.7
"2020-10-02 17:51:57.7",3393031,-0.096,0.087,-0.035,295.5,33.57,21.7
"2020-10-02 17:51:57.8",3393032,-0.096,0.087,-0.035,295.5,33.57,21.7
"2020-10-02 17:51:57.9",3393033,-0.14,0.009,-0.016,295.5,33.57,21.7
"2020-10-02 17:51:58",3393034,-0.14,0.008,-0.016,295.5,33.57,21.7
"2020-10-02 17:51:58.1",3393035,-0.14,0.008,-0.016,295.5,33.57,21.7
"2020-10-02 17:51:58.2",3393036,-0.13,0.038,-0.006,295.4,33.57,21.7
"2020-10-02 17:51:58.3",3393037,-0.13,0.038,-0.006,295.4,33.57,21.7
"2020-10-02 17:51:58.4",3393038,-0.13,0.038,-0.006,295.4,33.57,21.7
"2020-10-02 17:51:58.5",3393039,-0.13,0.038,-0.006,295.4,33.57,21.7
"2020-10-02 17:51:58.6",3393040,-0.13,0.038,-0.006,295.4,33.57,21.7
"2020-10-02 17:51:58.7",3393041,-0.13,0.038,-0.006,295.4,33.57,21.7
"2020-10-02 17:51:58.8",3393042,-0.13,0.038,-0.006,295.4,33.57,21.73
"2020-10-02 17:51:58.9",3393043,-0.179,0.047,0.015,295.3,33.57,21.7
"2020-10-02 17:51:59",3393044,-0.179,0.047,0.015,295.3,33.57,21.7
"2020-10-02 17:51:59.1",3393045,-0.179,0.047,0.015,295.3,33.57,21.7
"2020-10-02 17:51:59.2",3393046,-0.179,0.047,0.015,295.3,33.57,21.7
"2020-10-02 17:51:59.3",3393047,-0.179,0.047,0.015,295.3,33.57,21.7
"2020-10-02 17:51:59.4",3393048,-0.096,0.086,0.015,295.3,33.57,21.7
"2020-10-02 17:51:59.5",3393049,-0.096,0.087,0.015,295.3,33.57,21.7
"2020-10-02 17:51:59.6",3393050,-0.096,0.087,0.015,295.3,33.57,21.7
"2020-10-02 17:51:59.7",3393051,-0.13,0.038,-0.006,295.4,33.57,21.7
"2020-10-02 17:51:59.8",3393052,-0.13,0.038,-0.006,295.4,33.57,21.7
"2020-10-02 17:51:59.9",3393053,-0.14,0.047,0.073,295.5,33.57,21.7
"2020-10-02 17:52:00",3393054,-0.14,0.047,0.073,295.5,33.63,21.73
"2020-10-02 17:52:00.1",3393055,-0.14,0.047,0.073,295.5,33.57,21.7
"2020-10-02 17:52:00.2",3393056,-0.14,0.047,0.074,295.6,33.57,21.7
"2020-10-02 17:52:00.3",3393057,-0.14,0.047,0.073,295.6,33.57,21.7
"2020-10-02 17:52:00.4",3393058,-0.077,0.057,0.044,295.5,33.57,21.7
"2020-10-02 17:52:00.5",3393059,-0.077,0.057,0.044,295.5,33.57,21.7
"2020-10-02 17:52:00.6",3393060,-0.077,0.057,0.044,295.5,33.57,21.7
"2020-10-02 17:52:00.7",3393061,-0.077,0.057,0.044,295.4,33.57,21.7
"2020-10-02 17:52:00.8",3393062,-0.077,0.057,0.044,295.4,33.57,21.7
"2020-10-02 17:52:00.9",3393063,-0.028,0.047,0.025,295.3,33.57,21.7
"2020-10-02 17:52:01",3393064,-0.028,0.047,0.025,295.3,33.57,21.7
"2020-10-02 17:52:01.1",3393065,-0.028,0.047,0.025,295.3,33.57,21.7
"2020-10-02 17:52:01.2",3393066,-0.13,0.038,-0.006,295.3,33.57,21.7
"2020-10-02 17:52:01.3",3393067,-0.13,0.037,-0.006,295.3,33.57,21.73
"2020-10-02 17:52:01.4",3393068,-0.13,0.038,-0.006,295.3,33.57,21.7
"2020-10-02 17:52:01.5",3393069,-0.13,0.038,-0.006,295.3,33.57,21.7
"2020-10-02 17:52:01.6",3393070,-0.13,0.038,-0.006,295.3,33.57,21.7
"2020-10-02 17:52:01.7",3393071,-0.087,0.008,0.015,295.2,33.57,21.7
"2020-10-02 17:52:01.8",3393072,-0.086,0.008,0.015,295.2,33.57,21.7
"2020-10-02 17:52:01.9",3393073,-0.16,0.038,-0.006,295.2,33.57,21.7
"2020-10-02 17:52:02",3393074,-0.16,0.038,-0.006,295.2,33.57,21.7
"2020-10-02 17:52:02.1",3393075,-0.16,0.038,-0.006,295.2,33.57,21.7
"2020-10-02 17:52:02.2",3393076,-0.14,0.077,0.044,295.3,33.57,21.7
"2020-10-02 17:52:02.3",3393077,-0.14,0.077,0.044,295.3,33.57,21.7
"2020-10-02 17:52:02.4",3393078,-0.15,0.087,-0.006,295.4,33.57,21.7
"2020-10-02 17:52:02.5",3393079,-0.15,0.087,-0.006,295.4,33.63,21.7
"2020-10-02 17:52:02.6",3393080,-0.15,0.087,-0.006,295.4,33.57,21.7
"2020-10-02 17:52:02.7",3393081,-0.15,0.087,-0.006,295.4,33.57,21.7
"2020-10-02 17:52:02.8",3393082,-0.15,0.087,-0.006,295.4,33.57,21.7
"2020-10-02 17:52:02.9",3393083,-0.15,0.087,-0.006,295.4,33.57,21.7
"2020-10-02 17:52:03",3393084,-0.15,0.087,-0.006,295.4,33.57,21.7
"2020-10-02 17:52:03.1",3393085,-0.15,0.087,-0.006,295.4,33.57,21.7
"2020-10-02 17:52:03.2",3393086,-0.13,0.037,-0.006,295.4,33.57,21.7
"2020-10-02 17:52:03.3",3393087,-0.13,0.038,-0.006,295.4,33.57,21.7
"2020-10-02 17:52:03.4",3393088,-0.13,0.038,-0.006,295.4,33.57,21.7
"2020-10-02 17:52:03.5",3393089,-0.13,0.038,-0.006,295.4,33.57,21.7
"2020-10-02 17:52:03.6",3393090,-0.13,0.038,-0.006,295.4,33.57,21.7
