"TOA5","10329","CR6","10329","CR6.Std.09.01 CR6-WIFI.04.00.01","CPU:YOUNG81000_HMP60_10Hz.CR6","51185","Young10Hz_hmp"
"TIMESTAMP","RECORD","U","V","W","TSonic","RH","T_HMP60"
"TS","RN","mV","mV","mV","mV","%","Deg C"
"","","Smp","Smp","Smp","Smp","Smp","Smp"
"2020-10-04 04:30:51",4423287,-10,-10,-10,220,-0.001,-40.01
"2020-10-04 04:30:51.1",4423288,-10,-10,-10,220,-0.001,-40.01
"2020-10-04 04:30:51.2",4423289,-10,-10,-10,220,-0.001,-40.01
"2020-10-04 04:30:51.3",4423290,-10,-10,-10,220,-0.001,-40.01
"2020-10-04 04:30:51.4",4423291,-10,-10,-10,220,-0.001,-40.01
"2020-10-04 04:30:51.5",4423292,-10,-10,-10,220,-0.001,-40.01
"2020-10-04 04:30:51.6",4423293,-10,-10,-10,220,-0.001,-40.01
"2020-10-04 04:30:51.7",4423294,-10,-10,-10,220,-0.001,-40.01
"2020-10-04 04:30:51.8",4423295,-10,-10,-10,220,-0.001,-40.01
"2020-10-04 04:30:51.9",4423296,-10,-10,-10,220,-0.001,-40.01
"2020-10-04 04:30:52",4423297,-10,-10,-10,220,-0.001,-40.01
"2020-10-04 04:30:52.1",4423298,-10,-10,-10,220,-0.001,-40.01
"2020-10-04 04:30:52.2",4423299,-10,-10,-10,220,-0.001,-40.01
"2020-10-04 04:30:52.3",4423300,-10,-10,-10,220,-0.001,-40.01
"2020-10-04 04:30:52.4",4423301,-10,-10,-10,220,-0.001,-40.01
"2020-10-04 04:30:52.5",4423302,-10,-10,-10,220,-0.001,-40.01
"2020-10-04 04:30:52.6",4423303,-10,-10,-10,220,-0.001,-40.01
"2020-10-04 04:30:52.7",4423304,-10,-10,-10,220,-0.001,-40.01
"2020-10-04 04:30:52.8",4423305,-10,-10,-10,220,-0.001,-40.01
"2020-10-04 04:30:52.9",4423306,-10,-10,-10,220,-0.001,-40.01
"2020-10-04 04:30:53",4423307,-10,-10,-10,220,-0.001,-40.01
"2020-10-04 04:30:53.1",4423308,-10,-10,-10,220,-0.001,-40.01
"2020-10-04 04:30:53.2",4423309,-10,-10,-10,220,-0.001,-40.01
"2020-10-04 04:30:53.3",4423310,-10,-10,-10,220,-0.001,-40.01
"2020-10-04 04:30:53.4",4423311,-10,-10,-10,220,-0.001,-40.01
"2020-10-04 04:30:53.5",4423312,-10,-10,-10,220,-0.001,-40.01
"2020-10-04 04:30:53.6",4423313,-10,-10,-10,220,-0.001,-40.01
"2020-10-04 04:30:53.7",4423314,-10,-10,-10,220,-0.001,-40.01
"2020-10-04 04:30:53.8",4423315,-10,-10,-10,220,-0.001,-40.01
"2020-10-04 04:30:53.9",4423316,-10,-10,-10,220,-0.001,-40.01
"2020-10-04 04:30:54",4423317,-10,-10,-10,220,-0.001,-40.01
"2020-10-04 04:30:54.1",4423318,-10,-10,-10,220,-0.001,-40.01
"2020-10-04 04:30:54.2",4423319,-10,-10,-10,220,-0.001,-40.01
"2020-10-04 04:30:54.3",4423320,-10,-10,-10,220,-0.001,-40.01
"2020-10-04 04:30:54.4",4423321,-10,-10,-10,220,-0.001,-40.01
"2020-10-04 04:30:54.5",4423322,-10,-10,-10,220,-0.001,-40.01
"2020-10-04 04:30:54.6",4423323,-10,-10,-10,220,-0.001,-40.01
"2020-10-04 04:30:54.7",4423324,-10,-10,-10,220,-0.001,-40.01
"2020-10-04 04:30:54.8",4423325,-10,-10,-10,220,-0.001,-40.01
"2020-10-04 04:30:54.9",4423326,-10,-10,-10,220,-0.001,-40.01
"2020-10-04 04:30:55",4423327,-10,-10,-10,220,-0.001,-40.01
"2020-10-04 04:30:55.1",4423328,-10,-10,-10,220,-0.001,-40.01
"2020-10-04 04:30:55.2",4423329,-10,-10,-10,220,-0.001,-40.01
"2020-10-04 04:30:55.3",4423330,-10,-10,-10,220,-0.001,-40.01
"2020-10-04 04:30:55.4",4423331,-10,-10,-10,220,-0.001,-40.01
"2020-10-04 04:30:55.5",4423332,-10,-10,-10,220,-0.001,-40.01
"2020-10-04 04:30:55.6",4423333,-10,-10,-10,220,-0.001,-40.01
"2020-10-04 04:30:55.7",4423334,-10,-10,-10,220,-0.001,-40.01
"2020-10-04 04:30:55.8",4423335,-10,-10,-10,220,-0.001,-40.01
"2020-10-04 04:30:55.9",4423336,-10,-10,-10,220,-0.001,-40.01
"2020-10-04 04:30:56",4423337,-10,-10,-10,220,-0.001,-40.01
"2020-10-04 04:30:56.1",4423338,-10,-10,-10,220,-0.001,-40.01
"2020-10-04 04:30:56.2",4423339,-10,-10,-10,220,-0.001,-40.01
"2020-10-04 04:30:56.3",4423340,-10,-10,-10,220,-0.001,-40.01
"2020-10-04 04:30:56.4",4423341,-10,-10,-10,220,-0.001,-40.01
"2020-10-04 04:30:56.5",4423342,-10,-10,-10,220,-0.001,-40.01
"2020-10-04 04:30:56.6",4423343,-10,-10,-10,220,-0.001,-40.01
"2020-10-04 04:30:56.7",4423344,-10,-10,-10,220,-0.001,-40.01
"2020-10-04 04:30:56.8",4423345,-10,-10,-10,220,-0.001,-40.01
"2020-10-04 04:30:56.9",4423346,-10,-10,-10,220,-0.001,-40.01
"2020-10-04 04:30:57",4423347,-10,-10,-10,220,-0.001,-40.01
"2020-10-04 04:30:57.1",4423348,-10,-10,-10,220,-0.001,-40.01
"2020-10-04 04:30:57.2",4423349,-10,-10,-10,220,-0.001,-40.01
"2020-10-04 04:30:57.3",4423350,-10,-10,-10,220,-0.001,-40.01
"2020-10-04 04:30:57.4",4423351,-10,-10,-10,220,-0.001,-40.01
"2020-10-04 04:30:57.5",4423352,-10,-10,-10,220,-0.001,-40.01
"2020-10-04 04:30:57.6",4423353,-10,-10,-10,220,-0.001,-40.01
"2020-10-04 04:30:57.7",4423354,-10,-10,-10,220,-0.001,-40.01
"2020-10-04 04:30:57.8",4423355,-10,-10,-10,220,-0.001,-40.01
"2020-10-04 04:30:57.9",4423356,-10,-10,-10,220,-0.001,-40.01
"2020-10-04 04:30:58",4423357,-10,-10,-10,220,-0.001,-40.01
"2020-10-04 04:30:58.1",4423358,-10,-10,-10,220,-0.001,-40.01
"2020-10-04 04:30:58.2",4423359,-10,-10,-10,220,-0.001,-40.01
"2020-10-04 04:30:58.3",4423360,-10,-10,-10,220,-0.001,-40.01
"2020-10-04 04:30:58.4",4423361,-10,-10,-10,220,-0.001,-40.01
"2020-10-04 04:30:58.5",4423362,-10,-10,-10,220,-0.001,-40.01
"2020-10-04 04:30:58.6",4423363,-10,-10,-10,220,-0.001,-40.01
"2020-10-04 04:30:58.7",4423364,-10,-10,-10,220,-0.001,-40.01
"2020-10-04 04:30:58.8",4423365,-10,-10,-10,220,-0.001,-40.01
"2020-10-04 04:30:58.9",4423366,-10,-10,-10,220,-0.001,-40.01
"2020-10-04 04:30:59",4423367,-10,-10,-10,220,-0.001,-40.01
"2020-10-04 04:30:59.1",4423368,-10,-10,-10,220,-0.001,-40.01
"2020-10-04 04:30:59.2",4423369,-10,-10,-10,220,-0.001,-40.01
"2020-10-04 04:30:59.3",4423370,-10,-10,-10,220,-0.001,-40.01
"2020-10-04 04:30:59.4",4423371,-10,-10,-10,220,-0.001,-40.01
"2020-10-04 04:30:59.5",4423372,-10,-10,-10,220,-0.001,-40.01
"2020-10-04 04:30:59.6",4423373,-10,-10,-10,220,-0.001,-40.01
"2020-10-04 04:30:59.7",4423374,-10,-10,-10,220,-0.001,-40.01
"2020-10-04 04:30:59.8",4423375,-10,-10,-10,220,-0.001,-40.01
"2020-10-04 04:30:59.9",4423376,-10,-10,-10,220,-0.001,-40.01
"2020-10-04 04:31:00",4423377,-10,-10,-10,220,-0.001,-40.01
"2020-10-04 04:31:00.1",4423378,-10,-10,-10,220,-0.008,-40.02
"2020-10-04 04:31:00.2",4423379,-10,-10,-10,220,-0.008,-40.02
"2020-10-04 04:31:00.3",4423380,-10,-10,-10,220,-0.001,-40.01
"2020-10-04 04:31:00.4",4423381,-10,-10,-10,220,-0.001,-40.01
"2020-10-04 04:31:00.5",4423382,-10,-10,-10,220,-0.001,-40.01
"2020-10-04 04:31:00.6",4423383,-10,-10,-10,220,-0.001,-40.01
"2020-10-04 04:31:00.7",4423384,-10,-10,-10,220,-0.001,-40.01
"2020-10-04 04:31:00.8",4423385,-10,-10,-10,220,-0.001,-40.01
"2020-10-04 04:31:00.9",4423386,-10,-10,-10,220,-0.001,-40.01
"2020-10-04 04:31:01",4423387,-10,-10,-10,220,-0.001,-40.01
"2020-10-04 04:31:01.1",4423388,-10,-10,-10,220,-0.002,-40.01
"2020-10-04 04:31:01.2",4423389,-10,-10,-10,220,-0.001,-40.01
"2020-10-04 04:31:01.3",4423390,-10,-10,-10,220,-0.001,-40.01
"2020-10-04 04:31:01.4",4423391,-10,-10,-10,220,-0.001,-40.01
"2020-10-04 04:31:01.5",4423392,-10,-10,-10,220,-0.001,-40.01
"2020-10-04 04:31:01.6",4423393,-10,-10,-10,220,-0.001,-40.01
"2020-10-04 04:31:01.7",4423394,-10,-10,-10,220,-0.001,-40.01
"2020-10-04 04:31:01.8",4423395,-10,-10,-10,220,-0.001,-40.01
"2020-10-04 04:31:01.9",4423396,-10,-10,-10,220,-0.001,-40.01
"2020-10-04 04:31:02",4423397,-10,-10,-10,220,-0.001,-40.01
"2020-10-04 04:31:02.1",4423398,-10,-10,-10,220,-0.001,-40.01
"2020-10-04 04:31:02.2",4423399,-10,-10,-10,220,-0.001,-40.01
"2020-10-04 04:31:02.3",4423400,-10,-10,-10,220,-0.001,-40.01
"2020-10-04 04:31:02.4",4423401,-10,-10,-10,220,-0.001,-40.01
"2020-10-04 04:31:02.5",4423402,-10,-10,-10,220,-0.001,-40.01
"2020-10-04 04:31:02.6",4423403,-10,-10,-10,220,-0.001,-40.01
"2020-10-04 04:31:02.7",4423404,-10,-10,-10,220,-0.001,-40.01
"2020-10-04 04:31:02.8",4423405,-10,-10,-10,220,-0.001,-40.01
"2020-10-04 04:31:02.9",4423406,-10,-10,-10,220,-0.001,-40.01
"2020-10-04 04:31:03",4423407,-10,-10,-10,220,-0.001,-40.01
"2020-10-04 04:31:03.1",4423408,-10,-10,-10,220,-0.001,-40.01
"2020-10-04 04:31:03.2",4423409,-10,-10,-10,220,-0.001,-40.01
"2020-10-04 04:31:03.3",4423410,-10,-10,-10,220,-0.001,-40.01
"2020-10-04 04:31:03.4",4423411,-10,-10,-10,220,-0.001,-40.01
"2020-10-04 04:31:03.5",4423412,-10,-10,-10,220,-0.001,-40.01
"2020-10-04 04:31:03.6",4423413,-10,-10,-10,220,-0.001,-40.01
"2020-10-04 04:31:03.7",4423414,-10,-10,-10,220,-0.001,-40.01
"2020-10-04 04:31:03.8",4423415,-10,-10,-10,220,-0.001,-40.01
"2020-10-04 04:31:03.9",4423416,-10,-10,-10,220,-0.001,-40.01
"2020-10-04 04:31:04",4423417,-10,-10,-10,220,-0.001,-40.01
"2020-10-04 04:31:04.1",4423418,-10,-10,-10,220,-0.001,-40.01
"2020-10-04 04:31:04.2",4423419,-10,-10,-10,220,-0.001,-40.01
"2020-10-04 04:31:04.3",4423420,-10,-10,-10,220,-0.001,-40.01
"2020-10-04 04:31:04.4",4423421,-10,-10,-10,220,-0.001,-40.01
"2020-10-04 04:31:04.5",4423422,-10,-10,-10,220,-0.001,-40.01
"2020-10-04 04:31:04.6",4423423,-10,-10,-10,220,-0.001,-40.01
"2020-10-04 04:31:04.7",4423424,-10,-10,-10,220,-0.001,-40.01
"2020-10-04 04:31:04.8",4423425,-10,-10,-10,220,-0.001,-40.01
"2020-10-04 04:31:04.9",4423426,-10,-10,-10,220,-0.001,-40.01
"2020-10-04 04:31:05",4423427,-10,-10,-10,220,-0.001,-40.01
"2020-10-04 04:31:05.1",4423428,-10,-10,-10,220,-0.001,-40.01
"2020-10-04 04:31:05.2",4423429,-10,-10,-10,220,-0.001,-40.01
"2020-10-04 04:31:05.3",4423430,-10,-10,-10,220,-0.001,-40.01
"2020-10-04 04:31:05.4",4423431,-10,-10,-10,220,-0.001,-40.01
"2020-10-04 04:31:05.5",4423432,-10,-10,-10,220,-0.001,-40.01
"2020-10-04 04:31:05.6",4423433,-10,-10,-10,220,-0.001,-40.01
"2020-10-04 04:31:05.7",4423434,-10,-10,-10,220,-0.001,-40.01
"2020-10-04 04:31:05.8",4423435,-10,-10,-10,220,-0.001,-40.01
"2020-10-04 04:31:05.9",4423436,-10,-10,-10,220,-0.001,-40.01
"2020-10-04 04:31:06",4423437,-10,-10,-10,220,-0.001,-40.01
"2020-10-04 04:31:06.1",4423438,-10,-10,-10,220,-0.001,-40.01
"2020-10-04 04:31:06.2",4423439,-10,-10,-10,220,-0.001,-40.01
"2020-10-04 04:31:06.3",4423440,-10,-10,-10,220,-0.001,-40.01
"2020-10-04 04:31:06.4",4423441,-10,-10,-10,220,-0.001,-40.01
"2020-10-04 04:31:06.5",4423442,-10,-10,-10,220,-0.001,-40.01
"2020-10-04 04:31:06.6",4423443,-10,-10,-10,220,-0.001,-40.01
"2020-10-04 04:31:06.7",4423444,-10,-10,-10,220,-0.001,-40.01
"2020-10-04 04:31:06.8",4423445,-10,-10,-10,220,-0.001,-40.01
"2020-10-04 04:31:06.9",4423446,-10,-10,-10,220,-0.001,-40.01
"2020-10-04 04:31:07",4423447,-10,-10,-10,220,-0.001,-40.01
"2020-10-04 04:31:07.1",4423448,-10,-10,-10,220,-0.001,-40.01
"2020-10-04 04:31:07.2",4423449,-10,-10,-10,220,-0.001,-40.01
"2020-10-04 04:31:07.3",4423450,-10,-10,-10,220,-0.001,-40.01
"2020-10-04 04:31:07.4",4423451,-10,-10,-10,220,-0.001,-40.01
"2020-10-04 04:31:07.5",4423452,-10,-10,-10,220,-0.001,-40.01
"2020-10-04 04:31:07.6",4423453,-10,-10,-10,220,-0.001,-40.01
"2020-10-04 04:31:07.7",4423454,-10,-10,-10,220,-0.001,-40.01
"2020-10-04 04:31:07.8",4423455,-10,-10,-10,220,-0.001,-40.01
"2020-10-04 04:31:07.9",4423456,-10,-10,-10,220,-0.001,-40.01
"2020-10-04 04:31:08",4423457,-10,-10,-10,220,-0.001,-40.01
"2020-10-04 04:31:08.1",4423458,-10,-10,-10,220,-0.001,-40.01
"2020-10-04 04:31:08.2",4423459,-10,-10,-10,220,-0.001,-40.01
"2020-10-04 04:31:08.3",4423460,-10,-10,-10,220,-0.001,-40.01
"2020-10-04 04:31:08.4",4423461,-10,-10,-10,220,-0.001,-40.01
"2020-10-04 04:31:08.5",4423462,-10,-10,-10,220,-0.001,-40.01
"2020-10-04 04:31:08.6",4423463,-10,-10,-10,220,-0.001,-40.01
"2020-10-04 04:31:08.7",4423464,-10,-10,-10,220,-0.001,-40.01
"2020-10-04 04:31:08.8",4423465,-10,-10,-10,220,-0.001,-40.01
"2020-10-04 04:31:08.9",4423466,-10,-10,-10,220,-0.001,-40.01
"2020-10-04 04:31:09",4423467,-10,-10,-10,220,-0.001,-40.01
"2020-10-04 04:31:09.1",4423468,-10,-10,-10,220,-0.001,-40.01
"2020-10-04 04:31:09.2",4423469,-10,-10,-10,220,-0.001,-40.01
"2020-10-04 04:31:09.3",4423470,-10,-10,-10,220,-0.001,-40.01
"2020-10-04 04:31:09.4",4423471,-10,-10,-10,220,-0.001,-40.01
"2020-10-04 04:31:09.5",4423472,-10,-10,-10,220,-0.001,-40.01
"2020-10-04 04:31:09.6",4423473,-10,-10,-10,220,-0.001,-40.01
"2020-10-04 04:31:09.7",4423474,-10,-10,-10,220,-0.001,-40.01
"2020-10-04 04:31:09.8",4423475,-10,-10,-10,220,-0.001,-40.01
"2020-10-04 04:31:09.9",4423476,-10,-10,-10,220,-0.001,-40.01
"2020-10-04 04:31:10",4423477,-10,-10,-10,220,-0.001,-40.01
"2020-10-04 04:31:10.1",4423478,-10,-10,-10,220,-0.001,-40.01
"2020-10-04 04:31:10.2",4423479,-10,-10,-10,220,-0.001,-40.01
"2020-10-04 04:31:10.3",4423480,-10,-10,-10,220,-0.001,-40.01
"2020-10-04 04:31:10.4",4423481,-10,-10,-10,220,-0.001,-40.01
"2020-10-04 04:31:10.5",4423482,-10,-10,-10,220,-0.001,-40.01
"2020-10-04 04:31:10.6",4423483,-10,-10,-10,220,-0.001,-40.01
"2020-10-04 04:31:10.7",4423484,-10,-10,-10,220,-0.001,-40.01
"2020-10-04 04:31:10.8",4423485,-10,-10,-10,220,-0.001,-40.01
"2020-10-04 04:31:10.9",4423486,-10,-10,-10,220,-0.001,-40.01
"2020-10-04 04:31:11",4423487,-10,-10,-10,220,-0.001,-40.01
"2020-10-04 04:31:11.1",4423488,-10,-10,-10,220,-0.001,-40.01
"2020-10-04 04:31:11.2",4423489,-10,-10,-10,220,-0.001,-40.01
"2020-10-04 04:31:11.3",4423490,-10,-10,-10,220,-0.001,-40.01
"2020-10-04 04:31:11.4",4423491,-10,-10,-10,220,-0.001,-40.01
"2020-10-04 04:31:11.5",4423492,-10,-10,-10,220,-0.001,-40.01
"2020-10-04 04:31:11.6",4423493,-10,-10,-10,220,-0.001,-40.01
"2020-10-04 04:31:11.7",4423494,-10,-10,-10,220,-0.001,-40.01
"2020-10-04 04:31:11.8",4423495,-10,-10,-10,220,-0.001,-40.01
"2020-10-04 04:31:11.9",4423496,-10,-10,-10,220,-0.001,-40.01
"2020-10-04 04:31:12",4423497,-10,-10,-10,220,-0.001,-40.01
"2020-10-04 04:31:12.1",4423498,-10,-10,-10,220,-0.001,-40.01
"2020-10-04 04:31:12.2",4423499,-10,-10,-10,220,-0.001,-40.01
"2020-10-04 04:31:12.3",4423500,-10,-10,-10,220,-0.001,-40.01
"2020-10-04 04:31:12.4",4423501,-10,-10,-10,220,-0.001,-40.01
"2020-10-04 04:31:12.5",4423502,-10,-10,-10,220,-0.001,-40.01
"2020-10-04 04:31:12.6",4423503,-10,-10,-10,220,-0.001,-40.01
"2020-10-04 04:31:12.7",4423504,-10,-10,-10,220,-0.001,-40.01
"2020-10-04 04:31:12.8",4423505,-10,-10,-10,220,-0.001,-40.01
"2020-10-04 04:31:12.9",4423506,-10,-10,-10,220,-0.001,-40.01
"2020-10-04 04:31:13",4423507,-10,-10,-10,220,-0.001,-40.01
"2020-10-04 04:31:13.1",4423508,-10,-10,-10,220,-0.001,-40.01
"2020-10-04 04:31:13.2",4423509,-10,-10,-10,220,-0.001,-40.01
"2020-10-04 04:31:13.3",4423510,-10,-10,-10,220,-0.001,-40.01
"2020-10-04 04:31:13.4",4423511,-10,-10,-10,220,-0.001,-40.01
"2020-10-04 04:31:13.5",4423512,-10,-10,-10,220,-0.001,-40.01
"2020-10-04 04:31:13.6",4423513,-10,-10,-10,220,-0.001,-40.01
"2020-10-04 04:31:13.7",4423514,-10,-10,-10,220,-0.001,-40.01
"2020-10-04 04:31:13.8",4423515,-10,-10,-10,220,-0.001,-40.01
"2020-10-04 04:31:13.9",4423516,-10,-10,-10,220,-0.001,-40.01
"2020-10-04 04:31:14",4423517,-10,-10,-10,220,-0.001,-40.01
"2020-10-04 04:31:14.1",4423518,-10,-10,-10,220,-0.001,-40.01
"2020-10-04 04:31:14.2",4423519,-10,-10,-10,220,-0.001,-40.01
"2020-10-04 04:31:14.3",4423520,-10,-10,-10,220,-0.001,-40.01
"2020-10-04 04:31:14.4",4423521,-10,-10,-10,220,-0.001,-40.01
"2020-10-04 04:31:14.5",4423522,-10,-10,-10,220,-0.001,-40.01
"2020-10-04 04:31:14.6",4423523,-10,-10,-10,220,-0.001,-40.01
"2020-10-04 04:31:14.7",4423524,-10,-10,-10,220,-0.001,-40.01
"2020-10-04 04:31:14.8",4423525,-10,-10,-10,220,-0.001,-40.01
"2020-10-04 04:31:14.9",4423526,-10,-10,-10,220,-0.001,-40.01
"2020-10-04 04:31:15",4423527,-10,-10,-10,220,-0.001,-40.01
"2020-10-04 04:31:15.1",4423528,-10,-10,-10,220,-0.001,-40.01
"2020-10-04 04:31:15.2",4423529,-10,-10,-10,220,-0.001,-40.01
"2020-10-04 04:31:15.3",4423530,-10,-10,-10,220,-0.001,-40.01
"2020-10-04 04:31:15.4",4423531,-10,-10,-10,220,-0.001,-40.01
"2020-10-04 04:31:15.5",4423532,-10,-10,-10,220,-0.001,-40.01
"2020-10-04 04:31:15.6",4423533,-10,-10,-10,220,-0.001,-40.01
"2020-10-04 04:31:15.7",4423534,-10,-10,-10,220,-0.001,-40.01
"2020-10-04 04:31:15.8",4423535,-10,-10,-10,220,-0.001,-40.01
"2020-10-04 04:31:15.9",4423536,-10,-10,-10,220,-0.001,-40.01
"2020-10-04 04:31:16",4423537,-10,-10,-10,220,-0.001,-40.01
"2020-10-04 04:31:16.1",4423538,-10,-10,-10,220,-0.001,-40.01
"2020-10-04 04:31:16.2",4423539,-10,-10,-10,220,-0.001,-40.01
"2020-10-04 04:31:16.3",4423540,-10,-10,-10,220,-0.001,-40.01
"2020-10-04 04:31:16.4",4423541,-10,-10,-10,220,-0.001,-40.01
"2020-10-04 04:31:16.5",4423542,-10,-10,-10,220,-0.001,-40.01
"2020-10-04 04:31:16.6",4423543,-10,-10,-10,220,-0.001,-40.01
"2020-10-04 04:31:16.7",4423544,-10,-10,-10,220,-0.001,-40.01
"2020-10-04 04:31:16.8",4423545,-10,-10,-10,220,-0.001,-40.01
"2020-10-04 04:31:16.9",4423546,-10,-10,-10,220,-0.001,-40.01
"2020-10-04 04:31:17",4423547,-10,-10,-10,220,-0.001,-40.01
"2020-10-04 04:31:17.1",4423548,-10,-10,-10,220,-0.001,-40.01
"2020-10-04 04:31:17.2",4423549,-10,-10,-10,220,-0.001,-40.01
"2020-10-04 04:31:17.3",4423550,-10,-10,-10,220,-0.001,-40.01
"2020-10-04 04:31:17.4",4423551,-10,-10,-10,220,-0.001,-40.01
"2020-10-04 04:31:17.5",4423552,-10,-10,-10,220,-0.001,-40.01
"2020-10-04 04:31:17.6",4423553,-10,-10,-10,220,-0.001,-40.01
"2020-10-04 04:31:17.7",4423554,-10,-10,-10,220,-0.001,-40.01
"2020-10-04 04:31:17.8",4423555,-10,-10,-10,220,-0.001,-40.01
"2020-10-04 04:31:17.9",4423556,-10,-10,-10,220,-0.001,-40.01
"2020-10-04 04:31:18",4423557,-10,-10,-10,220,-0.001,-40.01
"2020-10-04 04:31:18.1",4423558,-10,-10,-10,220,-0.001,-40.01
"2020-10-04 04:31:18.2",4423559,-10,-10,-10,220,-0.001,-40.01
"2020-10-04 04:31:18.3",4423560,-10,-10,-10,220,-0.001,-40.01
"2020-10-04 04:31:18.4",4423561,-10,-10,-10,220,-0.001,-40.01
"2020-10-04 04:31:18.5",4423562,-10,-10,-10,220,-0.001,-40.01
"2020-10-04 04:31:18.6",4423563,-10,-10,-10,220,-0.001,-40.01
"2020-10-04 04:31:18.7",4423564,-10,-10,-10,220,-0.001,-40.01
"2020-10-04 04:31:18.8",4423565,-10,-10,-10,220,-0.001,-40.01
"2020-10-04 04:31:18.9",4423566,-10,-10,-10,220,-0.001,-40.01
"2020-10-04 04:31:19",4423567,-10,-10,-10,220,-0.001,-40.01
"2020-10-04 04:31:19.1",4423568,-10,-10,-10,220,-0.001,-40.01
"2020-10-04 04:31:19.2",4423569,-10,-10,-10,220,-0.001,-40.01
"2020-10-04 04:31:19.3",4423570,-10,-10,-10,220,-0.001,-40.01
"2020-10-04 04:31:19.4",4423571,-10,-10,-10,220,-0.001,-40.01
"2020-10-04 04:31:19.5",4423572,-10,-10,-10,220,-0.001,-40.01
"2020-10-04 04:31:19.6",4423573,-10,-10,-10,220,-0.001,-40.01
"2020-10-04 04:31:19.7",4423574,-10,-10,-10,220,-0.001,-40.01
"2020-10-04 04:31:19.8",4423575,-10,-10,-10,220,-0.001,-40.01
"2020-10-04 04:31:19.9",4423576,-10,-10,-10,220,-0.001,-40.01
"2020-10-04 04:31:20",4423577,-10,-10,-10,220,-0.001,-40.01
"2020-10-04 04:31:20.1",4423578,-10,-10,-10,220,-0.001,-40.01
"2020-10-04 04:31:20.2",4423579,-10,-10,-10,220,-0.001,-40.01
"2020-10-04 04:31:20.3",4423580,-10,-10,-10,220,-0.001,-40.01
"2020-10-04 04:31:20.4",4423581,-10,-10,-10,220,-0.001,-40.01
"2020-10-04 04:31:20.5",4423582,-10,-10,-10,220,-0.001,-40.01
"2020-10-04 04:31:20.6",4423583,-10,-10,-10,220,-0.001,-40.01
"2020-10-04 04:31:20.7",4423584,-10,-10,-10,220,-0.001,-40.01
"2020-10-04 04:31:20.8",4423585,-10,-10,-10,220,-0.001,-40.01
"2020-10-04 04:31:20.9",4423586,-10,-10,-10,220,-0.001,-40.01
"2020-10-04 04:31:21",4423587,-10,-10,-10,220,-0.001,-40.01
"2020-10-04 04:31:21.1",4423588,-10,-10,-10,220,-0.001,-40.01
"2020-10-04 04:31:21.2",4423589,-10,-10,-10,220,-0.001,-40.01
"2020-10-04 04:31:21.3",4423590,-10,-10,-10,220,-0.001,-40.01
"2020-10-04 04:31:21.4",4423591,-10,-10,-10,220,-0.001,-40.01
"2020-10-04 04:31:21.5",4423592,-10,-10,-10,220,-0.001,-40.01
"2020-10-04 04:31:21.6",4423593,-10,-10,-10,220,-0.001,-40.01
"2020-10-04 04:31:21.7",4423594,-10,-10,-10,220,-0.001,-40.01
"2020-10-04 04:31:21.8",4423595,-10,-10,-10,220,-0.001,-40.01
"2020-10-04 04:31:21.9",4423596,-10,-10,-10,220,-0.001,-40.01
"2020-10-04 04:31:22",4423597,-10,-10,-10,220,-0.001,-40.01
"2020-10-04 04:31:22.1",4423598,-10,-10,-10,220,-0.001,-40.01
"2020-10-04 04:31:22.2",4423599,-10,-10,-10,220,-0.001,-40.01
"2020-10-04 04:31:22.3",4423600,-10,-10,-10,220,-0.001,-40.01
"2020-10-04 04:31:22.4",4423601,-10,-10,-10,220,-0.001,-40.01
"2020-10-04 04:31:22.5",4423602,-10,-10,-10,220,-0.001,-40.01
"2020-10-04 04:31:22.6",4423603,-10,-10,-10,220,-0.001,-40.01
"2020-10-04 04:31:22.7",4423604,-10,-10,-10,220,-0.001,-40.01
"2020-10-04 04:31:22.8",4423605,-10,-10,-10,220,-0.001,-40.01
"2020-10-04 04:31:22.9",4423606,-10,-10,-10,220,-0.001,-40.01
"2020-10-04 04:31:23",4423607,-10,-10,-10,220,-0.001,-40.01
"2020-10-04 04:31:23.1",4423608,-10,-10,-10,220,-0.001,-40.01
"2020-10-04 04:31:23.2",4423609,-10,-10,-10,220,-0.001,-40.01
"2020-10-04 04:31:23.3",4423610,-10,-10,-10,220,-0.001,-40.01
"2020-10-04 04:31:23.4",4423611,-10,-10,-10,220,-0.001,-40.01
"2020-10-04 04:31:23.5",4423612,-10,-10,-10,220,-0.001,-40.01
"2020-10-04 04:31:23.6",4423613,-10,-10,-10,220,-0.001,-40.01
"2020-10-04 04:31:23.7",4423614,-10,-10,-10,220,-0.001,-40.01
"2020-10-04 04:31:23.8",4423615,-10,-10,-10,220,-0.001,-40.01
"2020-10-04 04:31:23.9",4423616,-10,-10,-10,220,-0.001,-40.01
"2020-10-04 04:31:24",4423617,-10,-10,-10,220,-0.001,-40.01
"2020-10-04 04:31:24.1",4423618,-10,-10,-10,220,-0.001,-40.01
"2020-10-04 04:31:24.2",4423619,-10,-10,-10,220,-0.001,-40.01
"2020-10-04 04:31:24.3",4423620,-10,-10,-10,220,-0.001,-40.01
"2020-10-04 04:31:24.4",4423621,-10,-10,-10,220,-0.001,-40.01
"2020-10-04 04:31:24.5",4423622,-10,-10,-10,220,-0.001,-40.01
"2020-10-04 04:31:24.6",4423623,-10,-10,-10,220,-0.001,-40.01
"2020-10-04 04:31:24.7",4423624,-10,-10,-10,220,-0.001,-40.01
"2020-10-04 04:31:24.8",4423625,-10,-10,-10,220,-0.001,-40.01
"2020-10-04 04:31:24.9",4423626,-10,-10,-10,220,-0.001,-40.01
"2020-10-04 04:31:25",4423627,-10,-10,-10,220,-0.001,-40.01
"2020-10-04 04:31:25.1",4423628,-10,-10,-10,220,-0.001,-40.01
"2020-10-04 04:31:25.2",4423629,-10,-10,-10,220,-0.001,-40.01
"2020-10-04 04:31:25.3",4423630,-10,-10,-10,220,-0.001,-40.01
"2020-10-04 04:31:25.4",4423631,-10,-10,-10,220,-0.001,-40.01
"2020-10-04 04:31:25.5",4423632,-10,-10,-10,220,-0.001,-40.01
"2020-10-04 04:31:25.6",4423633,-10,-10,-10,220,-0.001,-40.01
"2020-10-04 04:31:25.7",4423634,-10,-10,-10,220,-0.001,-40.01
"2020-10-04 04:31:25.8",4423635,-10,-10,-10,220,-0.001,-40.01
"2020-10-04 04:31:25.9",4423636,-10,-10,-10,220,-0.001,-40.01
"2020-10-04 04:31:26",4423637,-10,-10,-10,220,-0.001,-40.01
"2020-10-04 04:31:26.1",4423638,-10,-10,-10,220,-0.001,-40.01
"2020-10-04 04:31:26.2",4423639,-10,-10,-10,220,-0.001,-40.01
"2020-10-04 04:31:26.3",4423640,-10,-10,-10,220,-0.001,-40.01
"2020-10-04 04:31:26.4",4423641,-10,-10,-10,220,-0.001,-40.01
"2020-10-04 04:31:26.5",4423642,-10,-10,-10,220,-0.001,-40.01
"2020-10-04 04:31:26.6",4423643,-10,-10,-10,220,-0.001,-40.01
"2020-10-04 04:31:26.7",4423644,-10,-10,-10,220,-0.001,-40.01
"2020-10-04 04:31:26.8",4423645,-10,-10,-10,220,-0.001,-40.01
"2020-10-04 04:31:26.9",4423646,-10,-10,-10,220,-0.001,-40.01
"2020-10-04 04:31:27",4423647,-10,-10,-10,220,-0.001,-40.01
"2020-10-04 04:31:27.1",4423648,-10,-10,-10,220,-0.001,-40.01
"2020-10-04 04:31:27.2",4423649,-10,-10,-10,220,-0.001,-40.01
"2020-10-04 04:31:27.3",4423650,-10,-10,-10,220,-0.001,-40.01
"2020-10-04 04:31:27.4",4423651,-10,-10,-10,220,-0.001,-40.01
"2020-10-04 04:31:27.5",4423652,-10,-10,-10,220,-0.001,-40.01
"2020-10-04 04:31:27.6",4423653,-10,-10,-10,220,-0.001,-40.01
"2020-10-04 04:31:27.7",4423654,-10,-10,-10,220,-0.001,-40.01
"2020-10-04 04:31:27.8",4423655,-10,-10,-10,220,-0.001,-40.01
"2020-10-04 04:31:27.9",4423656,-10,-10,-10,220,-0.001,-40.01
"2020-10-04 04:31:28",4423657,-10,-10,-10,220,-0.001,-40.01
"2020-10-04 04:31:28.1",4423658,-10,-10,-10,220,-0.001,-40.01
"2020-10-04 04:31:28.2",4423659,-10,-10,-10,220,-0.001,-40.01
"2020-10-04 04:31:28.3",4423660,-10,-10,-10,220,-0.001,-40.01
"2020-10-04 04:31:28.4",4423661,-10,-10,-10,220,-0.001,-40.01
"2020-10-04 04:31:28.5",4423662,-10,-10,-10,220,-0.001,-40.01
"2020-10-04 04:31:28.6",4423663,-10,-10,-10,220,-0.001,-40.01
"2020-10-04 04:31:28.7",4423664,-10,-10,-10,220,-0.001,-40.01
"2020-10-04 04:31:28.8",4423665,-10,-10,-10,220,-0.001,-40.01
"2020-10-04 04:31:28.9",4423666,-10,-10,-10,220,-0.001,-40.01
"2020-10-04 04:31:29",4423667,-10,-10,-10,220,-0.001,-40.01
"2020-10-04 04:31:29.1",4423668,-10,-10,-10,220,-0.001,-40.01
"2020-10-04 04:31:29.2",4423669,-10,-10,-10,220,-0.001,-40.01
"2020-10-04 04:31:29.3",4423670,-10,-10,-10,220,-0.001,-40.01
"2020-10-04 04:31:29.4",4423671,-10,-10,-10,220,-0.001,-40.01
"2020-10-04 04:31:29.5",4423672,-10,-10,-10,220,-0.001,-40.01
"2020-10-04 04:31:29.6",4423673,-10,-10,-10,220,-0.001,-40.01
"2020-10-04 04:31:29.7",4423674,-10,-10,-10,220,-0.001,-40.01
"2020-10-04 04:31:29.8",4423675,-10,-10,-10,220,-0.001,-40.01
"2020-10-04 04:31:29.9",4423676,-10,-10,-10,220,-0.001,-40.01
"2020-10-04 04:31:30",4423677,-10,-10,-10,220,-0.001,-40.01
"2020-10-04 04:31:30.1",4423678,-10,-10,-10,220,-0.001,-40.01
"2020-10-04 04:31:30.2",4423679,-10,-10,-10,220,-0.001,-40.01
"2020-10-04 04:31:30.3",4423680,-10,-10,-10,220,-0.001,-40.01
"2020-10-04 04:31:30.4",4423681,-10,-10,-10,220,-0.001,-40.01
"2020-10-04 04:31:30.5",4423682,-10,-10,-10,220,-0.001,-40.01
"2020-10-04 04:31:30.6",4423683,-10,-10,-10,220,-0.001,-40.01
"2020-10-04 04:31:30.7",4423684,-10,-10,-10,220,-0.001,-40.01
"2020-10-04 04:31:30.8",4423685,-10,-10,-10,220,-0.001,-40.01
"2020-10-04 04:31:30.9",4423686,-10,-10,-10,220,-0.001,-40.01
"2020-10-04 04:31:31",4423687,-10,-10,-10,220,-0.001,-40.01
"2020-10-04 04:31:31.1",4423688,-10,-10,-10,220,-0.001,-40.01
"2020-10-04 04:31:31.2",4423689,-10,-10,-10,220,-0.001,-40.01
"2020-10-04 04:31:31.3",4423690,-10,-10,-10,220,-0.001,-40.01
"2020-10-04 04:31:31.4",4423691,-10,-10,-10,220,-0.001,-40.01
"2020-10-04 04:31:31.5",4423692,-10,-10,-10,220,-0.001,-40.01
"2020-10-04 04:31:31.6",4423693,-10,-10,-10,220,-0.001,-40.01
"2020-10-04 04:31:31.7",4423694,-10,-10,-10,220,-0.001,-40.01
"2020-10-04 04:31:31.8",4423695,-10,-10,-10,220,-0.001,-40.01
"2020-10-04 04:31:31.9",4423696,-10,-10,-10,220,-0.001,-40.01
"2020-10-04 04:31:32",4423697,-10,-10,-10,220,-0.001,-40.01
"2020-10-04 04:31:32.1",4423698,-10,-10,-10,220,-0.001,-40.01
"2020-10-04 04:31:32.2",4423699,-10,-10,-10,220,-0.001,-40.01
"2020-10-04 04:31:32.3",4423700,-10,-10,-10,220,-0.001,-40.01
"2020-10-04 04:31:32.4",4423701,-10,-10,-10,220,-0.001,-40.01
"2020-10-04 04:31:32.5",4423702,-10,-10,-10,220,-0.001,-40.01
"2020-10-04 04:31:32.6",4423703,-10,-10,-10,220,-0.001,-40.01
"2020-10-04 04:31:32.7",4423704,-10,-10,-10,220,-0.001,-40.01
"2020-10-04 04:31:32.8",4423705,-10,-10,-10,220,-0.001,-40.01
"2020-10-04 04:31:32.9",4423706,-10,-10,-10,220,-0.001,-40.01
"2020-10-04 04:31:33",4423707,-10,-10,-10,220,-0.001,-40.01
"2020-10-04 04:31:33.1",4423708,-10,-10,-10,220,-0.001,-40.01
"2020-10-04 04:31:33.2",4423709,-10,-10,-10,220,-0.001,-40.01
"2020-10-04 04:31:33.3",4423710,-10,-10,-10,220,-0.001,-40.01
"2020-10-04 04:31:33.4",4423711,-10,-10,-10,220,-0.001,-40.01
"2020-10-04 04:31:33.5",4423712,-10,-10,-10,220,-0.001,-40.01
"2020-10-04 04:31:33.6",4423713,-10,-10,-10,220,-0.001,-40.01
"2020-10-04 04:31:33.7",4423714,-10,-10,-10,220,-0.001,-40.01
"2020-10-04 04:31:33.8",4423715,-10,-10,-10,220,-0.001,-40.01
"2020-10-04 04:31:33.9",4423716,-10,-10,-10,220,-0.001,-40.01
"2020-10-04 04:31:34",4423717,-10,-10,-10,220,-0.001,-40.01
"2020-10-04 04:31:34.1",4423718,-10,-10,-10,220,-0.001,-40.01
"2020-10-04 04:31:34.2",4423719,-10,-10,-10,220,-0.001,-40.01
"2020-10-04 04:31:34.3",4423720,-10,-10,-10,220,-0.001,-40.01
"2020-10-04 04:31:34.4",4423721,-10,-10,-10,220,-0.001,-40.01
"2020-10-04 04:31:34.5",4423722,-10,-10,-10,220,-0.001,-40.01
"2020-10-04 04:31:34.6",4423723,-10,-10,-10,220,-0.001,-40.01
"2020-10-04 04:31:34.7",4423724,-10,-10,-10,220,-0.001,-40.01
"2020-10-04 04:31:34.8",4423725,-10,-10,-10,220,-0.001,-40.01
"2020-10-04 04:31:34.9",4423726,-10,-10,-10,220,-0.001,-40.01
"2020-10-04 04:31:35",4423727,-10,-10,-10,220,-0.001,-40.01
"2020-10-04 04:31:35.1",4423728,-10,-10,-10,220,-0.001,-40.01
"2020-10-04 04:31:35.2",4423729,-10,-10,-10,220,-0.001,-40.01
"2020-10-04 04:31:35.3",4423730,-10,-10,-10,220,-0.001,-40.01
"2020-10-04 04:31:35.4",4423731,-10,-10,-10,220,-0.001,-40.01
"2020-10-04 04:31:35.5",4423732,-10,-10,-10,220,-0.001,-40.01
"2020-10-04 04:31:35.6",4423733,-10,-10,-10,220,-0.001,-40.01
"2020-10-04 04:31:35.7",4423734,-10,-10,-10,220,-0.001,-40.01
"2020-10-04 04:31:35.8",4423735,-10,-10,-10,220,-0.001,-40.01
"2020-10-04 04:31:35.9",4423736,-10,-10,-10,220,-0.001,-40.01
"2020-10-04 04:31:36",4423737,-10,-10,-10,220,-0.001,-40.01
"2020-10-04 04:31:36.1",4423738,-10,-10,-10,220,-0.001,-40.01
"2020-10-04 04:31:36.2",4423739,-10,-10,-10,220,-0.001,-40.01
"2020-10-04 04:31:36.3",4423740,-10,-10,-10,220,-0.001,-40.01
"2020-10-04 04:31:36.4",4423741,-10,-10,-10,220,-0.001,-40.01
"2020-10-04 04:31:36.5",4423742,-10,-10,-10,220,-0.001,-40.01
"2020-10-04 04:31:36.6",4423743,-10,-10,-10,220,-0.001,-40.01
"2020-10-04 04:31:36.7",4423744,-10,-10,-10,220,-0.001,-40.01
"2020-10-04 04:31:36.8",4423745,-10,-10,-10,220,-0.001,-40.01
"2020-10-04 04:31:36.9",4423746,-10,-10,-10,220,-0.001,-40.01
"2020-10-04 04:31:37",4423747,-10,-10,-10,220,-0.001,-40.01
"2020-10-04 04:31:37.1",4423748,-10,-10,-10,220,-0.001,-40.01
"2020-10-04 04:31:37.2",4423749,-10,-10,-10,220,-0.001,-40.01
"2020-10-04 04:31:37.3",4423750,-10,-10,-10,220,-0.001,-40.01
"2020-10-04 04:31:37.4",4423751,-10,-10,-10,220,-0.001,-40.01
"2020-10-04 04:31:37.5",4423752,-10,-10,-10,220,-0.001,-40.01
"2020-10-04 04:31:37.6",4423753,-10,-10,-10,220,-0.001,-40.01
"2020-10-04 04:31:37.7",4423754,-10,-10,-10,220,-0.001,-40.01
"2020-10-04 04:31:37.8",4423755,-10,-10,-10,220,-0.001,-40.01
"2020-10-04 04:31:37.9",4423756,-10,-10,-10,220,-0.001,-40.01
"2020-10-04 04:31:38",4423757,-10,-10,-10,220,-0.001,-40.01
"2020-10-04 04:31:38.1",4423758,-10,-10,-10,220,-0.001,-40.01
"2020-10-04 04:31:38.2",4423759,-10,-10,-10,220,-0.001,-40.01
"2020-10-04 04:31:38.3",4423760,-10,-10,-10,220,-0.001,-40.01
"2020-10-04 04:31:38.4",4423761,-10,-10,-10,220,-0.001,-40.01
"2020-10-04 04:31:38.5",4423762,-10,-10,-10,220,-0.001,-40.01
"2020-10-04 04:31:38.6",4423763,-10,-10,-10,220,-0.001,-40.01
"2020-10-04 04:31:38.7",4423764,-10,-10,-10,220,-0.001,-40.01
"2020-10-04 04:31:38.8",4423765,-10,-10,-10,220,-0.001,-40.01
"2020-10-04 04:31:38.9",4423766,-10,-10,-10,220,-0.001,-40.01
"2020-10-04 04:31:39",4423767,-10,-10,-10,220,-0.001,-40.01
"2020-10-04 04:31:39.1",4423768,-10,-10,-10,220,-0.001,-40.01
"2020-10-04 04:31:39.2",4423769,-10,-10,-10,220,-0.001,-40.01
"2020-10-04 04:31:39.3",4423770,-10,-10,-10,220,-0.001,-40.01
"2020-10-04 04:31:39.4",4423771,-10,-10,-10,220,-0.001,-40.01
"2020-10-04 04:31:39.5",4423772,-10,-10,-10,220,-0.001,-40.01
"2020-10-04 04:31:39.6",4423773,-10,-10,-10,220,-0.001,-40.01
"2020-10-04 04:31:39.7",4423774,-10,-10,-10,220,-0.001,-40.01
"2020-10-04 04:31:39.8",4423775,-10,-10,-10,220,-0.001,-40.01
"2020-10-04 04:31:39.9",4423776,-10,-10,-10,220,-0.001,-40.01
"2020-10-04 04:31:40",4423777,-10,-10,-10,220,-0.001,-40.01
"2020-10-04 04:31:40.1",4423778,-10,-10,-10,220,-0.001,-40.01
"2020-10-04 04:31:40.2",4423779,-10,-10,-10,220,-0.001,-40.01
"2020-10-04 04:31:40.3",4423780,-10,-10,-10,220,-0.001,-40.01
"2020-10-04 04:31:40.4",4423781,-10,-10,-10,220,-0.001,-40.01
"2020-10-04 04:31:40.5",4423782,-10,-10,-10,220,-0.001,-40.01
"2020-10-04 04:31:40.6",4423783,-10,-10,-10,220,-0.001,-40.01
"2020-10-04 04:31:40.7",4423784,-10,-10,-10,220,-0.001,-40.01
"2020-10-04 04:31:40.8",4423785,-10,-10,-10,220,-0.001,-40.01
"2020-10-04 04:31:40.9",4423786,-10,-10,-10,220,-0.001,-40.01
"2020-10-04 04:31:41",4423787,-10,-10,-10,220,-0.001,-40.01
"2020-10-04 04:31:41.1",4423788,-10,-10,-10,220,-0.001,-40.01
"2020-10-04 04:31:41.2",4423789,-10,-10,-10,220,-0.001,-40.01
"2020-10-04 04:31:41.3",4423790,-10,-10,-10,220,-0.001,-40.01
"2020-10-04 04:31:41.4",4423791,-10,-10,-10,220,-0.001,-40.01
"2020-10-04 04:31:41.5",4423792,-10,-10,-10,220,-0.001,-40.01
"2020-10-04 04:31:41.6",4423793,-10,-10,-10,220,-0.001,-40.01
"2020-10-04 04:31:41.7",4423794,-10,-10,-10,220,-0.001,-40.01
"2020-10-04 04:31:41.8",4423795,-10,-10,-10,220,-0.001,-40.01
"2020-10-04 04:31:41.9",4423796,-10,-10,-10,220,-0.001,-40.01
"2020-10-04 04:31:42",4423797,-10,-10,-10,220,-0.001,-40.01
"2020-10-04 04:31:42.1",4423798,-10,-10,-10,220,-0.001,-40.01
"2020-10-04 04:31:42.2",4423799,-10,-10,-10,220,-0.001,-40.01
"2020-10-04 04:31:42.3",4423800,-10,-10,-10,220,-0.001,-40.01
"2020-10-04 04:31:42.4",4423801,-10,-10,-10,220,-0.001,-40.01
"2020-10-04 04:31:42.5",4423802,-10,-10,-10,220,-0.001,-40.01
"2020-10-04 04:31:42.6",4423803,-10,-10,-10,220,-0.001,-40.01
"2020-10-04 04:31:42.7",4423804,-10,-10,-10,220,-0.001,-40.01
"2020-10-04 04:31:42.8",4423805,-10,-10,-10,220,-0.001,-40.01
"2020-10-04 04:31:42.9",4423806,-10,-10,-10,220,-0.001,-40.01
"2020-10-04 04:31:43",4423807,-10,-10,-10,220,-0.001,-40.01
"2020-10-04 04:31:43.1",4423808,-10,-10,-10,220,-0.001,-40.01
"2020-10-04 04:31:43.2",4423809,-10,-10,-10,220,-0.001,-40.01
"2020-10-04 04:31:43.3",4423810,-10,-10,-10,220,-0.001,-40.01
"2020-10-04 04:31:43.4",4423811,-10,-10,-10,220,-0.001,-40.01
"2020-10-04 04:31:43.5",4423812,-10,-10,-10,220,-0.001,-40.01
"2020-10-04 04:31:43.6",4423813,-10,-10,-10,220,-0.001,-40.01
"2020-10-04 04:31:43.7",4423814,-10,-10,-10,220,-0.001,-40.01
"2020-10-04 04:31:43.8",4423815,-10,-10,-10,220,-0.001,-40.01
"2020-10-04 04:31:43.9",4423816,-10,-10,-10,220,-0.001,-40.01
"2020-10-04 04:31:44",4423817,-10,-10,-10,220,-0.001,-40.01
"2020-10-04 04:31:44.1",4423818,-10,-10,-10,220,-0.001,-40.01
"2020-10-04 04:31:44.2",4423819,-10,-10,-10,220,-0.001,-40.01
"2020-10-04 04:31:44.3",4423820,-10,-10,-10,220,-0.001,-40.01
"2020-10-04 04:31:44.4",4423821,-10,-10,-10,220,-0.001,-40.01
"2020-10-04 04:31:44.5",4423822,-10,-10,-10,220,-0.001,-40.01
"2020-10-04 04:31:44.6",4423823,-10,-10,-10,220,-0.001,-40.01
"2020-10-04 04:31:44.7",4423824,-10,-10,-10,220,-0.001,-40.01
"2020-10-04 04:31:44.8",4423825,-10,-10,-10,220,-0.001,-40.01
"2020-10-04 04:31:44.9",4423826,-10,-10,-10,220,-0.001,-40.01
"2020-10-04 04:31:45",4423827,-10,-10,-10,220,-0.001,-40.01
"2020-10-04 04:31:45.1",4423828,-10,-10,-10,220,-0.001,-40.01
"2020-10-04 04:31:45.2",4423829,-10,-10,-10,220,-0.001,-40.01
"2020-10-04 04:31:45.3",4423830,-10,-10,-10,220,-0.001,-40.01
"2020-10-04 04:31:45.4",4423831,-10,-10,-10,220,-0.001,-40.01
"2020-10-04 04:31:45.5",4423832,-10,-10,-10,220,-0.001,-40.01
"2020-10-04 04:31:45.6",4423833,-10,-10,-10,220,-0.001,-40.01
"2020-10-04 04:31:45.7",4423834,-10,-10,-10,220,-0.001,-40.01
"2020-10-04 04:31:45.8",4423835,-10,-10,-10,220,-0.001,-40.01
"2020-10-04 04:31:45.9",4423836,-10,-10,-10,220,-0.001,-40.01
"2020-10-04 04:31:46",4423837,-10,-10,-10,220,-0.001,-40.01
"2020-10-04 04:31:46.1",4423838,-10,-10,-10,220,-0.001,-40.01
"2020-10-04 04:31:46.2",4423839,-10,-10,-10,220,-0.001,-40.01
"2020-10-04 04:31:46.3",4423840,-10,-10,-10,220,-0.001,-40.01
"2020-10-04 04:31:46.4",4423841,-10,-10,-10,220,-0.001,-40.01
"2020-10-04 04:31:46.5",4423842,-10,-10,-10,220,-0.001,-40.01
"2020-10-04 04:31:46.6",4423843,-10,-10,-10,220,-0.001,-40.01
"2020-10-04 04:31:46.7",4423844,-10,-10,-10,220,-0.001,-40.01
"2020-10-04 04:31:46.8",4423845,-10,-10,-10,220,-0.001,-40.01
"2020-10-04 04:31:46.9",4423846,-10,-10,-10,220,-0.001,-40.01
"2020-10-04 04:31:47",4423847,-10,-10,-10,220,-0.001,-40.01
"2020-10-04 04:31:47.1",4423848,-10,-10,-10,220,-0.001,-40.01
"2020-10-04 04:31:47.2",4423849,-10,-10,-10,220,-0.001,-40.01
"2020-10-04 04:31:47.3",4423850,-10,-10,-10,220,-0.001,-40.01
"2020-10-04 04:31:47.4",4423851,-10,-10,-10,220,-0.001,-40.01
"2020-10-04 04:31:47.5",4423852,-10,-10,-10,220,-0.001,-40.01
"2020-10-04 04:31:47.6",4423853,-10,-10,-10,220,-0.001,-40.01
"2020-10-04 04:31:47.7",4423854,-10,-10,-10,220,-0.001,-40.01
"2020-10-04 04:31:47.8",4423855,-10,-10,-10,220,-0.001,-40.01
"2020-10-04 04:31:47.9",4423856,-10,-10,-10,220,-0.001,-40.01
"2020-10-04 04:31:48",4423857,-10,-10,-10,220,-0.001,-40.01
"2020-10-04 04:31:48.1",4423858,-10,-10,-10,220,-0.001,-40.01
"2020-10-04 04:31:48.2",4423859,-10,-10,-10,220,-0.001,-40.01
"2020-10-04 04:31:48.3",4423860,-10,-10,-10,220,-0.001,-40.01
"2020-10-04 04:31:48.4",4423861,-10,-10,-10,220,-0.001,-40.01
"2020-10-04 04:31:48.5",4423862,-10,-10,-10,220,-0.001,-40.01
"2020-10-04 04:31:48.6",4423863,-10,-10,-10,220,-0.001,-40.01
"2020-10-04 04:31:48.7",4423864,-10,-10,-10,220,-0.001,-40.01
"2020-10-04 04:31:48.8",4423865,-10,-10,-10,220,-0.001,-40.01
"2020-10-04 04:31:48.9",4423866,-10,-10,-10,220,-0.001,-40.01
"2020-10-04 04:31:49",4423867,-10,-10,-10,220,-0.001,-40.01
"2020-10-04 04:31:49.1",4423868,-10,-10,-10,220,-0.001,-40.01
"2020-10-04 04:31:49.2",4423869,-10,-10,-10,220,-0.001,-40.01
"2020-10-04 04:31:49.3",4423870,-10,-10,-10,220,-0.001,-40.01
"2020-10-04 04:31:49.4",4423871,-10,-10,-10,220,-0.001,-40.01
"2020-10-04 04:31:49.5",4423872,-10,-10,-10,220,-0.001,-40.01
"2020-10-04 04:31:49.6",4423873,-10,-10,-10,220,-0.001,-40.01
"2020-10-04 04:31:49.7",4423874,-10,-10,-10,220,-0.001,-40.01
"2020-10-04 04:31:49.8",4423875,-10,-10,-10,220,-0.001,-40.01
"2020-10-04 04:31:49.9",4423876,-10,-10,-10,220,-0.001,-40.01
"2020-10-04 04:31:50",4423877,-10,-10,-10,220,-0.001,-40.01
"2020-10-04 04:31:50.1",4423878,-10,-10,-10,220,-0.001,-40.01
"2020-10-04 04:31:50.2",4423879,-10,-10,-10,220,-0.001,-40.01
"2020-10-04 04:31:50.3",4423880,-10,-10,-10,220,-0.001,-40.01
"2020-10-04 04:31:50.4",4423881,-10,-10,-10,220,-0.001,-40.01
"2020-10-04 04:31:50.5",4423882,-10,-10,-10,220,-0.001,-40.01
"2020-10-04 04:31:50.6",4423883,-10,-10,-10,220,-0.001,-40.01
"2020-10-04 04:31:50.7",4423884,-10,-10,-10,220,-0.001,-40.01
"2020-10-04 04:31:50.8",4423885,-10,-10,-10,220,-0.001,-40.01
"2020-10-04 04:31:50.9",4423886,-10,-10,-10,220,-0.001,-40.01
