"TOA5","10329","CR6","10329","CR6.Std.09.01 CR6-WIFI.04.00.01","CPU:YOUNG81000_HMP60_10Hz.CR6","51185","Young10Hz_hmp"
"TIMESTAMP","RECORD","U","V","W","TSonic","RH","T_HMP60"
"TS","RN","mV","mV","mV","mV","%","Deg C"
"","","Smp","Smp","Smp","Smp","Smp","Smp"
"2020-10-06 06:03:51",6207087,-10,-10,-10,220,-0.001,-40.01
"2020-10-06 06:03:51.1",6207088,-10,-10,-10,220,-0.001,-40.01
"2020-10-06 06:03:51.2",6207089,-10,-10,-10,220,-0.001,-40.01
"2020-10-06 06:03:51.3",6207090,-10,-10,-10,220,-0.001,-40.01
"2020-10-06 06:03:51.4",6207091,-10,-10,-10,220,-0.001,-40.01
"2020-10-06 06:03:51.5",6207092,-10,-10,-10,220,-0.002,-40.01
"2020-10-06 06:03:51.6",6207093,-10,-10,-10,220,-0.001,-40.01
"2020-10-06 06:03:51.7",6207094,-10,-10,-10,220,-0.001,-40.01
"2020-10-06 06:03:51.8",6207095,-10,-10,-10,220,-0.001,-40.01
"2020-10-06 06:03:51.9",6207096,-10,-10,-10,220,-0.001,-40.01
"2020-10-06 06:03:52",6207097,-10,-10,-10,220,-0.001,-40.01
"2020-10-06 06:03:52.1",6207098,-10,-10,-10,220,-0.001,-40.01
"2020-10-06 06:03:52.2",6207099,-10,-10,-10,220,-0.001,-40.01
"2020-10-06 06:03:52.3",6207100,-10,-10,-10,220,-0.001,-40.01
"2020-10-06 06:03:52.4",6207101,-10,-10,-10,220,-0.001,-40.01
"2020-10-06 06:03:52.5",6207102,-10,-10,-10,220,-0.001,-40.01
"2020-10-06 06:03:52.6",6207103,-10,-10,-10,220,-0.001,-40.01
"2020-10-06 06:03:52.7",6207104,-10,-10,-10,220,-0.001,-40.01
"2020-10-06 06:03:52.8",6207105,-10,-10,-10,220,-0.001,-40.01
"2020-10-06 06:03:52.9",6207106,-10,-10,-10,220,-0.001,-40.01
"2020-10-06 06:03:53",6207107,-10,-10,-10,220,-0.001,-40.01
"2020-10-06 06:03:53.1",6207108,-10,-10,-10,220,-0.001,-40.01
"2020-10-06 06:03:53.2",6207109,-10,-10,-10,220,-0.001,-40.01
"2020-10-06 06:03:53.3",6207110,-10,-10,-10,220,-0.001,-40.01
"2020-10-06 06:03:53.4",6207111,-10,-10,-10,220,-0.001,-40.01
"2020-10-06 06:03:53.5",6207112,-10,-10,-10,220,-0.001,-40.01
"2020-10-06 06:03:53.6",6207113,-10,-10,-10,220,-0.001,-40.01
"2020-10-06 06:03:53.7",6207114,-10,-10,-10,220,-0.001,-40.01
"2020-10-06 06:03:53.8",6207115,-10,-10,-10,220,-0.001,-40.01
"2020-10-06 06:03:53.9",6207116,-10,-10,-10,220,-0.001,-40.01
"2020-10-06 06:03:54",6207117,-10,-10,-10,220,-0.001,-40.01
"2020-10-06 06:03:54.1",6207118,-10,-10,-10,220,-0.001,-40.01
"2020-10-06 06:03:54.2",6207119,-10,-10,-10,220,-0.001,-40.01
"2020-10-06 06:03:54.3",6207120,-10,-10,-10,220,-0.001,-40.01
"2020-10-06 06:03:54.4",6207121,-10,-10,-10,220,-0.001,-40.01
"2020-10-06 06:03:54.5",6207122,-10,-10,-10,220,-0.001,-40.01
"2020-10-06 06:03:54.6",6207123,-10,-10,-10,220,-0.001,-40.01
"2020-10-06 06:03:54.7",6207124,-10,-10,-10,220,-0.001,-40.01
"2020-10-06 06:03:54.8",6207125,-10,-10,-10,220,-0.001,-40.01
"2020-10-06 06:03:54.9",6207126,-10,-10,-10,220,-0.001,-40.01
"2020-10-06 06:03:55",6207127,-10,-10,-10,220,-0.001,-40.01
"2020-10-06 06:03:55.1",6207128,-10,-10,-10,220,-0.001,-40.01
"2020-10-06 06:03:55.2",6207129,-10,-10,-10,220,-0.001,-40.01
"2020-10-06 06:03:55.3",6207130,-10,-10,-10,220,-0.001,-40.01
"2020-10-06 06:03:55.4",6207131,-10,-10,-10,220,-0.001,-40.01
"2020-10-06 06:03:55.5",6207132,-10,-10,-10,220,-0.001,-40.01
"2020-10-06 06:03:55.6",6207133,-10,-10,-10,220,-0.001,-40.01
"2020-10-06 06:03:55.7",6207134,-10,-10,-10,220,-0.001,-40.01
"2020-10-06 06:03:55.8",6207135,-10,-10,-10,220,-0.001,-40.01
"2020-10-06 06:03:55.9",6207136,-10,-10,-10,220,-0.001,-40.01
"2020-10-06 06:03:56",6207137,-10,-10,-10,220,-0.001,-40.01
"2020-10-06 06:03:56.1",6207138,-10,-10,-10,220,-0.001,-40.01
"2020-10-06 06:03:56.2",6207139,-10,-10,-10,220,-0.001,-40.01
"2020-10-06 06:03:56.3",6207140,-10,-10,-10,220,-0.001,-40.01
"2020-10-06 06:03:56.4",6207141,-10,-10,-10,220,-0.001,-40.01
"2020-10-06 06:03:56.5",6207142,-10,-10,-10,220,-0.001,-40.01
"2020-10-06 06:03:56.6",6207143,-10,-10,-10,220,-0.001,-40.01
"2020-10-06 06:03:56.7",6207144,-10,-10,-10,220,-0.001,-40.01
"2020-10-06 06:03:56.8",6207145,-10,-10,-10,220,-0.001,-40.01
"2020-10-06 06:03:56.9",6207146,-10,-10,-10,220,-0.001,-40.01
"2020-10-06 06:03:57",6207147,-10,-10,-10,220,-0.001,-40.01
"2020-10-06 06:03:57.1",6207148,-10,-10,-10,220,-0.001,-40.01
"2020-10-06 06:03:57.2",6207149,-10,-10,-10,220,-0.001,-40.01
"2020-10-06 06:03:57.3",6207150,-10,-10,-10,220,-0.001,-40.01
"2020-10-06 06:03:57.4",6207151,-10,-10,-10,220,-0.001,-40.01
"2020-10-06 06:03:57.5",6207152,-10,-10,-10,220,-0.001,-40.01
"2020-10-06 06:03:57.6",6207153,-10,-10,-10,220,-0.001,-40.01
"2020-10-06 06:03:57.7",6207154,-10,-10,-10,220,-0.001,-40.01
"2020-10-06 06:03:57.8",6207155,-10,-10,-10,220,-0.001,-40.01
"2020-10-06 06:03:57.9",6207156,-10,-10,-10,220,-0.001,-40.01
"2020-10-06 06:03:58",6207157,-10,-10,-10,220,-0.001,-40.01
"2020-10-06 06:03:58.1",6207158,-10,-10,-10,220,-0.001,-40.01
"2020-10-06 06:03:58.2",6207159,-10,-10,-10,220,-0.001,-40.01
"2020-10-06 06:03:58.3",6207160,-10,-10,-10,220,-0.001,-40.01
"2020-10-06 06:03:58.4",6207161,-10,-10,-10,220,-0.001,-40.01
"2020-10-06 06:03:58.5",6207162,-10,-10,-10,220,-0.001,-40.01
"2020-10-06 06:03:58.6",6207163,-10,-10,-10,220,-0.001,-40.01
"2020-10-06 06:03:58.7",6207164,-10,-10,-10,220,-0.001,-40.01
"2020-10-06 06:03:58.8",6207165,-10,-10,-10,220,-0.001,-40.01
"2020-10-06 06:03:58.9",6207166,-10,-10,-10,220,-0.001,-40.01
"2020-10-06 06:03:59",6207167,-10,-10,-10,220,-0.001,-40.01
"2020-10-06 06:03:59.1",6207168,-10,-10,-10,220,-0.001,-40.01
"2020-10-06 06:03:59.2",6207169,-10,-10,-10,220,-0.001,-40.01
"2020-10-06 06:03:59.3",6207170,-10,-10,-10,220,-0.001,-40.01
"2020-10-06 06:03:59.4",6207171,-10,-10,-10,220,-0.001,-40.01
"2020-10-06 06:03:59.5",6207172,-10,-10,-10,220,-0.001,-40.01
"2020-10-06 06:03:59.6",6207173,-10,-10,-10,220,-0.001,-40.01
"2020-10-06 06:03:59.7",6207174,-10,-10,-10,220,-0.001,-40.01
"2020-10-06 06:03:59.8",6207175,-10,-10,-10,220,-0.001,-40.01
"2020-10-06 06:03:59.9",6207176,-10,-10,-10,220,-0.001,-40.01
"2020-10-06 06:04:00",6207177,-10,-10,-10,220,-0.001,-40.01
"2020-10-06 06:04:00.1",6207178,-10,-10,-10,220,-0.008,-40.02
"2020-10-06 06:04:00.2",6207179,-10,-10,-10,220,-0.008,-40.02
"2020-10-06 06:04:00.3",6207180,-10,-10,-10,220,-0.001,-40.01
"2020-10-06 06:04:00.4",6207181,-10,-10,-10,220,-0.001,-40.01
"2020-10-06 06:04:00.5",6207182,-10,-10,-10,220,-0.001,-40.01
"2020-10-06 06:04:00.6",6207183,-10,-10,-10,220,-0.001,-40.01
"2020-10-06 06:04:00.7",6207184,-10,-10,-10,220,-0.001,-40.01
"2020-10-06 06:04:00.8",6207185,-10,-10,-10,220,-0.001,-40.01
"2020-10-06 06:04:00.9",6207186,-10,-10,-10,220,-0.001,-40.01
"2020-10-06 06:04:01",6207187,-10,-10,-10,220,-0.001,-40.01
"2020-10-06 06:04:01.1",6207188,-10,-10,-10,220,-0.001,-40.01
"2020-10-06 06:04:01.2",6207189,-10,-10,-10,220,-0.001,-40.01
"2020-10-06 06:04:01.3",6207190,-10,-10,-10,220,-0.001,-40.01
"2020-10-06 06:04:01.4",6207191,-10,-10,-10,220,-0.001,-40.01
"2020-10-06 06:04:01.5",6207192,-10,-10,-10,220,-0.001,-40.01
"2020-10-06 06:04:01.6",6207193,-10,-10,-10,220,-0.001,-40.01
"2020-10-06 06:04:01.7",6207194,-10,-10,-10,220,-0.001,-40.01
"2020-10-06 06:04:01.8",6207195,-10,-10,-10,220,-0.001,-40.01
"2020-10-06 06:04:01.9",6207196,-10,-10,-10,220,-0.001,-40.01
"2020-10-06 06:04:02",6207197,-10,-10,-10,220,-0.001,-40.01
"2020-10-06 06:04:02.1",6207198,-10,-10,-10,220,-0.001,-40.01
"2020-10-06 06:04:02.2",6207199,-10,-10,-10,220,-0.001,-40.01
"2020-10-06 06:04:02.3",6207200,-10,-10,-10,220,-0.001,-40.01
"2020-10-06 06:04:02.4",6207201,-10,-10,-10,220,-0.001,-40.01
"2020-10-06 06:04:02.5",6207202,-10,-10,-10,220,-0.001,-40.01
"2020-10-06 06:04:02.6",6207203,-10,-10,-10,220,-0.001,-40.01
"2020-10-06 06:04:02.7",6207204,-10,-10,-10,220,-0.001,-40.01
"2020-10-06 06:04:02.8",6207205,-10,-10,-10,220,-0.001,-40.01
"2020-10-06 06:04:02.9",6207206,-10,-10,-10,220,-0.001,-40.01
"2020-10-06 06:04:03",6207207,-10,-10,-10,220,-0.001,-40.01
"2020-10-06 06:04:03.1",6207208,-10,-10,-10,220,-0.001,-40.01
"2020-10-06 06:04:03.2",6207209,-10,-10,-10,220,-0.001,-40.01
"2020-10-06 06:04:03.3",6207210,-10,-10,-10,220,-0.001,-40.01
"2020-10-06 06:04:03.4",6207211,-10,-10,-10,220,-0.001,-40.01
"2020-10-06 06:04:03.5",6207212,-10,-10,-10,220,-0.001,-40.01
"2020-10-06 06:04:03.6",6207213,-10,-10,-10,220,-0.001,-40.01
"2020-10-06 06:04:03.7",6207214,-10,-10,-10,220,-0.001,-40.01
"2020-10-06 06:04:03.8",6207215,-10,-10,-10,220,-0.001,-40.01
"2020-10-06 06:04:03.9",6207216,-10,-10,-10,220,-0.001,-40.01
"2020-10-06 06:04:04",6207217,-10,-10,-10,220,-0.001,-40.01
"2020-10-06 06:04:04.1",6207218,-10,-10,-10,220,-0.001,-40.01
"2020-10-06 06:04:04.2",6207219,-10,-10,-10,220,-0.001,-40.01
"2020-10-06 06:04:04.3",6207220,-10,-10,-10,220,-0.001,-40.01
"2020-10-06 06:04:04.4",6207221,-10,-10,-10,220,-0.001,-40.01
"2020-10-06 06:04:04.5",6207222,-10,-10,-10,220,-0.001,-40.01
"2020-10-06 06:04:04.6",6207223,-10,-10,-10,220,-0.001,-40.01
"2020-10-06 06:04:04.7",6207224,-10,-10,-10,220,-0.001,-40.01
"2020-10-06 06:04:04.8",6207225,-10,-10,-10,220,-0.001,-40.01
"2020-10-06 06:04:04.9",6207226,-10,-10,-10,220,-0.001,-40.01
"2020-10-06 06:04:05",6207227,-10,-10,-10,220,-0.001,-40.01
"2020-10-06 06:04:05.1",6207228,-10,-10,-10,220,-0.001,-40.01
"2020-10-06 06:04:05.2",6207229,-10,-10,-10,220,-0.001,-40.01
"2020-10-06 06:04:05.3",6207230,-10,-10,-10,220,-0.001,-40.01
"2020-10-06 06:04:05.4",6207231,-10,-10,-10,220,-0.001,-40.01
"2020-10-06 06:04:05.5",6207232,-10,-10,-10,220,-0.001,-40.01
"2020-10-06 06:04:05.6",6207233,-10,-10,-10,220,-0.001,-40.01
"2020-10-06 06:04:05.7",6207234,-10,-10,-10,220,-0.001,-40.01
"2020-10-06 06:04:05.8",6207235,-10,-10,-10,220,-0.001,-40.01
"2020-10-06 06:04:05.9",6207236,-10,-10,-10,220,-0.001,-40.01
"2020-10-06 06:04:06",6207237,-10,-10,-10,220,-0.001,-40.01
"2020-10-06 06:04:06.1",6207238,-10,-10,-10,220,-0.001,-40.01
"2020-10-06 06:04:06.2",6207239,-10,-10,-10,220,-0.001,-40.01
"2020-10-06 06:04:06.3",6207240,-10,-10,-10,220,-0.001,-40.01
"2020-10-06 06:04:06.4",6207241,-10,-10,-10,220,-0.001,-40.01
"2020-10-06 06:04:06.5",6207242,-10,-10,-10,220,-0.001,-40.01
"2020-10-06 06:04:06.6",6207243,-10,-10,-10,220,-0.001,-40.01
"2020-10-06 06:04:06.7",6207244,-10,-10,-10,220,-0.001,-40.01
"2020-10-06 06:04:06.8",6207245,-10,-10,-10,220,-0.001,-40.01
"2020-10-06 06:04:06.9",6207246,-10,-10,-10,220,-0.001,-40.01
"2020-10-06 06:04:07",6207247,-10,-10,-10,220,-0.001,-40.01
"2020-10-06 06:04:07.1",6207248,-10,-10,-10,220,-0.001,-40.01
"2020-10-06 06:04:07.2",6207249,-10,-10,-10,220,-0.001,-40.01
"2020-10-06 06:04:07.3",6207250,-10,-10,-10,220,-0.001,-40.01
"2020-10-06 06:04:07.4",6207251,-10,-10,-10,220,-0.001,-40.01
"2020-10-06 06:04:07.5",6207252,-10,-10,-10,220,-0.001,-40.01
"2020-10-06 06:04:07.6",6207253,-10,-10,-10,220,-0.001,-40.01
"2020-10-06 06:04:07.7",6207254,-10,-10,-10,220,-0.001,-40.01
"2020-10-06 06:04:07.8",6207255,-10,-10,-10,220,-0.001,-40.01
"2020-10-06 06:04:07.9",6207256,-10,-10,-10,220,-0.001,-40.01
"2020-10-06 06:04:08",6207257,-10,-10,-10,220,-0.001,-40.01
"2020-10-06 06:04:08.1",6207258,-10,-10,-10,220,-0.001,-40.01
"2020-10-06 06:04:08.2",6207259,-10,-10,-10,220,-0.001,-40.01
"2020-10-06 06:04:08.3",6207260,-10,-10,-10,220,-0.001,-40.01
"2020-10-06 06:04:08.4",6207261,-10,-10,-10,220,-0.001,-40.01
"2020-10-06 06:04:08.5",6207262,-10,-10,-10,220,-0.001,-40.01
"2020-10-06 06:04:08.6",6207263,-10,-10,-10,220,-0.001,-40.01
"2020-10-06 06:04:08.7",6207264,-10,-10,-10,220,-0.001,-40.01
"2020-10-06 06:04:08.8",6207265,-10,-10,-10,220,-0.001,-40.01
"2020-10-06 06:04:08.9",6207266,-10,-10,-10,220,-0.001,-40.01
"2020-10-06 06:04:09",6207267,-10,-10,-10,220,-0.001,-40.01
"2020-10-06 06:04:09.1",6207268,-10,-10,-10,220,-0.001,-40.01
"2020-10-06 06:04:09.2",6207269,-10,-10,-10,220,-0.001,-40.01
"2020-10-06 06:04:09.3",6207270,-10,-10,-10,220,-0.001,-40.01
"2020-10-06 06:04:09.4",6207271,-10,-10,-10,220,-0.001,-40.01
"2020-10-06 06:04:09.5",6207272,-10,-10,-10,220,-0.001,-40.01
"2020-10-06 06:04:09.6",6207273,-10,-10,-10,220,-0.001,-40.01
"2020-10-06 06:04:09.7",6207274,-10,-10,-10,220,-0.001,-40.01
"2020-10-06 06:04:09.8",6207275,-10,-10,-10,220,-0.001,-40.01
"2020-10-06 06:04:09.9",6207276,-10,-10,-10,220,-0.001,-40.01
"2020-10-06 06:04:10",6207277,-10,-10,-10,220,-0.001,-40.01
"2020-10-06 06:04:10.1",6207278,-10,-10,-10,220,-0.001,-40.01
"2020-10-06 06:04:10.2",6207279,-10,-10,-10,220,-0.001,-40.01
"2020-10-06 06:04:10.3",6207280,-10,-10,-10,220,-0.001,-40.01
"2020-10-06 06:04:10.4",6207281,-10,-10,-10,220,-0.001,-40.01
"2020-10-06 06:04:10.5",6207282,-10,-10,-10,220,-0.001,-40.01
"2020-10-06 06:04:10.6",6207283,-10,-10,-10,220,-0.001,-40.01
"2020-10-06 06:04:10.7",6207284,-10,-10,-10,220,-0.001,-40.01
"2020-10-06 06:04:10.8",6207285,-10,-10,-10,220,-0.001,-40.01
"2020-10-06 06:04:10.9",6207286,-10,-10,-10,220,-0.001,-40.01
"2020-10-06 06:04:11",6207287,-10,-10,-10,220,-0.001,-40.01
"2020-10-06 06:04:11.1",6207288,-10,-10,-10,220,-0.001,-40.01
"2020-10-06 06:04:11.2",6207289,-10,-10,-10,220,-0.001,-40.01
"2020-10-06 06:04:11.3",6207290,-10,-10,-10,220,-0.001,-40.01
"2020-10-06 06:04:11.4",6207291,-10,-10,-10,220,-0.001,-40.01
"2020-10-06 06:04:11.5",6207292,-10,-10,-10,220,-0.001,-40.01
"2020-10-06 06:04:11.6",6207293,-10,-10,-10,220,-0.001,-40.01
"2020-10-06 06:04:11.7",6207294,-10,-10,-10,220,-0.001,-40.01
"2020-10-06 06:04:11.8",6207295,-10,-10,-10,220,-0.001,-40.01
"2020-10-06 06:04:11.9",6207296,-10,-10,-10,220,-0.001,-40.01
"2020-10-06 06:04:12",6207297,-10,-10,-10,220,-0.001,-40.01
"2020-10-06 06:04:12.1",6207298,-10,-10,-10,220,-0.001,-40.01
"2020-10-06 06:04:12.2",6207299,-10,-10,-10,220,-0.001,-40.01
"2020-10-06 06:04:12.3",6207300,-10,-10,-10,220,-0.001,-40.01
"2020-10-06 06:04:12.4",6207301,-10,-10,-10,220,-0.001,-40.01
"2020-10-06 06:04:12.5",6207302,-10,-10,-10,220,-0.001,-40.01
"2020-10-06 06:04:12.6",6207303,-10,-10,-10,220,-0.001,-40.01
"2020-10-06 06:04:12.7",6207304,-10,-10,-10,220,-0.001,-40.01
"2020-10-06 06:04:12.8",6207305,-10,-10,-10,220,-0.001,-40.01
"2020-10-06 06:04:12.9",6207306,-10,-10,-10,220,-0.001,-40.01
"2020-10-06 06:04:13",6207307,-10,-10,-10,220,-0.001,-40.01
"2020-10-06 06:04:13.1",6207308,-10,-10,-10,220,-0.001,-40.01
"2020-10-06 06:04:13.2",6207309,-10,-10,-10,220,-0.001,-40.01
"2020-10-06 06:04:13.3",6207310,-10,-10,-10,220,-0.001,-40.01
"2020-10-06 06:04:13.4",6207311,-10,-10,-10,220,-0.001,-40.01
"2020-10-06 06:04:13.5",6207312,-10,-10,-10,220,-0.001,-40.01
"2020-10-06 06:04:13.6",6207313,-10,-10,-10,220,-0.001,-40.01
"2020-10-06 06:04:13.7",6207314,-10,-10,-10,220,-0.001,-40.01
"2020-10-06 06:04:13.8",6207315,-10,-10,-10,220,-0.001,-40.01
"2020-10-06 06:04:13.9",6207316,-10,-10,-10,220,-0.001,-40.01
"2020-10-06 06:04:14",6207317,-10,-10,-10,220,-0.001,-40.01
"2020-10-06 06:04:14.1",6207318,-10,-10,-10,220,-0.001,-40.01
"2020-10-06 06:04:14.2",6207319,-10,-10,-10,220,-0.001,-40.01
"2020-10-06 06:04:14.3",6207320,-10,-10,-10,220,-0.001,-40.01
"2020-10-06 06:04:14.4",6207321,-10,-10,-10,220,-0.001,-40.01
"2020-10-06 06:04:14.5",6207322,-10,-10,-10,220,-0.001,-40.01
"2020-10-06 06:04:14.6",6207323,-10,-10,-10,220,-0.001,-40.01
"2020-10-06 06:04:14.7",6207324,-10,-10,-10,220,-0.001,-40.01
"2020-10-06 06:04:14.8",6207325,-10,-10,-10,220,-0.001,-40.01
"2020-10-06 06:04:14.9",6207326,-10,-10,-10,220,-0.001,-40.01
"2020-10-06 06:04:15",6207327,-10,-10,-10,220,-0.001,-40.01
"2020-10-06 06:04:15.1",6207328,-10,-10,-10,220,-0.001,-40.01
"2020-10-06 06:04:15.2",6207329,-10,-10,-10,220,-0.001,-40.01
"2020-10-06 06:04:15.3",6207330,-10,-10,-10,220,-0.001,-40.01
"2020-10-06 06:04:15.4",6207331,-10,-10,-10,220,-0.001,-40.01
"2020-10-06 06:04:15.5",6207332,-10,-10,-10,220,-0.001,-40.01
"2020-10-06 06:04:15.6",6207333,-10,-10,-10,220,-0.001,-40.01
"2020-10-06 06:04:15.7",6207334,-10,-10,-10,220,-0.001,-40.01
"2020-10-06 06:04:15.8",6207335,-10,-10,-10,220,-0.001,-40.01
"2020-10-06 06:04:15.9",6207336,-10,-10,-10,220,-0.001,-40.01
"2020-10-06 06:04:16",6207337,-10,-10,-10,220,-0.001,-40.01
"2020-10-06 06:04:16.1",6207338,-10,-10,-10,220,-0.001,-40.01
"2020-10-06 06:04:16.2",6207339,-10,-10,-10,220,-0.001,-40.01
"2020-10-06 06:04:16.3",6207340,-10,-10,-10,220,-0.001,-40.01
"2020-10-06 06:04:16.4",6207341,-10,-10,-10,220,-0.001,-40.01
"2020-10-06 06:04:16.5",6207342,-10,-10,-10,220,-0.001,-40.01
"2020-10-06 06:04:16.6",6207343,-10,-10,-10,220,-0.001,-40.01
"2020-10-06 06:04:16.7",6207344,-10,-10,-10,220,-0.001,-40.01
"2020-10-06 06:04:16.8",6207345,-10,-10,-10,220,-0.001,-40.01
"2020-10-06 06:04:16.9",6207346,-10,-10,-10,220,-0.001,-40.01
"2020-10-06 06:04:17",6207347,-10,-10,-10,220,-0.001,-40.01
"2020-10-06 06:04:17.1",6207348,-10,-10,-10,220,-0.001,-40.01
"2020-10-06 06:04:17.2",6207349,-10,-10,-10,220,-0.001,-40.01
"2020-10-06 06:04:17.3",6207350,-10,-10,-10,220,-0.001,-40.01
"2020-10-06 06:04:17.4",6207351,-10,-10,-10,220,-0.001,-40.01
"2020-10-06 06:04:17.5",6207352,-10,-10,-10,220,-0.001,-40.01
"2020-10-06 06:04:17.6",6207353,-10,-10,-10,220,-0.001,-40.01
"2020-10-06 06:04:17.7",6207354,-10,-10,-10,220,-0.001,-40.01
"2020-10-06 06:04:17.8",6207355,-10,-10,-10,220,-0.001,-40.01
"2020-10-06 06:04:17.9",6207356,-10,-10,-10,220,-0.001,-40.01
"2020-10-06 06:04:18",6207357,-10,-10,-10,220,-0.001,-40.01
"2020-10-06 06:04:18.1",6207358,-10,-10,-10,220,-0.001,-40.01
"2020-10-06 06:04:18.2",6207359,-10,-10,-10,220,-0.001,-40.01
"2020-10-06 06:04:18.3",6207360,-10,-10,-10,220,-0.001,-40.01
"2020-10-06 06:04:18.4",6207361,-10,-10,-10,220,-0.001,-40.01
"2020-10-06 06:04:18.5",6207362,-10,-10,-10,220,-0.001,-40.01
"2020-10-06 06:04:18.6",6207363,-10,-10,-10,220,-0.001,-40.01
"2020-10-06 06:04:18.7",6207364,-10,-10,-10,220,-0.001,-40.01
"2020-10-06 06:04:18.8",6207365,-10,-10,-10,220,-0.001,-40.01
"2020-10-06 06:04:18.9",6207366,-10,-10,-10,220,-0.001,-40.01
"2020-10-06 06:04:19",6207367,-10,-10,-10,220,-0.001,-40.01
"2020-10-06 06:04:19.1",6207368,-10,-10,-10,220,-0.001,-40.01
"2020-10-06 06:04:19.2",6207369,-10,-10,-10,220,-0.001,-40.01
"2020-10-06 06:04:19.3",6207370,-10,-10,-10,220,-0.001,-40.01
"2020-10-06 06:04:19.4",6207371,-10,-10,-10,220,-0.001,-40.01
"2020-10-06 06:04:19.5",6207372,-10,-10,-10,220,-0.001,-40.01
"2020-10-06 06:04:19.6",6207373,-10,-10,-10,220,-0.001,-40.01
"2020-10-06 06:04:19.7",6207374,-10,-10,-10,220,-0.001,-40.01
"2020-10-06 06:04:19.8",6207375,-10,-10,-10,220,-0.001,-40.01
"2020-10-06 06:04:19.9",6207376,-10,-10,-10,220,-0.001,-40.01
"2020-10-06 06:04:20",6207377,-10,-10,-10,220,-0.001,-40.01
"2020-10-06 06:04:20.1",6207378,-10,-10,-10,220,-0.001,-40.01
"2020-10-06 06:04:20.2",6207379,-10,-10,-10,220,-0.001,-40.01
"2020-10-06 06:04:20.3",6207380,-10,-10,-10,220,-0.001,-40.01
"2020-10-06 06:04:20.4",6207381,-10,-10,-10,220,-0.001,-40.01
"2020-10-06 06:04:20.5",6207382,-10,-10,-10,220,-0.001,-40.01
"2020-10-06 06:04:20.6",6207383,-10,-10,-10,220,-0.001,-40.01
"2020-10-06 06:04:20.7",6207384,-10,-10,-10,220,-0.001,-40.01
"2020-10-06 06:04:20.8",6207385,-10,-10,-10,220,-0.001,-40.01
"2020-10-06 06:04:20.9",6207386,-10,-10,-10,220,-0.001,-40.01
"2020-10-06 06:04:21",6207387,-10,-10,-10,220,-0.001,-40.01
"2020-10-06 06:04:21.1",6207388,-10,-10,-10,220,-0.001,-40.01
"2020-10-06 06:04:21.2",6207389,-10,-10,-10,220,-0.001,-40.01
"2020-10-06 06:04:21.3",6207390,-10,-10,-10,220,-0.001,-40.01
"2020-10-06 06:04:21.4",6207391,-10,-10,-10,220,-0.001,-40.01
"2020-10-06 06:04:21.5",6207392,-10,-10,-10,220,-0.001,-40.01
"2020-10-06 06:04:21.6",6207393,-10,-10,-10,220,-0.001,-40.01
"2020-10-06 06:04:21.7",6207394,-10,-10,-10,220,-0.001,-40.01
"2020-10-06 06:04:21.8",6207395,-10,-10,-10,220,-0.001,-40.01
"2020-10-06 06:04:21.9",6207396,-10,-10,-10,220,-0.001,-40.01
"2020-10-06 06:04:22",6207397,-10,-10,-10,220,-0.001,-40.01
"2020-10-06 06:04:22.1",6207398,-10,-10,-10,220,-0.001,-40.01
"2020-10-06 06:04:22.2",6207399,-10,-10,-10,220,-0.001,-40.01
"2020-10-06 06:04:22.3",6207400,-10,-10,-10,220,-0.001,-40.01
"2020-10-06 06:04:22.4",6207401,-10,-10,-10,220,-0.001,-40.01
"2020-10-06 06:04:22.5",6207402,-10,-10,-10,220,-0.001,-40.01
"2020-10-06 06:04:22.6",6207403,-10,-10,-10,220,-0.001,-40.01
"2020-10-06 06:04:22.7",6207404,-10,-10,-10,220,-0.001,-40.01
"2020-10-06 06:04:22.8",6207405,-10,-10,-10,220,-0.001,-40.01
"2020-10-06 06:04:22.9",6207406,-10,-10,-10,220,-0.001,-40.01
"2020-10-06 06:04:23",6207407,-10,-10,-10,220,-0.001,-40.01
"2020-10-06 06:04:23.1",6207408,-10,-10,-10,220,-0.001,-40.01
"2020-10-06 06:04:23.2",6207409,-10,-10,-10,220,-0.001,-40.01
"2020-10-06 06:04:23.3",6207410,-10,-10,-10,220,-0.001,-40.01
"2020-10-06 06:04:23.4",6207411,-10,-10,-10,220,-0.001,-40.01
"2020-10-06 06:04:23.5",6207412,-10,-10,-10,220,-0.001,-40.01
"2020-10-06 06:04:23.6",6207413,-10,-10,-10,220,-0.001,-40.01
"2020-10-06 06:04:23.7",6207414,-10,-10,-10,220,-0.001,-40.01
"2020-10-06 06:04:23.8",6207415,-10,-10,-10,220,-0.001,-40.01
"2020-10-06 06:04:23.9",6207416,-10,-10,-10,220,-0.001,-40.01
"2020-10-06 06:04:24",6207417,-10,-10,-10,220,-0.001,-40.01
"2020-10-06 06:04:24.1",6207418,-10,-10,-10,220,-0.001,-40.01
"2020-10-06 06:04:24.2",6207419,-10,-10,-10,220,-0.001,-40.01
"2020-10-06 06:04:24.3",6207420,-10,-10,-10,220,-0.001,-40.01
"2020-10-06 06:04:24.4",6207421,-10,-10,-10,220,-0.001,-40.01
"2020-10-06 06:04:24.5",6207422,-10,-10,-10,220,-0.001,-40.01
"2020-10-06 06:04:24.6",6207423,-10,-10,-10,220,-0.001,-40.01
"2020-10-06 06:04:24.7",6207424,-10,-10,-10,220,-0.001,-40.01
"2020-10-06 06:04:24.8",6207425,-10,-10,-10,220,-0.001,-40.01
"2020-10-06 06:04:24.9",6207426,-10,-10,-10,220,-0.001,-40.01
"2020-10-06 06:04:25",6207427,-10,-10,-10,220,-0.001,-40.01
"2020-10-06 06:04:25.1",6207428,-10,-10,-10,220,-0.001,-40.01
"2020-10-06 06:04:25.2",6207429,-10,-10,-10,220,-0.001,-40.01
"2020-10-06 06:04:25.3",6207430,-10,-10,-10,220,-0.001,-40.01
"2020-10-06 06:04:25.4",6207431,-10,-10,-10,220,-0.001,-40.01
"2020-10-06 06:04:25.5",6207432,-10,-10,-10,220,-0.001,-40.01
"2020-10-06 06:04:25.6",6207433,-10,-10,-10,220,-0.001,-40.01
"2020-10-06 06:04:25.7",6207434,-10,-10,-10,220,-0.001,-40.01
"2020-10-06 06:04:25.8",6207435,-10,-10,-10,220,-0.001,-40.01
"2020-10-06 06:04:25.9",6207436,-10,-10,-10,220,-0.001,-40.01
"2020-10-06 06:04:26",6207437,-10,-10,-10,220,-0.001,-40.01
"2020-10-06 06:04:26.1",6207438,-10,-10,-10,220,-0.001,-40.01
"2020-10-06 06:04:26.2",6207439,-10,-10,-10,220,-0.001,-40.01
"2020-10-06 06:04:26.3",6207440,-10,-10,-10,220,-0.001,-40.01
"2020-10-06 06:04:26.4",6207441,-10,-10,-10,220,-0.001,-40.01
"2020-10-06 06:04:26.5",6207442,-10,-10,-10,220,-0.001,-40.01
"2020-10-06 06:04:26.6",6207443,-10,-10,-10,220,-0.001,-40.01
"2020-10-06 06:04:26.7",6207444,-10,-10,-10,220,-0.001,-40.01
"2020-10-06 06:04:26.8",6207445,-10,-10,-10,220,-0.001,-40.01
"2020-10-06 06:04:26.9",6207446,-10,-10,-10,220,-0.001,-40.01
"2020-10-06 06:04:27",6207447,-10,-10,-10,220,-0.001,-40.01
"2020-10-06 06:04:27.1",6207448,-10,-10,-10,220,-0.001,-40.01
"2020-10-06 06:04:27.2",6207449,-10,-10,-10,220,-0.001,-40.01
"2020-10-06 06:04:27.3",6207450,-10,-10,-10,220,-0.001,-40.01
"2020-10-06 06:04:27.4",6207451,-10,-10,-10,220,-0.001,-40.01
"2020-10-06 06:04:27.5",6207452,-10,-10,-10,220,-0.001,-40.01
"2020-10-06 06:04:27.6",6207453,-10,-10,-10,220,-0.001,-40.01
"2020-10-06 06:04:27.7",6207454,-10,-10,-10,220,-0.001,-40.01
"2020-10-06 06:04:27.8",6207455,-10,-10,-10,220,-0.001,-40.01
"2020-10-06 06:04:27.9",6207456,-10,-10,-10,220,-0.001,-40.01
"2020-10-06 06:04:28",6207457,-10,-10,-10,220,-0.001,-40.01
"2020-10-06 06:04:28.1",6207458,-10,-10,-10,220,-0.001,-40.01
"2020-10-06 06:04:28.2",6207459,-10,-10,-10,220,-0.001,-40.01
"2020-10-06 06:04:28.3",6207460,-10,-10,-10,220,-0.001,-40.01
"2020-10-06 06:04:28.4",6207461,-10,-10,-10,220,-0.001,-40.01
"2020-10-06 06:04:28.5",6207462,-10,-10,-10,220,-0.001,-40.01
"2020-10-06 06:04:28.6",6207463,-10,-10,-10,220,-0.001,-40.01
"2020-10-06 06:04:28.7",6207464,-10,-10,-10,220,-0.001,-40.01
"2020-10-06 06:04:28.8",6207465,-10,-10,-10,220,-0.001,-40.01
"2020-10-06 06:04:28.9",6207466,-10,-10,-10,220,-0.001,-40.01
"2020-10-06 06:04:29",6207467,-10,-10,-10,220,-0.001,-40.01
"2020-10-06 06:04:29.1",6207468,-10,-10,-10,220,-0.001,-40.01
"2020-10-06 06:04:29.2",6207469,-10,-10,-10,220,-0.001,-40.01
"2020-10-06 06:04:29.3",6207470,-10,-10,-10,220,-0.001,-40.01
"2020-10-06 06:04:29.4",6207471,-10,-10,-10,220,-0.001,-40.01
"2020-10-06 06:04:29.5",6207472,-10,-10,-10,220,-0.001,-40.01
"2020-10-06 06:04:29.6",6207473,-10,-10,-10,220,-0.001,-40.01
"2020-10-06 06:04:29.7",6207474,-10,-10,-10,220,-0.001,-40.01
"2020-10-06 06:04:29.8",6207475,-10,-10,-10,220,-0.001,-40.01
"2020-10-06 06:04:29.9",6207476,-10,-10,-10,220,-0.001,-40.01
"2020-10-06 06:04:30",6207477,-10,-10,-10,220,-0.001,-40.01
"2020-10-06 06:04:30.1",6207478,-10,-10,-10,220,-0.001,-40.01
"2020-10-06 06:04:30.2",6207479,-10,-10,-10,220,-0.001,-40.01
"2020-10-06 06:04:30.3",6207480,-10,-10,-10,220,-0.001,-40.01
"2020-10-06 06:04:30.4",6207481,-10,-10,-10,220,-0.001,-40.01
"2020-10-06 06:04:30.5",6207482,-10,-10,-10,220,-0.001,-40.01
"2020-10-06 06:04:30.6",6207483,-10,-10,-10,220,-0.001,-40.01
"2020-10-06 06:04:30.7",6207484,-10,-10,-10,220,-0.001,-40.01
"2020-10-06 06:04:30.8",6207485,-10,-10,-10,220,-0.001,-40.01
"2020-10-06 06:04:30.9",6207486,-10,-10,-10,220,-0.001,-40.01
"2020-10-06 06:04:31",6207487,-10,-10,-10,220,-0.001,-40.01
"2020-10-06 06:04:31.1",6207488,-10,-10,-10,220,-0.001,-40.01
"2020-10-06 06:04:31.2",6207489,-10,-10,-10,220,-0.001,-40.01
"2020-10-06 06:04:31.3",6207490,-10,-10,-10,220,-0.001,-40.01
"2020-10-06 06:04:31.4",6207491,-10,-10,-10,220,-0.001,-40.01
"2020-10-06 06:04:31.5",6207492,-10,-10,-10,220,-0.001,-40.01
"2020-10-06 06:04:31.6",6207493,-10,-10,-10,220,-0.001,-40.01
"2020-10-06 06:04:31.7",6207494,-10,-10,-10,220,-0.001,-40.01
"2020-10-06 06:04:31.8",6207495,-10,-10,-10,220,-0.001,-40.01
"2020-10-06 06:04:31.9",6207496,-10,-10,-10,220,-0.001,-40.01
"2020-10-06 06:04:32",6207497,-10,-10,-10,220,-0.001,-40.01
"2020-10-06 06:04:32.1",6207498,-10,-10,-10,220,-0.001,-40.01
"2020-10-06 06:04:32.2",6207499,-10,-10,-10,220,-0.001,-40.01
"2020-10-06 06:04:32.3",6207500,-10,-10,-10,220,-0.001,-40.01
"2020-10-06 06:04:32.4",6207501,-10,-10,-10,220,-0.001,-40.01
"2020-10-06 06:04:32.5",6207502,-10,-10,-10,220,-0.001,-40.01
"2020-10-06 06:04:32.6",6207503,-10,-10,-10,220,-0.001,-40.01
"2020-10-06 06:04:32.7",6207504,-10,-10,-10,220,-0.001,-40.01
"2020-10-06 06:04:32.8",6207505,-10,-10,-10,220,-0.001,-40.01
"2020-10-06 06:04:32.9",6207506,-10,-10,-10,220,-0.001,-40.01
"2020-10-06 06:04:33",6207507,-10,-10,-10,220,-0.001,-40.01
"2020-10-06 06:04:33.1",6207508,-10,-10,-10,220,-0.001,-40.01
"2020-10-06 06:04:33.2",6207509,-10,-10,-10,220,-0.001,-40.01
"2020-10-06 06:04:33.3",6207510,-10,-10,-10,220,-0.001,-40.01
"2020-10-06 06:04:33.4",6207511,-10,-10,-10,220,-0.001,-40.01
"2020-10-06 06:04:33.5",6207512,-10,-10,-10,220,-0.001,-40.01
"2020-10-06 06:04:33.6",6207513,-10,-10,-10,220,-0.001,-40.01
"2020-10-06 06:04:33.7",6207514,-10,-10,-10,220,-0.001,-40.01
"2020-10-06 06:04:33.8",6207515,-10,-10,-10,220,-0.001,-40.01
"2020-10-06 06:04:33.9",6207516,-10,-10,-10,220,-0.001,-40.01
"2020-10-06 06:04:34",6207517,-10,-10,-10,220,-0.001,-40.01
"2020-10-06 06:04:34.1",6207518,-10,-10,-10,220,-0.001,-40.01
"2020-10-06 06:04:34.2",6207519,-10,-10,-10,220,-0.001,-40.01
"2020-10-06 06:04:34.3",6207520,-10,-10,-10,220,-0.001,-40.01
"2020-10-06 06:04:34.4",6207521,-10,-10,-10,220,-0.001,-40.01
"2020-10-06 06:04:34.5",6207522,-10,-10,-10,220,-0.001,-40.01
"2020-10-06 06:04:34.6",6207523,-10,-10,-10,220,-0.001,-40.01
"2020-10-06 06:04:34.7",6207524,-10,-10,-10,220,-0.001,-40.01
"2020-10-06 06:04:34.8",6207525,-10,-10,-10,220,-0.001,-40.01
"2020-10-06 06:04:34.9",6207526,-10,-10,-10,220,-0.001,-40.01
"2020-10-06 06:04:35",6207527,-10,-10,-10,220,-0.001,-40.01
"2020-10-06 06:04:35.1",6207528,-10,-10,-10,220,-0.001,-40.01
"2020-10-06 06:04:35.2",6207529,-10,-10,-10,220,-0.001,-40.01
"2020-10-06 06:04:35.3",6207530,-10,-10,-10,220,-0.001,-40.01
"2020-10-06 06:04:35.4",6207531,-10,-10,-10,220,-0.001,-40.01
"2020-10-06 06:04:35.5",6207532,-10,-10,-10,220,-0.001,-40.01
"2020-10-06 06:04:35.6",6207533,-10,-10,-10,220,-0.001,-40.01
"2020-10-06 06:04:35.7",6207534,-10,-10,-10,220,-0.001,-40.01
"2020-10-06 06:04:35.8",6207535,-10,-10,-10,220,-0.001,-40.01
"2020-10-06 06:04:35.9",6207536,-10,-10,-10,220,-0.001,-40.01
"2020-10-06 06:04:36",6207537,-10,-10,-10,220,-0.001,-40.01
"2020-10-06 06:04:36.1",6207538,-10,-10,-10,220,-0.001,-40.01
"2020-10-06 06:04:36.2",6207539,-10,-10,-10,220,-0.001,-40.01
"2020-10-06 06:04:36.3",6207540,-10,-10,-10,220,-0.001,-40.01
"2020-10-06 06:04:36.4",6207541,-10,-10,-10,220,-0.001,-40.01
"2020-10-06 06:04:36.5",6207542,-10,-10,-10,220,-0.001,-40.01
"2020-10-06 06:04:36.6",6207543,-10,-10,-10,220,-0.001,-40.01
"2020-10-06 06:04:36.7",6207544,-10,-10,-10,220,-0.001,-40.01
"2020-10-06 06:04:36.8",6207545,-10,-10,-10,220,-0.001,-40.01
"2020-10-06 06:04:36.9",6207546,-10,-10,-10,220,-0.001,-40.01
"2020-10-06 06:04:37",6207547,-10,-10,-10,220,-0.001,-40.01
"2020-10-06 06:04:37.1",6207548,-10,-10,-10,220,-0.001,-40.01
"2020-10-06 06:04:37.2",6207549,-10,-10,-10,220,-0.001,-40.01
"2020-10-06 06:04:37.3",6207550,-10,-10,-10,220,-0.001,-40.01
"2020-10-06 06:04:37.4",6207551,-10,-10,-10,220,-0.001,-40.01
"2020-10-06 06:04:37.5",6207552,-10,-10,-10,220,-0.001,-40.01
"2020-10-06 06:04:37.6",6207553,-10,-10,-10,220,-0.001,-40.01
"2020-10-06 06:04:37.7",6207554,-10,-10,-10,220,-0.001,-40.01
"2020-10-06 06:04:37.8",6207555,-10,-10,-10,220,-0.001,-40.01
"2020-10-06 06:04:37.9",6207556,-10,-10,-10,220,-0.001,-40.01
"2020-10-06 06:04:38",6207557,-10,-10,-10,220,-0.001,-40.01
"2020-10-06 06:04:38.1",6207558,-10,-10,-10,220,-0.001,-40.01
"2020-10-06 06:04:38.2",6207559,-10,-10,-10,220,-0.001,-40.01
"2020-10-06 06:04:38.3",6207560,-10,-10,-10,220,-0.001,-40.01
"2020-10-06 06:04:38.4",6207561,-10,-10,-10,220,-0.001,-40.01
"2020-10-06 06:04:38.5",6207562,-10,-10,-10,220,-0.001,-40.01
"2020-10-06 06:04:38.6",6207563,-10,-10,-10,220,-0.001,-40.01
"2020-10-06 06:04:38.7",6207564,-10,-10,-10,220,-0.001,-40.01
"2020-10-06 06:04:38.8",6207565,-10,-10,-10,220,-0.001,-40.01
"2020-10-06 06:04:38.9",6207566,-10,-10,-10,220,-0.001,-40.01
"2020-10-06 06:04:39",6207567,-10,-10,-10,220,-0.001,-40.01
"2020-10-06 06:04:39.1",6207568,-10,-10,-10,220,-0.001,-40.01
"2020-10-06 06:04:39.2",6207569,-10,-10,-10,220,-0.001,-40.01
"2020-10-06 06:04:39.3",6207570,-10,-10,-10,220,-0.001,-40.01
"2020-10-06 06:04:39.4",6207571,-10,-10,-10,220,-0.001,-40.01
"2020-10-06 06:04:39.5",6207572,-10,-10,-10,220,-0.001,-40.01
"2020-10-06 06:04:39.6",6207573,-10,-10,-10,220,-0.001,-40.01
"2020-10-06 06:04:39.7",6207574,-10,-10,-10,220,-0.001,-40.01
"2020-10-06 06:04:39.8",6207575,-10,-10,-10,220,-0.001,-40.01
"2020-10-06 06:04:39.9",6207576,-10,-10,-10,220,-0.001,-40.01
"2020-10-06 06:04:40",6207577,-10,-10,-10,220,-0.001,-40.01
"2020-10-06 06:04:40.1",6207578,-10,-10,-10,220,-0.001,-40.01
"2020-10-06 06:04:40.2",6207579,-10,-10,-10,220,-0.001,-40.01
"2020-10-06 06:04:40.3",6207580,-10,-10,-10,220,-0.001,-40.01
"2020-10-06 06:04:40.4",6207581,-10,-10,-10,220,-0.001,-40.01
"2020-10-06 06:04:40.5",6207582,-10,-10,-10,220,-0.001,-40.01
"2020-10-06 06:04:40.6",6207583,-10,-10,-10,220,-0.001,-40.01
"2020-10-06 06:04:40.7",6207584,-10,-10,-10,220,-0.001,-40.01
"2020-10-06 06:04:40.8",6207585,-10,-10,-10,220,-0.001,-40.01
"2020-10-06 06:04:40.9",6207586,-10,-10,-10,220,-0.001,-40.01
"2020-10-06 06:04:41",6207587,-10,-10,-10,220,-0.001,-40.01
"2020-10-06 06:04:41.1",6207588,-10,-10,-10,220,-0.001,-40.01
"2020-10-06 06:04:41.2",6207589,-10,-10,-10,220,-0.001,-40.01
"2020-10-06 06:04:41.3",6207590,-10,-10,-10,220,-0.001,-40.01
"2020-10-06 06:04:41.4",6207591,-10,-10,-10,220,-0.001,-40.01
"2020-10-06 06:04:41.5",6207592,-10,-10,-10,220,-0.001,-40.01
"2020-10-06 06:04:41.6",6207593,-10,-10,-10,220,-0.001,-40.01
"2020-10-06 06:04:41.7",6207594,-10,-10,-10,220,-0.001,-40.01
"2020-10-06 06:04:41.8",6207595,-10,-10,-10,220,-0.001,-40.01
"2020-10-06 06:04:41.9",6207596,-10,-10,-10,220,-0.001,-40.01
"2020-10-06 06:04:42",6207597,-10,-10,-10,220,-0.001,-40.01
"2020-10-06 06:04:42.1",6207598,-10,-10,-10,220,-0.001,-40.01
"2020-10-06 06:04:42.2",6207599,-10,-10,-10,220,-0.001,-40.01
"2020-10-06 06:04:42.3",6207600,-10,-10,-10,220,-0.001,-40.01
"2020-10-06 06:04:42.4",6207601,-10,-10,-10,220,-0.001,-40.01
"2020-10-06 06:04:42.5",6207602,-10,-10,-10,220,-0.001,-40.01
"2020-10-06 06:04:42.6",6207603,-10,-10,-10,220,-0.001,-40.01
"2020-10-06 06:04:42.7",6207604,-10,-10,-10,220,-0.001,-40.01
"2020-10-06 06:04:42.8",6207605,-10,-10,-10,220,-0.001,-40.01
"2020-10-06 06:04:42.9",6207606,-10,-10,-10,220,-0.001,-40.01
"2020-10-06 06:04:43",6207607,-10,-10,-10,220,-0.001,-40.01
"2020-10-06 06:04:43.1",6207608,-10,-10,-10,220,-0.001,-40.01
"2020-10-06 06:04:43.2",6207609,-10,-10,-10,220,-0.001,-40.01
"2020-10-06 06:04:43.3",6207610,-10,-10,-10,220,-0.001,-40.01
"2020-10-06 06:04:43.4",6207611,-10,-10,-10,220,-0.001,-40.01
"2020-10-06 06:04:43.5",6207612,-10,-10,-10,220,-0.001,-40.01
"2020-10-06 06:04:43.6",6207613,-10,-10,-10,220,-0.001,-40.01
"2020-10-06 06:04:43.7",6207614,-10,-10,-10,220,-0.001,-40.01
"2020-10-06 06:04:43.8",6207615,-10,-10,-10,220,-0.001,-40.01
"2020-10-06 06:04:43.9",6207616,-10,-10,-10,220,-0.001,-40.01
"2020-10-06 06:04:44",6207617,-10,-10,-10,220,-0.001,-40.01
"2020-10-06 06:04:44.1",6207618,-10,-10,-10,220,-0.001,-40.01
"2020-10-06 06:04:44.2",6207619,-10,-10,-10,220,-0.001,-40.01
"2020-10-06 06:04:44.3",6207620,-10,-10,-10,220,-0.001,-40.01
"2020-10-06 06:04:44.4",6207621,-10,-10,-10,220,-0.001,-40.01
"2020-10-06 06:04:44.5",6207622,-10,-10,-10,220,-0.001,-40.01
"2020-10-06 06:04:44.6",6207623,-10,-10,-10,220,-0.001,-40.01
"2020-10-06 06:04:44.7",6207624,-10,-10,-10,220,-0.001,-40.01
"2020-10-06 06:04:44.8",6207625,-10,-10,-10,220,-0.001,-40.01
"2020-10-06 06:04:44.9",6207626,-10,-10,-10,220,-0.001,-40.01
"2020-10-06 06:04:45",6207627,-10,-10,-10,220,-0.001,-40.01
"2020-10-06 06:04:45.1",6207628,-10,-10,-10,220,-0.001,-40.01
"2020-10-06 06:04:45.2",6207629,-10,-10,-10,220,-0.001,-40.01
"2020-10-06 06:04:45.3",6207630,-10,-10,-10,220,-0.001,-40.01
"2020-10-06 06:04:45.4",6207631,-10,-10,-10,220,-0.001,-40.01
"2020-10-06 06:04:45.5",6207632,-10,-10,-10,220,-0.001,-40.01
"2020-10-06 06:04:45.6",6207633,-10,-10,-10,220,-0.001,-40.01
"2020-10-06 06:04:45.7",6207634,-10,-10,-10,220,-0.001,-40.01
"2020-10-06 06:04:45.8",6207635,-10,-10,-10,220,-0.001,-40.01
"2020-10-06 06:04:45.9",6207636,-10,-10,-10,220,-0.001,-40.01
"2020-10-06 06:04:46",6207637,-10,-10,-10,220,-0.001,-40.01
"2020-10-06 06:04:46.1",6207638,-10,-10,-10,220,-0.001,-40.01
"2020-10-06 06:04:46.2",6207639,-10,-10,-10,220,-0.001,-40.01
"2020-10-06 06:04:46.3",6207640,-10,-10,-10,220,-0.001,-40.01
"2020-10-06 06:04:46.4",6207641,-10,-10,-10,220,-0.001,-40.01
"2020-10-06 06:04:46.5",6207642,-10,-10,-10,220,-0.001,-40.01
"2020-10-06 06:04:46.6",6207643,-10,-10,-10,220,-0.001,-40.01
"2020-10-06 06:04:46.7",6207644,-10,-10,-10,220,-0.001,-40.01
"2020-10-06 06:04:46.8",6207645,-10,-10,-10,220,-0.001,-40.01
"2020-10-06 06:04:46.9",6207646,-10,-10,-10,220,-0.001,-40.01
"2020-10-06 06:04:47",6207647,-10,-10,-10,220,-0.001,-40.01
"2020-10-06 06:04:47.1",6207648,-10,-10,-10,220,-0.001,-40.01
"2020-10-06 06:04:47.2",6207649,-10,-10,-10,220,-0.001,-40.01
"2020-10-06 06:04:47.3",6207650,-10,-10,-10,220,-0.001,-40.01
"2020-10-06 06:04:47.4",6207651,-10,-10,-10,220,-0.001,-40.01
"2020-10-06 06:04:47.5",6207652,-10,-10,-10,220,-0.001,-40.01
"2020-10-06 06:04:47.6",6207653,-10,-10,-10,220,-0.001,-40.01
"2020-10-06 06:04:47.7",6207654,-10,-10,-10,220,-0.001,-40.01
"2020-10-06 06:04:47.8",6207655,-10,-10,-10,220,-0.001,-40.01
"2020-10-06 06:04:47.9",6207656,-10,-10,-10,220,-0.001,-40.01
"2020-10-06 06:04:48",6207657,-10,-10,-10,220,-0.001,-40.01
"2020-10-06 06:04:48.1",6207658,-10,-10,-10,220,-0.001,-40.01
"2020-10-06 06:04:48.2",6207659,-10,-10,-10,220,-0.001,-40.01
"2020-10-06 06:04:48.3",6207660,-10,-10,-10,220,-0.001,-40.01
"2020-10-06 06:04:48.4",6207661,-10,-10,-10,220,-0.001,-40.01
"2020-10-06 06:04:48.5",6207662,-10,-10,-10,220,-0.001,-40.01
"2020-10-06 06:04:48.6",6207663,-10,-10,-10,220,-0.001,-40.01
"2020-10-06 06:04:48.7",6207664,-10,-10,-10,220,-0.001,-40.01
"2020-10-06 06:04:48.8",6207665,-10,-10,-10,220,-0.001,-40.01
"2020-10-06 06:04:48.9",6207666,-10,-10,-10,220,-0.001,-40.01
"2020-10-06 06:04:49",6207667,-10,-10,-10,220,-0.001,-40.01
"2020-10-06 06:04:49.1",6207668,-10,-10,-10,220,-0.001,-40.01
"2020-10-06 06:04:49.2",6207669,-10,-10,-10,220,-0.001,-40.01
"2020-10-06 06:04:49.3",6207670,-10,-10,-10,220,-0.001,-40.01
"2020-10-06 06:04:49.4",6207671,-10,-10,-10,220,-0.001,-40.01
"2020-10-06 06:04:49.5",6207672,-10,-10,-10,220,-0.001,-40.01
"2020-10-06 06:04:49.6",6207673,-10,-10,-10,220,-0.001,-40.01
"2020-10-06 06:04:49.7",6207674,-10,-10,-10,220,-0.001,-40.01
"2020-10-06 06:04:49.8",6207675,-10,-10,-10,220,-0.001,-40.01
"2020-10-06 06:04:49.9",6207676,-10,-10,-10,220,-0.001,-40.01
"2020-10-06 06:04:50",6207677,-10,-10,-10,220,-0.001,-40.01
"2020-10-06 06:04:50.1",6207678,-10,-10,-10,220,-0.001,-40.01
"2020-10-06 06:04:50.2",6207679,-10,-10,-10,220,-0.001,-40.01
"2020-10-06 06:04:50.3",6207680,-10,-10,-10,220,-0.001,-40.01
"2020-10-06 06:04:50.4",6207681,-10,-10,-10,220,-0.001,-40.01
"2020-10-06 06:04:50.5",6207682,-10,-10,-10,220,-0.001,-40.01
"2020-10-06 06:04:50.6",6207683,-10,-10,-10,220,-0.001,-40.01
"2020-10-06 06:04:50.7",6207684,-10,-10,-10,220,-0.001,-40.01
"2020-10-06 06:04:50.8",6207685,-10,-10,-10,220,-0.001,-40.01
"2020-10-06 06:04:50.9",6207686,-10,-10,-10,220,-0.001,-40.01
