"TOA5","10329","CR6","10329","CR6.Std.09.01 CR6-WIFI.04.00.01","CPU:YOUNG81000_HMP60_10Hz.CR6","51185","Young10Hz_hmp"
"TIMESTAMP","RECORD","U","V","W","TSonic","RH","T_HMP60"
"TS","RN","mV","mV","mV","mV","%","Deg C"
"","","Smp","Smp","Smp","Smp","Smp","Smp"
"2020-10-06 10:01:51",6349887,-10,-10,-10,220,-0.002,-40.01
"2020-10-06 10:01:51.1",6349888,-10,-10,-10,220,-0.002,-40.01
"2020-10-06 10:01:51.2",6349889,-10,-10,-10,220,-0.002,-40.01
"2020-10-06 10:01:51.3",6349890,-10,-10,-10,220,-0.002,-40.01
"2020-10-06 10:01:51.4",6349891,-10,-10,-10,220,-0.002,-40.01
"2020-10-06 10:01:51.5",6349892,-10,-10,-10,220,-0.002,-40.01
"2020-10-06 10:01:51.6",6349893,-10,-10,-10,220,-0.002,-40.01
"2020-10-06 10:01:51.7",6349894,-10,-10,-10,220,-0.002,-40.01
"2020-10-06 10:01:51.8",6349895,-10,-10,-10,220,-0.002,-40.01
"2020-10-06 10:01:51.9",6349896,-10,-10,-10,220,-0.002,-40.01
"2020-10-06 10:01:52",6349897,-10,-10,-10,220,-0.002,-40.01
"2020-10-06 10:01:52.1",6349898,-10,-10,-10,220,-0.002,-40.01
"2020-10-06 10:01:52.2",6349899,-10,-10,-10,220,-0.002,-40.01
"2020-10-06 10:01:52.3",6349900,-10,-10,-10,220,-0.002,-40.01
"2020-10-06 10:01:52.4",6349901,-10,-10,-10,220,-0.001,-40.01
"2020-10-06 10:01:52.5",6349902,-10,-10,-10,220,-0.002,-40.01
"2020-10-06 10:01:52.6",6349903,-10,-10,-10,220,-0.002,-40.01
"2020-10-06 10:01:52.7",6349904,-10,-10,-10,220,-0.002,-40.01
"2020-10-06 10:01:52.8",6349905,-10,-10,-10,220,-0.002,-40.01
"2020-10-06 10:01:52.9",6349906,-10,-10,-10,220,-0.001,-40.01
"2020-10-06 10:01:53",6349907,-10,-10,-10,220,-0.002,-40.01
"2020-10-06 10:01:53.1",6349908,-10,-10,-10,220,-0.002,-40.01
"2020-10-06 10:01:53.2",6349909,-10,-10,-10,220,-0.002,-40.01
"2020-10-06 10:01:53.3",6349910,-10,-10,-10,220,-0.002,-40.01
"2020-10-06 10:01:53.4",6349911,-10,-10,-10,220,-0.002,-40.01
"2020-10-06 10:01:53.5",6349912,-10,-10,-10,220,-0.002,-40.01
"2020-10-06 10:01:53.6",6349913,-10,-10,-10,220,-0.002,-40.01
"2020-10-06 10:01:53.7",6349914,-10,-10,-10,220,-0.002,-40.01
"2020-10-06 10:01:53.8",6349915,-10,-10,-10,220,-0.002,-40.01
"2020-10-06 10:01:53.9",6349916,-10,-10,-10,220,-0.002,-40.01
"2020-10-06 10:01:54",6349917,-10,-10,-10,220,-0.001,-40.01
"2020-10-06 10:01:54.1",6349918,-10,-10,-10,220,-0.002,-40.01
"2020-10-06 10:01:54.2",6349919,-10,-10,-10,220,-0.002,-40.01
"2020-10-06 10:01:54.3",6349920,-10,-10,-10,220,-0.001,-40.01
"2020-10-06 10:01:54.4",6349921,-10,-10,-10,220,-0.002,-40.01
"2020-10-06 10:01:54.5",6349922,-10,-10,-10,220,-0.002,-40.01
"2020-10-06 10:01:54.6",6349923,-10,-10,-10,220,-0.002,-40.01
"2020-10-06 10:01:54.7",6349924,-10,-10,-10,220,-0.002,-40.01
"2020-10-06 10:01:54.8",6349925,-10,-10,-10,220,-0.002,-40.01
"2020-10-06 10:01:54.9",6349926,-10,-10,-10,220,-0.002,-40.01
"2020-10-06 10:01:55",6349927,-10,-10,-10,220,-0.002,-40.01
"2020-10-06 10:01:55.1",6349928,-10,-10,-10,220,-0.002,-40.01
"2020-10-06 10:01:55.2",6349929,-10,-10,-10,220,-0.002,-40.01
"2020-10-06 10:01:55.3",6349930,-10,-10,-10,220,-0.001,-40.01
"2020-10-06 10:01:55.4",6349931,-10,-10,-10,220,-0.001,-40.01
"2020-10-06 10:01:55.5",6349932,-10,-10,-10,220,-0.002,-40.01
"2020-10-06 10:01:55.6",6349933,-10,-10,-10,220,-0.002,-40.01
"2020-10-06 10:01:55.7",6349934,-10,-10,-10,220,-0.002,-40.01
"2020-10-06 10:01:55.8",6349935,-10,-10,-10,220,-0.002,-40.01
"2020-10-06 10:01:55.9",6349936,-10,-10,-10,220,-0.002,-40.01
"2020-10-06 10:01:56",6349937,-10,-10,-10,220,-0.002,-40.01
"2020-10-06 10:01:56.1",6349938,-10,-10,-10,220,-0.002,-40.01
"2020-10-06 10:01:56.2",6349939,-10,-10,-10,220,-0.002,-40.01
"2020-10-06 10:01:56.3",6349940,-10,-10,-10,220,-0.002,-40.01
"2020-10-06 10:01:56.4",6349941,-10,-10,-10,220,-0.002,-40.01
"2020-10-06 10:01:56.5",6349942,-10,-10,-10,220,-0.002,-40.01
"2020-10-06 10:01:56.6",6349943,-10,-10,-10,220,-0.002,-40.01
"2020-10-06 10:01:56.7",6349944,-10,-10,-10,220,-0.002,-40.01
"2020-10-06 10:01:56.8",6349945,-10,-10,-10,220,-0.002,-40.01
"2020-10-06 10:01:56.9",6349946,-10,-10,-10,220,-0.002,-40.01
"2020-10-06 10:01:57",6349947,-10,-10,-10,220,-0.002,-40.01
"2020-10-06 10:01:57.1",6349948,-10,-10,-10,220,-0.002,-40.01
"2020-10-06 10:01:57.2",6349949,-10,-10,-10,220,-0.002,-40.01
"2020-10-06 10:01:57.3",6349950,-10,-10,-10,220,-0.002,-40.01
"2020-10-06 10:01:57.4",6349951,-10,-10,-10,220,-0.002,-40.01
"2020-10-06 10:01:57.5",6349952,-10,-10,-10,220,-0.002,-40.01
"2020-10-06 10:01:57.6",6349953,-10,-10,-10,220,-0.002,-40.01
"2020-10-06 10:01:57.7",6349954,-10,-10,-10,220,-0.002,-40.01
"2020-10-06 10:01:57.8",6349955,-10,-10,-10,220,-0.002,-40.01
"2020-10-06 10:01:57.9",6349956,-10,-10,-10,220,-0.002,-40.01
"2020-10-06 10:01:58",6349957,-10,-10,-10,220,-0.002,-40.01
"2020-10-06 10:01:58.1",6349958,-10,-10,-10,220,-0.002,-40.01
"2020-10-06 10:01:58.2",6349959,-10,-10,-10,220,-0.002,-40.01
"2020-10-06 10:01:58.3",6349960,-10,-10,-10,220,-0.002,-40.01
"2020-10-06 10:01:58.4",6349961,-10,-10,-10,220,-0.002,-40.01
"2020-10-06 10:01:58.5",6349962,-10,-10,-10,220,-0.002,-40.01
"2020-10-06 10:01:58.6",6349963,-10,-10,-10,220,-0.002,-40.01
"2020-10-06 10:01:58.7",6349964,-10,-10,-10,220,-0.002,-40.01
"2020-10-06 10:01:58.8",6349965,-10,-10,-10,220,-0.002,-40.01
"2020-10-06 10:01:58.9",6349966,-10,-10,-10,220,-0.002,-40.01
"2020-10-06 10:01:59",6349967,-10,-10,-10,220,-0.002,-40.01
"2020-10-06 10:01:59.1",6349968,-10,-10,-10,220,-0.002,-40.01
"2020-10-06 10:01:59.2",6349969,-10,-10,-10,220,-0.002,-40.01
"2020-10-06 10:01:59.3",6349970,-10,-10,-10,220,-0.002,-40.01
"2020-10-06 10:01:59.4",6349971,-10,-10,-10,220,-0.002,-40.01
"2020-10-06 10:01:59.5",6349972,-10,-10,-10,220,-0.002,-40.01
"2020-10-06 10:01:59.6",6349973,-10,-10,-10,220,-0.002,-40.01
"2020-10-06 10:01:59.7",6349974,-10,-10,-10,220,-0.002,-40.01
"2020-10-06 10:01:59.8",6349975,-10,-10,-10,220,-0.002,-40.01
"2020-10-06 10:01:59.9",6349976,-10,-10,-10,220,-0.002,-40.01
"2020-10-06 10:02:00",6349977,-10,-10,-10,220,-0.002,-40.01
"2020-10-06 10:02:00.1",6349978,-10,-10,-10,220,-0.008,-40.02
"2020-10-06 10:02:00.2",6349979,-10,-10,-10,220,-0.008,-40.02
"2020-10-06 10:02:00.3",6349980,-10,-10,-10,220,-0.001,-40
"2020-10-06 10:02:00.4",6349981,-10,-10,-10,220,-0.002,-40.01
"2020-10-06 10:02:00.5",6349982,-10,-10,-10,220,-0.002,-40.01
"2020-10-06 10:02:00.6",6349983,-10,-10,-10,220,-0.002,-40.01
"2020-10-06 10:02:00.7",6349984,-10,-10,-10,220,-0.002,-40.01
"2020-10-06 10:02:00.8",6349985,-10,-10,-10,220,-0.002,-40.01
"2020-10-06 10:02:00.9",6349986,-10,-10,-10,220,-0.002,-40.01
"2020-10-06 10:02:01",6349987,-10,-10,-10,220,-0.002,-40.01
"2020-10-06 10:02:01.1",6349988,-10,-10,-10,220,-0.002,-40.01
"2020-10-06 10:02:01.2",6349989,-10,-10,-10,220,-0.002,-40.01
"2020-10-06 10:02:01.3",6349990,-10,-10,-10,220,-0.002,-40.01
"2020-10-06 10:02:01.4",6349991,-10,-10,-10,220,-0.002,-40.01
"2020-10-06 10:02:01.5",6349992,-10,-10,-10,220,-0.002,-40.01
"2020-10-06 10:02:01.6",6349993,-10,-10,-10,220,-0.002,-40.01
"2020-10-06 10:02:01.7",6349994,-10,-10,-10,220,-0.002,-40.01
"2020-10-06 10:02:01.8",6349995,-10,-10,-10,220,-0.002,-40.01
"2020-10-06 10:02:01.9",6349996,-10,-10,-10,220,-0.002,-40.01
"2020-10-06 10:02:02",6349997,-10,-10,-10,220,-0.002,-40.01
"2020-10-06 10:02:02.1",6349998,-10,-10,-10,220,-0.002,-40.01
"2020-10-06 10:02:02.2",6349999,-10,-10,-10,220,-0.002,-40.01
"2020-10-06 10:02:02.3",6350000,-10,-10,-10,220,-0.002,-40.01
"2020-10-06 10:02:02.4",6350001,-10,-10,-10,220,-0.002,-40.01
"2020-10-06 10:02:02.5",6350002,-10,-10,-10,220,-0.002,-40.01
"2020-10-06 10:02:02.6",6350003,-10,-10,-10,220,-0.002,-40.01
"2020-10-06 10:02:02.7",6350004,-10,-10,-10,220,-0.002,-40.01
"2020-10-06 10:02:02.8",6350005,-10,-10,-10,220,-0.002,-40.01
"2020-10-06 10:02:02.9",6350006,-10,-10,-10,220,-0.002,-40.01
"2020-10-06 10:02:03",6350007,-10,-10,-10,220,-0.002,-40.01
"2020-10-06 10:02:03.1",6350008,-10,-10,-10,220,-0.002,-40.01
"2020-10-06 10:02:03.2",6350009,-10,-10,-10,220,-0.002,-40.01
"2020-10-06 10:02:03.3",6350010,-10,-10,-10,220,-0.002,-40.01
"2020-10-06 10:02:03.4",6350011,-10,-10,-10,220,-0.002,-40.01
"2020-10-06 10:02:03.5",6350012,-10,-10,-10,220,-0.002,-40.01
"2020-10-06 10:02:03.6",6350013,-10,-10,-10,220,-0.002,-40.01
"2020-10-06 10:02:03.7",6350014,-10,-10,-10,220,-0.002,-40.01
"2020-10-06 10:02:03.8",6350015,-10,-10,-10,220,-0.002,-40.01
"2020-10-06 10:02:03.9",6350016,-10,-10,-10,220,-0.002,-40.01
"2020-10-06 10:02:04",6350017,-10,-10,-10,220,-0.002,-40.01
"2020-10-06 10:02:04.1",6350018,-10,-10,-10,220,-0.002,-40.01
"2020-10-06 10:02:04.2",6350019,-10,-10,-10,220,-0.002,-40.01
"2020-10-06 10:02:04.3",6350020,-10,-10,-10,220,-0.002,-40.01
"2020-10-06 10:02:04.4",6350021,-10,-10,-10,220,-0.002,-40.01
"2020-10-06 10:02:04.5",6350022,-10,-10,-10,220,-0.002,-40.01
"2020-10-06 10:02:04.6",6350023,-10,-10,-10,220,-0.002,-40.01
"2020-10-06 10:02:04.7",6350024,-10,-10,-10,220,-0.002,-40.01
"2020-10-06 10:02:04.8",6350025,-10,-10,-10,220,-0.002,-40.01
"2020-10-06 10:02:04.9",6350026,-10,-10,-10,220,-0.001,-40.01
"2020-10-06 10:02:05",6350027,-10,-10,-10,220,-0.002,-40.01
"2020-10-06 10:02:05.1",6350028,-10,-10,-10,220,-0.002,-40.01
"2020-10-06 10:02:05.2",6350029,-10,-10,-10,220,-0.002,-40.01
"2020-10-06 10:02:05.3",6350030,-10,-10,-10,220,-0.002,-40.01
"2020-10-06 10:02:05.4",6350031,-10,-10,-10,220,-0.002,-40.01
"2020-10-06 10:02:05.5",6350032,-10,-10,-10,220,-0.002,-40.01
"2020-10-06 10:02:05.6",6350033,-10,-10,-10,220,-0.002,-40.01
"2020-10-06 10:02:05.7",6350034,-10,-10,-10,220,-0.002,-40.01
"2020-10-06 10:02:05.8",6350035,-10,-10,-10,220,-0.002,-40.01
"2020-10-06 10:02:05.9",6350036,-10,-10,-10,220,-0.002,-40.01
"2020-10-06 10:02:06",6350037,-10,-10,-10,220,-0.002,-40.01
"2020-10-06 10:02:06.1",6350038,-10,-10,-10,220,-0.002,-40.01
"2020-10-06 10:02:06.2",6350039,-10,-10,-10,220,-0.001,-40.01
"2020-10-06 10:02:06.3",6350040,-10,-10,-10,220,-0.002,-40.01
"2020-10-06 10:02:06.4",6350041,-10,-10,-10,220,-0.002,-40.01
"2020-10-06 10:02:06.5",6350042,-10,-10,-10,220,-0.002,-40.01
"2020-10-06 10:02:06.6",6350043,-10,-10,-10,220,-0.002,-40.01
"2020-10-06 10:02:06.7",6350044,-10,-10,-10,220,-0.002,-40.01
"2020-10-06 10:02:06.8",6350045,-10,-10,-10,220,-0.002,-40.01
"2020-10-06 10:02:06.9",6350046,-10,-10,-10,220,-0.002,-40.01
"2020-10-06 10:02:07",6350047,-10,-10,-10,220,-0.001,-40.01
"2020-10-06 10:02:07.1",6350048,-10,-10,-10,220,-0.002,-40.01
"2020-10-06 10:02:07.2",6350049,-10,-10,-10,220,-0.002,-40.01
"2020-10-06 10:02:07.3",6350050,-10,-10,-10,220,-0.002,-40.01
"2020-10-06 10:02:07.4",6350051,-10,-10,-10,220,-0.002,-40.01
"2020-10-06 10:02:07.5",6350052,-10,-10,-10,220,-0.002,-40.01
"2020-10-06 10:02:07.6",6350053,-10,-10,-10,220,-0.002,-40.01
"2020-10-06 10:02:07.7",6350054,-10,-10,-10,220,-0.002,-40.01
"2020-10-06 10:02:07.8",6350055,-10,-10,-10,220,-0.002,-40.01
"2020-10-06 10:02:07.9",6350056,-10,-10,-10,220,-0.002,-40.01
"2020-10-06 10:02:08",6350057,-10,-10,-10,220,-0.002,-40.01
"2020-10-06 10:02:08.1",6350058,-10,-10,-10,220,-0.002,-40.01
"2020-10-06 10:02:08.2",6350059,-10,-10,-10,220,-0.002,-40.01
"2020-10-06 10:02:08.3",6350060,-10,-10,-10,220,-0.002,-40.01
"2020-10-06 10:02:08.4",6350061,-10,-10,-10,220,-0.002,-40.01
"2020-10-06 10:02:08.5",6350062,-10,-10,-10,220,-0.002,-40.01
"2020-10-06 10:02:08.6",6350063,-10,-10,-10,220,-0.002,-40.01
"2020-10-06 10:02:08.7",6350064,-10,-10,-10,220,-0.002,-40.01
"2020-10-06 10:02:08.8",6350065,-10,-10,-10,220,-0.002,-40.01
"2020-10-06 10:02:08.9",6350066,-10,-10,-10,220,-0.002,-40.01
"2020-10-06 10:02:09",6350067,-10,-10,-10,220,-0.001,-40.01
"2020-10-06 10:02:09.1",6350068,-10,-10,-10,220,-0.001,-40.01
"2020-10-06 10:02:09.2",6350069,-10,-10,-10,220,-0.002,-40.01
"2020-10-06 10:02:09.3",6350070,-10,-10,-10,220,-0.002,-40.01
"2020-10-06 10:02:09.4",6350071,-10,-10,-10,220,-0.002,-40.01
"2020-10-06 10:02:09.5",6350072,-10,-10,-10,220,-0.002,-40.01
"2020-10-06 10:02:09.6",6350073,-10,-10,-10,220,-0.002,-40.01
"2020-10-06 10:02:09.7",6350074,-10,-10,-10,220,-0.002,-40.01
"2020-10-06 10:02:09.8",6350075,-10,-10,-10,220,-0.002,-40.01
"2020-10-06 10:02:09.9",6350076,-10,-10,-10,220,-0.002,-40.01
"2020-10-06 10:02:10",6350077,-10,-10,-10,220,-0.001,-40.01
"2020-10-06 10:02:10.1",6350078,-10,-10,-10,220,-0.002,-40.01
"2020-10-06 10:02:10.2",6350079,-10,-10,-10,220,-0.001,-40.01
"2020-10-06 10:02:10.3",6350080,-10,-10,-10,220,-0.002,-40.01
"2020-10-06 10:02:10.4",6350081,-10,-10,-10,220,-0.001,-40.01
"2020-10-06 10:02:10.5",6350082,-10,-10,-10,220,-0.001,-40.01
"2020-10-06 10:02:10.6",6350083,-10,-10,-10,220,-0.002,-40.01
"2020-10-06 10:02:10.7",6350084,-10,-10,-10,220,-0.002,-40.01
"2020-10-06 10:02:10.8",6350085,-10,-10,-10,220,-0.002,-40.01
"2020-10-06 10:02:10.9",6350086,-10,-10,-10,220,-0.002,-40.01
"2020-10-06 10:02:11",6350087,-10,-10,-10,220,-0.001,-40.01
"2020-10-06 10:02:11.1",6350088,-10,-10,-10,220,-0.002,-40.01
"2020-10-06 10:02:11.2",6350089,-10,-10,-10,220,-0.001,-40.01
"2020-10-06 10:02:11.3",6350090,-10,-10,-10,220,-0.002,-40.01
"2020-10-06 10:02:11.4",6350091,-10,-10,-10,220,-0.002,-40.01
"2020-10-06 10:02:11.5",6350092,-10,-10,-10,220,-0.001,-40.01
"2020-10-06 10:02:11.6",6350093,-10,-10,-10,220,-0.001,-40.01
"2020-10-06 10:02:11.7",6350094,-10,-10,-10,220,-0.002,-40.01
"2020-10-06 10:02:11.8",6350095,-10,-10,-10,220,-0.002,-40.01
"2020-10-06 10:02:11.9",6350096,-10,-10,-10,220,-0.001,-40.01
"2020-10-06 10:02:12",6350097,-10,-10,-10,220,-0.002,-40.01
"2020-10-06 10:02:12.1",6350098,-10,-10,-10,220,-0.002,-40.01
"2020-10-06 10:02:12.2",6350099,-10,-10,-10,220,-0.001,-40.01
"2020-10-06 10:02:12.3",6350100,-10,-10,-10,220,-0.001,-40.01
"2020-10-06 10:02:12.4",6350101,-10,-10,-10,220,-0.002,-40.01
"2020-10-06 10:02:12.5",6350102,-10,-10,-10,220,-0.002,-40.01
"2020-10-06 10:02:12.6",6350103,-10,-10,-10,220,-0.002,-40.01
"2020-10-06 10:02:12.7",6350104,-10,-10,-10,220,-0.002,-40.01
"2020-10-06 10:02:12.8",6350105,-10,-10,-10,220,-0.002,-40.01
"2020-10-06 10:02:12.9",6350106,-10,-10,-10,220,-0.002,-40.01
"2020-10-06 10:02:13",6350107,-10,-10,-10,220,-0.002,-40.01
"2020-10-06 10:02:13.1",6350108,-10,-10,-10,220,-0.002,-40.01
"2020-10-06 10:02:13.2",6350109,-10,-10,-10,220,-0.002,-40.01
"2020-10-06 10:02:13.3",6350110,-10,-10,-10,220,-0.002,-40.01
"2020-10-06 10:02:13.4",6350111,-10,-10,-10,220,-0.002,-40.01
"2020-10-06 10:02:13.5",6350112,-10,-10,-10,220,-0.002,-40.01
"2020-10-06 10:02:13.6",6350113,-10,-10,-10,220,-0.002,-40.01
"2020-10-06 10:02:13.7",6350114,-10,-10,-10,220,-0.002,-40.01
"2020-10-06 10:02:13.8",6350115,-10,-10,-10,220,-0.002,-40.01
"2020-10-06 10:02:13.9",6350116,-10,-10,-10,220,-0.001,-40.01
"2020-10-06 10:02:14",6350117,-10,-10,-10,220,-0.002,-40.01
"2020-10-06 10:02:14.1",6350118,-10,-10,-10,220,-0.001,-40.01
"2020-10-06 10:02:14.2",6350119,-10,-10,-10,220,-0.002,-40.01
"2020-10-06 10:02:14.3",6350120,-10,-10,-10,220,-0.002,-40.01
"2020-10-06 10:02:14.4",6350121,-10,-10,-10,220,-0.002,-40.01
"2020-10-06 10:02:14.5",6350122,-10,-10,-10,220,-0.002,-40.01
"2020-10-06 10:02:14.6",6350123,-10,-10,-10,220,-0.002,-40.01
"2020-10-06 10:02:14.7",6350124,-10,-10,-10,220,-0.002,-40.01
"2020-10-06 10:02:14.8",6350125,-10,-10,-10,220,-0.002,-40.01
"2020-10-06 10:02:14.9",6350126,-10,-10,-10,220,-0.002,-40.01
"2020-10-06 10:02:15",6350127,-10,-10,-10,220,-0.002,-40.01
"2020-10-06 10:02:15.1",6350128,-10,-10,-10,220,-0.002,-40.01
"2020-10-06 10:02:15.2",6350129,-10,-10,-10,220,-0.002,-40.01
"2020-10-06 10:02:15.3",6350130,-10,-10,-10,220,-0.002,-40.01
"2020-10-06 10:02:15.4",6350131,-10,-10,-10,220,-0.002,-40.01
"2020-10-06 10:02:15.5",6350132,-10,-10,-10,220,-0.002,-40.01
"2020-10-06 10:02:15.6",6350133,-10,-10,-10,220,-0.002,-40.01
"2020-10-06 10:02:15.7",6350134,-10,-10,-10,220,-0.002,-40.01
"2020-10-06 10:02:15.8",6350135,-10,-10,-10,220,-0.001,-40.01
"2020-10-06 10:02:15.9",6350136,-10,-10,-10,220,-0.002,-40.01
"2020-10-06 10:02:16",6350137,-10,-10,-10,220,-0.002,-40.01
"2020-10-06 10:02:16.1",6350138,-10,-10,-10,220,-0.002,-40.01
"2020-10-06 10:02:16.2",6350139,-10,-10,-10,220,-0.002,-40.01
"2020-10-06 10:02:16.3",6350140,-10,-10,-10,220,-0.002,-40.01
"2020-10-06 10:02:16.4",6350141,-10,-10,-10,220,-0.002,-40.01
"2020-10-06 10:02:16.5",6350142,-10,-10,-10,220,-0.001,-40.01
"2020-10-06 10:02:16.6",6350143,-10,-10,-10,220,-0.002,-40.01
"2020-10-06 10:02:16.7",6350144,-10,-10,-10,220,-0.002,-40.01
"2020-10-06 10:02:16.8",6350145,-10,-10,-10,220,-0.002,-40.01
"2020-10-06 10:02:16.9",6350146,-10,-10,-10,220,-0.002,-40.01
"2020-10-06 10:02:17",6350147,-10,-10,-10,220,-0.002,-40.01
"2020-10-06 10:02:17.1",6350148,-10,-10,-10,220,-0.002,-40.01
"2020-10-06 10:02:17.2",6350149,-10,-10,-10,220,-0.002,-40.01
"2020-10-06 10:02:17.3",6350150,-10,-10,-10,220,-0.002,-40.01
"2020-10-06 10:02:17.4",6350151,-10,-10,-10,220,-0.002,-40.01
"2020-10-06 10:02:17.5",6350152,-10,-10,-10,220,-0.002,-40.01
"2020-10-06 10:02:17.6",6350153,-10,-10,-10,220,-0.002,-40.01
"2020-10-06 10:02:17.7",6350154,-10,-10,-10,220,-0.002,-40.01
"2020-10-06 10:02:17.8",6350155,-10,-10,-10,220,-0.002,-40.01
"2020-10-06 10:02:17.9",6350156,-10,-10,-10,220,-0.001,-40.01
"2020-10-06 10:02:18",6350157,-10,-10,-10,220,-0.002,-40.01
"2020-10-06 10:02:18.1",6350158,-10,-10,-10,220,-0.002,-40.01
"2020-10-06 10:02:18.2",6350159,-10,-10,-10,220,-0.002,-40.01
"2020-10-06 10:02:18.3",6350160,-10,-10,-10,220,-0.002,-40.01
"2020-10-06 10:02:18.4",6350161,-10,-10,-10,220,-0.002,-40.01
"2020-10-06 10:02:18.5",6350162,-10,-10,-10,220,-0.002,-40.01
"2020-10-06 10:02:18.6",6350163,-10,-10,-10,220,-0.002,-40.01
"2020-10-06 10:02:18.7",6350164,-10,-10,-10,220,-0.002,-40.01
"2020-10-06 10:02:18.8",6350165,-10,-10,-10,220,-0.002,-40.01
"2020-10-06 10:02:18.9",6350166,-10,-10,-10,220,-0.002,-40.01
"2020-10-06 10:02:19",6350167,-10,-10,-10,220,-0.002,-40.01
"2020-10-06 10:02:19.1",6350168,-10,-10,-10,220,-0.002,-40.01
"2020-10-06 10:02:19.2",6350169,-10,-10,-10,220,-0.002,-40.01
"2020-10-06 10:02:19.3",6350170,-10,-10,-10,220,-0.002,-40.01
"2020-10-06 10:02:19.4",6350171,-10,-10,-10,220,-0.002,-40.01
"2020-10-06 10:02:19.5",6350172,-10,-10,-10,220,-0.002,-40.01
"2020-10-06 10:02:19.6",6350173,-10,-10,-10,220,-0.002,-40.01
"2020-10-06 10:02:19.7",6350174,-10,-10,-10,220,-0.002,-40.01
"2020-10-06 10:02:19.8",6350175,-10,-10,-10,220,-0.002,-40.01
"2020-10-06 10:02:19.9",6350176,-10,-10,-10,220,-0.002,-40.01
"2020-10-06 10:02:20",6350177,-10,-10,-10,220,-0.002,-40.01
"2020-10-06 10:02:20.1",6350178,-10,-10,-10,220,-0.002,-40.01
"2020-10-06 10:02:20.2",6350179,-10,-10,-10,220,-0.002,-40.01
"2020-10-06 10:02:20.3",6350180,-10,-10,-10,220,-0.002,-40.01
"2020-10-06 10:02:20.4",6350181,-10,-10,-10,220,-0.002,-40.01
"2020-10-06 10:02:20.5",6350182,-10,-10,-10,220,-0.002,-40.01
"2020-10-06 10:02:20.6",6350183,-10,-10,-10,220,-0.002,-40.01
"2020-10-06 10:02:20.7",6350184,-10,-10,-10,220,-0.002,-40.01
"2020-10-06 10:02:20.8",6350185,-10,-10,-10,220,-0.002,-40.01
"2020-10-06 10:02:20.9",6350186,-10,-10,-10,220,-0.002,-40.01
"2020-10-06 10:02:21",6350187,-10,-10,-10,220,-0.002,-40.01
"2020-10-06 10:02:21.1",6350188,-10,-10,-10,220,-0.002,-40.01
"2020-10-06 10:02:21.2",6350189,-10,-10,-10,220,-0.002,-40.01
"2020-10-06 10:02:21.3",6350190,-10,-10,-10,220,-0.002,-40.01
"2020-10-06 10:02:21.4",6350191,-10,-10,-10,220,-0.002,-40.01
"2020-10-06 10:02:21.5",6350192,-10,-10,-10,220,-0.002,-40.01
"2020-10-06 10:02:21.6",6350193,-10,-10,-10,220,-0.002,-40.01
"2020-10-06 10:02:21.7",6350194,-10,-10,-10,220,-0.002,-40.01
"2020-10-06 10:02:21.8",6350195,-10,-10,-10,220,-0.002,-40.01
"2020-10-06 10:02:21.9",6350196,-10,-10,-10,220,-0.002,-40.01
"2020-10-06 10:02:22",6350197,-10,-10,-10,220,-0.002,-40.01
"2020-10-06 10:02:22.1",6350198,-10,-10,-10,220,-0.001,-40.01
"2020-10-06 10:02:22.2",6350199,-10,-10,-10,220,-0.002,-40.01
"2020-10-06 10:02:22.3",6350200,-10,-10,-10,220,-0.002,-40.01
"2020-10-06 10:02:22.4",6350201,-10,-10,-10,220,-0.002,-40.01
"2020-10-06 10:02:22.5",6350202,-10,-10,-10,220,-0.002,-40.01
"2020-10-06 10:02:22.6",6350203,-10,-10,-10,220,-0.002,-40.01
"2020-10-06 10:02:22.7",6350204,-10,-10,-10,220,-0.002,-40.01
"2020-10-06 10:02:22.8",6350205,-10,-10,-10,220,-0.002,-40.01
"2020-10-06 10:02:22.9",6350206,-10,-10,-10,220,-0.002,-40.01
"2020-10-06 10:02:23",6350207,-10,-10,-10,220,-0.002,-40.01
"2020-10-06 10:02:23.1",6350208,-10,-10,-10,220,-0.002,-40.01
"2020-10-06 10:02:23.2",6350209,-10,-10,-10,220,-0.002,-40.01
"2020-10-06 10:02:23.3",6350210,-10,-10,-10,220,-0.002,-40.01
"2020-10-06 10:02:23.4",6350211,-10,-10,-10,220,-0.002,-40.01
"2020-10-06 10:02:23.5",6350212,-10,-10,-10,220,-0.002,-40.01
"2020-10-06 10:02:23.6",6350213,-10,-10,-10,220,-0.002,-40.01
"2020-10-06 10:02:23.7",6350214,-10,-10,-10,220,-0.002,-40.01
"2020-10-06 10:02:23.8",6350215,-10,-10,-10,220,-0.002,-40.01
"2020-10-06 10:02:23.9",6350216,-10,-10,-10,220,-0.002,-40.01
"2020-10-06 10:02:24",6350217,-10,-10,-10,220,-0.002,-40.01
"2020-10-06 10:02:24.1",6350218,-10,-10,-10,220,-0.002,-40.01
"2020-10-06 10:02:24.2",6350219,-10,-10,-10,220,-0.002,-40.01
"2020-10-06 10:02:24.3",6350220,-10,-10,-10,220,-0.002,-40.01
"2020-10-06 10:02:24.4",6350221,-10,-10,-10,220,-0.002,-40.01
"2020-10-06 10:02:24.5",6350222,-10,-10,-10,220,-0.002,-40.01
"2020-10-06 10:02:24.6",6350223,-10,-10,-10,220,-0.002,-40.01
"2020-10-06 10:02:24.7",6350224,-10,-10,-10,220,-0.002,-40.01
"2020-10-06 10:02:24.8",6350225,-10,-10,-10,220,-0.002,-40.01
"2020-10-06 10:02:24.9",6350226,-10,-10,-10,220,-0.002,-40.01
"2020-10-06 10:02:25",6350227,-10,-10,-10,220,-0.002,-40.01
"2020-10-06 10:02:25.1",6350228,-10,-10,-10,220,-0.002,-40.01
"2020-10-06 10:02:25.2",6350229,-10,-10,-10,220,-0.002,-40.01
"2020-10-06 10:02:25.3",6350230,-10,-10,-10,220,-0.002,-40.01
"2020-10-06 10:02:25.4",6350231,-10,-10,-10,220,-0.002,-40.01
"2020-10-06 10:02:25.5",6350232,-10,-10,-10,220,-0.002,-40.01
"2020-10-06 10:02:25.6",6350233,-10,-10,-10,220,-0.002,-40.01
"2020-10-06 10:02:25.7",6350234,-10,-10,-10,220,-0.002,-40.01
"2020-10-06 10:02:25.8",6350235,-10,-10,-10,220,-0.002,-40.01
"2020-10-06 10:02:25.9",6350236,-10,-10,-10,220,-0.002,-40.01
"2020-10-06 10:02:26",6350237,-10,-10,-10,220,-0.002,-40.01
"2020-10-06 10:02:26.1",6350238,-10,-10,-10,220,-0.002,-40.01
"2020-10-06 10:02:26.2",6350239,-10,-10,-10,220,-0.002,-40.01
"2020-10-06 10:02:26.3",6350240,-10,-10,-10,220,-0.002,-40.01
"2020-10-06 10:02:26.4",6350241,-10,-10,-10,220,-0.002,-40.01
"2020-10-06 10:02:26.5",6350242,-10,-10,-10,220,-0.002,-40.01
"2020-10-06 10:02:26.6",6350243,-10,-10,-10,220,-0.002,-40.01
"2020-10-06 10:02:26.7",6350244,-10,-10,-10,220,-0.002,-40.01
"2020-10-06 10:02:26.8",6350245,-10,-10,-10,220,-0.001,-40.01
"2020-10-06 10:02:26.9",6350246,-10,-10,-10,220,-0.002,-40.01
"2020-10-06 10:02:27",6350247,-10,-10,-10,220,-0.002,-40.01
"2020-10-06 10:02:27.1",6350248,-10,-10,-10,220,-0.002,-40.01
"2020-10-06 10:02:27.2",6350249,-10,-10,-10,220,-0.002,-40.01
"2020-10-06 10:02:27.3",6350250,-10,-10,-10,220,-0.002,-40.01
"2020-10-06 10:02:27.4",6350251,-10,-10,-10,220,-0.002,-40.01
"2020-10-06 10:02:27.5",6350252,-10,-10,-10,220,-0.002,-40.01
"2020-10-06 10:02:27.6",6350253,-10,-10,-10,220,-0.002,-40.01
"2020-10-06 10:02:27.7",6350254,-10,-10,-10,220,-0.002,-40.01
"2020-10-06 10:02:27.8",6350255,-10,-10,-10,220,-0.002,-40.01
"2020-10-06 10:02:27.9",6350256,-10,-10,-10,220,-0.002,-40.01
"2020-10-06 10:02:28",6350257,-10,-10,-10,220,-0.001,-40.01
"2020-10-06 10:02:28.1",6350258,-10,-10,-10,220,-0.002,-40.01
"2020-10-06 10:02:28.2",6350259,-10,-10,-10,220,-0.002,-40.01
"2020-10-06 10:02:28.3",6350260,-10,-10,-10,220,-0.002,-40.01
"2020-10-06 10:02:28.4",6350261,-10,-10,-10,220,-0.002,-40.01
"2020-10-06 10:02:28.5",6350262,-10,-10,-10,220,-0.002,-40.01
"2020-10-06 10:02:28.6",6350263,-10,-10,-10,220,-0.002,-40.01
"2020-10-06 10:02:28.7",6350264,-10,-10,-10,220,-0.002,-40.01
"2020-10-06 10:02:28.8",6350265,-10,-10,-10,220,-0.002,-40.01
"2020-10-06 10:02:28.9",6350266,-10,-10,-10,220,-0.002,-40.01
"2020-10-06 10:02:29",6350267,-10,-10,-10,220,-0.002,-40.01
"2020-10-06 10:02:29.1",6350268,-10,-10,-10,220,-0.002,-40.01
"2020-10-06 10:02:29.2",6350269,-10,-10,-10,220,-0.002,-40.01
"2020-10-06 10:02:29.3",6350270,-10,-10,-10,220,-0.002,-40.01
"2020-10-06 10:02:29.4",6350271,-10,-10,-10,220,-0.002,-40.01
"2020-10-06 10:02:29.5",6350272,-10,-10,-10,220,-0.002,-40.01
"2020-10-06 10:02:29.6",6350273,-10,-10,-10,220,-0.002,-40.01
"2020-10-06 10:02:29.7",6350274,-10,-10,-10,220,-0.002,-40.01
"2020-10-06 10:02:29.8",6350275,-10,-10,-10,220,-0.002,-40.01
"2020-10-06 10:02:29.9",6350276,-10,-10,-10,220,-0.002,-40.01
"2020-10-06 10:02:30",6350277,-10,-10,-10,220,-0.002,-40.01
"2020-10-06 10:02:30.1",6350278,-10,-10,-10,220,-0.002,-40.01
"2020-10-06 10:02:30.2",6350279,-10,-10,-10,220,-0.002,-40.01
"2020-10-06 10:02:30.3",6350280,-10,-10,-10,220,-0.002,-40.01
"2020-10-06 10:02:30.4",6350281,-10,-10,-10,220,-0.002,-40.01
"2020-10-06 10:02:30.5",6350282,-10,-10,-10,220,-0.002,-40.01
"2020-10-06 10:02:30.6",6350283,-10,-10,-10,220,-0.002,-40.01
"2020-10-06 10:02:30.7",6350284,-10,-10,-10,220,-0.002,-40.01
"2020-10-06 10:02:30.8",6350285,-10,-10,-10,220,-0.002,-40.01
"2020-10-06 10:02:30.9",6350286,-10,-10,-10,220,-0.002,-40.01
"2020-10-06 10:02:31",6350287,-10,-10,-10,220,-0.002,-40.01
"2020-10-06 10:02:31.1",6350288,-10,-10,-10,220,-0.002,-40.01
"2020-10-06 10:02:31.2",6350289,-10,-10,-10,220,-0.001,-40.01
"2020-10-06 10:02:31.3",6350290,-10,-10,-10,220,-0.002,-40.01
"2020-10-06 10:02:31.4",6350291,-10,-10,-10,220,-0.002,-40.01
"2020-10-06 10:02:31.5",6350292,-10,-10,-10,220,-0.002,-40.01
"2020-10-06 10:02:31.6",6350293,-10,-10,-10,220,-0.002,-40.01
"2020-10-06 10:02:31.7",6350294,-10,-10,-10,220,-0.002,-40.01
"2020-10-06 10:02:31.8",6350295,-10,-10,-10,220,-0.002,-40.01
"2020-10-06 10:02:31.9",6350296,-10,-10,-10,220,-0.002,-40.01
"2020-10-06 10:02:32",6350297,-10,-10,-10,220,-0.002,-40.01
"2020-10-06 10:02:32.1",6350298,-10,-10,-10,220,-0.002,-40.01
"2020-10-06 10:02:32.2",6350299,-10,-10,-10,220,-0.002,-40.01
"2020-10-06 10:02:32.3",6350300,-10,-10,-10,220,-0.002,-40.01
"2020-10-06 10:02:32.4",6350301,-10,-10,-10,220,-0.002,-40.01
"2020-10-06 10:02:32.5",6350302,-10,-10,-10,220,-0.002,-40.01
"2020-10-06 10:02:32.6",6350303,-10,-10,-10,220,-0.002,-40.01
"2020-10-06 10:02:32.7",6350304,-10,-10,-10,220,-0.002,-40.01
"2020-10-06 10:02:32.8",6350305,-10,-10,-10,220,-0.002,-40.01
"2020-10-06 10:02:32.9",6350306,-10,-10,-10,220,-0.002,-40.01
"2020-10-06 10:02:33",6350307,-10,-10,-10,220,-0.001,-40.01
"2020-10-06 10:02:33.1",6350308,-10,-10,-10,220,-0.002,-40.01
"2020-10-06 10:02:33.2",6350309,-10,-10,-10,220,-0.002,-40.01
"2020-10-06 10:02:33.3",6350310,-10,-10,-10,220,-0.002,-40.01
"2020-10-06 10:02:33.4",6350311,-10,-10,-10,220,-0.002,-40.01
"2020-10-06 10:02:33.5",6350312,-10,-10,-10,220,-0.002,-40.01
"2020-10-06 10:02:33.6",6350313,-10,-10,-10,220,-0.002,-40.01
"2020-10-06 10:02:33.7",6350314,-10,-10,-10,220,-0.002,-40.01
"2020-10-06 10:02:33.8",6350315,-10,-10,-10,220,-0.002,-40.01
"2020-10-06 10:02:33.9",6350316,-10,-10,-10,220,-0.002,-40.01
"2020-10-06 10:02:34",6350317,-10,-10,-10,220,-0.002,-40.01
"2020-10-06 10:02:34.1",6350318,-10,-10,-10,220,-0.002,-40.01
"2020-10-06 10:02:34.2",6350319,-10,-10,-10,220,-0.002,-40.01
"2020-10-06 10:02:34.3",6350320,-10,-10,-10,220,-0.002,-40.01
"2020-10-06 10:02:34.4",6350321,-10,-10,-10,220,-0.002,-40.01
"2020-10-06 10:02:34.5",6350322,-10,-10,-10,220,-0.001,-40.01
"2020-10-06 10:02:34.6",6350323,-10,-10,-10,220,-0.002,-40.01
"2020-10-06 10:02:34.7",6350324,-10,-10,-10,220,-0.002,-40.01
"2020-10-06 10:02:34.8",6350325,-10,-10,-10,220,-0.002,-40.01
"2020-10-06 10:02:34.9",6350326,-10,-10,-10,220,-0.001,-40.01
"2020-10-06 10:02:35",6350327,-10,-10,-10,220,-0.002,-40.01
"2020-10-06 10:02:35.1",6350328,-10,-10,-10,220,-0.002,-40.01
"2020-10-06 10:02:35.2",6350329,-10,-10,-10,220,-0.002,-40.01
"2020-10-06 10:02:35.3",6350330,-10,-10,-10,220,-0.002,-40.01
"2020-10-06 10:02:35.4",6350331,-10,-10,-10,220,-0.002,-40.01
"2020-10-06 10:02:35.5",6350332,-10,-10,-10,220,-0.001,-40.01
"2020-10-06 10:02:35.6",6350333,-10,-10,-10,220,-0.002,-40.01
"2020-10-06 10:02:35.7",6350334,-10,-10,-10,220,-0.002,-40.01
"2020-10-06 10:02:35.8",6350335,-10,-10,-10,220,-0.002,-40.01
"2020-10-06 10:02:35.9",6350336,-10,-10,-10,220,-0.002,-40.01
"2020-10-06 10:02:36",6350337,-10,-10,-10,220,-0.002,-40.01
"2020-10-06 10:02:36.1",6350338,-10,-10,-10,220,-0.002,-40.01
"2020-10-06 10:02:36.2",6350339,-10,-10,-10,220,-0.002,-40.01
"2020-10-06 10:02:36.3",6350340,-10,-10,-10,220,-0.001,-40.01
"2020-10-06 10:02:36.4",6350341,-10,-10,-10,220,-0.001,-40.01
"2020-10-06 10:02:36.5",6350342,-10,-10,-10,220,-0.001,-40.01
"2020-10-06 10:02:36.6",6350343,-10,-10,-10,220,-0.002,-40.01
"2020-10-06 10:02:36.7",6350344,-10,-10,-10,220,-0.001,-40.01
"2020-10-06 10:02:36.8",6350345,-10,-10,-10,220,-0.002,-40.01
"2020-10-06 10:02:36.9",6350346,-10,-10,-10,220,-0.002,-40.01
"2020-10-06 10:02:37",6350347,-10,-10,-10,220,-0.002,-40.01
"2020-10-06 10:02:37.1",6350348,-10,-10,-10,220,-0.002,-40.01
"2020-10-06 10:02:37.2",6350349,-10,-10,-10,220,-0.002,-40.01
"2020-10-06 10:02:37.3",6350350,-10,-10,-10,220,-0.002,-40.01
"2020-10-06 10:02:37.4",6350351,-10,-10,-10,220,-0.001,-40.01
"2020-10-06 10:02:37.5",6350352,-10,-10,-10,220,-0.002,-40.01
"2020-10-06 10:02:37.6",6350353,-10,-10,-10,220,-0.002,-40.01
"2020-10-06 10:02:37.7",6350354,-10,-10,-10,220,-0.002,-40.01
"2020-10-06 10:02:37.8",6350355,-10,-10,-10,220,-0.002,-40.01
"2020-10-06 10:02:37.9",6350356,-10,-10,-10,220,-0.002,-40.01
"2020-10-06 10:02:38",6350357,-10,-10,-10,220,-0.002,-40.01
"2020-10-06 10:02:38.1",6350358,-10,-10,-10,220,-0.002,-40.01
"2020-10-06 10:02:38.2",6350359,-10,-10,-10,220,-0.002,-40.01
"2020-10-06 10:02:38.3",6350360,-10,-10,-10,220,-0.002,-40.01
"2020-10-06 10:02:38.4",6350361,-10,-10,-10,220,-0.002,-40.01
"2020-10-06 10:02:38.5",6350362,-10,-10,-10,220,-0.002,-40.01
"2020-10-06 10:02:38.6",6350363,-10,-10,-10,220,-0.001,-40.01
"2020-10-06 10:02:38.7",6350364,-10,-10,-10,220,-0.002,-40.01
"2020-10-06 10:02:38.8",6350365,-10,-10,-10,220,-0.002,-40.01
"2020-10-06 10:02:38.9",6350366,-10,-10,-10,220,-0.002,-40.01
"2020-10-06 10:02:39",6350367,-10,-10,-10,220,-0.002,-40.01
"2020-10-06 10:02:39.1",6350368,-10,-10,-10,220,-0.002,-40.01
"2020-10-06 10:02:39.2",6350369,-10,-10,-10,220,-0.002,-40.01
"2020-10-06 10:02:39.3",6350370,-10,-10,-10,220,-0.002,-40.01
"2020-10-06 10:02:39.4",6350371,-10,-10,-10,220,-0.002,-40.01
"2020-10-06 10:02:39.5",6350372,-10,-10,-10,220,-0.002,-40.01
"2020-10-06 10:02:39.6",6350373,-10,-10,-10,220,-0.002,-40.01
"2020-10-06 10:02:39.7",6350374,-10,-10,-10,220,-0.002,-40.01
"2020-10-06 10:02:39.8",6350375,-10,-10,-10,220,-0.002,-40.01
"2020-10-06 10:02:39.9",6350376,-10,-10,-10,220,-0.002,-40.01
"2020-10-06 10:02:40",6350377,-10,-10,-10,220,-0.002,-40.01
"2020-10-06 10:02:40.1",6350378,-10,-10,-10,220,-0.002,-40.01
"2020-10-06 10:02:40.2",6350379,-10,-10,-10,220,-0.002,-40.01
"2020-10-06 10:02:40.3",6350380,-10,-10,-10,220,-0.002,-40.01
"2020-10-06 10:02:40.4",6350381,-10,-10,-10,220,-0.002,-40.01
"2020-10-06 10:02:40.5",6350382,-10,-10,-10,220,-0.002,-40.01
"2020-10-06 10:02:40.6",6350383,-10,-10,-10,220,-0.002,-40.01
"2020-10-06 10:02:40.7",6350384,-10,-10,-10,220,-0.002,-40.01
"2020-10-06 10:02:40.8",6350385,-10,-10,-10,220,-0.002,-40.01
"2020-10-06 10:02:40.9",6350386,-10,-10,-10,220,-0.002,-40.01
"2020-10-06 10:02:41",6350387,-10,-10,-10,220,-0.002,-40.01
"2020-10-06 10:02:41.1",6350388,-10,-10,-10,220,-0.001,-40.01
"2020-10-06 10:02:41.2",6350389,-10,-10,-10,220,-0.001,-40.01
"2020-10-06 10:02:41.3",6350390,-10,-10,-10,220,-0.001,-40.01
"2020-10-06 10:02:41.4",6350391,-10,-10,-10,220,-0.002,-40.01
"2020-10-06 10:02:41.5",6350392,-10,-10,-10,220,-0.001,-40.01
"2020-10-06 10:02:41.6",6350393,-10,-10,-10,220,-0.002,-40.01
"2020-10-06 10:02:41.7",6350394,-10,-10,-10,220,-0.002,-40.01
"2020-10-06 10:02:41.8",6350395,-10,-10,-10,220,-0.002,-40.01
"2020-10-06 10:02:41.9",6350396,-10,-10,-10,220,-0.002,-40.01
"2020-10-06 10:02:42",6350397,-10,-10,-10,220,-0.002,-40.01
"2020-10-06 10:02:42.1",6350398,-10,-10,-10,220,-0.002,-40.01
"2020-10-06 10:02:42.2",6350399,-10,-10,-10,220,-0.001,-40.01
"2020-10-06 10:02:42.3",6350400,-10,-10,-10,220,-0.002,-40.01
"2020-10-06 10:02:42.4",6350401,-10,-10,-10,220,-0.002,-40.01
"2020-10-06 10:02:42.5",6350402,-10,-10,-10,220,-0.002,-40.01
"2020-10-06 10:02:42.6",6350403,-10,-10,-10,220,-0.002,-40.01
"2020-10-06 10:02:42.7",6350404,-10,-10,-10,220,-0.002,-40.01
"2020-10-06 10:02:42.8",6350405,-10,-10,-10,220,-0.002,-40.01
"2020-10-06 10:02:42.9",6350406,-10,-10,-10,220,-0.002,-40.01
"2020-10-06 10:02:43",6350407,-10,-10,-10,220,-0.002,-40.01
"2020-10-06 10:02:43.1",6350408,-10,-10,-10,220,-0.002,-40.01
"2020-10-06 10:02:43.2",6350409,-10,-10,-10,220,-0.002,-40.01
"2020-10-06 10:02:43.3",6350410,-10,-10,-10,220,-0.002,-40.01
"2020-10-06 10:02:43.4",6350411,-10,-10,-10,220,-0.002,-40.01
"2020-10-06 10:02:43.5",6350412,-10,-10,-10,220,-0.002,-40.01
"2020-10-06 10:02:43.6",6350413,-10,-10,-10,220,-0.002,-40.01
"2020-10-06 10:02:43.7",6350414,-10,-10,-10,220,-0.002,-40.01
"2020-10-06 10:02:43.8",6350415,-10,-10,-10,220,-0.002,-40.01
"2020-10-06 10:02:43.9",6350416,-10,-10,-10,220,-0.002,-40.01
"2020-10-06 10:02:44",6350417,-10,-10,-10,220,-0.001,-40.01
"2020-10-06 10:02:44.1",6350418,-10,-10,-10,220,-0.002,-40.01
"2020-10-06 10:02:44.2",6350419,-10,-10,-10,220,-0.002,-40.01
"2020-10-06 10:02:44.3",6350420,-10,-10,-10,220,-0.001,-40.01
"2020-10-06 10:02:44.4",6350421,-10,-10,-10,220,-0.002,-40.01
"2020-10-06 10:02:44.5",6350422,-10,-10,-10,220,-0.002,-40.01
"2020-10-06 10:02:44.6",6350423,-10,-10,-10,220,-0.002,-40.01
"2020-10-06 10:02:44.7",6350424,-10,-10,-10,220,-0.001,-40.01
"2020-10-06 10:02:44.8",6350425,-10,-10,-10,220,-0.002,-40.01
"2020-10-06 10:02:44.9",6350426,-10,-10,-10,220,-0.002,-40.01
"2020-10-06 10:02:45",6350427,-10,-10,-10,220,-0.002,-40.01
"2020-10-06 10:02:45.1",6350428,-10,-10,-10,220,-0.002,-40.01
"2020-10-06 10:02:45.2",6350429,-10,-10,-10,220,-0.002,-40.01
"2020-10-06 10:02:45.3",6350430,-10,-10,-10,220,-0.001,-40.01
"2020-10-06 10:02:45.4",6350431,-10,-10,-10,220,-0.001,-40.01
"2020-10-06 10:02:45.5",6350432,-10,-10,-10,220,-0.002,-40.01
"2020-10-06 10:02:45.6",6350433,-10,-10,-10,220,-0.002,-40.01
"2020-10-06 10:02:45.7",6350434,-10,-10,-10,220,-0.001,-40.01
"2020-10-06 10:02:45.8",6350435,-10,-10,-10,220,-0.002,-40.01
"2020-10-06 10:02:45.9",6350436,-10,-10,-10,220,-0.002,-40.01
"2020-10-06 10:02:46",6350437,-10,-10,-10,220,-0.002,-40.01
"2020-10-06 10:02:46.1",6350438,-10,-10,-10,220,-0.002,-40.01
"2020-10-06 10:02:46.2",6350439,-10,-10,-10,220,-0.002,-40.01
"2020-10-06 10:02:46.3",6350440,-10,-10,-10,220,-0.002,-40.01
"2020-10-06 10:02:46.4",6350441,-10,-10,-10,220,-0.002,-40.01
"2020-10-06 10:02:46.5",6350442,-10,-10,-10,220,-0.002,-40.01
"2020-10-06 10:02:46.6",6350443,-10,-10,-10,220,-0.002,-40.01
"2020-10-06 10:02:46.7",6350444,-10,-10,-10,220,-0.002,-40.01
"2020-10-06 10:02:46.8",6350445,-10,-10,-10,220,-0.002,-40.01
"2020-10-06 10:02:46.9",6350446,-10,-10,-10,220,-0.002,-40.01
"2020-10-06 10:02:47",6350447,-10,-10,-10,220,-0.002,-40.01
"2020-10-06 10:02:47.1",6350448,-10,-10,-10,220,-0.002,-40.01
"2020-10-06 10:02:47.2",6350449,-10,-10,-10,220,-0.002,-40.01
"2020-10-06 10:02:47.3",6350450,-10,-10,-10,220,-0.002,-40.01
"2020-10-06 10:02:47.4",6350451,-10,-10,-10,220,-0.002,-40.01
"2020-10-06 10:02:47.5",6350452,-10,-10,-10,220,-0.002,-40.01
"2020-10-06 10:02:47.6",6350453,-10,-10,-10,220,-0.002,-40.01
"2020-10-06 10:02:47.7",6350454,-10,-10,-10,220,-0.002,-40.01
"2020-10-06 10:02:47.8",6350455,-10,-10,-10,220,-0.002,-40.01
"2020-10-06 10:02:47.9",6350456,-10,-10,-10,220,-0.002,-40.01
"2020-10-06 10:02:48",6350457,-10,-10,-10,220,-0.002,-40.01
"2020-10-06 10:02:48.1",6350458,-10,-10,-10,220,-0.001,-40.01
"2020-10-06 10:02:48.2",6350459,-10,-10,-10,220,-0.002,-40.01
"2020-10-06 10:02:48.3",6350460,-10,-10,-10,220,-0.001,-40.01
"2020-10-06 10:02:48.4",6350461,-10,-10,-10,220,-0.002,-40.01
"2020-10-06 10:02:48.5",6350462,-10,-10,-10,220,-0.002,-40.01
"2020-10-06 10:02:48.6",6350463,-10,-10,-10,220,-0.002,-40.01
"2020-10-06 10:02:48.7",6350464,-10,-10,-10,220,-0.002,-40.01
"2020-10-06 10:02:48.8",6350465,-10,-10,-10,220,-0.002,-40.01
"2020-10-06 10:02:48.9",6350466,-10,-10,-10,220,-0.002,-40.01
"2020-10-06 10:02:49",6350467,-10,-10,-10,220,-0.002,-40.01
"2020-10-06 10:02:49.1",6350468,-10,-10,-10,220,-0.002,-40.01
"2020-10-06 10:02:49.2",6350469,-10,-10,-10,220,-0.002,-40.01
"2020-10-06 10:02:49.3",6350470,-10,-10,-10,220,-0.002,-40.01
"2020-10-06 10:02:49.4",6350471,-10,-10,-10,220,-0.002,-40.01
"2020-10-06 10:02:49.5",6350472,-10,-10,-10,220,-0.002,-40.01
"2020-10-06 10:02:49.6",6350473,-10,-10,-10,220,-0.002,-40.01
"2020-10-06 10:02:49.7",6350474,-10,-10,-10,220,-0.001,-40.01
"2020-10-06 10:02:49.8",6350475,-10,-10,-10,220,-0.001,-40.01
"2020-10-06 10:02:49.9",6350476,-10,-10,-10,220,-0.002,-40.01
"2020-10-06 10:02:50",6350477,-10,-10,-10,220,-0.001,-40.01
"2020-10-06 10:02:50.1",6350478,-10,-10,-10,220,-0.002,-40.01
"2020-10-06 10:02:50.2",6350479,-10,-10,-10,220,-0.002,-40.01
"2020-10-06 10:02:50.3",6350480,-10,-10,-10,220,-0.002,-40.01
"2020-10-06 10:02:50.4",6350481,-10,-10,-10,220,-0.002,-40.01
"2020-10-06 10:02:50.5",6350482,-10,-10,-10,220,-0.002,-40.01
"2020-10-06 10:02:50.6",6350483,-10,-10,-10,220,-0.002,-40.01
"2020-10-06 10:02:50.7",6350484,-10,-10,-10,220,-0.002,-40.01
"2020-10-06 10:02:50.8",6350485,-10,-10,-10,220,-0.002,-40.01
"2020-10-06 10:02:50.9",6350486,-10,-10,-10,220,-0.002,-40.01
