"TOA5","10329","CR6","10329","CR6.Std.09.01 CR6-WIFI.04.00.01","CPU:YOUNG81000_HMP60_10Hz.CR6","51185","Young10Hz_hmp"
"TIMESTAMP","RECORD","U","V","W","TSonic","RH","T_HMP60"
"TS","RN","mV","mV","mV","mV","%","Deg C"
"","","Smp","Smp","Smp","Smp","Smp","Smp"
"2020-10-06 06:24:51",6219687,-10,-10,-10,220,-0.001,-40.01
"2020-10-06 06:24:51.1",6219688,-10,-10,-10,220,-0.001,-40.01
"2020-10-06 06:24:51.2",6219689,-10,-10,-10,220,-0.001,-40.01
"2020-10-06 06:24:51.3",6219690,-10,-10,-10,220,-0.001,-40.01
"2020-10-06 06:24:51.4",6219691,-10,-10,-10,220,-0.001,-40.01
"2020-10-06 06:24:51.5",6219692,-10,-10,-10,220,-0.001,-40.01
"2020-10-06 06:24:51.6",6219693,-10,-10,-10,220,-0.001,-40.01
"2020-10-06 06:24:51.7",6219694,-10,-10,-10,220,-0.001,-40.01
"2020-10-06 06:24:51.8",6219695,-10,-10,-10,220,-0.001,-40.01
"2020-10-06 06:24:51.9",6219696,-10,-10,-10,220,-0.001,-40.01
"2020-10-06 06:24:52",6219697,-10,-10,-10,220,-0.001,-40.01
"2020-10-06 06:24:52.1",6219698,-10,-10,-10,220,-0.001,-40.01
"2020-10-06 06:24:52.2",6219699,-10,-10,-10,220,-0.001,-40.01
"2020-10-06 06:24:52.3",6219700,-10,-10,-10,220,-0.001,-40.01
"2020-10-06 06:24:52.4",6219701,-10,-10,-10,220,-0.001,-40.01
"2020-10-06 06:24:52.5",6219702,-10,-10,-10,220,-0.001,-40.01
"2020-10-06 06:24:52.6",6219703,-10,-10,-10,220,-0.001,-40.01
"2020-10-06 06:24:52.7",6219704,-10,-10,-10,220,-0.001,-40.01
"2020-10-06 06:24:52.8",6219705,-10,-10,-10,220,-0.001,-40.01
"2020-10-06 06:24:52.9",6219706,-10,-10,-10,220,-0.001,-40.01
"2020-10-06 06:24:53",6219707,-10,-10,-10,220,-0.001,-40.01
"2020-10-06 06:24:53.1",6219708,-10,-10,-10,220,-0.001,-40.01
"2020-10-06 06:24:53.2",6219709,-10,-10,-10,220,-0.001,-40.01
"2020-10-06 06:24:53.3",6219710,-10,-10,-10,220,-0.001,-40.01
"2020-10-06 06:24:53.4",6219711,-10,-10,-10,220,-0.001,-40.01
"2020-10-06 06:24:53.5",6219712,-10,-10,-10,220,-0.001,-40.01
"2020-10-06 06:24:53.6",6219713,-10,-10,-10,220,-0.001,-40.01
"2020-10-06 06:24:53.7",6219714,-10,-10,-10,220,-0.001,-40.01
"2020-10-06 06:24:53.8",6219715,-10,-10,-10,220,-0.001,-40.01
"2020-10-06 06:24:53.9",6219716,-10,-10,-10,220,-0.001,-40.01
"2020-10-06 06:24:54",6219717,-10,-10,-10,220,-0.001,-40.01
"2020-10-06 06:24:54.1",6219718,-10,-10,-10,220,-0.001,-40.01
"2020-10-06 06:24:54.2",6219719,-10,-10,-10,220,-0.001,-40.01
"2020-10-06 06:24:54.3",6219720,-10,-10,-10,220,-0.001,-40.01
"2020-10-06 06:24:54.4",6219721,-10,-10,-10,220,-0.001,-40.01
"2020-10-06 06:24:54.5",6219722,-10,-10,-10,220,-0.001,-40.01
"2020-10-06 06:24:54.6",6219723,-10,-10,-10,220,-0.001,-40.01
"2020-10-06 06:24:54.7",6219724,-10,-10,-10,220,-0.001,-40.01
"2020-10-06 06:24:54.8",6219725,-10,-10,-10,220,-0.001,-40.01
"2020-10-06 06:24:54.9",6219726,-10,-10,-10,220,-0.001,-40.01
"2020-10-06 06:24:55",6219727,-10,-10,-10,220,-0.001,-40.01
"2020-10-06 06:24:55.1",6219728,-10,-10,-10,220,-0.001,-40.01
"2020-10-06 06:24:55.2",6219729,-10,-10,-10,220,-0.001,-40.01
"2020-10-06 06:24:55.3",6219730,-10,-10,-10,220,-0.001,-40.01
"2020-10-06 06:24:55.4",6219731,-10,-10,-10,220,-0.001,-40.01
"2020-10-06 06:24:55.5",6219732,-10,-10,-10,220,-0.001,-40.01
"2020-10-06 06:24:55.6",6219733,-10,-10,-10,220,-0.001,-40.01
"2020-10-06 06:24:55.7",6219734,-10,-10,-10,220,-0.001,-40.01
"2020-10-06 06:24:55.8",6219735,-10,-10,-10,220,-0.001,-40.01
"2020-10-06 06:24:55.9",6219736,-10,-10,-10,220,-0.001,-40.01
"2020-10-06 06:24:56",6219737,-10,-10,-10,220,-0.001,-40.01
"2020-10-06 06:24:56.1",6219738,-10,-10,-10,220,-0.001,-40.01
"2020-10-06 06:24:56.2",6219739,-10,-10,-10,220,-0.001,-40.01
"2020-10-06 06:24:56.3",6219740,-10,-10,-10,220,-0.001,-40.01
"2020-10-06 06:24:56.4",6219741,-10,-10,-10,220,-0.001,-40.01
"2020-10-06 06:24:56.5",6219742,-10,-10,-10,220,-0.001,-40.01
"2020-10-06 06:24:56.6",6219743,-10,-10,-10,220,-0.001,-40.01
"2020-10-06 06:24:56.7",6219744,-10,-10,-10,220,-0.001,-40.01
"2020-10-06 06:24:56.8",6219745,-10,-10,-10,220,-0.001,-40.01
"2020-10-06 06:24:56.9",6219746,-10,-10,-10,220,-0.001,-40.01
"2020-10-06 06:24:57",6219747,-10,-10,-10,220,-0.001,-40.01
"2020-10-06 06:24:57.1",6219748,-10,-10,-10,220,-0.001,-40.01
"2020-10-06 06:24:57.2",6219749,-10,-10,-10,220,-0.001,-40.01
"2020-10-06 06:24:57.3",6219750,-10,-10,-10,220,-0.001,-40.01
"2020-10-06 06:24:57.4",6219751,-10,-10,-10,220,-0.001,-40.01
"2020-10-06 06:24:57.5",6219752,-10,-10,-10,220,-0.001,-40.01
"2020-10-06 06:24:57.6",6219753,-10,-10,-10,220,-0.001,-40.01
"2020-10-06 06:24:57.7",6219754,-10,-10,-10,220,-0.001,-40.01
"2020-10-06 06:24:57.8",6219755,-10,-10,-10,220,-0.001,-40.01
"2020-10-06 06:24:57.9",6219756,-10,-10,-10,220,-0.001,-40.01
"2020-10-06 06:24:58",6219757,-10,-10,-10,220,-0.001,-40.01
"2020-10-06 06:24:58.1",6219758,-10,-10,-10,220,-0.001,-40.01
"2020-10-06 06:24:58.2",6219759,-10,-10,-10,220,-0.001,-40.01
"2020-10-06 06:24:58.3",6219760,-10,-10,-10,220,-0.001,-40.01
"2020-10-06 06:24:58.4",6219761,-10,-10,-10,220,-0.001,-40.01
"2020-10-06 06:24:58.5",6219762,-10,-10,-10,220,-0.001,-40.01
"2020-10-06 06:24:58.6",6219763,-10,-10,-10,220,-0.001,-40.01
"2020-10-06 06:24:58.7",6219764,-10,-10,-10,220,-0.001,-40.01
"2020-10-06 06:24:58.8",6219765,-10,-10,-10,220,-0.001,-40.01
"2020-10-06 06:24:58.9",6219766,-10,-10,-10,220,-0.001,-40.01
"2020-10-06 06:24:59",6219767,-10,-10,-10,220,-0.001,-40.01
"2020-10-06 06:24:59.1",6219768,-10,-10,-10,220,-0.001,-40.01
"2020-10-06 06:24:59.2",6219769,-10,-10,-10,220,-0.001,-40.01
"2020-10-06 06:24:59.3",6219770,-10,-10,-10,220,-0.001,-40.01
"2020-10-06 06:24:59.4",6219771,-10,-10,-10,220,-0.001,-40.01
"2020-10-06 06:24:59.5",6219772,-10,-10,-10,220,-0.001,-40.01
"2020-10-06 06:24:59.6",6219773,-10,-10,-10,220,-0.001,-40.01
"2020-10-06 06:24:59.7",6219774,-10,-10,-10,220,-0.001,-40.01
"2020-10-06 06:24:59.8",6219775,-10,-10,-10,220,-0.001,-40.01
"2020-10-06 06:24:59.9",6219776,-10,-10,-10,220,-0.001,-40.01
"2020-10-06 06:25:00",6219777,-10,-10,-10,220,-0.001,-40.01
"2020-10-06 06:25:00.1",6219778,-10,-10,-10,220,-0.008,-40.02
"2020-10-06 06:25:00.2",6219779,-10,-10,-10,220,-0.008,-40.02
"2020-10-06 06:25:00.3",6219780,-10,-10,-10,220,-0.001,-40.01
"2020-10-06 06:25:00.4",6219781,-10,-10,-10,220,-0.001,-40.01
"2020-10-06 06:25:00.5",6219782,-10,-10,-10,220,-0.001,-40.01
"2020-10-06 06:25:00.6",6219783,-10,-10,-10,220,-0.001,-40.01
"2020-10-06 06:25:00.7",6219784,-10,-10,-10,220,-0.001,-40.01
"2020-10-06 06:25:00.8",6219785,-10,-10,-10,220,-0.001,-40.01
"2020-10-06 06:25:00.9",6219786,-10,-10,-10,220,-0.001,-40.01
"2020-10-06 06:25:01",6219787,-10,-10,-10,220,-0.001,-40.01
"2020-10-06 06:25:01.1",6219788,-10,-10,-10,220,-0.001,-40.01
"2020-10-06 06:25:01.2",6219789,-10,-10,-10,220,-0.001,-40.01
"2020-10-06 06:25:01.3",6219790,-10,-10,-10,220,-0.001,-40.01
"2020-10-06 06:25:01.4",6219791,-10,-10,-10,220,-0.001,-40.01
"2020-10-06 06:25:01.5",6219792,-10,-10,-10,220,-0.001,-40.01
"2020-10-06 06:25:01.6",6219793,-10,-10,-10,220,-0.001,-40.01
"2020-10-06 06:25:01.7",6219794,-10,-10,-10,220,-0.001,-40.01
"2020-10-06 06:25:01.8",6219795,-10,-10,-10,220,-0.001,-40.01
"2020-10-06 06:25:01.9",6219796,-10,-10,-10,220,-0.001,-40.01
"2020-10-06 06:25:02",6219797,-10,-10,-10,220,-0.001,-40.01
"2020-10-06 06:25:02.1",6219798,-10,-10,-10,220,-0.001,-40.01
"2020-10-06 06:25:02.2",6219799,-10,-10,-10,220,-0.001,-40.01
"2020-10-06 06:25:02.3",6219800,-10,-10,-10,220,-0.001,-40.01
"2020-10-06 06:25:02.4",6219801,-10,-10,-10,220,-0.001,-40.01
"2020-10-06 06:25:02.5",6219802,-10,-10,-10,220,-0.001,-40.01
"2020-10-06 06:25:02.6",6219803,-10,-10,-10,220,-0.001,-40.01
"2020-10-06 06:25:02.7",6219804,-10,-10,-10,220,-0.001,-40.01
"2020-10-06 06:25:02.8",6219805,-10,-10,-10,220,-0.001,-40.01
"2020-10-06 06:25:02.9",6219806,-10,-10,-10,220,-0.001,-40.01
"2020-10-06 06:25:03",6219807,-10,-10,-10,220,-0.001,-40.01
"2020-10-06 06:25:03.1",6219808,-10,-10,-10,220,-0.001,-40.01
"2020-10-06 06:25:03.2",6219809,-10,-10,-10,220,-0.001,-40.01
"2020-10-06 06:25:03.3",6219810,-10,-10,-10,220,-0.001,-40.01
"2020-10-06 06:25:03.4",6219811,-10,-10,-10,220,-0.001,-40.01
"2020-10-06 06:25:03.5",6219812,-10,-10,-10,220,-0.001,-40.01
"2020-10-06 06:25:03.6",6219813,-10,-10,-10,220,-0.001,-40.01
"2020-10-06 06:25:03.7",6219814,-10,-10,-10,220,-0.001,-40.01
"2020-10-06 06:25:03.8",6219815,-10,-10,-10,220,-0.001,-40.01
"2020-10-06 06:25:03.9",6219816,-10,-10,-10,220,-0.001,-40.01
"2020-10-06 06:25:04",6219817,-10,-10,-10,220,-0.001,-40.01
"2020-10-06 06:25:04.1",6219818,-10,-10,-10,220,-0.001,-40.01
"2020-10-06 06:25:04.2",6219819,-10,-10,-10,220,-0.001,-40.01
"2020-10-06 06:25:04.3",6219820,-10,-10,-10,220,-0.001,-40.01
"2020-10-06 06:25:04.4",6219821,-10,-10,-10,220,-0.001,-40.01
"2020-10-06 06:25:04.5",6219822,-10,-10,-10,220,-0.001,-40.01
"2020-10-06 06:25:04.6",6219823,-10,-10,-10,220,-0.001,-40.01
"2020-10-06 06:25:04.7",6219824,-10,-10,-10,220,-0.001,-40.01
"2020-10-06 06:25:04.8",6219825,-10,-10,-10,220,-0.001,-40.01
"2020-10-06 06:25:04.9",6219826,-10,-10,-10,220,-0.001,-40.01
"2020-10-06 06:25:05",6219827,-10,-10,-10,220,-0.001,-40.01
"2020-10-06 06:25:05.1",6219828,-10,-10,-10,220,-0.001,-40.01
"2020-10-06 06:25:05.2",6219829,-10,-10,-10,220,-0.001,-40.01
"2020-10-06 06:25:05.3",6219830,-10,-10,-10,220,-0.001,-40.01
"2020-10-06 06:25:05.4",6219831,-10,-10,-10,220,-0.001,-40.01
"2020-10-06 06:25:05.5",6219832,-10,-10,-10,220,-0.001,-40.01
"2020-10-06 06:25:05.6",6219833,-10,-10,-10,220,-0.001,-40.01
"2020-10-06 06:25:05.7",6219834,-10,-10,-10,220,-0.001,-40.01
"2020-10-06 06:25:05.8",6219835,-10,-10,-10,220,-0.001,-40.01
"2020-10-06 06:25:05.9",6219836,-10,-10,-10,220,-0.001,-40.01
"2020-10-06 06:25:06",6219837,-10,-10,-10,220,-0.001,-40.01
"2020-10-06 06:25:06.1",6219838,-10,-10,-10,220,-0.001,-40.01
"2020-10-06 06:25:06.2",6219839,-10,-10,-10,220,-0.001,-40.01
"2020-10-06 06:25:06.3",6219840,-10,-10,-10,220,-0.001,-40.01
"2020-10-06 06:25:06.4",6219841,-10,-10,-10,220,-0.001,-40.01
"2020-10-06 06:25:06.5",6219842,-10,-10,-10,220,-0.001,-40.01
"2020-10-06 06:25:06.6",6219843,-10,-10,-10,220,-0.001,-40.01
"2020-10-06 06:25:06.7",6219844,-10,-10,-10,220,-0.001,-40.01
"2020-10-06 06:25:06.8",6219845,-10,-10,-10,220,-0.001,-40.01
"2020-10-06 06:25:06.9",6219846,-10,-10,-10,220,-0.001,-40.01
"2020-10-06 06:25:07",6219847,-10,-10,-10,220,-0.001,-40.01
"2020-10-06 06:25:07.1",6219848,-10,-10,-10,220,-0.001,-40.01
"2020-10-06 06:25:07.2",6219849,-10,-10,-10,220,-0.001,-40.01
"2020-10-06 06:25:07.3",6219850,-10,-10,-10,220,-0.001,-40.01
"2020-10-06 06:25:07.4",6219851,-10,-10,-10,220,-0.001,-40.01
"2020-10-06 06:25:07.5",6219852,-10,-10,-10,220,-0.001,-40.01
"2020-10-06 06:25:07.6",6219853,-10,-10,-10,220,-0.001,-40.01
"2020-10-06 06:25:07.7",6219854,-10,-10,-10,220,-0.001,-40.01
"2020-10-06 06:25:07.8",6219855,-10,-10,-10,220,-0.001,-40.01
"2020-10-06 06:25:07.9",6219856,-10,-10,-10,220,-0.001,-40.01
"2020-10-06 06:25:08",6219857,-10,-10,-10,220,-0.001,-40.01
"2020-10-06 06:25:08.1",6219858,-10,-10,-10,220,-0.001,-40.01
"2020-10-06 06:25:08.2",6219859,-10,-10,-10,220,-0.001,-40.01
"2020-10-06 06:25:08.3",6219860,-10,-10,-10,220,-0.001,-40.01
"2020-10-06 06:25:08.4",6219861,-10,-10,-10,220,-0.001,-40.01
"2020-10-06 06:25:08.5",6219862,-10,-10,-10,220,-0.001,-40.01
"2020-10-06 06:25:08.6",6219863,-10,-10,-10,220,-0.001,-40.01
"2020-10-06 06:25:08.7",6219864,-10,-10,-10,220,-0.001,-40.01
"2020-10-06 06:25:08.8",6219865,-10,-10,-10,220,-0.001,-40.01
"2020-10-06 06:25:08.9",6219866,-10,-10,-10,220,-0.001,-40.01
"2020-10-06 06:25:09",6219867,-10,-10,-10,220,-0.001,-40.01
"2020-10-06 06:25:09.1",6219868,-10,-10,-10,220,-0.001,-40.01
"2020-10-06 06:25:09.2",6219869,-10,-10,-10,220,-0.001,-40.01
"2020-10-06 06:25:09.3",6219870,-10,-10,-10,220,-0.001,-40.01
"2020-10-06 06:25:09.4",6219871,-10,-10,-10,220,-0.001,-40.01
"2020-10-06 06:25:09.5",6219872,-10,-10,-10,220,-0.001,-40.01
"2020-10-06 06:25:09.6",6219873,-10,-10,-10,220,-0.001,-40.01
"2020-10-06 06:25:09.7",6219874,-10,-10,-10,220,-0.001,-40.01
"2020-10-06 06:25:09.8",6219875,-10,-10,-10,220,-0.001,-40.01
"2020-10-06 06:25:09.9",6219876,-10,-10,-10,220,-0.001,-40.01
"2020-10-06 06:25:10",6219877,-10,-10,-10,220,-0.001,-40.01
"2020-10-06 06:25:10.1",6219878,-10,-10,-10,220,-0.001,-40.01
"2020-10-06 06:25:10.2",6219879,-10,-10,-10,220,-0.001,-40.01
"2020-10-06 06:25:10.3",6219880,-10,-10,-10,220,-0.001,-40.01
"2020-10-06 06:25:10.4",6219881,-10,-10,-10,220,-0.001,-40.01
"2020-10-06 06:25:10.5",6219882,-10,-10,-10,220,-0.001,-40.01
"2020-10-06 06:25:10.6",6219883,-10,-10,-10,220,-0.001,-40.01
"2020-10-06 06:25:10.7",6219884,-10,-10,-10,220,-0.001,-40.01
"2020-10-06 06:25:10.8",6219885,-10,-10,-10,220,-0.001,-40.01
"2020-10-06 06:25:10.9",6219886,-10,-10,-10,220,-0.001,-40.01
"2020-10-06 06:25:11",6219887,-10,-10,-10,220,-0.001,-40.01
"2020-10-06 06:25:11.1",6219888,-10,-10,-10,220,-0.001,-40.01
"2020-10-06 06:25:11.2",6219889,-10,-10,-10,220,-0.001,-40.01
"2020-10-06 06:25:11.3",6219890,-10,-10,-10,220,-0.001,-40.01
"2020-10-06 06:25:11.4",6219891,-10,-10,-10,220,-0.001,-40.01
"2020-10-06 06:25:11.5",6219892,-10,-10,-10,220,-0.001,-40.01
"2020-10-06 06:25:11.6",6219893,-10,-10,-10,220,-0.001,-40.01
"2020-10-06 06:25:11.7",6219894,-10,-10,-10,220,-0.001,-40.01
"2020-10-06 06:25:11.8",6219895,-10,-10,-10,220,-0.001,-40.01
"2020-10-06 06:25:11.9",6219896,-10,-10,-10,220,-0.001,-40.01
"2020-10-06 06:25:12",6219897,-10,-10,-10,220,-0.001,-40.01
"2020-10-06 06:25:12.1",6219898,-10,-10,-10,220,-0.001,-40.01
"2020-10-06 06:25:12.2",6219899,-10,-10,-10,220,-0.001,-40.01
"2020-10-06 06:25:12.3",6219900,-10,-10,-10,220,-0.001,-40.01
"2020-10-06 06:25:12.4",6219901,-10,-10,-10,220,-0.001,-40.01
"2020-10-06 06:25:12.5",6219902,-10,-10,-10,220,-0.001,-40.01
"2020-10-06 06:25:12.6",6219903,-10,-10,-10,220,-0.001,-40.01
"2020-10-06 06:25:12.7",6219904,-10,-10,-10,220,-0.001,-40.01
"2020-10-06 06:25:12.8",6219905,-10,-10,-10,220,-0.001,-40.01
"2020-10-06 06:25:12.9",6219906,-10,-10,-10,220,-0.001,-40.01
"2020-10-06 06:25:13",6219907,-10,-10,-10,220,-0.001,-40.01
"2020-10-06 06:25:13.1",6219908,-10,-10,-10,220,-0.001,-40.01
"2020-10-06 06:25:13.2",6219909,-10,-10,-10,220,-0.001,-40.01
"2020-10-06 06:25:13.3",6219910,-10,-10,-10,220,-0.001,-40.01
"2020-10-06 06:25:13.4",6219911,-10,-10,-10,220,-0.001,-40.01
"2020-10-06 06:25:13.5",6219912,-10,-10,-10,220,-0.001,-40.01
"2020-10-06 06:25:13.6",6219913,-10,-10,-10,220,-0.001,-40.01
"2020-10-06 06:25:13.7",6219914,-10,-10,-10,220,-0.001,-40.01
"2020-10-06 06:25:13.8",6219915,-10,-10,-10,220,-0.001,-40.01
"2020-10-06 06:25:13.9",6219916,-10,-10,-10,220,-0.001,-40.01
"2020-10-06 06:25:14",6219917,-10,-10,-10,220,-0.001,-40.01
"2020-10-06 06:25:14.1",6219918,-10,-10,-10,220,-0.001,-40.01
"2020-10-06 06:25:14.2",6219919,-10,-10,-10,220,-0.001,-40.01
"2020-10-06 06:25:14.3",6219920,-10,-10,-10,220,-0.001,-40.01
"2020-10-06 06:25:14.4",6219921,-10,-10,-10,220,-0.001,-40.01
"2020-10-06 06:25:14.5",6219922,-10,-10,-10,220,-0.001,-40.01
"2020-10-06 06:25:14.6",6219923,-10,-10,-10,220,-0.001,-40.01
"2020-10-06 06:25:14.7",6219924,-10,-10,-10,220,-0.001,-40.01
"2020-10-06 06:25:14.8",6219925,-10,-10,-10,220,-0.001,-40.01
"2020-10-06 06:25:14.9",6219926,-10,-10,-10,220,-0.001,-40.01
"2020-10-06 06:25:15",6219927,-10,-10,-10,220,-0.001,-40.01
"2020-10-06 06:25:15.1",6219928,-10,-10,-10,220,-0.001,-40.01
"2020-10-06 06:25:15.2",6219929,-10,-10,-10,220,-0.001,-40.01
"2020-10-06 06:25:15.3",6219930,-10,-10,-10,220,-0.001,-40.01
"2020-10-06 06:25:15.4",6219931,-10,-10,-10,220,-0.001,-40.01
"2020-10-06 06:25:15.5",6219932,-10,-10,-10,220,-0.001,-40.01
"2020-10-06 06:25:15.6",6219933,-10,-10,-10,220,-0.001,-40.01
"2020-10-06 06:25:15.7",6219934,-10,-10,-10,220,-0.001,-40.01
"2020-10-06 06:25:15.8",6219935,-10,-10,-10,220,-0.001,-40.01
"2020-10-06 06:25:15.9",6219936,-10,-10,-10,220,-0.001,-40.01
"2020-10-06 06:25:16",6219937,-10,-10,-10,220,-0.001,-40.01
"2020-10-06 06:25:16.1",6219938,-10,-10,-10,220,-0.001,-40.01
"2020-10-06 06:25:16.2",6219939,-10,-10,-10,220,-0.001,-40.01
"2020-10-06 06:25:16.3",6219940,-10,-10,-10,220,-0.001,-40.01
"2020-10-06 06:25:16.4",6219941,-10,-10,-10,220,-0.001,-40.01
"2020-10-06 06:25:16.5",6219942,-10,-10,-10,220,-0.001,-40.01
"2020-10-06 06:25:16.6",6219943,-10,-10,-10,220,-0.001,-40.01
"2020-10-06 06:25:16.7",6219944,-10,-10,-10,220,-0.001,-40.01
"2020-10-06 06:25:16.8",6219945,-10,-10,-10,220,-0.001,-40.01
"2020-10-06 06:25:16.9",6219946,-10,-10,-10,220,-0.001,-40.01
"2020-10-06 06:25:17",6219947,-10,-10,-10,220,-0.001,-40.01
"2020-10-06 06:25:17.1",6219948,-10,-10,-10,220,-0.001,-40.01
"2020-10-06 06:25:17.2",6219949,-10,-10,-10,220,-0.001,-40.01
"2020-10-06 06:25:17.3",6219950,-10,-10,-10,220,-0.001,-40.01
"2020-10-06 06:25:17.4",6219951,-10,-10,-10,220,-0.001,-40.01
"2020-10-06 06:25:17.5",6219952,-10,-10,-10,220,-0.001,-40.01
"2020-10-06 06:25:17.6",6219953,-10,-10,-10,220,-0.001,-40.01
"2020-10-06 06:25:17.7",6219954,-10,-10,-10,220,-0.001,-40.01
"2020-10-06 06:25:17.8",6219955,-10,-10,-10,220,-0.001,-40.01
"2020-10-06 06:25:17.9",6219956,-10,-10,-10,220,-0.001,-40.01
"2020-10-06 06:25:18",6219957,-10,-10,-10,220,-0.001,-40.01
"2020-10-06 06:25:18.1",6219958,-10,-10,-10,220,-0.001,-40.01
"2020-10-06 06:25:18.2",6219959,-10,-10,-10,220,-0.001,-40.01
"2020-10-06 06:25:18.3",6219960,-10,-10,-10,220,-0.001,-40.01
"2020-10-06 06:25:18.4",6219961,-10,-10,-10,220,-0.001,-40.01
"2020-10-06 06:25:18.5",6219962,-10,-10,-10,220,-0.001,-40.01
"2020-10-06 06:25:18.6",6219963,-10,-10,-10,220,-0.001,-40.01
"2020-10-06 06:25:18.7",6219964,-10,-10,-10,220,-0.001,-40.01
"2020-10-06 06:25:18.8",6219965,-10,-10,-10,220,-0.001,-40.01
"2020-10-06 06:25:18.9",6219966,-10,-10,-10,220,-0.001,-40.01
"2020-10-06 06:25:19",6219967,-10,-10,-10,220,-0.001,-40.01
"2020-10-06 06:25:19.1",6219968,-10,-10,-10,220,-0.001,-40.01
"2020-10-06 06:25:19.2",6219969,-10,-10,-10,220,-0.001,-40.01
"2020-10-06 06:25:19.3",6219970,-10,-10,-10,220,-0.001,-40.01
"2020-10-06 06:25:19.4",6219971,-10,-10,-10,220,-0.001,-40.01
"2020-10-06 06:25:19.5",6219972,-10,-10,-10,220,-0.001,-40.01
"2020-10-06 06:25:19.6",6219973,-10,-10,-10,220,-0.001,-40.01
"2020-10-06 06:25:19.7",6219974,-10,-10,-10,220,-0.001,-40.01
"2020-10-06 06:25:19.8",6219975,-10,-10,-10,220,-0.001,-40.01
"2020-10-06 06:25:19.9",6219976,-10,-10,-10,220,-0.001,-40.01
"2020-10-06 06:25:20",6219977,-10,-10,-10,220,-0.001,-40.01
"2020-10-06 06:25:20.1",6219978,-10,-10,-10,220,-0.001,-40.01
"2020-10-06 06:25:20.2",6219979,-10,-10,-10,220,-0.001,-40.01
"2020-10-06 06:25:20.3",6219980,-10,-10,-10,220,-0.001,-40.01
"2020-10-06 06:25:20.4",6219981,-10,-10,-10,220,-0.001,-40.01
"2020-10-06 06:25:20.5",6219982,-10,-10,-10,220,-0.001,-40.01
"2020-10-06 06:25:20.6",6219983,-10,-10,-10,220,-0.001,-40.01
"2020-10-06 06:25:20.7",6219984,-10,-10,-10,220,-0.001,-40.01
"2020-10-06 06:25:20.8",6219985,-10,-10,-10,220,-0.001,-40.01
"2020-10-06 06:25:20.9",6219986,-10,-10,-10,220,-0.001,-40.01
"2020-10-06 06:25:21",6219987,-10,-10,-10,220,-0.001,-40.01
"2020-10-06 06:25:21.1",6219988,-10,-10,-10,220,-0.001,-40.01
"2020-10-06 06:25:21.2",6219989,-10,-10,-10,220,-0.001,-40.01
"2020-10-06 06:25:21.3",6219990,-10,-10,-10,220,-0.001,-40.01
"2020-10-06 06:25:21.4",6219991,-10,-10,-10,220,-0.001,-40.01
"2020-10-06 06:25:21.5",6219992,-10,-10,-10,220,-0.001,-40.01
"2020-10-06 06:25:21.6",6219993,-10,-10,-10,220,-0.001,-40.01
"2020-10-06 06:25:21.7",6219994,-10,-10,-10,220,-0.001,-40.01
"2020-10-06 06:25:21.8",6219995,-10,-10,-10,220,-0.001,-40.01
"2020-10-06 06:25:21.9",6219996,-10,-10,-10,220,-0.001,-40.01
"2020-10-06 06:25:22",6219997,-10,-10,-10,220,-0.001,-40.01
"2020-10-06 06:25:22.1",6219998,-10,-10,-10,220,-0.001,-40.01
"2020-10-06 06:25:22.2",6219999,-10,-10,-10,220,-0.001,-40.01
"2020-10-06 06:25:22.3",6220000,-10,-10,-10,220,-0.001,-40.01
"2020-10-06 06:25:22.4",6220001,-10,-10,-10,220,-0.001,-40.01
"2020-10-06 06:25:22.5",6220002,-10,-10,-10,220,-0.001,-40.01
"2020-10-06 06:25:22.6",6220003,-10,-10,-10,220,-0.001,-40.01
"2020-10-06 06:25:22.7",6220004,-10,-10,-10,220,-0.001,-40.01
"2020-10-06 06:25:22.8",6220005,-10,-10,-10,220,-0.001,-40.01
"2020-10-06 06:25:22.9",6220006,-10,-10,-10,220,-0.001,-40.01
"2020-10-06 06:25:23",6220007,-10,-10,-10,220,-0.001,-40.01
"2020-10-06 06:25:23.1",6220008,-10,-10,-10,220,-0.001,-40.01
"2020-10-06 06:25:23.2",6220009,-10,-10,-10,220,-0.001,-40.01
"2020-10-06 06:25:23.3",6220010,-10,-10,-10,220,-0.001,-40.01
"2020-10-06 06:25:23.4",6220011,-10,-10,-10,220,-0.001,-40.01
"2020-10-06 06:25:23.5",6220012,-10,-10,-10,220,-0.001,-40.01
"2020-10-06 06:25:23.6",6220013,-10,-10,-10,220,-0.001,-40.01
"2020-10-06 06:25:23.7",6220014,-10,-10,-10,220,-0.001,-40.01
"2020-10-06 06:25:23.8",6220015,-10,-10,-10,220,-0.001,-40.01
"2020-10-06 06:25:23.9",6220016,-10,-10,-10,220,-0.001,-40.01
"2020-10-06 06:25:24",6220017,-10,-10,-10,220,-0.001,-40.01
"2020-10-06 06:25:24.1",6220018,-10,-10,-10,220,-0.001,-40.01
"2020-10-06 06:25:24.2",6220019,-10,-10,-10,220,-0.001,-40.01
"2020-10-06 06:25:24.3",6220020,-10,-10,-10,220,-0.001,-40.01
"2020-10-06 06:25:24.4",6220021,-10,-10,-10,220,-0.001,-40.01
"2020-10-06 06:25:24.5",6220022,-10,-10,-10,220,-0.001,-40.01
"2020-10-06 06:25:24.6",6220023,-10,-10,-10,220,-0.001,-40.01
"2020-10-06 06:25:24.7",6220024,-10,-10,-10,220,-0.001,-40.01
"2020-10-06 06:25:24.8",6220025,-10,-10,-10,220,-0.001,-40.01
"2020-10-06 06:25:24.9",6220026,-10,-10,-10,220,-0.001,-40.01
"2020-10-06 06:25:25",6220027,-10,-10,-10,220,-0.001,-40.01
"2020-10-06 06:25:25.1",6220028,-10,-10,-10,220,-0.001,-40.01
"2020-10-06 06:25:25.2",6220029,-10,-10,-10,220,-0.001,-40.01
"2020-10-06 06:25:25.3",6220030,-10,-10,-10,220,-0.001,-40.01
"2020-10-06 06:25:25.4",6220031,-10,-10,-10,220,-0.001,-40.01
"2020-10-06 06:25:25.5",6220032,-10,-10,-10,220,-0.001,-40.01
"2020-10-06 06:25:25.6",6220033,-10,-10,-10,220,-0.001,-40.01
"2020-10-06 06:25:25.7",6220034,-10,-10,-10,220,-0.001,-40.01
"2020-10-06 06:25:25.8",6220035,-10,-10,-10,220,-0.001,-40.01
"2020-10-06 06:25:25.9",6220036,-10,-10,-10,220,-0.001,-40.01
"2020-10-06 06:25:26",6220037,-10,-10,-10,220,-0.001,-40.01
"2020-10-06 06:25:26.1",6220038,-10,-10,-10,220,-0.001,-40.01
"2020-10-06 06:25:26.2",6220039,-10,-10,-10,220,-0.001,-40.01
"2020-10-06 06:25:26.3",6220040,-10,-10,-10,220,-0.001,-40.01
"2020-10-06 06:25:26.4",6220041,-10,-10,-10,220,-0.001,-40.01
"2020-10-06 06:25:26.5",6220042,-10,-10,-10,220,-0.001,-40.01
"2020-10-06 06:25:26.6",6220043,-10,-10,-10,220,-0.001,-40.01
"2020-10-06 06:25:26.7",6220044,-10,-10,-10,220,-0.001,-40.01
"2020-10-06 06:25:26.8",6220045,-10,-10,-10,220,-0.001,-40.01
"2020-10-06 06:25:26.9",6220046,-10,-10,-10,220,-0.001,-40.01
"2020-10-06 06:25:27",6220047,-10,-10,-10,220,-0.001,-40.01
"2020-10-06 06:25:27.1",6220048,-10,-10,-10,220,-0.001,-40.01
"2020-10-06 06:25:27.2",6220049,-10,-10,-10,220,-0.001,-40.01
"2020-10-06 06:25:27.3",6220050,-10,-10,-10,220,-0.001,-40.01
"2020-10-06 06:25:27.4",6220051,-10,-10,-10,220,-0.001,-40.01
"2020-10-06 06:25:27.5",6220052,-10,-10,-10,220,-0.001,-40.01
"2020-10-06 06:25:27.6",6220053,-10,-10,-10,220,-0.001,-40.01
"2020-10-06 06:25:27.7",6220054,-10,-10,-10,220,-0.001,-40.01
"2020-10-06 06:25:27.8",6220055,-10,-10,-10,220,-0.001,-40.01
"2020-10-06 06:25:27.9",6220056,-10,-10,-10,220,-0.001,-40.01
"2020-10-06 06:25:28",6220057,-10,-10,-10,220,-0.001,-40.01
"2020-10-06 06:25:28.1",6220058,-10,-10,-10,220,-0.001,-40.01
"2020-10-06 06:25:28.2",6220059,-10,-10,-10,220,-0.001,-40.01
"2020-10-06 06:25:28.3",6220060,-10,-10,-10,220,-0.001,-40.01
"2020-10-06 06:25:28.4",6220061,-10,-10,-10,220,-0.001,-40.01
"2020-10-06 06:25:28.5",6220062,-10,-10,-10,220,-0.001,-40.01
"2020-10-06 06:25:28.6",6220063,-10,-10,-10,220,-0.001,-40.01
"2020-10-06 06:25:28.7",6220064,-10,-10,-10,220,-0.001,-40.01
"2020-10-06 06:25:28.8",6220065,-10,-10,-10,220,-0.001,-40.01
"2020-10-06 06:25:28.9",6220066,-10,-10,-10,220,-0.001,-40.01
"2020-10-06 06:25:29",6220067,-10,-10,-10,220,-0.001,-40.01
"2020-10-06 06:25:29.1",6220068,-10,-10,-10,220,-0.001,-40.01
"2020-10-06 06:25:29.2",6220069,-10,-10,-10,220,-0.001,-40.01
"2020-10-06 06:25:29.3",6220070,-10,-10,-10,220,-0.001,-40.01
"2020-10-06 06:25:29.4",6220071,-10,-10,-10,220,-0.001,-40.01
"2020-10-06 06:25:29.5",6220072,-10,-10,-10,220,-0.001,-40.01
"2020-10-06 06:25:29.6",6220073,-10,-10,-10,220,-0.001,-40.01
"2020-10-06 06:25:29.7",6220074,-10,-10,-10,220,-0.001,-40.01
"2020-10-06 06:25:29.8",6220075,-10,-10,-10,220,-0.001,-40.01
"2020-10-06 06:25:29.9",6220076,-10,-10,-10,220,-0.001,-40.01
"2020-10-06 06:25:30",6220077,-10,-10,-10,220,-0.001,-40.01
"2020-10-06 06:25:30.1",6220078,-10,-10,-10,220,-0.001,-40.01
"2020-10-06 06:25:30.2",6220079,-10,-10,-10,220,-0.001,-40.01
"2020-10-06 06:25:30.3",6220080,-10,-10,-10,220,-0.001,-40.01
"2020-10-06 06:25:30.4",6220081,-10,-10,-10,220,-0.001,-40.01
"2020-10-06 06:25:30.5",6220082,-10,-10,-10,220,-0.001,-40.01
"2020-10-06 06:25:30.6",6220083,-10,-10,-10,220,-0.001,-40.01
"2020-10-06 06:25:30.7",6220084,-10,-10,-10,220,-0.001,-40.01
"2020-10-06 06:25:30.8",6220085,-10,-10,-10,220,-0.001,-40.01
"2020-10-06 06:25:30.9",6220086,-10,-10,-10,220,-0.001,-40.01
"2020-10-06 06:25:31",6220087,-10,-10,-10,220,-0.001,-40.01
"2020-10-06 06:25:31.1",6220088,-10,-10,-10,220,-0.001,-40.01
"2020-10-06 06:25:31.2",6220089,-10,-10,-10,220,-0.001,-40.01
"2020-10-06 06:25:31.3",6220090,-10,-10,-10,220,-0.001,-40.01
"2020-10-06 06:25:31.4",6220091,-10,-10,-10,220,-0.001,-40.01
"2020-10-06 06:25:31.5",6220092,-10,-10,-10,220,-0.001,-40.01
"2020-10-06 06:25:31.6",6220093,-10,-10,-10,220,-0.001,-40.01
"2020-10-06 06:25:31.7",6220094,-10,-10,-10,220,-0.001,-40.01
"2020-10-06 06:25:31.8",6220095,-10,-10,-10,220,-0.001,-40.01
"2020-10-06 06:25:31.9",6220096,-10,-10,-10,220,-0.001,-40.01
"2020-10-06 06:25:32",6220097,-10,-10,-10,220,-0.001,-40.01
"2020-10-06 06:25:32.1",6220098,-10,-10,-10,220,-0.001,-40.01
"2020-10-06 06:25:32.2",6220099,-10,-10,-10,220,-0.001,-40.01
"2020-10-06 06:25:32.3",6220100,-10,-10,-10,220,-0.001,-40.01
"2020-10-06 06:25:32.4",6220101,-10,-10,-10,220,-0.001,-40.01
"2020-10-06 06:25:32.5",6220102,-10,-10,-10,220,-0.001,-40.01
"2020-10-06 06:25:32.6",6220103,-10,-10,-10,220,-0.001,-40.01
"2020-10-06 06:25:32.7",6220104,-10,-10,-10,220,-0.001,-40.01
"2020-10-06 06:25:32.8",6220105,-10,-10,-10,220,-0.001,-40.01
"2020-10-06 06:25:32.9",6220106,-10,-10,-10,220,-0.001,-40.01
"2020-10-06 06:25:33",6220107,-10,-10,-10,220,-0.001,-40.01
"2020-10-06 06:25:33.1",6220108,-10,-10,-10,220,-0.001,-40.01
"2020-10-06 06:25:33.2",6220109,-10,-10,-10,220,-0.001,-40.01
"2020-10-06 06:25:33.3",6220110,-10,-10,-10,220,-0.001,-40.01
"2020-10-06 06:25:33.4",6220111,-10,-10,-10,220,-0.001,-40.01
"2020-10-06 06:25:33.5",6220112,-10,-10,-10,220,-0.001,-40.01
"2020-10-06 06:25:33.6",6220113,-10,-10,-10,220,-0.001,-40.01
"2020-10-06 06:25:33.7",6220114,-10,-10,-10,220,-0.001,-40.01
"2020-10-06 06:25:33.8",6220115,-10,-10,-10,220,-0.001,-40.01
"2020-10-06 06:25:33.9",6220116,-10,-10,-10,220,-0.001,-40.01
"2020-10-06 06:25:34",6220117,-10,-10,-10,220,-0.001,-40.01
"2020-10-06 06:25:34.1",6220118,-10,-10,-10,220,-0.001,-40.01
"2020-10-06 06:25:34.2",6220119,-10,-10,-10,220,-0.001,-40.01
"2020-10-06 06:25:34.3",6220120,-10,-10,-10,220,-0.001,-40.01
"2020-10-06 06:25:34.4",6220121,-10,-10,-10,220,-0.001,-40.01
"2020-10-06 06:25:34.5",6220122,-10,-10,-10,220,-0.001,-40.01
"2020-10-06 06:25:34.6",6220123,-10,-10,-10,220,-0.001,-40.01
"2020-10-06 06:25:34.7",6220124,-10,-10,-10,220,-0.001,-40.01
"2020-10-06 06:25:34.8",6220125,-10,-10,-10,220,-0.001,-40.01
"2020-10-06 06:25:34.9",6220126,-10,-10,-10,220,-0.001,-40.01
"2020-10-06 06:25:35",6220127,-10,-10,-10,220,-0.001,-40.01
"2020-10-06 06:25:35.1",6220128,-10,-10,-10,220,-0.001,-40.01
"2020-10-06 06:25:35.2",6220129,-10,-10,-10,220,-0.001,-40.01
"2020-10-06 06:25:35.3",6220130,-10,-10,-10,220,-0.001,-40.01
"2020-10-06 06:25:35.4",6220131,-10,-10,-10,220,-0.001,-40.01
"2020-10-06 06:25:35.5",6220132,-10,-10,-10,220,-0.001,-40.01
"2020-10-06 06:25:35.6",6220133,-10,-10,-10,220,-0.001,-40.01
"2020-10-06 06:25:35.7",6220134,-10,-10,-10,220,-0.001,-40.01
"2020-10-06 06:25:35.8",6220135,-10,-10,-10,220,-0.001,-40.01
"2020-10-06 06:25:35.9",6220136,-10,-10,-10,220,-0.001,-40.01
"2020-10-06 06:25:36",6220137,-10,-10,-10,220,-0.001,-40.01
"2020-10-06 06:25:36.1",6220138,-10,-10,-10,220,-0.001,-40.01
"2020-10-06 06:25:36.2",6220139,-10,-10,-10,220,-0.001,-40.01
"2020-10-06 06:25:36.3",6220140,-10,-10,-10,220,-0.001,-40.01
"2020-10-06 06:25:36.4",6220141,-10,-10,-10,220,-0.001,-40.01
"2020-10-06 06:25:36.5",6220142,-10,-10,-10,220,-0.001,-40.01
"2020-10-06 06:25:36.6",6220143,-10,-10,-10,220,-0.001,-40.01
"2020-10-06 06:25:36.7",6220144,-10,-10,-10,220,-0.001,-40.01
"2020-10-06 06:25:36.8",6220145,-10,-10,-10,220,-0.001,-40.01
"2020-10-06 06:25:36.9",6220146,-10,-10,-10,220,-0.001,-40.01
"2020-10-06 06:25:37",6220147,-10,-10,-10,220,-0.001,-40.01
"2020-10-06 06:25:37.1",6220148,-10,-10,-10,220,-0.001,-40.01
"2020-10-06 06:25:37.2",6220149,-10,-10,-10,220,-0.001,-40.01
"2020-10-06 06:25:37.3",6220150,-10,-10,-10,220,-0.001,-40.01
"2020-10-06 06:25:37.4",6220151,-10,-10,-10,220,-0.001,-40.01
"2020-10-06 06:25:37.5",6220152,-10,-10,-10,220,-0.001,-40.01
"2020-10-06 06:25:37.6",6220153,-10,-10,-10,220,-0.001,-40.01
"2020-10-06 06:25:37.7",6220154,-10,-10,-10,220,-0.001,-40.01
"2020-10-06 06:25:37.8",6220155,-10,-10,-10,220,-0.001,-40.01
"2020-10-06 06:25:37.9",6220156,-10,-10,-10,220,-0.001,-40.01
"2020-10-06 06:25:38",6220157,-10,-10,-10,220,-0.001,-40.01
"2020-10-06 06:25:38.1",6220158,-10,-10,-10,220,-0.001,-40.01
"2020-10-06 06:25:38.2",6220159,-10,-10,-10,220,-0.001,-40.01
"2020-10-06 06:25:38.3",6220160,-10,-10,-10,220,-0.001,-40.01
"2020-10-06 06:25:38.4",6220161,-10,-10,-10,220,-0.001,-40.01
"2020-10-06 06:25:38.5",6220162,-10,-10,-10,220,-0.001,-40.01
"2020-10-06 06:25:38.6",6220163,-10,-10,-10,220,-0.001,-40.01
"2020-10-06 06:25:38.7",6220164,-10,-10,-10,220,-0.001,-40.01
"2020-10-06 06:25:38.8",6220165,-10,-10,-10,220,-0.001,-40.01
"2020-10-06 06:25:38.9",6220166,-10,-10,-10,220,-0.001,-40.01
"2020-10-06 06:25:39",6220167,-10,-10,-10,220,-0.001,-40.01
"2020-10-06 06:25:39.1",6220168,-10,-10,-10,220,-0.001,-40.01
"2020-10-06 06:25:39.2",6220169,-10,-10,-10,220,-0.001,-40.01
"2020-10-06 06:25:39.3",6220170,-10,-10,-10,220,-0.001,-40.01
"2020-10-06 06:25:39.4",6220171,-10,-10,-10,220,-0.001,-40.01
"2020-10-06 06:25:39.5",6220172,-10,-10,-10,220,-0.001,-40.01
"2020-10-06 06:25:39.6",6220173,-10,-10,-10,220,-0.001,-40.01
"2020-10-06 06:25:39.7",6220174,-10,-10,-10,220,-0.001,-40.01
"2020-10-06 06:25:39.8",6220175,-10,-10,-10,220,-0.001,-40.01
"2020-10-06 06:25:39.9",6220176,-10,-10,-10,220,-0.001,-40.01
"2020-10-06 06:25:40",6220177,-10,-10,-10,220,-0.001,-40.01
"2020-10-06 06:25:40.1",6220178,-10,-10,-10,220,-0.001,-40.01
"2020-10-06 06:25:40.2",6220179,-10,-10,-10,220,-0.001,-40.01
"2020-10-06 06:25:40.3",6220180,-10,-10,-10,220,-0.001,-40.01
"2020-10-06 06:25:40.4",6220181,-10,-10,-10,220,-0.001,-40.01
"2020-10-06 06:25:40.5",6220182,-10,-10,-10,220,-0.001,-40.01
"2020-10-06 06:25:40.6",6220183,-10,-10,-10,220,-0.001,-40.01
"2020-10-06 06:25:40.7",6220184,-10,-10,-10,220,-0.001,-40.01
"2020-10-06 06:25:40.8",6220185,-10,-10,-10,220,-0.001,-40.01
"2020-10-06 06:25:40.9",6220186,-10,-10,-10,220,-0.001,-40.01
"2020-10-06 06:25:41",6220187,-10,-10,-10,220,-0.001,-40.01
"2020-10-06 06:25:41.1",6220188,-10,-10,-10,220,-0.001,-40.01
"2020-10-06 06:25:41.2",6220189,-10,-10,-10,220,-0.001,-40.01
"2020-10-06 06:25:41.3",6220190,-10,-10,-10,220,-0.001,-40.01
"2020-10-06 06:25:41.4",6220191,-10,-10,-10,220,-0.001,-40.01
"2020-10-06 06:25:41.5",6220192,-10,-10,-10,220,-0.001,-40.01
"2020-10-06 06:25:41.6",6220193,-10,-10,-10,220,-0.001,-40.01
"2020-10-06 06:25:41.7",6220194,-10,-10,-10,220,-0.001,-40.01
"2020-10-06 06:25:41.8",6220195,-10,-10,-10,220,-0.001,-40.01
"2020-10-06 06:25:41.9",6220196,-10,-10,-10,220,-0.001,-40.01
"2020-10-06 06:25:42",6220197,-10,-10,-10,220,-0.001,-40.01
"2020-10-06 06:25:42.1",6220198,-10,-10,-10,220,-0.001,-40.01
"2020-10-06 06:25:42.2",6220199,-10,-10,-10,220,-0.001,-40.01
"2020-10-06 06:25:42.3",6220200,-10,-10,-10,220,-0.001,-40.01
"2020-10-06 06:25:42.4",6220201,-10,-10,-10,220,-0.001,-40.01
"2020-10-06 06:25:42.5",6220202,-10,-10,-10,220,-0.001,-40.01
"2020-10-06 06:25:42.6",6220203,-10,-10,-10,220,-0.001,-40.01
"2020-10-06 06:25:42.7",6220204,-10,-10,-10,220,-0.001,-40.01
"2020-10-06 06:25:42.8",6220205,-10,-10,-10,220,-0.001,-40.01
"2020-10-06 06:25:42.9",6220206,-10,-10,-10,220,-0.001,-40.01
"2020-10-06 06:25:43",6220207,-10,-10,-10,220,-0.001,-40.01
"2020-10-06 06:25:43.1",6220208,-10,-10,-10,220,-0.001,-40.01
"2020-10-06 06:25:43.2",6220209,-10,-10,-10,220,-0.001,-40.01
"2020-10-06 06:25:43.3",6220210,-10,-10,-10,220,-0.001,-40.01
"2020-10-06 06:25:43.4",6220211,-10,-10,-10,220,-0.001,-40.01
"2020-10-06 06:25:43.5",6220212,-10,-10,-10,220,-0.001,-40.01
"2020-10-06 06:25:43.6",6220213,-10,-10,-10,220,-0.001,-40.01
"2020-10-06 06:25:43.7",6220214,-10,-10,-10,220,-0.001,-40.01
"2020-10-06 06:25:43.8",6220215,-10,-10,-10,220,-0.001,-40.01
"2020-10-06 06:25:43.9",6220216,-10,-10,-10,220,-0.001,-40.01
"2020-10-06 06:25:44",6220217,-10,-10,-10,220,-0.001,-40.01
"2020-10-06 06:25:44.1",6220218,-10,-10,-10,220,-0.001,-40.01
"2020-10-06 06:25:44.2",6220219,-10,-10,-10,220,-0.001,-40.01
"2020-10-06 06:25:44.3",6220220,-10,-10,-10,220,-0.001,-40.01
"2020-10-06 06:25:44.4",6220221,-10,-10,-10,220,-0.001,-40.01
"2020-10-06 06:25:44.5",6220222,-10,-10,-10,220,-0.001,-40.01
"2020-10-06 06:25:44.6",6220223,-10,-10,-10,220,-0.001,-40.01
"2020-10-06 06:25:44.7",6220224,-10,-10,-10,220,-0.001,-40.01
"2020-10-06 06:25:44.8",6220225,-10,-10,-10,220,-0.001,-40.01
"2020-10-06 06:25:44.9",6220226,-10,-10,-10,220,-0.001,-40.01
"2020-10-06 06:25:45",6220227,-10,-10,-10,220,-0.001,-40.01
"2020-10-06 06:25:45.1",6220228,-10,-10,-10,220,-0.001,-40.01
"2020-10-06 06:25:45.2",6220229,-10,-10,-10,220,-0.001,-40.01
"2020-10-06 06:25:45.3",6220230,-10,-10,-10,220,-0.001,-40.01
"2020-10-06 06:25:45.4",6220231,-10,-10,-10,220,-0.001,-40.01
"2020-10-06 06:25:45.5",6220232,-10,-10,-10,220,-0.001,-40.01
"2020-10-06 06:25:45.6",6220233,-10,-10,-10,220,-0.001,-40.01
"2020-10-06 06:25:45.7",6220234,-10,-10,-10,220,-0.001,-40.01
"2020-10-06 06:25:45.8",6220235,-10,-10,-10,220,-0.001,-40.01
"2020-10-06 06:25:45.9",6220236,-10,-10,-10,220,-0.001,-40.01
"2020-10-06 06:25:46",6220237,-10,-10,-10,220,-0.001,-40.01
"2020-10-06 06:25:46.1",6220238,-10,-10,-10,220,-0.001,-40.01
"2020-10-06 06:25:46.2",6220239,-10,-10,-10,220,-0.001,-40.01
"2020-10-06 06:25:46.3",6220240,-10,-10,-10,220,-0.001,-40.01
"2020-10-06 06:25:46.4",6220241,-10,-10,-10,220,-0.001,-40.01
"2020-10-06 06:25:46.5",6220242,-10,-10,-10,220,-0.001,-40.01
"2020-10-06 06:25:46.6",6220243,-10,-10,-10,220,-0.001,-40.01
"2020-10-06 06:25:46.7",6220244,-10,-10,-10,220,-0.001,-40.01
"2020-10-06 06:25:46.8",6220245,-10,-10,-10,220,-0.001,-40.01
"2020-10-06 06:25:46.9",6220246,-10,-10,-10,220,-0.001,-40.01
"2020-10-06 06:25:47",6220247,-10,-10,-10,220,-0.001,-40.01
"2020-10-06 06:25:47.1",6220248,-10,-10,-10,220,-0.001,-40.01
"2020-10-06 06:25:47.2",6220249,-10,-10,-10,220,-0.001,-40.01
"2020-10-06 06:25:47.3",6220250,-10,-10,-10,220,-0.001,-40.01
"2020-10-06 06:25:47.4",6220251,-10,-10,-10,220,-0.001,-40.01
"2020-10-06 06:25:47.5",6220252,-10,-10,-10,220,-0.001,-40.01
"2020-10-06 06:25:47.6",6220253,-10,-10,-10,220,-0.001,-40.01
"2020-10-06 06:25:47.7",6220254,-10,-10,-10,220,-0.001,-40.01
"2020-10-06 06:25:47.8",6220255,-10,-10,-10,220,-0.001,-40.01
"2020-10-06 06:25:47.9",6220256,-10,-10,-10,220,-0.001,-40.01
"2020-10-06 06:25:48",6220257,-10,-10,-10,220,-0.001,-40.01
"2020-10-06 06:25:48.1",6220258,-10,-10,-10,220,-0.001,-40.01
"2020-10-06 06:25:48.2",6220259,-10,-10,-10,220,-0.001,-40.01
"2020-10-06 06:25:48.3",6220260,-10,-10,-10,220,-0.001,-40.01
"2020-10-06 06:25:48.4",6220261,-10,-10,-10,220,-0.001,-40.01
"2020-10-06 06:25:48.5",6220262,-10,-10,-10,220,-0.001,-40.01
"2020-10-06 06:25:48.6",6220263,-10,-10,-10,220,-0.001,-40.01
"2020-10-06 06:25:48.7",6220264,-10,-10,-10,220,-0.001,-40.01
"2020-10-06 06:25:48.8",6220265,-10,-10,-10,220,-0.001,-40.01
"2020-10-06 06:25:48.9",6220266,-10,-10,-10,220,-0.001,-40.01
"2020-10-06 06:25:49",6220267,-10,-10,-10,220,-0.001,-40.01
"2020-10-06 06:25:49.1",6220268,-10,-10,-10,220,-0.001,-40.01
"2020-10-06 06:25:49.2",6220269,-10,-10,-10,220,-0.001,-40.01
"2020-10-06 06:25:49.3",6220270,-10,-10,-10,220,-0.001,-40.01
"2020-10-06 06:25:49.4",6220271,-10,-10,-10,220,-0.001,-40.01
"2020-10-06 06:25:49.5",6220272,-10,-10,-10,220,-0.001,-40.01
"2020-10-06 06:25:49.6",6220273,-10,-10,-10,220,-0.001,-40.01
"2020-10-06 06:25:49.7",6220274,-10,-10,-10,220,-0.001,-40.01
"2020-10-06 06:25:49.8",6220275,-10,-10,-10,220,-0.001,-40.01
"2020-10-06 06:25:49.9",6220276,-10,-10,-10,220,-0.001,-40.01
"2020-10-06 06:25:50",6220277,-10,-10,-10,220,-0.001,-40.01
"2020-10-06 06:25:50.1",6220278,-10,-10,-10,220,-0.001,-40.01
"2020-10-06 06:25:50.2",6220279,-10,-10,-10,220,-0.001,-40.01
"2020-10-06 06:25:50.3",6220280,-10,-10,-10,220,-0.001,-40.01
"2020-10-06 06:25:50.4",6220281,-10,-10,-10,220,-0.001,-40.01
"2020-10-06 06:25:50.5",6220282,-10,-10,-10,220,-0.001,-40.01
"2020-10-06 06:25:50.6",6220283,-10,-10,-10,220,-0.001,-40.01
"2020-10-06 06:25:50.7",6220284,-10,-10,-10,220,-0.001,-40.01
"2020-10-06 06:25:50.8",6220285,-10,-10,-10,220,-0.001,-40.01
"2020-10-06 06:25:50.9",6220286,-10,-10,-10,220,-0.001,-40.01
