"TOA5","10329","CR6","10329","CR6.Std.09.01 CR6-WIFI.04.00.01","CPU:YOUNG81000_HMP60_10Hz.CR6","51185","Young10Hz_hmp"
"TIMESTAMP","RECORD","U","V","W","TSonic","RH","T_HMP60"
"TS","RN","mV","mV","mV","mV","%","Deg C"
"","","Smp","Smp","Smp","Smp","Smp","Smp"
"2020-10-07 01:50:51",6919287,-10,-10,-10,220,-0.002,-40.01
"2020-10-07 01:50:51.1",6919288,-10,-10,-10,220,-0.002,-40.01
"2020-10-07 01:50:51.2",6919289,-10,-10,-10,220,-0.002,-40.01
"2020-10-07 01:50:51.3",6919290,-10,-10,-10,220,-0.002,-40.01
"2020-10-07 01:50:51.4",6919291,-10,-10,-10,220,-0.002,-40.01
"2020-10-07 01:50:51.5",6919292,-10,-10,-10,220,-0.002,-40.01
"2020-10-07 01:50:51.6",6919293,-10,-10,-10,220,-0.002,-40.01
"2020-10-07 01:50:51.7",6919294,-10,-10,-10,220,-0.002,-40.01
"2020-10-07 01:50:51.8",6919295,-10,-10,-10,220,-0.002,-40.01
"2020-10-07 01:50:51.9",6919296,-10,-10,-10,220,-0.002,-40.01
"2020-10-07 01:50:52",6919297,-10,-10,-10,220,-0.002,-40.01
"2020-10-07 01:50:52.1",6919298,-10,-10,-10,220,-0.002,-40.01
"2020-10-07 01:50:52.2",6919299,-10,-10,-10,220,-0.002,-40.01
"2020-10-07 01:50:52.3",6919300,-10,-10,-10,220,-0.002,-40.01
"2020-10-07 01:50:52.4",6919301,-10,-10,-10,220,-0.002,-40.01
"2020-10-07 01:50:52.5",6919302,-10,-10,-10,220,-0.002,-40.01
"2020-10-07 01:50:52.6",6919303,-10,-10,-10,220,-0.002,-40.01
"2020-10-07 01:50:52.7",6919304,-10,-10,-10,220,-0.002,-40.01
"2020-10-07 01:50:52.8",6919305,-10,-10,-10,220,-0.002,-40.01
"2020-10-07 01:50:52.9",6919306,-10,-10,-10,220,-0.002,-40.01
"2020-10-07 01:50:53",6919307,-10,-10,-10,220,-0.002,-40.01
"2020-10-07 01:50:53.1",6919308,-10,-10,-10,220,-0.002,-40.01
"2020-10-07 01:50:53.2",6919309,-10,-10,-10,220,-0.002,-40.01
"2020-10-07 01:50:53.3",6919310,-10,-10,-10,220,-0.002,-40.01
"2020-10-07 01:50:53.4",6919311,-10,-10,-10,220,-0.002,-40.01
"2020-10-07 01:50:53.5",6919312,-10,-10,-10,220,-0.002,-40.01
"2020-10-07 01:50:53.6",6919313,-10,-10,-10,220,-0.002,-40.01
"2020-10-07 01:50:53.7",6919314,-10,-10,-10,220,-0.002,-40.01
"2020-10-07 01:50:53.8",6919315,-10,-10,-10,220,-0.002,-40.01
"2020-10-07 01:50:53.9",6919316,-10,-10,-10,220,-0.002,-40.01
"2020-10-07 01:50:54",6919317,-10,-10,-10,220,-0.002,-40.01
"2020-10-07 01:50:54.1",6919318,-10,-10,-10,220,-0.002,-40.01
"2020-10-07 01:50:54.2",6919319,-10,-10,-10,220,-0.002,-40.01
"2020-10-07 01:50:54.3",6919320,-10,-10,-10,220,-0.002,-40.01
"2020-10-07 01:50:54.4",6919321,-10,-10,-10,220,-0.002,-40.01
"2020-10-07 01:50:54.5",6919322,-10,-10,-10,220,-0.002,-40.01
"2020-10-07 01:50:54.6",6919323,-10,-10,-10,220,-0.002,-40.01
"2020-10-07 01:50:54.7",6919324,-10,-10,-10,220,-0.002,-40.01
"2020-10-07 01:50:54.8",6919325,-10,-10,-10,220,-0.002,-40.01
"2020-10-07 01:50:54.9",6919326,-10,-10,-10,220,-0.002,-40.01
"2020-10-07 01:50:55",6919327,-10,-10,-10,220,-0.002,-40.01
"2020-10-07 01:50:55.1",6919328,-10,-10,-10,220,-0.002,-40.01
"2020-10-07 01:50:55.2",6919329,-10,-10,-10,220,-0.002,-40.01
"2020-10-07 01:50:55.3",6919330,-10,-10,-10,220,-0.002,-40.01
"2020-10-07 01:50:55.4",6919331,-10,-10,-10,220,-0.002,-40.01
"2020-10-07 01:50:55.5",6919332,-10,-10,-10,220,-0.002,-40.01
"2020-10-07 01:50:55.6",6919333,-10,-10,-10,220,-0.002,-40.01
"2020-10-07 01:50:55.7",6919334,-10,-10,-10,220,-0.002,-40.01
"2020-10-07 01:50:55.8",6919335,-10,-10,-10,220,-0.002,-40.01
"2020-10-07 01:50:55.9",6919336,-10,-10,-10,220,-0.002,-40.01
"2020-10-07 01:50:56",6919337,-10,-10,-10,220,-0.002,-40.01
"2020-10-07 01:50:56.1",6919338,-10,-10,-10,220,-0.002,-40.01
"2020-10-07 01:50:56.2",6919339,-10,-10,-10,220,-0.002,-40.01
"2020-10-07 01:50:56.3",6919340,-10,-10,-10,220,-0.002,-40.01
"2020-10-07 01:50:56.4",6919341,-10,-10,-10,220,-0.002,-40.01
"2020-10-07 01:50:56.5",6919342,-10,-10,-10,220,-0.002,-40.01
"2020-10-07 01:50:56.6",6919343,-10,-10,-10,220,-0.002,-40.01
"2020-10-07 01:50:56.7",6919344,-10,-10,-10,220,-0.002,-40.01
"2020-10-07 01:50:56.8",6919345,-10,-10,-10,220,-0.002,-40.01
"2020-10-07 01:50:56.9",6919346,-10,-10,-10,220,-0.002,-40.01
"2020-10-07 01:50:57",6919347,-10,-10,-10,220,-0.002,-40.01
"2020-10-07 01:50:57.1",6919348,-10,-10,-10,220,-0.002,-40.01
"2020-10-07 01:50:57.2",6919349,-10,-10,-10,220,-0.002,-40.01
"2020-10-07 01:50:57.3",6919350,-10,-10,-10,220,-0.002,-40.01
"2020-10-07 01:50:57.4",6919351,-10,-10,-10,220,-0.002,-40.01
"2020-10-07 01:50:57.5",6919352,-10,-10,-10,220,-0.002,-40.01
"2020-10-07 01:50:57.6",6919353,-10,-10,-10,220,-0.002,-40.01
"2020-10-07 01:50:57.7",6919354,-10,-10,-10,220,-0.002,-40.01
"2020-10-07 01:50:57.8",6919355,-10,-10,-10,220,-0.002,-40.01
"2020-10-07 01:50:57.9",6919356,-10,-10,-10,220,-0.002,-40.01
"2020-10-07 01:50:58",6919357,-10,-10,-10,220,-0.002,-40.01
"2020-10-07 01:50:58.1",6919358,-10,-10,-10,220,-0.002,-40.01
"2020-10-07 01:50:58.2",6919359,-10,-10,-10,220,-0.002,-40.01
"2020-10-07 01:50:58.3",6919360,-10,-10,-10,220,-0.002,-40.01
"2020-10-07 01:50:58.4",6919361,-10,-10,-10,220,-0.002,-40.01
"2020-10-07 01:50:58.5",6919362,-10,-10,-10,220,-0.002,-40.01
"2020-10-07 01:50:58.6",6919363,-10,-10,-10,220,-0.002,-40.01
"2020-10-07 01:50:58.7",6919364,-10,-10,-10,220,-0.002,-40.01
"2020-10-07 01:50:58.8",6919365,-10,-10,-10,220,-0.002,-40.01
"2020-10-07 01:50:58.9",6919366,-10,-10,-10,220,-0.002,-40.01
"2020-10-07 01:50:59",6919367,-10,-10,-10,220,-0.002,-40.01
"2020-10-07 01:50:59.1",6919368,-10,-10,-10,220,-0.002,-40.01
"2020-10-07 01:50:59.2",6919369,-10,-10,-10,220,-0.002,-40.01
"2020-10-07 01:50:59.3",6919370,-10,-10,-10,220,-0.002,-40.01
"2020-10-07 01:50:59.4",6919371,-10,-10,-10,220,-0.002,-40.01
"2020-10-07 01:50:59.5",6919372,-10,-10,-10,220,-0.002,-40.01
"2020-10-07 01:50:59.6",6919373,-10,-10,-10,220,-0.002,-40.01
"2020-10-07 01:50:59.7",6919374,-10,-10,-10,220,-0.002,-40.01
"2020-10-07 01:50:59.8",6919375,-10,-10,-10,220,-0.002,-40.01
"2020-10-07 01:50:59.9",6919376,-10,-10,-10,220,-0.002,-40.01
"2020-10-07 01:51:00",6919377,-10,-10,-10,220,-0.002,-40.01
"2020-10-07 01:51:00.1",6919378,-10,-10,-10,220,-0.008,-40.02
"2020-10-07 01:51:00.2",6919379,-10,-10,-10,220,-0.008,-40.02
"2020-10-07 01:51:00.3",6919380,-10,-10,-10,220,-0.002,-40
"2020-10-07 01:51:00.4",6919381,-10,-10,-10,220,-0.002,-40.01
"2020-10-07 01:51:00.5",6919382,-10,-10,-10,220,-0.002,-40.01
"2020-10-07 01:51:00.6",6919383,-10,-10,-10,220,-0.002,-40.01
"2020-10-07 01:51:00.7",6919384,-10,-10,-10,220,-0.002,-40.01
"2020-10-07 01:51:00.8",6919385,-10,-10,-10,220,-0.002,-40.01
"2020-10-07 01:51:00.9",6919386,-10,-10,-10,220,-0.002,-40.01
"2020-10-07 01:51:01",6919387,-10,-10,-10,220,-0.002,-40.01
"2020-10-07 01:51:01.1",6919388,-10,-10,-10,220,-0.002,-40.01
"2020-10-07 01:51:01.2",6919389,-10,-10,-10,220,-0.002,-40.01
"2020-10-07 01:51:01.3",6919390,-10,-10,-10,220,-0.002,-40.01
"2020-10-07 01:51:01.4",6919391,-10,-10,-10,220,-0.002,-40.01
"2020-10-07 01:51:01.5",6919392,-10,-10,-10,220,-0.002,-40.01
"2020-10-07 01:51:01.6",6919393,-10,-10,-10,220,-0.002,-40.01
"2020-10-07 01:51:01.7",6919394,-10,-10,-10,220,-0.002,-40.01
"2020-10-07 01:51:01.8",6919395,-10,-10,-10,220,-0.002,-40.01
"2020-10-07 01:51:01.9",6919396,-10,-10,-10,220,-0.002,-40.01
"2020-10-07 01:51:02",6919397,-10,-10,-10,220,-0.002,-40.01
"2020-10-07 01:51:02.1",6919398,-10,-10,-10,220,-0.002,-40.01
"2020-10-07 01:51:02.2",6919399,-10,-10,-10,220,-0.002,-40.01
"2020-10-07 01:51:02.3",6919400,-10,-10,-10,220,-0.002,-40.01
"2020-10-07 01:51:02.4",6919401,-10,-10,-10,220,-0.002,-40.01
"2020-10-07 01:51:02.5",6919402,-10,-10,-10,220,-0.002,-40.01
"2020-10-07 01:51:02.6",6919403,-10,-10,-10,220,-0.002,-40.01
"2020-10-07 01:51:02.7",6919404,-10,-10,-10,220,-0.002,-40.01
"2020-10-07 01:51:02.8",6919405,-10,-10,-10,220,-0.002,-40.01
"2020-10-07 01:51:02.9",6919406,-10,-10,-10,220,-0.002,-40.01
"2020-10-07 01:51:03",6919407,-10,-10,-10,220,-0.002,-40.01
"2020-10-07 01:51:03.1",6919408,-10,-10,-10,220,-0.002,-40.01
"2020-10-07 01:51:03.2",6919409,-10,-10,-10,220,-0.002,-40.01
"2020-10-07 01:51:03.3",6919410,-10,-10,-10,220,-0.002,-40.01
"2020-10-07 01:51:03.4",6919411,-10,-10,-10,220,-0.002,-40.01
"2020-10-07 01:51:03.5",6919412,-10,-10,-10,220,-0.002,-40.01
"2020-10-07 01:51:03.6",6919413,-10,-10,-10,220,-0.002,-40.01
"2020-10-07 01:51:03.7",6919414,-10,-10,-10,220,-0.002,-40.01
"2020-10-07 01:51:03.8",6919415,-10,-10,-10,220,-0.002,-40.01
"2020-10-07 01:51:03.9",6919416,-10,-10,-10,220,-0.002,-40.01
"2020-10-07 01:51:04",6919417,-10,-10,-10,220,-0.002,-40.01
"2020-10-07 01:51:04.1",6919418,-10,-10,-10,220,-0.002,-40.01
"2020-10-07 01:51:04.2",6919419,-10,-10,-10,220,-0.002,-40.01
"2020-10-07 01:51:04.3",6919420,-10,-10,-10,220,-0.002,-40.01
"2020-10-07 01:51:04.4",6919421,-10,-10,-10,220,-0.002,-40.01
"2020-10-07 01:51:04.5",6919422,-10,-10,-10,220,-0.002,-40.01
"2020-10-07 01:51:04.6",6919423,-10,-10,-10,220,-0.002,-40.01
"2020-10-07 01:51:04.7",6919424,-10,-10,-10,220,-0.002,-40.01
"2020-10-07 01:51:04.8",6919425,-10,-10,-10,220,-0.002,-40.01
"2020-10-07 01:51:04.9",6919426,-10,-10,-10,220,-0.002,-40.01
"2020-10-07 01:51:05",6919427,-10,-10,-10,220,-0.002,-40.01
"2020-10-07 01:51:05.1",6919428,-10,-10,-10,220,-0.002,-40.01
"2020-10-07 01:51:05.2",6919429,-10,-10,-10,220,-0.002,-40.01
"2020-10-07 01:51:05.3",6919430,-10,-10,-10,220,-0.002,-40.01
"2020-10-07 01:51:05.4",6919431,-10,-10,-10,220,-0.002,-40.01
"2020-10-07 01:51:05.5",6919432,-10,-10,-10,220,-0.002,-40.01
"2020-10-07 01:51:05.6",6919433,-10,-10,-10,220,-0.002,-40.01
"2020-10-07 01:51:05.7",6919434,-10,-10,-10,220,-0.002,-40.01
"2020-10-07 01:51:05.8",6919435,-10,-10,-10,220,-0.002,-40.01
"2020-10-07 01:51:05.9",6919436,-10,-10,-10,220,-0.002,-40.01
"2020-10-07 01:51:06",6919437,-10,-10,-10,220,-0.002,-40.01
"2020-10-07 01:51:06.1",6919438,-10,-10,-10,220,-0.002,-40.01
"2020-10-07 01:51:06.2",6919439,-10,-10,-10,220,-0.002,-40.01
"2020-10-07 01:51:06.3",6919440,-10,-10,-10,220,-0.002,-40.01
"2020-10-07 01:51:06.4",6919441,-10,-10,-10,220,-0.002,-40.01
"2020-10-07 01:51:06.5",6919442,-10,-10,-10,220,-0.002,-40.01
"2020-10-07 01:51:06.6",6919443,-10,-10,-10,220,-0.002,-40.01
"2020-10-07 01:51:06.7",6919444,-10,-10,-10,220,-0.002,-40.01
"2020-10-07 01:51:06.8",6919445,-10,-10,-10,220,-0.002,-40.01
"2020-10-07 01:51:06.9",6919446,-10,-10,-10,220,-0.002,-40.01
"2020-10-07 01:51:07",6919447,-10,-10,-10,220,-0.002,-40.01
"2020-10-07 01:51:07.1",6919448,-10,-10,-10,220,-0.002,-40.01
"2020-10-07 01:51:07.2",6919449,-10,-10,-10,220,-0.002,-40.01
"2020-10-07 01:51:07.3",6919450,-10,-10,-10,220,-0.002,-40.01
"2020-10-07 01:51:07.4",6919451,-10,-10,-10,220,-0.002,-40.01
"2020-10-07 01:51:07.5",6919452,-10,-10,-10,220,-0.002,-40.01
"2020-10-07 01:51:07.6",6919453,-10,-10,-10,220,-0.002,-40.01
"2020-10-07 01:51:07.7",6919454,-10,-10,-10,220,-0.002,-40.01
"2020-10-07 01:51:07.8",6919455,-10,-10,-10,220,-0.002,-40.01
"2020-10-07 01:51:07.9",6919456,-10,-10,-10,220,-0.002,-40.01
"2020-10-07 01:51:08",6919457,-10,-10,-10,220,-0.002,-40.01
"2020-10-07 01:51:08.1",6919458,-10,-10,-10,220,-0.002,-40.01
"2020-10-07 01:51:08.2",6919459,-10,-10,-10,220,-0.002,-40.01
"2020-10-07 01:51:08.3",6919460,-10,-10,-10,220,-0.002,-40.01
"2020-10-07 01:51:08.4",6919461,-10,-10,-10,220,-0.002,-40.01
"2020-10-07 01:51:08.5",6919462,-10,-10,-10,220,-0.002,-40.01
"2020-10-07 01:51:08.6",6919463,-10,-10,-10,220,-0.002,-40.01
"2020-10-07 01:51:08.7",6919464,-10,-10,-10,220,-0.002,-40.01
"2020-10-07 01:51:08.8",6919465,-10,-10,-10,220,-0.002,-40.01
"2020-10-07 01:51:08.9",6919466,-10,-10,-10,220,-0.002,-40.01
"2020-10-07 01:51:09",6919467,-10,-10,-10,220,-0.002,-40.01
"2020-10-07 01:51:09.1",6919468,-10,-10,-10,220,-0.002,-40.01
"2020-10-07 01:51:09.2",6919469,-10,-10,-10,220,-0.002,-40.01
"2020-10-07 01:51:09.3",6919470,-10,-10,-10,220,-0.002,-40.01
"2020-10-07 01:51:09.4",6919471,-10,-10,-10,220,-0.002,-40.01
"2020-10-07 01:51:09.5",6919472,-10,-10,-10,220,-0.002,-40.01
"2020-10-07 01:51:09.6",6919473,-10,-10,-10,220,-0.002,-40.01
"2020-10-07 01:51:09.7",6919474,-10,-10,-10,220,-0.002,-40.01
"2020-10-07 01:51:09.8",6919475,-10,-10,-10,220,-0.002,-40.01
"2020-10-07 01:51:09.9",6919476,-10,-10,-10,220,-0.002,-40.01
"2020-10-07 01:51:10",6919477,-10,-10,-10,220,-0.002,-40.01
"2020-10-07 01:51:10.1",6919478,-10,-10,-10,220,-0.002,-40.01
"2020-10-07 01:51:10.2",6919479,-10,-10,-10,220,-0.002,-40.01
"2020-10-07 01:51:10.3",6919480,-10,-10,-10,220,-0.002,-40.01
"2020-10-07 01:51:10.4",6919481,-10,-10,-10,220,-0.002,-40.01
"2020-10-07 01:51:10.5",6919482,-10,-10,-10,220,-0.002,-40.01
"2020-10-07 01:51:10.6",6919483,-10,-10,-10,220,-0.002,-40.01
"2020-10-07 01:51:10.7",6919484,-10,-10,-10,220,-0.002,-40.01
"2020-10-07 01:51:10.8",6919485,-10,-10,-10,220,-0.002,-40.01
"2020-10-07 01:51:10.9",6919486,-10,-10,-10,220,-0.002,-40.01
"2020-10-07 01:51:11",6919487,-10,-10,-10,220,-0.002,-40.01
"2020-10-07 01:51:11.1",6919488,-10,-10,-10,220,-0.002,-40.01
"2020-10-07 01:51:11.2",6919489,-10,-10,-10,220,-0.002,-40.01
"2020-10-07 01:51:11.3",6919490,-10,-10,-10,220,-0.002,-40.01
"2020-10-07 01:51:11.4",6919491,-10,-10,-10,220,-0.002,-40.01
"2020-10-07 01:51:11.5",6919492,-10,-10,-10,220,-0.002,-40.01
"2020-10-07 01:51:11.6",6919493,-10,-10,-10,220,-0.002,-40.01
"2020-10-07 01:51:11.7",6919494,-10,-10,-10,220,-0.002,-40.01
"2020-10-07 01:51:11.8",6919495,-10,-10,-10,220,-0.002,-40.01
"2020-10-07 01:51:11.9",6919496,-10,-10,-10,220,-0.002,-40.01
"2020-10-07 01:51:12",6919497,-10,-10,-10,220,-0.002,-40.01
"2020-10-07 01:51:12.1",6919498,-10,-10,-10,220,-0.002,-40.01
"2020-10-07 01:51:12.2",6919499,-10,-10,-10,220,-0.002,-40.01
"2020-10-07 01:51:12.3",6919500,-10,-10,-10,220,-0.002,-40.01
"2020-10-07 01:51:12.4",6919501,-10,-10,-10,220,-0.002,-40.01
"2020-10-07 01:51:12.5",6919502,-10,-10,-10,220,-0.002,-40.01
"2020-10-07 01:51:12.6",6919503,-10,-10,-10,220,-0.002,-40.01
"2020-10-07 01:51:12.7",6919504,-10,-10,-10,220,-0.002,-40.01
"2020-10-07 01:51:12.8",6919505,-10,-10,-10,220,-0.002,-40.01
"2020-10-07 01:51:12.9",6919506,-10,-10,-10,220,-0.002,-40.01
"2020-10-07 01:51:13",6919507,-10,-10,-10,220,-0.002,-40.01
"2020-10-07 01:51:13.1",6919508,-10,-10,-10,220,-0.002,-40.01
"2020-10-07 01:51:13.2",6919509,-10,-10,-10,220,-0.002,-40.01
"2020-10-07 01:51:13.3",6919510,-10,-10,-10,220,-0.002,-40.01
"2020-10-07 01:51:13.4",6919511,-10,-10,-10,220,-0.002,-40.01
"2020-10-07 01:51:13.5",6919512,-10,-10,-10,220,-0.002,-40.01
"2020-10-07 01:51:13.6",6919513,-10,-10,-10,220,-0.002,-40.01
"2020-10-07 01:51:13.7",6919514,-10,-10,-10,220,-0.002,-40.01
"2020-10-07 01:51:13.8",6919515,-10,-10,-10,220,-0.002,-40.01
"2020-10-07 01:51:13.9",6919516,-10,-10,-10,220,-0.002,-40.01
"2020-10-07 01:51:14",6919517,-10,-10,-10,220,-0.002,-40.01
"2020-10-07 01:51:14.1",6919518,-10,-10,-10,220,-0.002,-40.01
"2020-10-07 01:51:14.2",6919519,-10,-10,-10,220,-0.002,-40.01
"2020-10-07 01:51:14.3",6919520,-10,-10,-10,220,-0.002,-40.01
"2020-10-07 01:51:14.4",6919521,-10,-10,-10,220,-0.002,-40.01
"2020-10-07 01:51:14.5",6919522,-10,-10,-10,220,-0.002,-40.01
"2020-10-07 01:51:14.6",6919523,-10,-10,-10,220,-0.002,-40.01
"2020-10-07 01:51:14.7",6919524,-10,-10,-10,220,-0.002,-40.01
"2020-10-07 01:51:14.8",6919525,-10,-10,-10,220,-0.002,-40.01
"2020-10-07 01:51:14.9",6919526,-10,-10,-10,220,-0.002,-40.01
"2020-10-07 01:51:15",6919527,-10,-10,-10,220,-0.002,-40.01
"2020-10-07 01:51:15.1",6919528,-10,-10,-10,220,-0.002,-40.01
"2020-10-07 01:51:15.2",6919529,-10,-10,-10,220,-0.002,-40.01
"2020-10-07 01:51:15.3",6919530,-10,-10,-10,220,-0.002,-40.01
"2020-10-07 01:51:15.4",6919531,-10,-10,-10,220,-0.002,-40.01
"2020-10-07 01:51:15.5",6919532,-10,-10,-10,220,-0.002,-40.01
"2020-10-07 01:51:15.6",6919533,-10,-10,-10,220,-0.002,-40.01
"2020-10-07 01:51:15.7",6919534,-10,-10,-10,220,-0.002,-40.01
"2020-10-07 01:51:15.8",6919535,-10,-10,-10,220,-0.002,-40.01
"2020-10-07 01:51:15.9",6919536,-10,-10,-10,220,-0.002,-40.01
"2020-10-07 01:51:16",6919537,-10,-10,-10,220,-0.002,-40.01
"2020-10-07 01:51:16.1",6919538,-10,-10,-10,220,-0.002,-40.01
"2020-10-07 01:51:16.2",6919539,-10,-10,-10,220,-0.002,-40.01
"2020-10-07 01:51:16.3",6919540,-10,-10,-10,220,-0.002,-40.01
"2020-10-07 01:51:16.4",6919541,-10,-10,-10,220,-0.002,-40.01
"2020-10-07 01:51:16.5",6919542,-10,-10,-10,220,-0.002,-40.01
"2020-10-07 01:51:16.6",6919543,-10,-10,-10,220,-0.002,-40.01
"2020-10-07 01:51:16.7",6919544,-10,-10,-10,220,-0.002,-40.01
"2020-10-07 01:51:16.8",6919545,-10,-10,-10,220,-0.002,-40.01
"2020-10-07 01:51:16.9",6919546,-10,-10,-10,220,-0.002,-40.01
"2020-10-07 01:51:17",6919547,-10,-10,-10,220,-0.002,-40.01
"2020-10-07 01:51:17.1",6919548,-10,-10,-10,220,-0.002,-40.01
"2020-10-07 01:51:17.2",6919549,-10,-10,-10,220,-0.002,-40.01
"2020-10-07 01:51:17.3",6919550,-10,-10,-10,220,-0.002,-40.01
"2020-10-07 01:51:17.4",6919551,-10,-10,-10,220,-0.002,-40.01
"2020-10-07 01:51:17.5",6919552,-10,-10,-10,220,-0.002,-40.01
"2020-10-07 01:51:17.6",6919553,-10,-10,-10,220,-0.002,-40.01
"2020-10-07 01:51:17.7",6919554,-10,-10,-10,220,-0.002,-40.01
"2020-10-07 01:51:17.8",6919555,-10,-10,-10,220,-0.002,-40.01
"2020-10-07 01:51:17.9",6919556,-10,-10,-10,220,-0.002,-40.01
"2020-10-07 01:51:18",6919557,-10,-10,-10,220,-0.002,-40.01
"2020-10-07 01:51:18.1",6919558,-10,-10,-10,220,-0.002,-40.01
"2020-10-07 01:51:18.2",6919559,-10,-10,-10,220,-0.002,-40.01
"2020-10-07 01:51:18.3",6919560,-10,-10,-10,220,-0.002,-40.01
"2020-10-07 01:51:18.4",6919561,-10,-10,-10,220,-0.002,-40.01
"2020-10-07 01:51:18.5",6919562,-10,-10,-10,220,-0.002,-40.01
"2020-10-07 01:51:18.6",6919563,-10,-10,-10,220,-0.002,-40.01
"2020-10-07 01:51:18.7",6919564,-10,-10,-10,220,-0.002,-40.01
"2020-10-07 01:51:18.8",6919565,-10,-10,-10,220,-0.002,-40.01
"2020-10-07 01:51:18.9",6919566,-10,-10,-10,220,-0.002,-40.01
"2020-10-07 01:51:19",6919567,-10,-10,-10,220,-0.002,-40.01
"2020-10-07 01:51:19.1",6919568,-10,-10,-10,220,-0.002,-40.01
"2020-10-07 01:51:19.2",6919569,-10,-10,-10,220,-0.002,-40.01
"2020-10-07 01:51:19.3",6919570,-10,-10,-10,220,-0.002,-40.01
"2020-10-07 01:51:19.4",6919571,-10,-10,-10,220,-0.002,-40.01
"2020-10-07 01:51:19.5",6919572,-10,-10,-10,220,-0.002,-40.01
"2020-10-07 01:51:19.6",6919573,-10,-10,-10,220,-0.002,-40.01
"2020-10-07 01:51:19.7",6919574,-10,-10,-10,220,-0.002,-40.01
"2020-10-07 01:51:19.8",6919575,-10,-10,-10,220,-0.002,-40.01
"2020-10-07 01:51:19.9",6919576,-10,-10,-10,220,-0.002,-40.01
"2020-10-07 01:51:20",6919577,-10,-10,-10,220,-0.002,-40.01
"2020-10-07 01:51:20.1",6919578,-10,-10,-10,220,-0.002,-40.01
"2020-10-07 01:51:20.2",6919579,-10,-10,-10,220,-0.002,-40.01
"2020-10-07 01:51:20.3",6919580,-10,-10,-10,220,-0.002,-40.01
"2020-10-07 01:51:20.4",6919581,-10,-10,-10,220,-0.002,-40.01
"2020-10-07 01:51:20.5",6919582,-10,-10,-10,220,-0.002,-40.01
"2020-10-07 01:51:20.6",6919583,-10,-10,-10,220,-0.002,-40.01
"2020-10-07 01:51:20.7",6919584,-10,-10,-10,220,-0.002,-40.01
"2020-10-07 01:51:20.8",6919585,-10,-10,-10,220,-0.002,-40.01
"2020-10-07 01:51:20.9",6919586,-10,-10,-10,220,-0.002,-40.01
"2020-10-07 01:51:21",6919587,-10,-10,-10,220,-0.002,-40.01
"2020-10-07 01:51:21.1",6919588,-10,-10,-10,220,-0.002,-40.01
"2020-10-07 01:51:21.2",6919589,-10,-10,-10,220,-0.002,-40.01
"2020-10-07 01:51:21.3",6919590,-10,-10,-10,220,-0.002,-40.01
"2020-10-07 01:51:21.4",6919591,-10,-10,-10,220,-0.002,-40.01
"2020-10-07 01:51:21.5",6919592,-10,-10,-10,220,-0.002,-40.01
"2020-10-07 01:51:21.6",6919593,-10,-10,-10,220,-0.002,-40.01
"2020-10-07 01:51:21.7",6919594,-10,-10,-10,220,-0.002,-40.01
"2020-10-07 01:51:21.8",6919595,-10,-10,-10,220,-0.002,-40.01
"2020-10-07 01:51:21.9",6919596,-10,-10,-10,220,-0.002,-40.01
"2020-10-07 01:51:22",6919597,-10,-10,-10,220,-0.002,-40.01
"2020-10-07 01:51:22.1",6919598,-10,-10,-10,220,-0.002,-40.01
"2020-10-07 01:51:22.2",6919599,-10,-10,-10,220,-0.002,-40.01
"2020-10-07 01:51:22.3",6919600,-10,-10,-10,220,-0.002,-40.01
"2020-10-07 01:51:22.4",6919601,-10,-10,-10,220,-0.002,-40.01
"2020-10-07 01:51:22.5",6919602,-10,-10,-10,220,-0.002,-40.01
"2020-10-07 01:51:22.6",6919603,-10,-10,-10,220,-0.002,-40.01
"2020-10-07 01:51:22.7",6919604,-10,-10,-10,220,-0.002,-40.01
"2020-10-07 01:51:22.8",6919605,-10,-10,-10,220,-0.002,-40.01
"2020-10-07 01:51:22.9",6919606,-10,-10,-10,220,-0.002,-40.01
"2020-10-07 01:51:23",6919607,-10,-10,-10,220,-0.002,-40.01
"2020-10-07 01:51:23.1",6919608,-10,-10,-10,220,-0.002,-40.01
"2020-10-07 01:51:23.2",6919609,-10,-10,-10,220,-0.002,-40.01
"2020-10-07 01:51:23.3",6919610,-10,-10,-10,220,-0.002,-40.01
"2020-10-07 01:51:23.4",6919611,-10,-10,-10,220,-0.002,-40.01
"2020-10-07 01:51:23.5",6919612,-10,-10,-10,220,-0.002,-40.01
"2020-10-07 01:51:23.6",6919613,-10,-10,-10,220,-0.002,-40.01
"2020-10-07 01:51:23.7",6919614,-10,-10,-10,220,-0.002,-40.01
"2020-10-07 01:51:23.8",6919615,-10,-10,-10,220,-0.002,-40.01
"2020-10-07 01:51:23.9",6919616,-10,-10,-10,220,-0.002,-40.01
"2020-10-07 01:51:24",6919617,-10,-10,-10,220,-0.002,-40.01
"2020-10-07 01:51:24.1",6919618,-10,-10,-10,220,-0.002,-40.01
"2020-10-07 01:51:24.2",6919619,-10,-10,-10,220,-0.002,-40.01
"2020-10-07 01:51:24.3",6919620,-10,-10,-10,220,-0.002,-40.01
"2020-10-07 01:51:24.4",6919621,-10,-10,-10,220,-0.002,-40.01
"2020-10-07 01:51:24.5",6919622,-10,-10,-10,220,-0.002,-40.01
"2020-10-07 01:51:24.6",6919623,-10,-10,-10,220,-0.002,-40.01
"2020-10-07 01:51:24.7",6919624,-10,-10,-10,220,-0.002,-40.01
"2020-10-07 01:51:24.8",6919625,-10,-10,-10,220,-0.002,-40.01
"2020-10-07 01:51:24.9",6919626,-10,-10,-10,220,-0.002,-40.01
"2020-10-07 01:51:25",6919627,-10,-10,-10,220,-0.002,-40.01
"2020-10-07 01:51:25.1",6919628,-10,-10,-10,220,-0.002,-40.01
"2020-10-07 01:51:25.2",6919629,-10,-10,-10,220,-0.002,-40.01
"2020-10-07 01:51:25.3",6919630,-10,-10,-10,220,-0.002,-40.01
"2020-10-07 01:51:25.4",6919631,-10,-10,-10,220,-0.002,-40.01
"2020-10-07 01:51:25.5",6919632,-10,-10,-10,220,-0.002,-40.01
"2020-10-07 01:51:25.6",6919633,-10,-10,-10,220,-0.002,-40.01
"2020-10-07 01:51:25.7",6919634,-10,-10,-10,220,-0.002,-40.01
"2020-10-07 01:51:25.8",6919635,-10,-10,-10,220,-0.002,-40.01
"2020-10-07 01:51:25.9",6919636,-10,-10,-10,220,-0.002,-40.01
"2020-10-07 01:51:26",6919637,-10,-10,-10,220,-0.002,-40.01
"2020-10-07 01:51:26.1",6919638,-10,-10,-10,220,-0.002,-40.01
"2020-10-07 01:51:26.2",6919639,-10,-10,-10,220,-0.002,-40.01
"2020-10-07 01:51:26.3",6919640,-10,-10,-10,220,-0.002,-40.01
"2020-10-07 01:51:26.4",6919641,-10,-10,-10,220,-0.002,-40.01
"2020-10-07 01:51:26.5",6919642,-10,-10,-10,220,-0.002,-40.01
"2020-10-07 01:51:26.6",6919643,-10,-10,-10,220,-0.002,-40.01
"2020-10-07 01:51:26.7",6919644,-10,-10,-10,220,-0.002,-40.01
"2020-10-07 01:51:26.8",6919645,-10,-10,-10,220,-0.002,-40.01
"2020-10-07 01:51:26.9",6919646,-10,-10,-10,220,-0.002,-40.01
"2020-10-07 01:51:27",6919647,-10,-10,-10,220,-0.002,-40.01
"2020-10-07 01:51:27.1",6919648,-10,-10,-10,220,-0.002,-40.01
"2020-10-07 01:51:27.2",6919649,-10,-10,-10,220,-0.002,-40.01
"2020-10-07 01:51:27.3",6919650,-10,-10,-10,220,-0.002,-40.01
"2020-10-07 01:51:27.4",6919651,-10,-10,-10,220,-0.002,-40.01
"2020-10-07 01:51:27.5",6919652,-10,-10,-10,220,-0.002,-40.01
"2020-10-07 01:51:27.6",6919653,-10,-10,-10,220,-0.002,-40.01
"2020-10-07 01:51:27.7",6919654,-10,-10,-10,220,-0.002,-40.01
"2020-10-07 01:51:27.8",6919655,-10,-10,-10,220,-0.002,-40.01
"2020-10-07 01:51:27.9",6919656,-10,-10,-10,220,-0.002,-40.01
"2020-10-07 01:51:28",6919657,-10,-10,-10,220,-0.002,-40.01
"2020-10-07 01:51:28.1",6919658,-10,-10,-10,220,-0.002,-40.01
"2020-10-07 01:51:28.2",6919659,-10,-10,-10,220,-0.002,-40.01
"2020-10-07 01:51:28.3",6919660,-10,-10,-10,220,-0.002,-40.01
"2020-10-07 01:51:28.4",6919661,-10,-10,-10,220,-0.002,-40.01
"2020-10-07 01:51:28.5",6919662,-10,-10,-10,220,-0.002,-40.01
"2020-10-07 01:51:28.6",6919663,-10,-10,-10,220,-0.002,-40.01
"2020-10-07 01:51:28.7",6919664,-10,-10,-10,220,-0.002,-40.01
"2020-10-07 01:51:28.8",6919665,-10,-10,-10,220,-0.002,-40.01
"2020-10-07 01:51:28.9",6919666,-10,-10,-10,220,-0.002,-40.01
"2020-10-07 01:51:29",6919667,-10,-10,-10,220,-0.002,-40.01
"2020-10-07 01:51:29.1",6919668,-10,-10,-10,220,-0.002,-40.01
"2020-10-07 01:51:29.2",6919669,-10,-10,-10,220,-0.002,-40.01
"2020-10-07 01:51:29.3",6919670,-10,-10,-10,220,-0.002,-40.01
"2020-10-07 01:51:29.4",6919671,-10,-10,-10,220,-0.002,-40.01
"2020-10-07 01:51:29.5",6919672,-10,-10,-10,220,-0.002,-40.01
"2020-10-07 01:51:29.6",6919673,-10,-10,-10,220,-0.002,-40.01
"2020-10-07 01:51:29.7",6919674,-10,-10,-10,220,-0.002,-40.01
"2020-10-07 01:51:29.8",6919675,-10,-10,-10,220,-0.002,-40.01
"2020-10-07 01:51:29.9",6919676,-10,-10,-10,220,-0.002,-40.01
"2020-10-07 01:51:30",6919677,-10,-10,-10,220,-0.002,-40.01
"2020-10-07 01:51:30.1",6919678,-10,-10,-10,220,-0.002,-40.01
"2020-10-07 01:51:30.2",6919679,-10,-10,-10,220,-0.002,-40.01
"2020-10-07 01:51:30.3",6919680,-10,-10,-10,220,-0.002,-40.01
"2020-10-07 01:51:30.4",6919681,-10,-10,-10,220,-0.002,-40.01
"2020-10-07 01:51:30.5",6919682,-10,-10,-10,220,-0.002,-40.01
"2020-10-07 01:51:30.6",6919683,-10,-10,-10,220,-0.002,-40.01
"2020-10-07 01:51:30.7",6919684,-10,-10,-10,220,-0.002,-40.01
"2020-10-07 01:51:30.8",6919685,-10,-10,-10,220,-0.002,-40.01
"2020-10-07 01:51:30.9",6919686,-10,-10,-10,220,-0.002,-40.01
"2020-10-07 01:51:31",6919687,-10,-10,-10,220,-0.002,-40.01
"2020-10-07 01:51:31.1",6919688,-10,-10,-10,220,-0.002,-40.01
"2020-10-07 01:51:31.2",6919689,-10,-10,-10,220,-0.002,-40.01
"2020-10-07 01:51:31.3",6919690,-10,-10,-10,220,-0.002,-40.01
"2020-10-07 01:51:31.4",6919691,-10,-10,-10,220,-0.002,-40.01
"2020-10-07 01:51:31.5",6919692,-10,-10,-10,220,-0.002,-40.01
"2020-10-07 01:51:31.6",6919693,-10,-10,-10,220,-0.002,-40.01
"2020-10-07 01:51:31.7",6919694,-10,-10,-10,220,-0.002,-40.01
"2020-10-07 01:51:31.8",6919695,-10,-10,-10,220,-0.002,-40.01
"2020-10-07 01:51:31.9",6919696,-10,-10,-10,220,-0.002,-40.01
"2020-10-07 01:51:32",6919697,-10,-10,-10,220,-0.002,-40.01
"2020-10-07 01:51:32.1",6919698,-10,-10,-10,220,-0.002,-40.01
"2020-10-07 01:51:32.2",6919699,-10,-10,-10,220,-0.002,-40.01
"2020-10-07 01:51:32.3",6919700,-10,-10,-10,220,-0.002,-40.01
"2020-10-07 01:51:32.4",6919701,-10,-10,-10,220,-0.002,-40.01
"2020-10-07 01:51:32.5",6919702,-10,-10,-10,220,-0.002,-40.01
"2020-10-07 01:51:32.6",6919703,-10,-10,-10,220,-0.002,-40.01
"2020-10-07 01:51:32.7",6919704,-10,-10,-10,220,-0.002,-40.01
"2020-10-07 01:51:32.8",6919705,-10,-10,-10,220,-0.002,-40.01
"2020-10-07 01:51:32.9",6919706,-10,-10,-10,220,-0.002,-40.01
"2020-10-07 01:51:33",6919707,-10,-10,-10,220,-0.002,-40.01
"2020-10-07 01:51:33.1",6919708,-10,-10,-10,220,-0.002,-40.01
"2020-10-07 01:51:33.2",6919709,-10,-10,-10,220,-0.002,-40.01
"2020-10-07 01:51:33.3",6919710,-10,-10,-10,220,-0.002,-40.01
"2020-10-07 01:51:33.4",6919711,-10,-10,-10,220,-0.002,-40.01
"2020-10-07 01:51:33.5",6919712,-10,-10,-10,220,-0.002,-40.01
"2020-10-07 01:51:33.6",6919713,-10,-10,-10,220,-0.002,-40.01
"2020-10-07 01:51:33.7",6919714,-10,-10,-10,220,-0.002,-40.01
"2020-10-07 01:51:33.8",6919715,-10,-10,-10,220,-0.002,-40.01
"2020-10-07 01:51:33.9",6919716,-10,-10,-10,220,-0.002,-40.01
"2020-10-07 01:51:34",6919717,-10,-10,-10,220,-0.002,-40.01
"2020-10-07 01:51:34.1",6919718,-10,-10,-10,220,-0.002,-40.01
"2020-10-07 01:51:34.2",6919719,-10,-10,-10,220,-0.002,-40.01
"2020-10-07 01:51:34.3",6919720,-10,-10,-10,220,-0.002,-40.01
"2020-10-07 01:51:34.4",6919721,-10,-10,-10,220,-0.002,-40.01
"2020-10-07 01:51:34.5",6919722,-10,-10,-10,220,-0.002,-40.01
"2020-10-07 01:51:34.6",6919723,-10,-10,-10,220,-0.002,-40.01
"2020-10-07 01:51:34.7",6919724,-10,-10,-10,220,-0.002,-40.01
"2020-10-07 01:51:34.8",6919725,-10,-10,-10,220,-0.002,-40.01
"2020-10-07 01:51:34.9",6919726,-10,-10,-10,220,-0.002,-40.01
"2020-10-07 01:51:35",6919727,-10,-10,-10,220,-0.002,-40.01
"2020-10-07 01:51:35.1",6919728,-10,-10,-10,220,-0.002,-40.01
"2020-10-07 01:51:35.2",6919729,-10,-10,-10,220,-0.002,-40.01
"2020-10-07 01:51:35.3",6919730,-10,-10,-10,220,-0.002,-40.01
"2020-10-07 01:51:35.4",6919731,-10,-10,-10,220,-0.002,-40.01
"2020-10-07 01:51:35.5",6919732,-10,-10,-10,220,-0.002,-40.01
"2020-10-07 01:51:35.6",6919733,-10,-10,-10,220,-0.002,-40.01
"2020-10-07 01:51:35.7",6919734,-10,-10,-10,220,-0.002,-40.01
"2020-10-07 01:51:35.8",6919735,-10,-10,-10,220,-0.002,-40.01
"2020-10-07 01:51:35.9",6919736,-10,-10,-10,220,-0.002,-40.01
"2020-10-07 01:51:36",6919737,-10,-10,-10,220,-0.002,-40.01
"2020-10-07 01:51:36.1",6919738,-10,-10,-10,220,-0.002,-40.01
"2020-10-07 01:51:36.2",6919739,-10,-10,-10,220,-0.002,-40.01
"2020-10-07 01:51:36.3",6919740,-10,-10,-10,220,-0.002,-40.01
"2020-10-07 01:51:36.4",6919741,-10,-10,-10,220,-0.002,-40.01
"2020-10-07 01:51:36.5",6919742,-10,-10,-10,220,-0.002,-40.01
"2020-10-07 01:51:36.6",6919743,-10,-10,-10,220,-0.002,-40.01
"2020-10-07 01:51:36.7",6919744,-10,-10,-10,220,-0.002,-40.01
"2020-10-07 01:51:36.8",6919745,-10,-10,-10,220,-0.002,-40.01
"2020-10-07 01:51:36.9",6919746,-10,-10,-10,220,-0.002,-40.01
"2020-10-07 01:51:37",6919747,-10,-10,-10,220,-0.002,-40.01
"2020-10-07 01:51:37.1",6919748,-10,-10,-10,220,-0.002,-40.01
"2020-10-07 01:51:37.2",6919749,-10,-10,-10,220,-0.002,-40.01
"2020-10-07 01:51:37.3",6919750,-10,-10,-10,220,-0.002,-40.01
"2020-10-07 01:51:37.4",6919751,-10,-10,-10,220,-0.002,-40.01
"2020-10-07 01:51:37.5",6919752,-10,-10,-10,220,-0.002,-40.01
"2020-10-07 01:51:37.6",6919753,-10,-10,-10,220,-0.002,-40.01
"2020-10-07 01:51:37.7",6919754,-10,-10,-10,220,-0.002,-40.01
"2020-10-07 01:51:37.8",6919755,-10,-10,-10,220,-0.002,-40.01
"2020-10-07 01:51:37.9",6919756,-10,-10,-10,220,-0.002,-40.01
"2020-10-07 01:51:38",6919757,-10,-10,-10,220,-0.002,-40.01
"2020-10-07 01:51:38.1",6919758,-10,-10,-10,220,-0.002,-40.01
"2020-10-07 01:51:38.2",6919759,-10,-10,-10,220,-0.002,-40.01
"2020-10-07 01:51:38.3",6919760,-10,-10,-10,220,-0.002,-40.01
"2020-10-07 01:51:38.4",6919761,-10,-10,-10,220,-0.002,-40.01
"2020-10-07 01:51:38.5",6919762,-10,-10,-10,220,-0.002,-40.01
"2020-10-07 01:51:38.6",6919763,-10,-10,-10,220,-0.002,-40.01
"2020-10-07 01:51:38.7",6919764,-10,-10,-10,220,-0.002,-40.01
"2020-10-07 01:51:38.8",6919765,-10,-10,-10,220,-0.002,-40.01
"2020-10-07 01:51:38.9",6919766,-10,-10,-10,220,-0.002,-40.01
"2020-10-07 01:51:39",6919767,-10,-10,-10,220,-0.002,-40.01
"2020-10-07 01:51:39.1",6919768,-10,-10,-10,220,-0.002,-40.01
"2020-10-07 01:51:39.2",6919769,-10,-10,-10,220,-0.002,-40.01
"2020-10-07 01:51:39.3",6919770,-10,-10,-10,220,-0.002,-40.01
"2020-10-07 01:51:39.4",6919771,-10,-10,-10,220,-0.002,-40.01
"2020-10-07 01:51:39.5",6919772,-10,-10,-10,220,-0.002,-40.01
"2020-10-07 01:51:39.6",6919773,-10,-10,-10,220,-0.002,-40.01
"2020-10-07 01:51:39.7",6919774,-10,-10,-10,220,-0.002,-40.01
"2020-10-07 01:51:39.8",6919775,-10,-10,-10,220,-0.002,-40.01
"2020-10-07 01:51:39.9",6919776,-10,-10,-10,220,-0.002,-40.01
"2020-10-07 01:51:40",6919777,-10,-10,-10,220,-0.002,-40.01
"2020-10-07 01:51:40.1",6919778,-10,-10,-10,220,-0.002,-40.01
"2020-10-07 01:51:40.2",6919779,-10,-10,-10,220,-0.002,-40.01
"2020-10-07 01:51:40.3",6919780,-10,-10,-10,220,-0.002,-40.01
"2020-10-07 01:51:40.4",6919781,-10,-10,-10,220,-0.002,-40.01
"2020-10-07 01:51:40.5",6919782,-10,-10,-10,220,-0.002,-40.01
"2020-10-07 01:51:40.6",6919783,-10,-10,-10,220,-0.002,-40.01
"2020-10-07 01:51:40.7",6919784,-10,-10,-10,220,-0.002,-40.01
"2020-10-07 01:51:40.8",6919785,-10,-10,-10,220,-0.002,-40.01
"2020-10-07 01:51:40.9",6919786,-10,-10,-10,220,-0.002,-40.01
"2020-10-07 01:51:41",6919787,-10,-10,-10,220,-0.002,-40.01
"2020-10-07 01:51:41.1",6919788,-10,-10,-10,220,-0.002,-40.01
"2020-10-07 01:51:41.2",6919789,-10,-10,-10,220,-0.002,-40.01
"2020-10-07 01:51:41.3",6919790,-10,-10,-10,220,-0.002,-40.01
"2020-10-07 01:51:41.4",6919791,-10,-10,-10,220,-0.002,-40.01
"2020-10-07 01:51:41.5",6919792,-10,-10,-10,220,-0.002,-40.01
"2020-10-07 01:51:41.6",6919793,-10,-10,-10,220,-0.002,-40.01
"2020-10-07 01:51:41.7",6919794,-10,-10,-10,220,-0.002,-40.01
"2020-10-07 01:51:41.8",6919795,-10,-10,-10,220,-0.002,-40.01
"2020-10-07 01:51:41.9",6919796,-10,-10,-10,220,-0.002,-40.01
"2020-10-07 01:51:42",6919797,-10,-10,-10,220,-0.002,-40.01
"2020-10-07 01:51:42.1",6919798,-10,-10,-10,220,-0.002,-40.01
"2020-10-07 01:51:42.2",6919799,-10,-10,-10,220,-0.002,-40.01
"2020-10-07 01:51:42.3",6919800,-10,-10,-10,220,-0.002,-40.01
"2020-10-07 01:51:42.4",6919801,-10,-10,-10,220,-0.002,-40.01
"2020-10-07 01:51:42.5",6919802,-10,-10,-10,220,-0.002,-40.01
"2020-10-07 01:51:42.6",6919803,-10,-10,-10,220,-0.002,-40.01
"2020-10-07 01:51:42.7",6919804,-10,-10,-10,220,-0.002,-40.01
"2020-10-07 01:51:42.8",6919805,-10,-10,-10,220,-0.002,-40.01
"2020-10-07 01:51:42.9",6919806,-10,-10,-10,220,-0.002,-40.01
"2020-10-07 01:51:43",6919807,-10,-10,-10,220,-0.002,-40.01
"2020-10-07 01:51:43.1",6919808,-10,-10,-10,220,-0.002,-40.01
"2020-10-07 01:51:43.2",6919809,-10,-10,-10,220,-0.002,-40.01
"2020-10-07 01:51:43.3",6919810,-10,-10,-10,220,-0.002,-40.01
"2020-10-07 01:51:43.4",6919811,-10,-10,-10,220,-0.002,-40.01
"2020-10-07 01:51:43.5",6919812,-10,-10,-10,220,-0.002,-40.01
"2020-10-07 01:51:43.6",6919813,-10,-10,-10,220,-0.002,-40.01
"2020-10-07 01:51:43.7",6919814,-10,-10,-10,220,-0.002,-40.01
"2020-10-07 01:51:43.8",6919815,-10,-10,-10,220,-0.002,-40.01
"2020-10-07 01:51:43.9",6919816,-10,-10,-10,220,-0.002,-40.01
"2020-10-07 01:51:44",6919817,-10,-10,-10,220,-0.002,-40.01
"2020-10-07 01:51:44.1",6919818,-10,-10,-10,220,-0.002,-40.01
"2020-10-07 01:51:44.2",6919819,-10,-10,-10,220,-0.002,-40.01
"2020-10-07 01:51:44.3",6919820,-10,-10,-10,220,-0.002,-40.01
"2020-10-07 01:51:44.4",6919821,-10,-10,-10,220,-0.002,-40.01
"2020-10-07 01:51:44.5",6919822,-10,-10,-10,220,-0.002,-40.01
"2020-10-07 01:51:44.6",6919823,-10,-10,-10,220,-0.002,-40.01
"2020-10-07 01:51:44.7",6919824,-10,-10,-10,220,-0.002,-40.01
"2020-10-07 01:51:44.8",6919825,-10,-10,-10,220,-0.002,-40.01
"2020-10-07 01:51:44.9",6919826,-10,-10,-10,220,-0.002,-40.01
"2020-10-07 01:51:45",6919827,-10,-10,-10,220,-0.002,-40.01
"2020-10-07 01:51:45.1",6919828,-10,-10,-10,220,-0.002,-40.01
"2020-10-07 01:51:45.2",6919829,-10,-10,-10,220,-0.002,-40.01
"2020-10-07 01:51:45.3",6919830,-10,-10,-10,220,-0.002,-40.01
"2020-10-07 01:51:45.4",6919831,-10,-10,-10,220,-0.002,-40.01
"2020-10-07 01:51:45.5",6919832,-10,-10,-10,220,-0.002,-40.01
"2020-10-07 01:51:45.6",6919833,-10,-10,-10,220,-0.002,-40.01
"2020-10-07 01:51:45.7",6919834,-10,-10,-10,220,-0.002,-40.01
"2020-10-07 01:51:45.8",6919835,-10,-10,-10,220,-0.002,-40.01
"2020-10-07 01:51:45.9",6919836,-10,-10,-10,220,-0.002,-40.01
"2020-10-07 01:51:46",6919837,-10,-10,-10,220,-0.002,-40.01
"2020-10-07 01:51:46.1",6919838,-10,-10,-10,220,-0.002,-40.01
"2020-10-07 01:51:46.2",6919839,-10,-10,-10,220,-0.002,-40.01
"2020-10-07 01:51:46.3",6919840,-10,-10,-10,220,-0.002,-40.01
"2020-10-07 01:51:46.4",6919841,-10,-10,-10,220,-0.002,-40.01
"2020-10-07 01:51:46.5",6919842,-10,-10,-10,220,-0.002,-40.01
"2020-10-07 01:51:46.6",6919843,-10,-10,-10,220,-0.002,-40.01
"2020-10-07 01:51:46.7",6919844,-10,-10,-10,220,-0.002,-40.01
"2020-10-07 01:51:46.8",6919845,-10,-10,-10,220,-0.002,-40.01
"2020-10-07 01:51:46.9",6919846,-10,-10,-10,220,-0.002,-40.01
"2020-10-07 01:51:47",6919847,-10,-10,-10,220,-0.002,-40.01
"2020-10-07 01:51:47.1",6919848,-10,-10,-10,220,-0.002,-40.01
"2020-10-07 01:51:47.2",6919849,-10,-10,-10,220,-0.002,-40.01
"2020-10-07 01:51:47.3",6919850,-10,-10,-10,220,-0.002,-40.01
"2020-10-07 01:51:47.4",6919851,-10,-10,-10,220,-0.002,-40.01
"2020-10-07 01:51:47.5",6919852,-10,-10,-10,220,-0.002,-40.01
"2020-10-07 01:51:47.6",6919853,-10,-10,-10,220,-0.002,-40.01
"2020-10-07 01:51:47.7",6919854,-10,-10,-10,220,-0.002,-40.01
"2020-10-07 01:51:47.8",6919855,-10,-10,-10,220,-0.002,-40.01
"2020-10-07 01:51:47.9",6919856,-10,-10,-10,220,-0.002,-40.01
"2020-10-07 01:51:48",6919857,-10,-10,-10,220,-0.002,-40.01
"2020-10-07 01:51:48.1",6919858,-10,-10,-10,220,-0.002,-40.01
"2020-10-07 01:51:48.2",6919859,-10,-10,-10,220,-0.002,-40.01
"2020-10-07 01:51:48.3",6919860,-10,-10,-10,220,-0.002,-40.01
"2020-10-07 01:51:48.4",6919861,-10,-10,-10,220,-0.002,-40.01
"2020-10-07 01:51:48.5",6919862,-10,-10,-10,220,-0.002,-40.01
"2020-10-07 01:51:48.6",6919863,-10,-10,-10,220,-0.002,-40.01
"2020-10-07 01:51:48.7",6919864,-10,-10,-10,220,-0.002,-40.01
"2020-10-07 01:51:48.8",6919865,-10,-10,-10,220,-0.002,-40.01
"2020-10-07 01:51:48.9",6919866,-10,-10,-10,220,-0.002,-40.01
"2020-10-07 01:51:49",6919867,-10,-10,-10,220,-0.002,-40.01
"2020-10-07 01:51:49.1",6919868,-10,-10,-10,220,-0.002,-40.01
"2020-10-07 01:51:49.2",6919869,-10,-10,-10,220,-0.002,-40.01
"2020-10-07 01:51:49.3",6919870,-10,-10,-10,220,-0.002,-40.01
"2020-10-07 01:51:49.4",6919871,-10,-10,-10,220,-0.002,-40.01
"2020-10-07 01:51:49.5",6919872,-10,-10,-10,220,-0.002,-40.01
"2020-10-07 01:51:49.6",6919873,-10,-10,-10,220,-0.002,-40.01
"2020-10-07 01:51:49.7",6919874,-10,-10,-10,220,-0.002,-40.01
"2020-10-07 01:51:49.8",6919875,-10,-10,-10,220,-0.002,-40.01
"2020-10-07 01:51:49.9",6919876,-10,-10,-10,220,-0.002,-40.01
"2020-10-07 01:51:50",6919877,-10,-10,-10,220,-0.002,-40.01
"2020-10-07 01:51:50.1",6919878,-10,-10,-10,220,-0.002,-40.01
"2020-10-07 01:51:50.2",6919879,-10,-10,-10,220,-0.002,-40.01
"2020-10-07 01:51:50.3",6919880,-10,-10,-10,220,-0.002,-40.01
"2020-10-07 01:51:50.4",6919881,-10,-10,-10,220,-0.002,-40.01
"2020-10-07 01:51:50.5",6919882,-10,-10,-10,220,-0.002,-40.01
"2020-10-07 01:51:50.6",6919883,-10,-10,-10,220,-0.002,-40.01
"2020-10-07 01:51:50.7",6919884,-10,-10,-10,220,-0.002,-40.01
"2020-10-07 01:51:50.8",6919885,-10,-10,-10,220,-0.002,-40.01
"2020-10-07 01:51:50.9",6919886,-10,-10,-10,220,-0.002,-40.01
