"TOA5","10329","CR6","10329","CR6.Std.09.01 CR6-WIFI.04.00.01","CPU:YOUNG81000_HMP60_10Hz.CR6","51185","Young10Hz_hmp"
"TIMESTAMP","RECORD","U","V","W","TSonic","RH","T_HMP60"
"TS","RN","mV","mV","mV","mV","%","Deg C"
"","","Smp","Smp","Smp","Smp","Smp","Smp"
"2020-10-05 05:35:51",5326287,-10,-10,-10,220,-0.001,-40.01
"2020-10-05 05:35:51.1",5326288,-10,-10,-10,220,-0.001,-40.01
"2020-10-05 05:35:51.2",5326289,-10,-10,-10,220,-0.001,-40.01
"2020-10-05 05:35:51.3",5326290,-10,-10,-10,220,-0.001,-40.01
"2020-10-05 05:35:51.4",5326291,-10,-10,-10,220,-0.001,-40.01
"2020-10-05 05:35:51.5",5326292,-10,-10,-10,220,-0.001,-40.01
"2020-10-05 05:35:51.6",5326293,-10,-10,-10,220,-0.001,-40.01
"2020-10-05 05:35:51.7",5326294,-10,-10,-10,220,-0.001,-40.01
"2020-10-05 05:35:51.8",5326295,-10,-10,-10,220,-0.001,-40.01
"2020-10-05 05:35:51.9",5326296,-10,-10,-10,220,-0.001,-40.01
"2020-10-05 05:35:52",5326297,-10,-10,-10,220,-0.001,-40.01
"2020-10-05 05:35:52.1",5326298,-10,-10,-10,220,-0.001,-40.01
"2020-10-05 05:35:52.2",5326299,-10,-10,-10,220,-0.001,-40.01
"2020-10-05 05:35:52.3",5326300,-10,-10,-10,220,-0.001,-40.01
"2020-10-05 05:35:52.4",5326301,-10,-10,-10,220,-0.001,-40.01
"2020-10-05 05:35:52.5",5326302,-10,-10,-10,220,-0.001,-40.01
"2020-10-05 05:35:52.6",5326303,-10,-10,-10,220,-0.001,-40.01
"2020-10-05 05:35:52.7",5326304,-10,-10,-10,220,-0.001,-40.01
"2020-10-05 05:35:52.8",5326305,-10,-10,-10,220,-0.001,-40.01
"2020-10-05 05:35:52.9",5326306,-10,-10,-10,220,-0.001,-40.01
"2020-10-05 05:35:53",5326307,-10,-10,-10,220,-0.001,-40.01
"2020-10-05 05:35:53.1",5326308,-10,-10,-10,220,-0.001,-40.01
"2020-10-05 05:35:53.2",5326309,-10,-10,-10,220,-0.001,-40.01
"2020-10-05 05:35:53.3",5326310,-10,-10,-10,220,-0.001,-40.01
"2020-10-05 05:35:53.4",5326311,-10,-10,-10,220,-0.001,-40.01
"2020-10-05 05:35:53.5",5326312,-10,-10,-10,220,-0.001,-40.01
"2020-10-05 05:35:53.6",5326313,-10,-10,-10,220,-0.001,-40.01
"2020-10-05 05:35:53.7",5326314,-10,-10,-10,220,-0.001,-40.01
"2020-10-05 05:35:53.8",5326315,-10,-10,-10,220,-0.001,-40.01
"2020-10-05 05:35:53.9",5326316,-10,-10,-10,220,-0.001,-40.01
"2020-10-05 05:35:54",5326317,-10,-10,-10,220,-0.001,-40.01
"2020-10-05 05:35:54.1",5326318,-10,-10,-10,220,-0.001,-40.01
"2020-10-05 05:35:54.2",5326319,-10,-10,-10,220,-0.001,-40.01
"2020-10-05 05:35:54.3",5326320,-10,-10,-10,220,-0.001,-40.01
"2020-10-05 05:35:54.4",5326321,-10,-10,-10,220,-0.001,-40.01
"2020-10-05 05:35:54.5",5326322,-10,-10,-10,220,-0.001,-40.01
"2020-10-05 05:35:54.6",5326323,-10,-10,-10,220,-0.001,-40.01
"2020-10-05 05:35:54.7",5326324,-10,-10,-10,220,-0.001,-40.01
"2020-10-05 05:35:54.8",5326325,-10,-10,-10,220,-0.001,-40.01
"2020-10-05 05:35:54.9",5326326,-10,-10,-10,220,-0.001,-40.01
"2020-10-05 05:35:55",5326327,-10,-10,-10,220,-0.001,-40.01
"2020-10-05 05:35:55.1",5326328,-10,-10,-10,220,-0.001,-40.01
"2020-10-05 05:35:55.2",5326329,-10,-10,-10,220,-0.001,-40.01
"2020-10-05 05:35:55.3",5326330,-10,-10,-10,220,-0.001,-40.01
"2020-10-05 05:35:55.4",5326331,-10,-10,-10,220,-0.001,-40.01
"2020-10-05 05:35:55.5",5326332,-10,-10,-10,220,-0.001,-40.01
"2020-10-05 05:35:55.6",5326333,-10,-10,-10,220,-0.001,-40.01
"2020-10-05 05:35:55.7",5326334,-10,-10,-10,220,-0.001,-40.01
"2020-10-05 05:35:55.8",5326335,-10,-10,-10,220,-0.001,-40.01
"2020-10-05 05:35:55.9",5326336,-10,-10,-10,220,-0.001,-40.01
"2020-10-05 05:35:56",5326337,-10,-10,-10,220,-0.001,-40.01
"2020-10-05 05:35:56.1",5326338,-10,-10,-10,220,-0.001,-40.01
"2020-10-05 05:35:56.2",5326339,-10,-10,-10,220,-0.001,-40.01
"2020-10-05 05:35:56.3",5326340,-10,-10,-10,220,-0.001,-40.01
"2020-10-05 05:35:56.4",5326341,-10,-10,-10,220,-0.001,-40.01
"2020-10-05 05:35:56.5",5326342,-10,-10,-10,220,-0.001,-40.01
"2020-10-05 05:35:56.6",5326343,-10,-10,-10,220,-0.001,-40.01
"2020-10-05 05:35:56.7",5326344,-10,-10,-10,220,-0.001,-40.01
"2020-10-05 05:35:56.8",5326345,-10,-10,-10,220,-0.001,-40.01
"2020-10-05 05:35:56.9",5326346,-10,-10,-10,220,-0.001,-40.01
"2020-10-05 05:35:57",5326347,-10,-10,-10,220,-0.001,-40.01
"2020-10-05 05:35:57.1",5326348,-10,-10,-10,220,-0.001,-40.01
"2020-10-05 05:35:57.2",5326349,-10,-10,-10,220,-0.001,-40.01
"2020-10-05 05:35:57.3",5326350,-10,-10,-10,220,-0.001,-40.01
"2020-10-05 05:35:57.4",5326351,-10,-10,-10,220,-0.001,-40.01
"2020-10-05 05:35:57.5",5326352,-10,-10,-10,220,-0.001,-40.01
"2020-10-05 05:35:57.6",5326353,-10,-10,-10,220,-0.001,-40.01
"2020-10-05 05:35:57.7",5326354,-10,-10,-10,220,-0.001,-40.01
"2020-10-05 05:35:57.8",5326355,-10,-10,-10,220,-0.001,-40.01
"2020-10-05 05:35:57.9",5326356,-10,-10,-10,220,-0.001,-40.01
"2020-10-05 05:35:58",5326357,-10,-10,-10,220,-0.001,-40.01
"2020-10-05 05:35:58.1",5326358,-10,-10,-10,220,-0.001,-40.01
"2020-10-05 05:35:58.2",5326359,-10,-10,-10,220,-0.001,-40.01
"2020-10-05 05:35:58.3",5326360,-10,-10,-10,220,-0.001,-40.01
"2020-10-05 05:35:58.4",5326361,-10,-10,-10,220,-0.001,-40.01
"2020-10-05 05:35:58.5",5326362,-10,-10,-10,220,-0.001,-40.01
"2020-10-05 05:35:58.6",5326363,-10,-10,-10,220,-0.001,-40.01
"2020-10-05 05:35:58.7",5326364,-10,-10,-10,220,-0.001,-40.01
"2020-10-05 05:35:58.8",5326365,-10,-10,-10,220,-0.001,-40.01
"2020-10-05 05:35:58.9",5326366,-10,-10,-10,220,-0.001,-40.01
"2020-10-05 05:35:59",5326367,-10,-10,-10,220,-0.001,-40.01
"2020-10-05 05:35:59.1",5326368,-10,-10,-10,220,-0.001,-40.01
"2020-10-05 05:35:59.2",5326369,-10,-10,-10,220,-0.001,-40.01
"2020-10-05 05:35:59.3",5326370,-10,-10,-10,220,-0.001,-40.01
"2020-10-05 05:35:59.4",5326371,-10,-10,-10,220,-0.001,-40.01
"2020-10-05 05:35:59.5",5326372,-10,-10,-10,220,-0.001,-40.01
"2020-10-05 05:35:59.6",5326373,-10,-10,-10,220,-0.001,-40.01
"2020-10-05 05:35:59.7",5326374,-10,-10,-10,220,-0.001,-40.01
"2020-10-05 05:35:59.8",5326375,-10,-10,-10,220,-0.001,-40.01
"2020-10-05 05:35:59.9",5326376,-10,-10,-10,220,-0.001,-40.01
"2020-10-05 05:36:00",5326377,-10,-10,-10,220,-0.001,-40.01
"2020-10-05 05:36:00.1",5326378,-10,-10,-10,220,-0.008,-40.02
"2020-10-05 05:36:00.2",5326379,-10,-10,-10,220,-0.008,-40.02
"2020-10-05 05:36:00.3",5326380,-10,-10,-10,220,-0.001,-40.01
"2020-10-05 05:36:00.4",5326381,-10,-10,-10,220,-0.001,-40.01
"2020-10-05 05:36:00.5",5326382,-10,-10,-10,220,-0.001,-40.01
"2020-10-05 05:36:00.6",5326383,-10,-10,-10,220,-0.001,-40.01
"2020-10-05 05:36:00.7",5326384,-10,-10,-10,220,-0.001,-40.01
"2020-10-05 05:36:00.8",5326385,-10,-10,-10,220,-0.001,-40.01
"2020-10-05 05:36:00.9",5326386,-10,-10,-10,220,-0.001,-40.01
"2020-10-05 05:36:01",5326387,-10,-10,-10,220,-0.001,-40.01
"2020-10-05 05:36:01.1",5326388,-10,-10,-10,220,-0.001,-40.01
"2020-10-05 05:36:01.2",5326389,-10,-10,-10,220,-0.001,-40.01
"2020-10-05 05:36:01.3",5326390,-10,-10,-10,220,-0.001,-40.01
"2020-10-05 05:36:01.4",5326391,-10,-10,-10,220,-0.001,-40.01
"2020-10-05 05:36:01.5",5326392,-10,-10,-10,220,-0.001,-40.01
"2020-10-05 05:36:01.6",5326393,-10,-10,-10,220,-0.001,-40.01
"2020-10-05 05:36:01.7",5326394,-10,-10,-10,220,-0.001,-40.01
"2020-10-05 05:36:01.8",5326395,-10,-10,-10,220,-0.001,-40.01
"2020-10-05 05:36:01.9",5326396,-10,-10,-10,220,-0.001,-40.01
"2020-10-05 05:36:02",5326397,-10,-10,-10,220,-0.001,-40.01
"2020-10-05 05:36:02.1",5326398,-10,-10,-10,220,-0.001,-40.01
"2020-10-05 05:36:02.2",5326399,-10,-10,-10,220,-0.001,-40.01
"2020-10-05 05:36:02.3",5326400,-10,-10,-10,220,-0.001,-40.01
"2020-10-05 05:36:02.4",5326401,-10,-10,-10,220,-0.001,-40.01
"2020-10-05 05:36:02.5",5326402,-10,-10,-10,220,-0.001,-40.01
"2020-10-05 05:36:02.6",5326403,-10,-10,-10,220,-0.001,-40.01
"2020-10-05 05:36:02.7",5326404,-10,-10,-10,220,-0.001,-40.01
"2020-10-05 05:36:02.8",5326405,-10,-10,-10,220,-0.001,-40.01
"2020-10-05 05:36:02.9",5326406,-10,-10,-10,220,-0.002,-40.01
"2020-10-05 05:36:03",5326407,-10,-10,-10,220,-0.001,-40.01
"2020-10-05 05:36:03.1",5326408,-10,-10,-10,220,-0.001,-40.01
"2020-10-05 05:36:03.2",5326409,-10,-10,-10,220,-0.001,-40.01
"2020-10-05 05:36:03.3",5326410,-10,-10,-10,220,-0.001,-40.01
"2020-10-05 05:36:03.4",5326411,-10,-10,-10,220,-0.001,-40.01
"2020-10-05 05:36:03.5",5326412,-10,-10,-10,220,-0.001,-40.01
"2020-10-05 05:36:03.6",5326413,-10,-10,-10,220,-0.001,-40.01
"2020-10-05 05:36:03.7",5326414,-10,-10,-10,220,-0.001,-40.01
"2020-10-05 05:36:03.8",5326415,-10,-10,-10,220,-0.001,-40.01
"2020-10-05 05:36:03.9",5326416,-10,-10,-10,220,-0.001,-40.01
"2020-10-05 05:36:04",5326417,-10,-10,-10,220,-0.001,-40.01
"2020-10-05 05:36:04.1",5326418,-10,-10,-10,220,-0.001,-40.01
"2020-10-05 05:36:04.2",5326419,-10,-10,-10,220,-0.001,-40.01
"2020-10-05 05:36:04.3",5326420,-10,-10,-10,220,-0.001,-40.01
"2020-10-05 05:36:04.4",5326421,-10,-10,-10,220,-0.001,-40.01
"2020-10-05 05:36:04.5",5326422,-10,-10,-10,220,-0.001,-40.01
"2020-10-05 05:36:04.6",5326423,-10,-10,-10,220,-0.001,-40.01
"2020-10-05 05:36:04.7",5326424,-10,-10,-10,220,-0.001,-40.01
"2020-10-05 05:36:04.8",5326425,-10,-10,-10,220,-0.001,-40.01
"2020-10-05 05:36:04.9",5326426,-10,-10,-10,220,-0.001,-40.01
"2020-10-05 05:36:05",5326427,-10,-10,-10,220,-0.001,-40.01
"2020-10-05 05:36:05.1",5326428,-10,-10,-10,220,-0.001,-40.01
"2020-10-05 05:36:05.2",5326429,-10,-10,-10,220,-0.001,-40.01
"2020-10-05 05:36:05.3",5326430,-10,-10,-10,220,-0.001,-40.01
"2020-10-05 05:36:05.4",5326431,-10,-10,-10,220,-0.001,-40.01
"2020-10-05 05:36:05.5",5326432,-10,-10,-10,220,-0.001,-40.01
"2020-10-05 05:36:05.6",5326433,-10,-10,-10,220,-0.001,-40.01
"2020-10-05 05:36:05.7",5326434,-10,-10,-10,220,-0.001,-40.01
"2020-10-05 05:36:05.8",5326435,-10,-10,-10,220,-0.001,-40.01
"2020-10-05 05:36:05.9",5326436,-10,-10,-10,220,-0.001,-40.01
"2020-10-05 05:36:06",5326437,-10,-10,-10,220,-0.001,-40.01
"2020-10-05 05:36:06.1",5326438,-10,-10,-10,220,-0.001,-40.01
"2020-10-05 05:36:06.2",5326439,-10,-10,-10,220,-0.001,-40.01
"2020-10-05 05:36:06.3",5326440,-10,-10,-10,220,-0.001,-40.01
"2020-10-05 05:36:06.4",5326441,-10,-10,-10,220,-0.001,-40.01
"2020-10-05 05:36:06.5",5326442,-10,-10,-10,220,-0.001,-40.01
"2020-10-05 05:36:06.6",5326443,-10,-10,-10,220,-0.001,-40.01
"2020-10-05 05:36:06.7",5326444,-10,-10,-10,220,-0.001,-40.01
"2020-10-05 05:36:06.8",5326445,-10,-10,-10,220,-0.001,-40.01
"2020-10-05 05:36:06.9",5326446,-10,-10,-10,220,-0.001,-40.01
"2020-10-05 05:36:07",5326447,-10,-10,-10,220,-0.001,-40.01
"2020-10-05 05:36:07.1",5326448,-10,-10,-10,220,-0.001,-40.01
"2020-10-05 05:36:07.2",5326449,-10,-10,-10,220,-0.001,-40.01
"2020-10-05 05:36:07.3",5326450,-10,-10,-10,220,-0.001,-40.01
"2020-10-05 05:36:07.4",5326451,-10,-10,-10,220,-0.001,-40.01
"2020-10-05 05:36:07.5",5326452,-10,-10,-10,220,-0.001,-40.01
"2020-10-05 05:36:07.6",5326453,-10,-10,-10,220,-0.001,-40.01
"2020-10-05 05:36:07.7",5326454,-10,-10,-10,220,-0.001,-40.01
"2020-10-05 05:36:07.8",5326455,-10,-10,-10,220,-0.001,-40.01
"2020-10-05 05:36:07.9",5326456,-10,-10,-10,220,-0.001,-40.01
"2020-10-05 05:36:08",5326457,-10,-10,-10,220,-0.001,-40.01
"2020-10-05 05:36:08.1",5326458,-10,-10,-10,220,-0.001,-40.01
"2020-10-05 05:36:08.2",5326459,-10,-10,-10,220,-0.001,-40.01
"2020-10-05 05:36:08.3",5326460,-10,-10,-10,220,-0.001,-40.01
"2020-10-05 05:36:08.4",5326461,-10,-10,-10,220,-0.001,-40.01
"2020-10-05 05:36:08.5",5326462,-10,-10,-10,220,-0.001,-40.01
"2020-10-05 05:36:08.6",5326463,-10,-10,-10,220,-0.001,-40.01
"2020-10-05 05:36:08.7",5326464,-10,-10,-10,220,-0.001,-40.01
"2020-10-05 05:36:08.8",5326465,-10,-10,-10,220,-0.001,-40.01
"2020-10-05 05:36:08.9",5326466,-10,-10,-10,220,-0.001,-40.01
"2020-10-05 05:36:09",5326467,-10,-10,-10,220,-0.001,-40.01
"2020-10-05 05:36:09.1",5326468,-10,-10,-10,220,-0.001,-40.01
"2020-10-05 05:36:09.2",5326469,-10,-10,-10,220,-0.001,-40.01
"2020-10-05 05:36:09.3",5326470,-10,-10,-10,220,-0.002,-40.01
"2020-10-05 05:36:09.4",5326471,-10,-10,-10,220,-0.001,-40.01
"2020-10-05 05:36:09.5",5326472,-10,-10,-10,220,-0.001,-40.01
"2020-10-05 05:36:09.6",5326473,-10,-10,-10,220,-0.001,-40.01
"2020-10-05 05:36:09.7",5326474,-10,-10,-10,220,-0.001,-40.01
"2020-10-05 05:36:09.8",5326475,-10,-10,-10,220,-0.001,-40.01
"2020-10-05 05:36:09.9",5326476,-10,-10,-10,220,-0.001,-40.01
"2020-10-05 05:36:10",5326477,-10,-10,-10,220,-0.001,-40.01
"2020-10-05 05:36:10.1",5326478,-10,-10,-10,220,-0.001,-40.01
"2020-10-05 05:36:10.2",5326479,-10,-10,-10,220,-0.001,-40.01
"2020-10-05 05:36:10.3",5326480,-10,-10,-10,220,-0.001,-40.01
"2020-10-05 05:36:10.4",5326481,-10,-10,-10,220,-0.001,-40.01
"2020-10-05 05:36:10.5",5326482,-10,-10,-10,220,-0.001,-40.01
"2020-10-05 05:36:10.6",5326483,-10,-10,-10,220,-0.001,-40.01
"2020-10-05 05:36:10.7",5326484,-10,-10,-10,220,-0.002,-40.01
"2020-10-05 05:36:10.8",5326485,-10,-10,-10,220,-0.001,-40.01
"2020-10-05 05:36:10.9",5326486,-10,-10,-10,220,-0.001,-40.01
"2020-10-05 05:36:11",5326487,-10,-10,-10,220,-0.001,-40.01
"2020-10-05 05:36:11.1",5326488,-10,-10,-10,220,-0.001,-40.01
"2020-10-05 05:36:11.2",5326489,-10,-10,-10,220,-0.001,-40.01
"2020-10-05 05:36:11.3",5326490,-10,-10,-10,220,-0.001,-40.01
"2020-10-05 05:36:11.4",5326491,-10,-10,-10,220,-0.001,-40.01
"2020-10-05 05:36:11.5",5326492,-10,-10,-10,220,-0.001,-40.01
"2020-10-05 05:36:11.6",5326493,-10,-10,-10,220,-0.001,-40.01
"2020-10-05 05:36:11.7",5326494,-10,-10,-10,220,-0.001,-40.01
"2020-10-05 05:36:11.8",5326495,-10,-10,-10,220,-0.002,-40.01
"2020-10-05 05:36:11.9",5326496,-10,-10,-10,220,-0.001,-40.01
"2020-10-05 05:36:12",5326497,-10,-10,-10,220,-0.001,-40.01
"2020-10-05 05:36:12.1",5326498,-10,-10,-10,220,-0.001,-40.01
"2020-10-05 05:36:12.2",5326499,-10,-10,-10,220,-0.001,-40.01
"2020-10-05 05:36:12.3",5326500,-10,-10,-10,220,-0.001,-40.01
"2020-10-05 05:36:12.4",5326501,-10,-10,-10,220,-0.001,-40.01
"2020-10-05 05:36:12.5",5326502,-10,-10,-10,220,-0.001,-40.01
"2020-10-05 05:36:12.6",5326503,-10,-10,-10,220,-0.001,-40.01
"2020-10-05 05:36:12.7",5326504,-10,-10,-10,220,-0.001,-40.01
"2020-10-05 05:36:12.8",5326505,-10,-10,-10,220,-0.001,-40.01
"2020-10-05 05:36:12.9",5326506,-10,-10,-10,220,-0.001,-40.01
"2020-10-05 05:36:13",5326507,-10,-10,-10,220,-0.001,-40.01
"2020-10-05 05:36:13.1",5326508,-10,-10,-10,220,-0.001,-40.01
"2020-10-05 05:36:13.2",5326509,-10,-10,-10,220,-0.001,-40.01
"2020-10-05 05:36:13.3",5326510,-10,-10,-10,220,-0.001,-40.01
"2020-10-05 05:36:13.4",5326511,-10,-10,-10,220,-0.001,-40.01
"2020-10-05 05:36:13.5",5326512,-10,-10,-10,220,-0.001,-40.01
"2020-10-05 05:36:13.6",5326513,-10,-10,-10,220,-0.001,-40.01
"2020-10-05 05:36:13.7",5326514,-10,-10,-10,220,-0.001,-40.01
"2020-10-05 05:36:13.8",5326515,-10,-10,-10,220,-0.001,-40.01
"2020-10-05 05:36:13.9",5326516,-10,-10,-10,220,-0.001,-40.01
"2020-10-05 05:36:14",5326517,-10,-10,-10,220,-0.001,-40.01
"2020-10-05 05:36:14.1",5326518,-10,-10,-10,220,-0.001,-40.01
"2020-10-05 05:36:14.2",5326519,-10,-10,-10,220,-0.001,-40.01
"2020-10-05 05:36:14.3",5326520,-10,-10,-10,220,-0.001,-40.01
"2020-10-05 05:36:14.4",5326521,-10,-10,-10,220,-0.001,-40.01
"2020-10-05 05:36:14.5",5326522,-10,-10,-10,220,-0.001,-40.01
"2020-10-05 05:36:14.6",5326523,-10,-10,-10,220,-0.001,-40.01
"2020-10-05 05:36:14.7",5326524,-10,-10,-10,220,-0.001,-40.01
"2020-10-05 05:36:14.8",5326525,-10,-10,-10,220,-0.001,-40.01
"2020-10-05 05:36:14.9",5326526,-10,-10,-10,220,-0.001,-40.01
"2020-10-05 05:36:15",5326527,-10,-10,-10,220,-0.001,-40.01
"2020-10-05 05:36:15.1",5326528,-10,-10,-10,220,-0.001,-40.01
"2020-10-05 05:36:15.2",5326529,-10,-10,-10,220,-0.001,-40.01
"2020-10-05 05:36:15.3",5326530,-10,-10,-10,220,-0.001,-40.01
"2020-10-05 05:36:15.4",5326531,-10,-10,-10,220,-0.001,-40.01
"2020-10-05 05:36:15.5",5326532,-10,-10,-10,220,-0.001,-40.01
"2020-10-05 05:36:15.6",5326533,-10,-10,-10,220,-0.001,-40.01
"2020-10-05 05:36:15.7",5326534,-10,-10,-10,220,-0.001,-40.01
"2020-10-05 05:36:15.8",5326535,-10,-10,-10,220,-0.001,-40.01
"2020-10-05 05:36:15.9",5326536,-10,-10,-10,220,-0.001,-40.01
"2020-10-05 05:36:16",5326537,-10,-10,-10,220,-0.001,-40.01
"2020-10-05 05:36:16.1",5326538,-10,-10,-10,220,-0.001,-40.01
"2020-10-05 05:36:16.2",5326539,-10,-10,-10,220,-0.001,-40.01
"2020-10-05 05:36:16.3",5326540,-10,-10,-10,220,-0.001,-40.01
"2020-10-05 05:36:16.4",5326541,-10,-10,-10,220,-0.001,-40.01
"2020-10-05 05:36:16.5",5326542,-10,-10,-10,220,-0.001,-40.01
"2020-10-05 05:36:16.6",5326543,-10,-10,-10,220,-0.001,-40.01
"2020-10-05 05:36:16.7",5326544,-10,-10,-10,220,-0.001,-40.01
"2020-10-05 05:36:16.8",5326545,-10,-10,-10,220,-0.001,-40.01
"2020-10-05 05:36:16.9",5326546,-10,-10,-10,220,-0.001,-40.01
"2020-10-05 05:36:17",5326547,-10,-10,-10,220,-0.001,-40.01
"2020-10-05 05:36:17.1",5326548,-10,-10,-10,220,-0.001,-40.01
"2020-10-05 05:36:17.2",5326549,-10,-10,-10,220,-0.001,-40.01
"2020-10-05 05:36:17.3",5326550,-10,-10,-10,220,-0.001,-40.01
"2020-10-05 05:36:17.4",5326551,-10,-10,-10,220,-0.001,-40.01
"2020-10-05 05:36:17.5",5326552,-10,-10,-10,220,-0.001,-40.01
"2020-10-05 05:36:17.6",5326553,-10,-10,-10,220,-0.001,-40.01
"2020-10-05 05:36:17.7",5326554,-10,-10,-10,220,-0.001,-40.01
"2020-10-05 05:36:17.8",5326555,-10,-10,-10,220,-0.001,-40.01
"2020-10-05 05:36:17.9",5326556,-10,-10,-10,220,-0.001,-40.01
"2020-10-05 05:36:18",5326557,-10,-10,-10,220,-0.001,-40.01
"2020-10-05 05:36:18.1",5326558,-10,-10,-10,220,-0.001,-40.01
"2020-10-05 05:36:18.2",5326559,-10,-10,-10,220,-0.001,-40.01
"2020-10-05 05:36:18.3",5326560,-10,-10,-10,220,-0.001,-40.01
"2020-10-05 05:36:18.4",5326561,-10,-10,-10,220,-0.001,-40.01
"2020-10-05 05:36:18.5",5326562,-10,-10,-10,220,-0.001,-40.01
"2020-10-05 05:36:18.6",5326563,-10,-10,-10,220,-0.001,-40.01
"2020-10-05 05:36:18.7",5326564,-10,-10,-10,220,-0.001,-40.01
"2020-10-05 05:36:18.8",5326565,-10,-10,-10,220,-0.001,-40.01
"2020-10-05 05:36:18.9",5326566,-10,-10,-10,220,-0.001,-40.01
"2020-10-05 05:36:19",5326567,-10,-10,-10,220,-0.001,-40.01
"2020-10-05 05:36:19.1",5326568,-10,-10,-10,220,-0.001,-40.01
"2020-10-05 05:36:19.2",5326569,-10,-10,-10,220,-0.001,-40.01
"2020-10-05 05:36:19.3",5326570,-10,-10,-10,220,-0.001,-40.01
"2020-10-05 05:36:19.4",5326571,-10,-10,-10,220,-0.001,-40.01
"2020-10-05 05:36:19.5",5326572,-10,-10,-10,220,-0.001,-40.01
"2020-10-05 05:36:19.6",5326573,-10,-10,-10,220,-0.001,-40.01
"2020-10-05 05:36:19.7",5326574,-10,-10,-10,220,-0.001,-40.01
"2020-10-05 05:36:19.8",5326575,-10,-10,-10,220,-0.001,-40.01
"2020-10-05 05:36:19.9",5326576,-10,-10,-10,220,-0.001,-40.01
"2020-10-05 05:36:20",5326577,-10,-10,-10,220,-0.001,-40.01
"2020-10-05 05:36:20.1",5326578,-10,-10,-10,220,-0.001,-40.01
"2020-10-05 05:36:20.2",5326579,-10,-10,-10,220,-0.001,-40.01
"2020-10-05 05:36:20.3",5326580,-10,-10,-10,220,-0.001,-40.01
"2020-10-05 05:36:20.4",5326581,-10,-10,-10,220,-0.001,-40.01
"2020-10-05 05:36:20.5",5326582,-10,-10,-10,220,-0.001,-40.01
"2020-10-05 05:36:20.6",5326583,-10,-10,-10,220,-0.001,-40.01
"2020-10-05 05:36:20.7",5326584,-10,-10,-10,220,-0.001,-40.01
"2020-10-05 05:36:20.8",5326585,-10,-10,-10,220,-0.001,-40.01
"2020-10-05 05:36:20.9",5326586,-10,-10,-10,220,-0.001,-40.01
"2020-10-05 05:36:21",5326587,-10,-10,-10,220,-0.001,-40.01
"2020-10-05 05:36:21.1",5326588,-10,-10,-10,220,-0.001,-40.01
"2020-10-05 05:36:21.2",5326589,-10,-10,-10,220,-0.001,-40.01
"2020-10-05 05:36:21.3",5326590,-10,-10,-10,220,-0.002,-40.01
"2020-10-05 05:36:21.4",5326591,-10,-10,-10,220,-0.001,-40.01
"2020-10-05 05:36:21.5",5326592,-10,-10,-10,220,-0.001,-40.01
"2020-10-05 05:36:21.6",5326593,-10,-10,-10,220,-0.001,-40.01
"2020-10-05 05:36:21.7",5326594,-10,-10,-10,220,-0.002,-40.01
"2020-10-05 05:36:21.8",5326595,-10,-10,-10,220,-0.001,-40.01
"2020-10-05 05:36:21.9",5326596,-10,-10,-10,220,-0.001,-40.01
"2020-10-05 05:36:22",5326597,-10,-10,-10,220,-0.001,-40.01
"2020-10-05 05:36:22.1",5326598,-10,-10,-10,220,-0.001,-40.01
"2020-10-05 05:36:22.2",5326599,-10,-10,-10,220,-0.002,-40.01
"2020-10-05 05:36:22.3",5326600,-10,-10,-10,220,-0.001,-40.01
"2020-10-05 05:36:22.4",5326601,-10,-10,-10,220,-0.001,-40.01
"2020-10-05 05:36:22.5",5326602,-10,-10,-10,220,-0.001,-40.01
"2020-10-05 05:36:22.6",5326603,-10,-10,-10,220,-0.001,-40.01
"2020-10-05 05:36:22.7",5326604,-10,-10,-10,220,-0.001,-40.01
"2020-10-05 05:36:22.8",5326605,-10,-10,-10,220,-0.001,-40.01
"2020-10-05 05:36:22.9",5326606,-10,-10,-10,220,-0.001,-40.01
"2020-10-05 05:36:23",5326607,-10,-10,-10,220,-0.001,-40.01
"2020-10-05 05:36:23.1",5326608,-10,-10,-10,220,-0.001,-40.01
"2020-10-05 05:36:23.2",5326609,-10,-10,-10,220,-0.001,-40.01
"2020-10-05 05:36:23.3",5326610,-10,-10,-10,220,-0.001,-40.01
"2020-10-05 05:36:23.4",5326611,-10,-10,-10,220,-0.001,-40.01
"2020-10-05 05:36:23.5",5326612,-10,-10,-10,220,-0.001,-40.01
"2020-10-05 05:36:23.6",5326613,-10,-10,-10,220,-0.001,-40.01
"2020-10-05 05:36:23.7",5326614,-10,-10,-10,220,-0.001,-40.01
"2020-10-05 05:36:23.8",5326615,-10,-10,-10,220,-0.001,-40.01
"2020-10-05 05:36:23.9",5326616,-10,-10,-10,220,-0.001,-40.01
"2020-10-05 05:36:24",5326617,-10,-10,-10,220,-0.001,-40.01
"2020-10-05 05:36:24.1",5326618,-10,-10,-10,220,-0.001,-40.01
"2020-10-05 05:36:24.2",5326619,-10,-10,-10,220,-0.001,-40.01
"2020-10-05 05:36:24.3",5326620,-10,-10,-10,220,-0.001,-40.01
"2020-10-05 05:36:24.4",5326621,-10,-10,-10,220,-0.001,-40.01
"2020-10-05 05:36:24.5",5326622,-10,-10,-10,220,-0.001,-40.01
"2020-10-05 05:36:24.6",5326623,-10,-10,-10,220,-0.001,-40.01
"2020-10-05 05:36:24.7",5326624,-10,-10,-10,220,-0.001,-40.01
"2020-10-05 05:36:24.8",5326625,-10,-10,-10,220,-0.001,-40.01
"2020-10-05 05:36:24.9",5326626,-10,-10,-10,220,-0.001,-40.01
"2020-10-05 05:36:25",5326627,-10,-10,-10,220,-0.001,-40.01
"2020-10-05 05:36:25.1",5326628,-10,-10,-10,220,-0.001,-40.01
"2020-10-05 05:36:25.2",5326629,-10,-10,-10,220,-0.001,-40.01
"2020-10-05 05:36:25.3",5326630,-10,-10,-10,220,-0.001,-40.01
"2020-10-05 05:36:25.4",5326631,-10,-10,-10,220,-0.001,-40.01
"2020-10-05 05:36:25.5",5326632,-10,-10,-10,220,-0.001,-40.01
"2020-10-05 05:36:25.6",5326633,-10,-10,-10,220,-0.001,-40.01
"2020-10-05 05:36:25.7",5326634,-10,-10,-10,220,-0.001,-40.01
"2020-10-05 05:36:25.8",5326635,-10,-10,-10,220,-0.001,-40.01
"2020-10-05 05:36:25.9",5326636,-10,-10,-10,220,-0.001,-40.01
"2020-10-05 05:36:26",5326637,-10,-10,-10,220,-0.001,-40.01
"2020-10-05 05:36:26.1",5326638,-10,-10,-10,220,-0.001,-40.01
"2020-10-05 05:36:26.2",5326639,-10,-10,-10,220,-0.001,-40.01
"2020-10-05 05:36:26.3",5326640,-10,-10,-10,220,-0.001,-40.01
"2020-10-05 05:36:26.4",5326641,-10,-10,-10,220,-0.001,-40.01
"2020-10-05 05:36:26.5",5326642,-10,-10,-10,220,-0.001,-40.01
"2020-10-05 05:36:26.6",5326643,-10,-10,-10,220,-0.001,-40.01
"2020-10-05 05:36:26.7",5326644,-10,-10,-10,220,-0.001,-40.01
"2020-10-05 05:36:26.8",5326645,-10,-10,-10,220,-0.001,-40.01
"2020-10-05 05:36:26.9",5326646,-10,-10,-10,220,-0.001,-40.01
"2020-10-05 05:36:27",5326647,-10,-10,-10,220,-0.001,-40.01
"2020-10-05 05:36:27.1",5326648,-10,-10,-10,220,-0.001,-40.01
"2020-10-05 05:36:27.2",5326649,-10,-10,-10,220,-0.001,-40.01
"2020-10-05 05:36:27.3",5326650,-10,-10,-10,220,-0.001,-40.01
"2020-10-05 05:36:27.4",5326651,-10,-10,-10,220,-0.001,-40.01
"2020-10-05 05:36:27.5",5326652,-10,-10,-10,220,-0.001,-40.01
"2020-10-05 05:36:27.6",5326653,-10,-10,-10,220,-0.001,-40.01
"2020-10-05 05:36:27.7",5326654,-10,-10,-10,220,-0.001,-40.01
"2020-10-05 05:36:27.8",5326655,-10,-10,-10,220,-0.001,-40.01
"2020-10-05 05:36:27.9",5326656,-10,-10,-10,220,-0.001,-40.01
"2020-10-05 05:36:28",5326657,-10,-10,-10,220,-0.001,-40.01
"2020-10-05 05:36:28.1",5326658,-10,-10,-10,220,-0.001,-40.01
"2020-10-05 05:36:28.2",5326659,-10,-10,-10,220,-0.001,-40.01
"2020-10-05 05:36:28.3",5326660,-10,-10,-10,220,-0.001,-40.01
"2020-10-05 05:36:28.4",5326661,-10,-10,-10,220,-0.001,-40.01
"2020-10-05 05:36:28.5",5326662,-10,-10,-10,220,-0.001,-40.01
"2020-10-05 05:36:28.6",5326663,-10,-10,-10,220,-0.001,-40.01
"2020-10-05 05:36:28.7",5326664,-10,-10,-10,220,-0.001,-40.01
"2020-10-05 05:36:28.8",5326665,-10,-10,-10,220,-0.001,-40.01
"2020-10-05 05:36:28.9",5326666,-10,-10,-10,220,-0.001,-40.01
"2020-10-05 05:36:29",5326667,-10,-10,-10,220,-0.001,-40.01
"2020-10-05 05:36:29.1",5326668,-10,-10,-10,220,-0.001,-40.01
"2020-10-05 05:36:29.2",5326669,-10,-10,-10,220,-0.001,-40.01
"2020-10-05 05:36:29.3",5326670,-10,-10,-10,220,-0.001,-40.01
"2020-10-05 05:36:29.4",5326671,-10,-10,-10,220,-0.001,-40.01
"2020-10-05 05:36:29.5",5326672,-10,-10,-10,220,-0.001,-40.01
"2020-10-05 05:36:29.6",5326673,-10,-10,-10,220,-0.001,-40.01
"2020-10-05 05:36:29.7",5326674,-10,-10,-10,220,-0.001,-40.01
"2020-10-05 05:36:29.8",5326675,-10,-10,-10,220,-0.001,-40.01
"2020-10-05 05:36:29.9",5326676,-10,-10,-10,220,-0.001,-40.01
"2020-10-05 05:36:30",5326677,-10,-10,-10,220,-0.001,-40.01
"2020-10-05 05:36:30.1",5326678,-10,-10,-10,220,-0.001,-40.01
"2020-10-05 05:36:30.2",5326679,-10,-10,-10,220,-0.001,-40.01
"2020-10-05 05:36:30.3",5326680,-10,-10,-10,220,-0.001,-40.01
"2020-10-05 05:36:30.4",5326681,-10,-10,-10,220,-0.001,-40.01
"2020-10-05 05:36:30.5",5326682,-10,-10,-10,220,-0.001,-40.01
"2020-10-05 05:36:30.6",5326683,-10,-10,-10,220,-0.001,-40.01
"2020-10-05 05:36:30.7",5326684,-10,-10,-10,220,-0.001,-40.01
"2020-10-05 05:36:30.8",5326685,-10,-10,-10,220,-0.001,-40.01
"2020-10-05 05:36:30.9",5326686,-10,-10,-10,220,-0.001,-40.01
"2020-10-05 05:36:31",5326687,-10,-10,-10,220,-0.001,-40.01
"2020-10-05 05:36:31.1",5326688,-10,-10,-10,220,-0.001,-40.01
"2020-10-05 05:36:31.2",5326689,-10,-10,-10,220,-0.001,-40.01
"2020-10-05 05:36:31.3",5326690,-10,-10,-10,220,-0.001,-40.01
"2020-10-05 05:36:31.4",5326691,-10,-10,-10,220,-0.001,-40.01
"2020-10-05 05:36:31.5",5326692,-10,-10,-10,220,-0.001,-40.01
"2020-10-05 05:36:31.6",5326693,-10,-10,-10,220,-0.001,-40.01
"2020-10-05 05:36:31.7",5326694,-10,-10,-10,220,-0.001,-40.01
"2020-10-05 05:36:31.8",5326695,-10,-10,-10,220,-0.001,-40.01
"2020-10-05 05:36:31.9",5326696,-10,-10,-10,220,-0.001,-40.01
"2020-10-05 05:36:32",5326697,-10,-10,-10,220,-0.001,-40.01
"2020-10-05 05:36:32.1",5326698,-10,-10,-10,220,-0.001,-40.01
"2020-10-05 05:36:32.2",5326699,-10,-10,-10,220,-0.001,-40.01
"2020-10-05 05:36:32.3",5326700,-10,-10,-10,220,-0.001,-40.01
"2020-10-05 05:36:32.4",5326701,-10,-10,-10,220,-0.001,-40.01
"2020-10-05 05:36:32.5",5326702,-10,-10,-10,220,-0.001,-40.01
"2020-10-05 05:36:32.6",5326703,-10,-10,-10,220,-0.001,-40.01
"2020-10-05 05:36:32.7",5326704,-10,-10,-10,220,-0.002,-40.01
"2020-10-05 05:36:32.8",5326705,-10,-10,-10,220,-0.001,-40.01
"2020-10-05 05:36:32.9",5326706,-10,-10,-10,220,-0.001,-40.01
"2020-10-05 05:36:33",5326707,-10,-10,-10,220,-0.001,-40.01
"2020-10-05 05:36:33.1",5326708,-10,-10,-10,220,-0.001,-40.01
"2020-10-05 05:36:33.2",5326709,-10,-10,-10,220,-0.001,-40.01
"2020-10-05 05:36:33.3",5326710,-10,-10,-10,220,-0.001,-40.01
"2020-10-05 05:36:33.4",5326711,-10,-10,-10,220,-0.001,-40.01
"2020-10-05 05:36:33.5",5326712,-10,-10,-10,220,-0.001,-40.01
"2020-10-05 05:36:33.6",5326713,-10,-10,-10,220,-0.001,-40.01
"2020-10-05 05:36:33.7",5326714,-10,-10,-10,220,-0.001,-40.01
"2020-10-05 05:36:33.8",5326715,-10,-10,-10,220,-0.001,-40.01
"2020-10-05 05:36:33.9",5326716,-10,-10,-10,220,-0.001,-40.01
"2020-10-05 05:36:34",5326717,-10,-10,-10,220,-0.001,-40.01
"2020-10-05 05:36:34.1",5326718,-10,-10,-10,220,-0.001,-40.01
"2020-10-05 05:36:34.2",5326719,-10,-10,-10,220,-0.001,-40.01
"2020-10-05 05:36:34.3",5326720,-10,-10,-10,220,-0.001,-40.01
"2020-10-05 05:36:34.4",5326721,-10,-10,-10,220,-0.001,-40.01
"2020-10-05 05:36:34.5",5326722,-10,-10,-10,220,-0.001,-40.01
"2020-10-05 05:36:34.6",5326723,-10,-10,-10,220,-0.002,-40.01
"2020-10-05 05:36:34.7",5326724,-10,-10,-10,220,-0.001,-40.01
"2020-10-05 05:36:34.8",5326725,-10,-10,-10,220,-0.001,-40.01
"2020-10-05 05:36:34.9",5326726,-10,-10,-10,220,-0.001,-40.01
"2020-10-05 05:36:35",5326727,-10,-10,-10,220,-0.001,-40.01
"2020-10-05 05:36:35.1",5326728,-10,-10,-10,220,-0.001,-40.01
"2020-10-05 05:36:35.2",5326729,-10,-10,-10,220,-0.001,-40.01
"2020-10-05 05:36:35.3",5326730,-10,-10,-10,220,-0.001,-40.01
"2020-10-05 05:36:35.4",5326731,-10,-10,-10,220,-0.001,-40.01
"2020-10-05 05:36:35.5",5326732,-10,-10,-10,220,-0.001,-40.01
"2020-10-05 05:36:35.6",5326733,-10,-10,-10,220,-0.001,-40.01
"2020-10-05 05:36:35.7",5326734,-10,-10,-10,220,-0.001,-40.01
"2020-10-05 05:36:35.8",5326735,-10,-10,-10,220,-0.001,-40.01
"2020-10-05 05:36:35.9",5326736,-10,-10,-10,220,-0.001,-40.01
"2020-10-05 05:36:36",5326737,-10,-10,-10,220,-0.001,-40.01
"2020-10-05 05:36:36.1",5326738,-10,-10,-10,220,-0.001,-40.01
"2020-10-05 05:36:36.2",5326739,-10,-10,-10,220,-0.001,-40.01
"2020-10-05 05:36:36.3",5326740,-10,-10,-10,220,-0.001,-40.01
"2020-10-05 05:36:36.4",5326741,-10,-10,-10,220,-0.001,-40.01
"2020-10-05 05:36:36.5",5326742,-10,-10,-10,220,-0.001,-40.01
"2020-10-05 05:36:36.6",5326743,-10,-10,-10,220,-0.001,-40.01
"2020-10-05 05:36:36.7",5326744,-10,-10,-10,220,-0.001,-40.01
"2020-10-05 05:36:36.8",5326745,-10,-10,-10,220,-0.001,-40.01
"2020-10-05 05:36:36.9",5326746,-10,-10,-10,220,-0.001,-40.01
"2020-10-05 05:36:37",5326747,-10,-10,-10,220,-0.001,-40.01
"2020-10-05 05:36:37.1",5326748,-10,-10,-10,220,-0.001,-40.01
"2020-10-05 05:36:37.2",5326749,-10,-10,-10,220,-0.001,-40.01
"2020-10-05 05:36:37.3",5326750,-10,-10,-10,220,-0.001,-40.01
"2020-10-05 05:36:37.4",5326751,-10,-10,-10,220,-0.001,-40.01
"2020-10-05 05:36:37.5",5326752,-10,-10,-10,220,-0.001,-40.01
"2020-10-05 05:36:37.6",5326753,-10,-10,-10,220,-0.001,-40.01
"2020-10-05 05:36:37.7",5326754,-10,-10,-10,220,-0.001,-40.01
"2020-10-05 05:36:37.8",5326755,-10,-10,-10,220,-0.001,-40.01
"2020-10-05 05:36:37.9",5326756,-10,-10,-10,220,-0.001,-40.01
"2020-10-05 05:36:38",5326757,-10,-10,-10,220,-0.002,-40.01
"2020-10-05 05:36:38.1",5326758,-10,-10,-10,220,-0.001,-40.01
"2020-10-05 05:36:38.2",5326759,-10,-10,-10,220,-0.001,-40.01
"2020-10-05 05:36:38.3",5326760,-10,-10,-10,220,-0.001,-40.01
"2020-10-05 05:36:38.4",5326761,-10,-10,-10,220,-0.001,-40.01
"2020-10-05 05:36:38.5",5326762,-10,-10,-10,220,-0.001,-40.01
"2020-10-05 05:36:38.6",5326763,-10,-10,-10,220,-0.001,-40.01
"2020-10-05 05:36:38.7",5326764,-10,-10,-10,220,-0.001,-40.01
"2020-10-05 05:36:38.8",5326765,-10,-10,-10,220,-0.001,-40.01
"2020-10-05 05:36:38.9",5326766,-10,-10,-10,220,-0.001,-40.01
"2020-10-05 05:36:39",5326767,-10,-10,-10,220,-0.001,-40.01
"2020-10-05 05:36:39.1",5326768,-10,-10,-10,220,-0.001,-40.01
"2020-10-05 05:36:39.2",5326769,-10,-10,-10,220,-0.001,-40.01
"2020-10-05 05:36:39.3",5326770,-10,-10,-10,220,-0.001,-40.01
"2020-10-05 05:36:39.4",5326771,-10,-10,-10,220,-0.001,-40.01
"2020-10-05 05:36:39.5",5326772,-10,-10,-10,220,-0.001,-40.01
"2020-10-05 05:36:39.6",5326773,-10,-10,-10,220,-0.001,-40.01
"2020-10-05 05:36:39.7",5326774,-10,-10,-10,220,-0.001,-40.01
"2020-10-05 05:36:39.8",5326775,-10,-10,-10,220,-0.001,-40.01
"2020-10-05 05:36:39.9",5326776,-10,-10,-10,220,-0.001,-40.01
"2020-10-05 05:36:40",5326777,-10,-10,-10,220,-0.001,-40.01
"2020-10-05 05:36:40.1",5326778,-10,-10,-10,220,-0.001,-40.01
"2020-10-05 05:36:40.2",5326779,-10,-10,-10,220,-0.001,-40.01
"2020-10-05 05:36:40.3",5326780,-10,-10,-10,220,-0.001,-40.01
"2020-10-05 05:36:40.4",5326781,-10,-10,-10,220,-0.001,-40.01
"2020-10-05 05:36:40.5",5326782,-10,-10,-10,220,-0.001,-40.01
"2020-10-05 05:36:40.6",5326783,-10,-10,-10,220,-0.001,-40.01
"2020-10-05 05:36:40.7",5326784,-10,-10,-10,220,-0.001,-40.01
"2020-10-05 05:36:40.8",5326785,-10,-10,-10,220,-0.001,-40.01
"2020-10-05 05:36:40.9",5326786,-10,-10,-10,220,-0.001,-40.01
"2020-10-05 05:36:41",5326787,-10,-10,-10,220,-0.001,-40.01
"2020-10-05 05:36:41.1",5326788,-10,-10,-10,220,-0.001,-40.01
"2020-10-05 05:36:41.2",5326789,-10,-10,-10,220,-0.001,-40.01
"2020-10-05 05:36:41.3",5326790,-10,-10,-10,220,-0.001,-40.01
"2020-10-05 05:36:41.4",5326791,-10,-10,-10,220,-0.001,-40.01
"2020-10-05 05:36:41.5",5326792,-10,-10,-10,220,-0.001,-40.01
"2020-10-05 05:36:41.6",5326793,-10,-10,-10,220,-0.001,-40.01
"2020-10-05 05:36:41.7",5326794,-10,-10,-10,220,-0.001,-40.01
"2020-10-05 05:36:41.8",5326795,-10,-10,-10,220,-0.001,-40.01
"2020-10-05 05:36:41.9",5326796,-10,-10,-10,220,-0.001,-40.01
"2020-10-05 05:36:42",5326797,-10,-10,-10,220,-0.001,-40.01
"2020-10-05 05:36:42.1",5326798,-10,-10,-10,220,-0.001,-40.01
"2020-10-05 05:36:42.2",5326799,-10,-10,-10,220,-0.001,-40.01
"2020-10-05 05:36:42.3",5326800,-10,-10,-10,220,-0.001,-40.01
"2020-10-05 05:36:42.4",5326801,-10,-10,-10,220,-0.001,-40.01
"2020-10-05 05:36:42.5",5326802,-10,-10,-10,220,-0.001,-40.01
"2020-10-05 05:36:42.6",5326803,-10,-10,-10,220,-0.001,-40.01
"2020-10-05 05:36:42.7",5326804,-10,-10,-10,220,-0.001,-40.01
"2020-10-05 05:36:42.8",5326805,-10,-10,-10,220,-0.001,-40.01
"2020-10-05 05:36:42.9",5326806,-10,-10,-10,220,-0.001,-40.01
"2020-10-05 05:36:43",5326807,-10,-10,-10,220,-0.001,-40.01
"2020-10-05 05:36:43.1",5326808,-10,-10,-10,220,-0.001,-40.01
"2020-10-05 05:36:43.2",5326809,-10,-10,-10,220,-0.001,-40.01
"2020-10-05 05:36:43.3",5326810,-10,-10,-10,220,-0.001,-40.01
"2020-10-05 05:36:43.4",5326811,-10,-10,-10,220,-0.001,-40.01
"2020-10-05 05:36:43.5",5326812,-10,-10,-10,220,-0.001,-40.01
"2020-10-05 05:36:43.6",5326813,-10,-10,-10,220,-0.001,-40.01
"2020-10-05 05:36:43.7",5326814,-10,-10,-10,220,-0.001,-40.01
"2020-10-05 05:36:43.8",5326815,-10,-10,-10,220,-0.001,-40.01
"2020-10-05 05:36:43.9",5326816,-10,-10,-10,220,-0.001,-40.01
"2020-10-05 05:36:44",5326817,-10,-10,-10,220,-0.001,-40.01
"2020-10-05 05:36:44.1",5326818,-10,-10,-10,220,-0.001,-40.01
"2020-10-05 05:36:44.2",5326819,-10,-10,-10,220,-0.001,-40.01
"2020-10-05 05:36:44.3",5326820,-10,-10,-10,220,-0.001,-40.01
"2020-10-05 05:36:44.4",5326821,-10,-10,-10,220,-0.001,-40.01
"2020-10-05 05:36:44.5",5326822,-10,-10,-10,220,-0.001,-40.01
"2020-10-05 05:36:44.6",5326823,-10,-10,-10,220,-0.001,-40.01
"2020-10-05 05:36:44.7",5326824,-10,-10,-10,220,-0.001,-40.01
"2020-10-05 05:36:44.8",5326825,-10,-10,-10,220,-0.001,-40.01
"2020-10-05 05:36:44.9",5326826,-10,-10,-10,220,-0.001,-40.01
"2020-10-05 05:36:45",5326827,-10,-10,-10,220,-0.001,-40.01
"2020-10-05 05:36:45.1",5326828,-10,-10,-10,220,-0.001,-40.01
"2020-10-05 05:36:45.2",5326829,-10,-10,-10,220,-0.001,-40.01
"2020-10-05 05:36:45.3",5326830,-10,-10,-10,220,-0.001,-40.01
"2020-10-05 05:36:45.4",5326831,-10,-10,-10,220,-0.001,-40.01
"2020-10-05 05:36:45.5",5326832,-10,-10,-10,220,-0.001,-40.01
"2020-10-05 05:36:45.6",5326833,-10,-10,-10,220,-0.001,-40.01
"2020-10-05 05:36:45.7",5326834,-10,-10,-10,220,-0.001,-40.01
"2020-10-05 05:36:45.8",5326835,-10,-10,-10,220,-0.001,-40.01
"2020-10-05 05:36:45.9",5326836,-10,-10,-10,220,-0.001,-40.01
"2020-10-05 05:36:46",5326837,-10,-10,-10,220,-0.001,-40.01
"2020-10-05 05:36:46.1",5326838,-10,-10,-10,220,-0.001,-40.01
"2020-10-05 05:36:46.2",5326839,-10,-10,-10,220,-0.001,-40.01
"2020-10-05 05:36:46.3",5326840,-10,-10,-10,220,-0.001,-40.01
"2020-10-05 05:36:46.4",5326841,-10,-10,-10,220,-0.001,-40.01
"2020-10-05 05:36:46.5",5326842,-10,-10,-10,220,-0.001,-40.01
"2020-10-05 05:36:46.6",5326843,-10,-10,-10,220,-0.001,-40.01
"2020-10-05 05:36:46.7",5326844,-10,-10,-10,220,-0.001,-40.01
"2020-10-05 05:36:46.8",5326845,-10,-10,-10,220,-0.001,-40.01
"2020-10-05 05:36:46.9",5326846,-10,-10,-10,220,-0.001,-40.01
"2020-10-05 05:36:47",5326847,-10,-10,-10,220,-0.001,-40.01
"2020-10-05 05:36:47.1",5326848,-10,-10,-10,220,-0.001,-40.01
"2020-10-05 05:36:47.2",5326849,-10,-10,-10,220,-0.001,-40.01
"2020-10-05 05:36:47.3",5326850,-10,-10,-10,220,-0.001,-40.01
"2020-10-05 05:36:47.4",5326851,-10,-10,-10,220,-0.001,-40.01
"2020-10-05 05:36:47.5",5326852,-10,-10,-10,220,-0.001,-40.01
"2020-10-05 05:36:47.6",5326853,-10,-10,-10,220,-0.001,-40.01
"2020-10-05 05:36:47.7",5326854,-10,-10,-10,220,-0.001,-40.01
"2020-10-05 05:36:47.8",5326855,-10,-10,-10,220,-0.001,-40.01
"2020-10-05 05:36:47.9",5326856,-10,-10,-10,220,-0.001,-40.01
"2020-10-05 05:36:48",5326857,-10,-10,-10,220,-0.001,-40.01
"2020-10-05 05:36:48.1",5326858,-10,-10,-10,220,-0.001,-40.01
"2020-10-05 05:36:48.2",5326859,-10,-10,-10,220,-0.001,-40.01
"2020-10-05 05:36:48.3",5326860,-10,-10,-10,220,-0.001,-40.01
"2020-10-05 05:36:48.4",5326861,-10,-10,-10,220,-0.001,-40.01
"2020-10-05 05:36:48.5",5326862,-10,-10,-10,220,-0.001,-40.01
"2020-10-05 05:36:48.6",5326863,-10,-10,-10,220,-0.001,-40.01
"2020-10-05 05:36:48.7",5326864,-10,-10,-10,220,-0.001,-40.01
"2020-10-05 05:36:48.8",5326865,-10,-10,-10,220,-0.001,-40.01
"2020-10-05 05:36:48.9",5326866,-10,-10,-10,220,-0.001,-40.01
"2020-10-05 05:36:49",5326867,-10,-10,-10,220,-0.001,-40.01
"2020-10-05 05:36:49.1",5326868,-10,-10,-10,220,-0.001,-40.01
"2020-10-05 05:36:49.2",5326869,-10,-10,-10,220,-0.001,-40.01
"2020-10-05 05:36:49.3",5326870,-10,-10,-10,220,-0.001,-40.01
"2020-10-05 05:36:49.4",5326871,-10,-10,-10,220,-0.001,-40.01
"2020-10-05 05:36:49.5",5326872,-10,-10,-10,220,-0.001,-40.01
"2020-10-05 05:36:49.6",5326873,-10,-10,-10,220,-0.001,-40.01
"2020-10-05 05:36:49.7",5326874,-10,-10,-10,220,-0.001,-40.01
"2020-10-05 05:36:49.8",5326875,-10,-10,-10,220,-0.001,-40.01
"2020-10-05 05:36:49.9",5326876,-10,-10,-10,220,-0.001,-40.01
"2020-10-05 05:36:50",5326877,-10,-10,-10,220,-0.001,-40.01
"2020-10-05 05:36:50.1",5326878,-10,-10,-10,220,-0.001,-40.01
"2020-10-05 05:36:50.2",5326879,-10,-10,-10,220,-0.001,-40.01
"2020-10-05 05:36:50.3",5326880,-10,-10,-10,220,-0.001,-40.01
"2020-10-05 05:36:50.4",5326881,-10,-10,-10,220,-0.001,-40.01
"2020-10-05 05:36:50.5",5326882,-10,-10,-10,220,-0.001,-40.01
"2020-10-05 05:36:50.6",5326883,-10,-10,-10,220,-0.001,-40.01
"2020-10-05 05:36:50.7",5326884,-10,-10,-10,220,-0.001,-40.01
"2020-10-05 05:36:50.8",5326885,-10,-10,-10,220,-0.001,-40.01
"2020-10-05 05:36:50.9",5326886,-10,-10,-10,220,-0.001,-40.01
