"TOA5","10329","CR6","10329","CR6.Std.09.01 CR6-WIFI.04.00.01","CPU:YOUNG81000_HMP60_10Hz.CR6","51185","Young10Hz_hmp"
"TIMESTAMP","RECORD","U","V","W","TSonic","RH","T_HMP60"
"TS","RN","mV","mV","mV","mV","%","Deg C"
"","","Smp","Smp","Smp","Smp","Smp","Smp"
"2020-10-05 06:34:51",5361687,-10,-10,-10,220,-0.001,-40.01
"2020-10-05 06:34:51.1",5361688,-10,-10,-10,220,-0.001,-40.01
"2020-10-05 06:34:51.2",5361689,-10,-10,-10,220,-0.001,-40.01
"2020-10-05 06:34:51.3",5361690,-10,-10,-10,220,-0.001,-40.01
"2020-10-05 06:34:51.4",5361691,-10,-10,-10,220,-0.001,-40.01
"2020-10-05 06:34:51.5",5361692,-10,-10,-10,220,-0.001,-40.01
"2020-10-05 06:34:51.6",5361693,-10,-10,-10,220,-0.001,-40.01
"2020-10-05 06:34:51.7",5361694,-10,-10,-10,220,-0.001,-40.01
"2020-10-05 06:34:51.8",5361695,-10,-10,-10,220,-0.001,-40.01
"2020-10-05 06:34:51.9",5361696,-10,-10,-10,220,-0.001,-40.01
"2020-10-05 06:34:52",5361697,-10,-10,-10,220,-0.001,-40.01
"2020-10-05 06:34:52.1",5361698,-10,-10,-10,220,-0.001,-40.01
"2020-10-05 06:34:52.2",5361699,-10,-10,-10,220,-0.001,-40.01
"2020-10-05 06:34:52.3",5361700,-10,-10,-10,220,-0.001,-40.01
"2020-10-05 06:34:52.4",5361701,-10,-10,-10,220,-0.001,-40.01
"2020-10-05 06:34:52.5",5361702,-10,-10,-10,220,-0.001,-40.01
"2020-10-05 06:34:52.6",5361703,-10,-10,-10,220,-0.001,-40.01
"2020-10-05 06:34:52.7",5361704,-10,-10,-10,220,-0.001,-40.01
"2020-10-05 06:34:52.8",5361705,-10,-10,-10,220,-0.001,-40.01
"2020-10-05 06:34:52.9",5361706,-10,-10,-10,220,-0.001,-40.01
"2020-10-05 06:34:53",5361707,-10,-10,-10,220,-0.001,-40.01
"2020-10-05 06:34:53.1",5361708,-10,-10,-10,220,-0.001,-40.01
"2020-10-05 06:34:53.2",5361709,-10,-10,-10,220,-0.001,-40.01
"2020-10-05 06:34:53.3",5361710,-10,-10,-10,220,-0.001,-40.01
"2020-10-05 06:34:53.4",5361711,-10,-10,-10,220,-0.001,-40.01
"2020-10-05 06:34:53.5",5361712,-10,-10,-10,220,-0.001,-40.01
"2020-10-05 06:34:53.6",5361713,-10,-10,-10,220,-0.001,-40.01
"2020-10-05 06:34:53.7",5361714,-10,-10,-10,220,-0.001,-40.01
"2020-10-05 06:34:53.8",5361715,-10,-10,-10,220,-0.001,-40.01
"2020-10-05 06:34:53.9",5361716,-10,-10,-10,220,-0.001,-40.01
"2020-10-05 06:34:54",5361717,-10,-10,-10,220,-0.001,-40.01
"2020-10-05 06:34:54.1",5361718,-10,-10,-10,220,-0.001,-40.01
"2020-10-05 06:34:54.2",5361719,-10,-10,-10,220,-0.001,-40.01
"2020-10-05 06:34:54.3",5361720,-10,-10,-10,220,-0.001,-40.01
"2020-10-05 06:34:54.4",5361721,-10,-10,-10,220,-0.001,-40.01
"2020-10-05 06:34:54.5",5361722,-10,-10,-10,220,-0.001,-40.01
"2020-10-05 06:34:54.6",5361723,-10,-10,-10,220,-0.001,-40.01
"2020-10-05 06:34:54.7",5361724,-10,-10,-10,220,-0.001,-40.01
"2020-10-05 06:34:54.8",5361725,-10,-10,-10,220,-0.001,-40.01
"2020-10-05 06:34:54.9",5361726,-10,-10,-10,220,-0.001,-40.01
"2020-10-05 06:34:55",5361727,-10,-10,-10,220,-0.001,-40.01
"2020-10-05 06:34:55.1",5361728,-10,-10,-10,220,-0.001,-40.01
"2020-10-05 06:34:55.2",5361729,-10,-10,-10,220,-0.001,-40.01
"2020-10-05 06:34:55.3",5361730,-10,-10,-10,220,-0.002,-40.01
"2020-10-05 06:34:55.4",5361731,-10,-10,-10,220,-0.001,-40.01
"2020-10-05 06:34:55.5",5361732,-10,-10,-10,220,-0.001,-40.01
"2020-10-05 06:34:55.6",5361733,-10,-10,-10,220,-0.001,-40.01
"2020-10-05 06:34:55.7",5361734,-10,-10,-10,220,-0.001,-40.01
"2020-10-05 06:34:55.8",5361735,-10,-10,-10,220,-0.001,-40.01
"2020-10-05 06:34:55.9",5361736,-10,-10,-10,220,-0.001,-40.01
"2020-10-05 06:34:56",5361737,-10,-10,-10,220,-0.001,-40.01
"2020-10-05 06:34:56.1",5361738,-10,-10,-10,220,-0.001,-40.01
"2020-10-05 06:34:56.2",5361739,-10,-10,-10,220,-0.001,-40.01
"2020-10-05 06:34:56.3",5361740,-10,-10,-10,220,-0.001,-40.01
"2020-10-05 06:34:56.4",5361741,-10,-10,-10,220,-0.001,-40.01
"2020-10-05 06:34:56.5",5361742,-10,-10,-10,220,-0.001,-40.01
"2020-10-05 06:34:56.6",5361743,-10,-10,-10,220,-0.001,-40.01
"2020-10-05 06:34:56.7",5361744,-10,-10,-10,220,-0.001,-40.01
"2020-10-05 06:34:56.8",5361745,-10,-10,-10,220,-0.001,-40.01
"2020-10-05 06:34:56.9",5361746,-10,-10,-10,220,-0.001,-40.01
"2020-10-05 06:34:57",5361747,-10,-10,-10,220,-0.001,-40.01
"2020-10-05 06:34:57.1",5361748,-10,-10,-10,220,-0.001,-40.01
"2020-10-05 06:34:57.2",5361749,-10,-10,-10,220,-0.001,-40.01
"2020-10-05 06:34:57.3",5361750,-10,-10,-10,220,-0.001,-40.01
"2020-10-05 06:34:57.4",5361751,-10,-10,-10,220,-0.001,-40.01
"2020-10-05 06:34:57.5",5361752,-10,-10,-10,220,-0.001,-40.01
"2020-10-05 06:34:57.6",5361753,-10,-10,-10,220,-0.001,-40.01
"2020-10-05 06:34:57.7",5361754,-10,-10,-10,220,-0.001,-40.01
"2020-10-05 06:34:57.8",5361755,-10,-10,-10,220,-0.001,-40.01
"2020-10-05 06:34:57.9",5361756,-10,-10,-10,220,-0.001,-40.01
"2020-10-05 06:34:58",5361757,-10,-10,-10,220,-0.001,-40.01
"2020-10-05 06:34:58.1",5361758,-10,-10,-10,220,-0.001,-40.01
"2020-10-05 06:34:58.2",5361759,-10,-10,-10,220,-0.001,-40.01
"2020-10-05 06:34:58.3",5361760,-10,-10,-10,220,-0.001,-40.01
"2020-10-05 06:34:58.4",5361761,-10,-10,-10,220,-0.001,-40.01
"2020-10-05 06:34:58.5",5361762,-10,-10,-10,220,-0.001,-40.01
"2020-10-05 06:34:58.6",5361763,-10,-10,-10,220,-0.001,-40.01
"2020-10-05 06:34:58.7",5361764,-10,-10,-10,220,-0.001,-40.01
"2020-10-05 06:34:58.8",5361765,-10,-10,-10,220,-0.001,-40.01
"2020-10-05 06:34:58.9",5361766,-10,-10,-10,220,-0.001,-40.01
"2020-10-05 06:34:59",5361767,-10,-10,-10,220,-0.001,-40.01
"2020-10-05 06:34:59.1",5361768,-10,-10,-10,220,-0.001,-40.01
"2020-10-05 06:34:59.2",5361769,-10,-10,-10,220,-0.001,-40.01
"2020-10-05 06:34:59.3",5361770,-10,-10,-10,220,-0.001,-40.01
"2020-10-05 06:34:59.4",5361771,-10,-10,-10,220,-0.001,-40.01
"2020-10-05 06:34:59.5",5361772,-10,-10,-10,220,-0.001,-40.01
"2020-10-05 06:34:59.6",5361773,-10,-10,-10,220,-0.001,-40.01
"2020-10-05 06:34:59.7",5361774,-10,-10,-10,220,-0.001,-40.01
"2020-10-05 06:34:59.8",5361775,-10,-10,-10,220,-0.001,-40.01
"2020-10-05 06:34:59.9",5361776,-10,-10,-10,220,-0.001,-40.01
"2020-10-05 06:35:00",5361777,-10,-10,-10,220,-0.001,-40.01
"2020-10-05 06:35:00.1",5361778,-10,-10,-10,220,-0.008,-40.02
"2020-10-05 06:35:00.2",5361779,-10,-10,-10,220,-0.008,-40.02
"2020-10-05 06:35:00.3",5361780,-10,-10,-10,220,-0.001,-40.01
"2020-10-05 06:35:00.4",5361781,-10,-10,-10,220,-0.001,-40.01
"2020-10-05 06:35:00.5",5361782,-10,-10,-10,220,-0.001,-40.01
"2020-10-05 06:35:00.6",5361783,-10,-10,-10,220,-0.001,-40.01
"2020-10-05 06:35:00.7",5361784,-10,-10,-10,220,-0.001,-40.01
"2020-10-05 06:35:00.8",5361785,-10,-10,-10,220,-0.001,-40.01
"2020-10-05 06:35:00.9",5361786,-10,-10,-10,220,-0.001,-40.01
"2020-10-05 06:35:01",5361787,-10,-10,-10,220,-0.001,-40.01
"2020-10-05 06:35:01.1",5361788,-10,-10,-10,220,-0.001,-40.01
"2020-10-05 06:35:01.2",5361789,-10,-10,-10,220,-0.001,-40.01
"2020-10-05 06:35:01.3",5361790,-10,-10,-10,220,-0.001,-40.01
"2020-10-05 06:35:01.4",5361791,-10,-10,-10,220,-0.001,-40.01
"2020-10-05 06:35:01.5",5361792,-10,-10,-10,220,-0.001,-40.01
"2020-10-05 06:35:01.6",5361793,-10,-10,-10,220,-0.001,-40.01
"2020-10-05 06:35:01.7",5361794,-10,-10,-10,220,-0.001,-40.01
"2020-10-05 06:35:01.8",5361795,-10,-10,-10,220,-0.001,-40.01
"2020-10-05 06:35:01.9",5361796,-10,-10,-10,220,-0.001,-40.01
"2020-10-05 06:35:02",5361797,-10,-10,-10,220,-0.001,-40.01
"2020-10-05 06:35:02.1",5361798,-10,-10,-10,220,-0.001,-40.01
"2020-10-05 06:35:02.2",5361799,-10,-10,-10,220,-0.001,-40.01
"2020-10-05 06:35:02.3",5361800,-10,-10,-10,220,-0.001,-40.01
"2020-10-05 06:35:02.4",5361801,-10,-10,-10,220,-0.001,-40.01
"2020-10-05 06:35:02.5",5361802,-10,-10,-10,220,-0.001,-40.01
"2020-10-05 06:35:02.6",5361803,-10,-10,-10,220,-0.001,-40.01
"2020-10-05 06:35:02.7",5361804,-10,-10,-10,220,-0.001,-40.01
"2020-10-05 06:35:02.8",5361805,-10,-10,-10,220,-0.001,-40.01
"2020-10-05 06:35:02.9",5361806,-10,-10,-10,220,-0.001,-40.01
"2020-10-05 06:35:03",5361807,-10,-10,-10,220,-0.001,-40.01
"2020-10-05 06:35:03.1",5361808,-10,-10,-10,220,-0.001,-40.01
"2020-10-05 06:35:03.2",5361809,-10,-10,-10,220,-0.001,-40.01
"2020-10-05 06:35:03.3",5361810,-10,-10,-10,220,-0.002,-40.01
"2020-10-05 06:35:03.4",5361811,-10,-10,-10,220,-0.001,-40.01
"2020-10-05 06:35:03.5",5361812,-10,-10,-10,220,-0.001,-40.01
"2020-10-05 06:35:03.6",5361813,-10,-10,-10,220,-0.001,-40.01
"2020-10-05 06:35:03.7",5361814,-10,-10,-10,220,-0.002,-40.01
"2020-10-05 06:35:03.8",5361815,-10,-10,-10,220,-0.001,-40.01
"2020-10-05 06:35:03.9",5361816,-10,-10,-10,220,-0.002,-40.01
"2020-10-05 06:35:04",5361817,-10,-10,-10,220,-0.001,-40.01
"2020-10-05 06:35:04.1",5361818,-10,-10,-10,220,-0.001,-40.01
"2020-10-05 06:35:04.2",5361819,-10,-10,-10,220,-0.001,-40.01
"2020-10-05 06:35:04.3",5361820,-10,-10,-10,220,-0.001,-40.01
"2020-10-05 06:35:04.4",5361821,-10,-10,-10,220,-0.001,-40.01
"2020-10-05 06:35:04.5",5361822,-10,-10,-10,220,-0.001,-40.01
"2020-10-05 06:35:04.6",5361823,-10,-10,-10,220,-0.001,-40.01
"2020-10-05 06:35:04.7",5361824,-10,-10,-10,220,-0.001,-40.01
"2020-10-05 06:35:04.8",5361825,-10,-10,-10,220,-0.001,-40.01
"2020-10-05 06:35:04.9",5361826,-10,-10,-10,220,-0.001,-40.01
"2020-10-05 06:35:05",5361827,-10,-10,-10,220,-0.001,-40.01
"2020-10-05 06:35:05.1",5361828,-10,-10,-10,220,-0.001,-40.01
"2020-10-05 06:35:05.2",5361829,-10,-10,-10,220,-0.001,-40.01
"2020-10-05 06:35:05.3",5361830,-10,-10,-10,220,-0.001,-40.01
"2020-10-05 06:35:05.4",5361831,-10,-10,-10,220,-0.001,-40.01
"2020-10-05 06:35:05.5",5361832,-10,-10,-10,220,-0.001,-40.01
"2020-10-05 06:35:05.6",5361833,-10,-10,-10,220,-0.001,-40.01
"2020-10-05 06:35:05.7",5361834,-10,-10,-10,220,-0.001,-40.01
"2020-10-05 06:35:05.8",5361835,-10,-10,-10,220,-0.001,-40.01
"2020-10-05 06:35:05.9",5361836,-10,-10,-10,220,-0.001,-40.01
"2020-10-05 06:35:06",5361837,-10,-10,-10,220,-0.001,-40.01
"2020-10-05 06:35:06.1",5361838,-10,-10,-10,220,-0.001,-40.01
"2020-10-05 06:35:06.2",5361839,-10,-10,-10,220,-0.002,-40.01
"2020-10-05 06:35:06.3",5361840,-10,-10,-10,220,-0.001,-40.01
"2020-10-05 06:35:06.4",5361841,-10,-10,-10,220,-0.001,-40.01
"2020-10-05 06:35:06.5",5361842,-10,-10,-10,220,-0.001,-40.01
"2020-10-05 06:35:06.6",5361843,-10,-10,-10,220,-0.001,-40.01
"2020-10-05 06:35:06.7",5361844,-10,-10,-10,220,-0.001,-40.01
"2020-10-05 06:35:06.8",5361845,-10,-10,-10,220,-0.001,-40.01
"2020-10-05 06:35:06.9",5361846,-10,-10,-10,220,-0.001,-40.01
"2020-10-05 06:35:07",5361847,-10,-10,-10,220,-0.002,-40.01
"2020-10-05 06:35:07.1",5361848,-10,-10,-10,220,-0.001,-40.01
"2020-10-05 06:35:07.2",5361849,-10,-10,-10,220,-0.001,-40.01
"2020-10-05 06:35:07.3",5361850,-10,-10,-10,220,-0.001,-40.01
"2020-10-05 06:35:07.4",5361851,-10,-10,-10,220,-0.001,-40.01
"2020-10-05 06:35:07.5",5361852,-10,-10,-10,220,-0.001,-40.01
"2020-10-05 06:35:07.6",5361853,-10,-10,-10,220,-0.001,-40.01
"2020-10-05 06:35:07.7",5361854,-10,-10,-10,220,-0.001,-40.01
"2020-10-05 06:35:07.8",5361855,-10,-10,-10,220,-0.001,-40.01
"2020-10-05 06:35:07.9",5361856,-10,-10,-10,220,-0.001,-40.01
"2020-10-05 06:35:08",5361857,-10,-10,-10,220,-0.001,-40.01
"2020-10-05 06:35:08.1",5361858,-10,-10,-10,220,-0.001,-40.01
"2020-10-05 06:35:08.2",5361859,-10,-10,-10,220,-0.001,-40.01
"2020-10-05 06:35:08.3",5361860,-10,-10,-10,220,-0.001,-40.01
"2020-10-05 06:35:08.4",5361861,-10,-10,-10,220,-0.001,-40.01
"2020-10-05 06:35:08.5",5361862,-10,-10,-10,220,-0.001,-40.01
"2020-10-05 06:35:08.6",5361863,-10,-10,-10,220,-0.001,-40.01
"2020-10-05 06:35:08.7",5361864,-10,-10,-10,220,-0.002,-40.01
"2020-10-05 06:35:08.8",5361865,-10,-10,-10,220,-0.001,-40.01
"2020-10-05 06:35:08.9",5361866,-10,-10,-10,220,-0.001,-40.01
"2020-10-05 06:35:09",5361867,-10,-10,-10,220,-0.001,-40.01
"2020-10-05 06:35:09.1",5361868,-10,-10,-10,220,-0.001,-40.01
"2020-10-05 06:35:09.2",5361869,-10,-10,-10,220,-0.001,-40.01
"2020-10-05 06:35:09.3",5361870,-10,-10,-10,220,-0.001,-40.01
"2020-10-05 06:35:09.4",5361871,-10,-10,-10,220,-0.001,-40.01
"2020-10-05 06:35:09.5",5361872,-10,-10,-10,220,-0.001,-40.01
"2020-10-05 06:35:09.6",5361873,-10,-10,-10,220,-0.001,-40.01
"2020-10-05 06:35:09.7",5361874,-10,-10,-10,220,-0.001,-40.01
"2020-10-05 06:35:09.8",5361875,-10,-10,-10,220,-0.001,-40.01
"2020-10-05 06:35:09.9",5361876,-10,-10,-10,220,-0.001,-40.01
"2020-10-05 06:35:10",5361877,-10,-10,-10,220,-0.001,-40.01
"2020-10-05 06:35:10.1",5361878,-10,-10,-10,220,-0.001,-40.01
"2020-10-05 06:35:10.2",5361879,-10,-10,-10,220,-0.001,-40.01
"2020-10-05 06:35:10.3",5361880,-10,-10,-10,220,-0.001,-40.01
"2020-10-05 06:35:10.4",5361881,-10,-10,-10,220,-0.001,-40.01
"2020-10-05 06:35:10.5",5361882,-10,-10,-10,220,-0.001,-40.01
"2020-10-05 06:35:10.6",5361883,-10,-10,-10,220,-0.001,-40.01
"2020-10-05 06:35:10.7",5361884,-10,-10,-10,220,-0.001,-40.01
"2020-10-05 06:35:10.8",5361885,-10,-10,-10,220,-0.001,-40.01
"2020-10-05 06:35:10.9",5361886,-10,-10,-10,220,-0.001,-40.01
"2020-10-05 06:35:11",5361887,-10,-10,-10,220,-0.001,-40.01
"2020-10-05 06:35:11.1",5361888,-10,-10,-10,220,-0.001,-40.01
"2020-10-05 06:35:11.2",5361889,-10,-10,-10,220,-0.001,-40.01
"2020-10-05 06:35:11.3",5361890,-10,-10,-10,220,-0.001,-40.01
"2020-10-05 06:35:11.4",5361891,-10,-10,-10,220,-0.001,-40.01
"2020-10-05 06:35:11.5",5361892,-10,-10,-10,220,-0.001,-40.01
"2020-10-05 06:35:11.6",5361893,-10,-10,-10,220,-0.001,-40.01
"2020-10-05 06:35:11.7",5361894,-10,-10,-10,220,-0.001,-40.01
"2020-10-05 06:35:11.8",5361895,-10,-10,-10,220,-0.001,-40.01
"2020-10-05 06:35:11.9",5361896,-10,-10,-10,220,-0.001,-40.01
"2020-10-05 06:35:12",5361897,-10,-10,-10,220,-0.001,-40.01
"2020-10-05 06:35:12.1",5361898,-10,-10,-10,220,-0.001,-40.01
"2020-10-05 06:35:12.2",5361899,-10,-10,-10,220,-0.001,-40.01
"2020-10-05 06:35:12.3",5361900,-10,-10,-10,220,-0.001,-40.01
"2020-10-05 06:35:12.4",5361901,-10,-10,-10,220,-0.001,-40.01
"2020-10-05 06:35:12.5",5361902,-10,-10,-10,220,-0.001,-40.01
"2020-10-05 06:35:12.6",5361903,-10,-10,-10,220,-0.001,-40.01
"2020-10-05 06:35:12.7",5361904,-10,-10,-10,220,-0.001,-40.01
"2020-10-05 06:35:12.8",5361905,-10,-10,-10,220,-0.001,-40.01
"2020-10-05 06:35:12.9",5361906,-10,-10,-10,220,-0.001,-40.01
"2020-10-05 06:35:13",5361907,-10,-10,-10,220,-0.001,-40.01
"2020-10-05 06:35:13.1",5361908,-10,-10,-10,220,-0.001,-40.01
"2020-10-05 06:35:13.2",5361909,-10,-10,-10,220,-0.001,-40.01
"2020-10-05 06:35:13.3",5361910,-10,-10,-10,220,-0.001,-40.01
"2020-10-05 06:35:13.4",5361911,-10,-10,-10,220,-0.001,-40.01
"2020-10-05 06:35:13.5",5361912,-10,-10,-10,220,-0.001,-40.01
"2020-10-05 06:35:13.6",5361913,-10,-10,-10,220,-0.001,-40.01
"2020-10-05 06:35:13.7",5361914,-10,-10,-10,220,-0.001,-40.01
"2020-10-05 06:35:13.8",5361915,-10,-10,-10,220,-0.002,-40.01
"2020-10-05 06:35:13.9",5361916,-10,-10,-10,220,-0.001,-40.01
"2020-10-05 06:35:14",5361917,-10,-10,-10,220,-0.001,-40.01
"2020-10-05 06:35:14.1",5361918,-10,-10,-10,220,-0.001,-40.01
"2020-10-05 06:35:14.2",5361919,-10,-10,-10,220,-0.001,-40.01
"2020-10-05 06:35:14.3",5361920,-10,-10,-10,220,-0.001,-40.01
"2020-10-05 06:35:14.4",5361921,-10,-10,-10,220,-0.001,-40.01
"2020-10-05 06:35:14.5",5361922,-10,-10,-10,220,-0.001,-40.01
"2020-10-05 06:35:14.6",5361923,-10,-10,-10,220,-0.001,-40.01
"2020-10-05 06:35:14.7",5361924,-10,-10,-10,220,-0.001,-40.01
"2020-10-05 06:35:14.8",5361925,-10,-10,-10,220,-0.001,-40.01
"2020-10-05 06:35:14.9",5361926,-10,-10,-10,220,-0.001,-40.01
"2020-10-05 06:35:15",5361927,-10,-10,-10,220,-0.001,-40.01
"2020-10-05 06:35:15.1",5361928,-10,-10,-10,220,-0.001,-40.01
"2020-10-05 06:35:15.2",5361929,-10,-10,-10,220,-0.001,-40.01
"2020-10-05 06:35:15.3",5361930,-10,-10,-10,220,-0.001,-40.01
"2020-10-05 06:35:15.4",5361931,-10,-10,-10,220,-0.001,-40.01
"2020-10-05 06:35:15.5",5361932,-10,-10,-10,220,-0.001,-40.01
"2020-10-05 06:35:15.6",5361933,-10,-10,-10,220,-0.001,-40.01
"2020-10-05 06:35:15.7",5361934,-10,-10,-10,220,-0.001,-40.01
"2020-10-05 06:35:15.8",5361935,-10,-10,-10,220,-0.001,-40.01
"2020-10-05 06:35:15.9",5361936,-10,-10,-10,220,-0.001,-40.01
"2020-10-05 06:35:16",5361937,-10,-10,-10,220,-0.001,-40.01
"2020-10-05 06:35:16.1",5361938,-10,-10,-10,220,-0.001,-40.01
"2020-10-05 06:35:16.2",5361939,-10,-10,-10,220,-0.001,-40.01
"2020-10-05 06:35:16.3",5361940,-10,-10,-10,220,-0.001,-40.01
"2020-10-05 06:35:16.4",5361941,-10,-10,-10,220,-0.001,-40.01
"2020-10-05 06:35:16.5",5361942,-10,-10,-10,220,-0.001,-40.01
"2020-10-05 06:35:16.6",5361943,-10,-10,-10,220,-0.001,-40.01
"2020-10-05 06:35:16.7",5361944,-10,-10,-10,220,-0.001,-40.01
"2020-10-05 06:35:16.8",5361945,-10,-10,-10,220,-0.001,-40.01
"2020-10-05 06:35:16.9",5361946,-10,-10,-10,220,-0.001,-40.01
"2020-10-05 06:35:17",5361947,-10,-10,-10,220,-0.001,-40.01
"2020-10-05 06:35:17.1",5361948,-10,-10,-10,220,-0.001,-40.01
"2020-10-05 06:35:17.2",5361949,-10,-10,-10,220,-0.001,-40.01
"2020-10-05 06:35:17.3",5361950,-10,-10,-10,220,-0.001,-40.01
"2020-10-05 06:35:17.4",5361951,-10,-10,-10,220,-0.001,-40.01
"2020-10-05 06:35:17.5",5361952,-10,-10,-10,220,-0.001,-40.01
"2020-10-05 06:35:17.6",5361953,-10,-10,-10,220,-0.001,-40.01
"2020-10-05 06:35:17.7",5361954,-10,-10,-10,220,-0.001,-40.01
"2020-10-05 06:35:17.8",5361955,-10,-10,-10,220,-0.001,-40.01
"2020-10-05 06:35:17.9",5361956,-10,-10,-10,220,-0.001,-40.01
"2020-10-05 06:35:18",5361957,-10,-10,-10,220,-0.001,-40.01
"2020-10-05 06:35:18.1",5361958,-10,-10,-10,220,-0.001,-40.01
"2020-10-05 06:35:18.2",5361959,-10,-10,-10,220,-0.001,-40.01
"2020-10-05 06:35:18.3",5361960,-10,-10,-10,220,-0.001,-40.01
"2020-10-05 06:35:18.4",5361961,-10,-10,-10,220,-0.001,-40.01
"2020-10-05 06:35:18.5",5361962,-10,-10,-10,220,-0.001,-40.01
"2020-10-05 06:35:18.6",5361963,-10,-10,-10,220,-0.001,-40.01
"2020-10-05 06:35:18.7",5361964,-10,-10,-10,220,-0.001,-40.01
"2020-10-05 06:35:18.8",5361965,-10,-10,-10,220,-0.001,-40.01
"2020-10-05 06:35:18.9",5361966,-10,-10,-10,220,-0.001,-40.01
"2020-10-05 06:35:19",5361967,-10,-10,-10,220,-0.001,-40.01
"2020-10-05 06:35:19.1",5361968,-10,-10,-10,220,-0.002,-40.01
"2020-10-05 06:35:19.2",5361969,-10,-10,-10,220,-0.001,-40.01
"2020-10-05 06:35:19.3",5361970,-10,-10,-10,220,-0.001,-40.01
"2020-10-05 06:35:19.4",5361971,-10,-10,-10,220,-0.001,-40.01
"2020-10-05 06:35:19.5",5361972,-10,-10,-10,220,-0.001,-40.01
"2020-10-05 06:35:19.6",5361973,-10,-10,-10,220,-0.001,-40.01
"2020-10-05 06:35:19.7",5361974,-10,-10,-10,220,-0.001,-40.01
"2020-10-05 06:35:19.8",5361975,-10,-10,-10,220,-0.001,-40.01
"2020-10-05 06:35:19.9",5361976,-10,-10,-10,220,-0.001,-40.01
"2020-10-05 06:35:20",5361977,-10,-10,-10,220,-0.001,-40.01
"2020-10-05 06:35:20.1",5361978,-10,-10,-10,220,-0.001,-40.01
"2020-10-05 06:35:20.2",5361979,-10,-10,-10,220,-0.001,-40.01
"2020-10-05 06:35:20.3",5361980,-10,-10,-10,220,-0.001,-40.01
"2020-10-05 06:35:20.4",5361981,-10,-10,-10,220,-0.001,-40.01
"2020-10-05 06:35:20.5",5361982,-10,-10,-10,220,-0.001,-40.01
"2020-10-05 06:35:20.6",5361983,-10,-10,-10,220,-0.001,-40.01
"2020-10-05 06:35:20.7",5361984,-10,-10,-10,220,-0.001,-40.01
"2020-10-05 06:35:20.8",5361985,-10,-10,-10,220,-0.001,-40.01
"2020-10-05 06:35:20.9",5361986,-10,-10,-10,220,-0.001,-40.01
"2020-10-05 06:35:21",5361987,-10,-10,-10,220,-0.001,-40.01
"2020-10-05 06:35:21.1",5361988,-10,-10,-10,220,-0.001,-40.01
"2020-10-05 06:35:21.2",5361989,-10,-10,-10,220,-0.001,-40.01
"2020-10-05 06:35:21.3",5361990,-10,-10,-10,220,-0.001,-40.01
"2020-10-05 06:35:21.4",5361991,-10,-10,-10,220,-0.001,-40.01
"2020-10-05 06:35:21.5",5361992,-10,-10,-10,220,-0.001,-40.01
"2020-10-05 06:35:21.6",5361993,-10,-10,-10,220,-0.001,-40.01
"2020-10-05 06:35:21.7",5361994,-10,-10,-10,220,-0.001,-40.01
"2020-10-05 06:35:21.8",5361995,-10,-10,-10,220,-0.001,-40.01
"2020-10-05 06:35:21.9",5361996,-10,-10,-10,220,-0.001,-40.01
"2020-10-05 06:35:22",5361997,-10,-10,-10,220,-0.001,-40.01
"2020-10-05 06:35:22.1",5361998,-10,-10,-10,220,-0.001,-40.01
"2020-10-05 06:35:22.2",5361999,-10,-10,-10,220,-0.001,-40.01
"2020-10-05 06:35:22.3",5362000,-10,-10,-10,220,-0.001,-40.01
"2020-10-05 06:35:22.4",5362001,-10,-10,-10,220,-0.001,-40.01
"2020-10-05 06:35:22.5",5362002,-10,-10,-10,220,-0.001,-40.01
"2020-10-05 06:35:22.6",5362003,-10,-10,-10,220,-0.001,-40.01
"2020-10-05 06:35:22.7",5362004,-10,-10,-10,220,-0.001,-40.01
"2020-10-05 06:35:22.8",5362005,-10,-10,-10,220,-0.001,-40.01
"2020-10-05 06:35:22.9",5362006,-10,-10,-10,220,-0.001,-40.01
"2020-10-05 06:35:23",5362007,-10,-10,-10,220,-0.001,-40.01
"2020-10-05 06:35:23.1",5362008,-10,-10,-10,220,-0.001,-40.01
"2020-10-05 06:35:23.2",5362009,-10,-10,-10,220,-0.001,-40.01
"2020-10-05 06:35:23.3",5362010,-10,-10,-10,220,-0.001,-40.01
"2020-10-05 06:35:23.4",5362011,-10,-10,-10,220,-0.001,-40.01
"2020-10-05 06:35:23.5",5362012,-10,-10,-10,220,-0.001,-40.01
"2020-10-05 06:35:23.6",5362013,-10,-10,-10,220,-0.001,-40.01
"2020-10-05 06:35:23.7",5362014,-10,-10,-10,220,-0.001,-40.01
"2020-10-05 06:35:23.8",5362015,-10,-10,-10,220,-0.001,-40.01
"2020-10-05 06:35:23.9",5362016,-10,-10,-10,220,-0.001,-40.01
"2020-10-05 06:35:24",5362017,-10,-10,-10,220,-0.001,-40.01
"2020-10-05 06:35:24.1",5362018,-10,-10,-10,220,-0.001,-40.01
"2020-10-05 06:35:24.2",5362019,-10,-10,-10,220,-0.001,-40.01
"2020-10-05 06:35:24.3",5362020,-10,-10,-10,220,-0.001,-40.01
"2020-10-05 06:35:24.4",5362021,-10,-10,-10,220,-0.001,-40.01
"2020-10-05 06:35:24.5",5362022,-10,-10,-10,220,-0.001,-40.01
"2020-10-05 06:35:24.6",5362023,-10,-10,-10,220,-0.001,-40.01
"2020-10-05 06:35:24.7",5362024,-10,-10,-10,220,-0.001,-40.01
"2020-10-05 06:35:24.8",5362025,-10,-10,-10,220,-0.001,-40.01
"2020-10-05 06:35:24.9",5362026,-10,-10,-10,220,-0.001,-40.01
"2020-10-05 06:35:25",5362027,-10,-10,-10,220,-0.001,-40.01
"2020-10-05 06:35:25.1",5362028,-10,-10,-10,220,-0.001,-40.01
"2020-10-05 06:35:25.2",5362029,-10,-10,-10,220,-0.001,-40.01
"2020-10-05 06:35:25.3",5362030,-10,-10,-10,220,-0.001,-40.01
"2020-10-05 06:35:25.4",5362031,-10,-10,-10,220,-0.001,-40.01
"2020-10-05 06:35:25.5",5362032,-10,-10,-10,220,-0.001,-40.01
"2020-10-05 06:35:25.6",5362033,-10,-10,-10,220,-0.001,-40.01
"2020-10-05 06:35:25.7",5362034,-10,-10,-10,220,-0.001,-40.01
"2020-10-05 06:35:25.8",5362035,-10,-10,-10,220,-0.001,-40.01
"2020-10-05 06:35:25.9",5362036,-10,-10,-10,220,-0.001,-40.01
"2020-10-05 06:35:26",5362037,-10,-10,-10,220,-0.001,-40.01
"2020-10-05 06:35:26.1",5362038,-10,-10,-10,220,-0.001,-40.01
"2020-10-05 06:35:26.2",5362039,-10,-10,-10,220,-0.001,-40.01
"2020-10-05 06:35:26.3",5362040,-10,-10,-10,220,-0.001,-40.01
"2020-10-05 06:35:26.4",5362041,-10,-10,-10,220,-0.001,-40.01
"2020-10-05 06:35:26.5",5362042,-10,-10,-10,220,-0.001,-40.01
"2020-10-05 06:35:26.6",5362043,-10,-10,-10,220,-0.001,-40.01
"2020-10-05 06:35:26.7",5362044,-10,-10,-10,220,-0.001,-40.01
"2020-10-05 06:35:26.8",5362045,-10,-10,-10,220,-0.001,-40.01
"2020-10-05 06:35:26.9",5362046,-10,-10,-10,220,-0.001,-40.01
"2020-10-05 06:35:27",5362047,-10,-10,-10,220,-0.001,-40.01
"2020-10-05 06:35:27.1",5362048,-10,-10,-10,220,-0.001,-40.01
"2020-10-05 06:35:27.2",5362049,-10,-10,-10,220,-0.001,-40.01
"2020-10-05 06:35:27.3",5362050,-10,-10,-10,220,-0.001,-40.01
"2020-10-05 06:35:27.4",5362051,-10,-10,-10,220,-0.001,-40.01
"2020-10-05 06:35:27.5",5362052,-10,-10,-10,220,-0.001,-40.01
"2020-10-05 06:35:27.6",5362053,-10,-10,-10,220,-0.001,-40.01
"2020-10-05 06:35:27.7",5362054,-10,-10,-10,220,-0.001,-40.01
"2020-10-05 06:35:27.8",5362055,-10,-10,-10,220,-0.002,-40.01
"2020-10-05 06:35:27.9",5362056,-10,-10,-10,220,-0.001,-40.01
"2020-10-05 06:35:28",5362057,-10,-10,-10,220,-0.001,-40.01
"2020-10-05 06:35:28.1",5362058,-10,-10,-10,220,-0.001,-40.01
"2020-10-05 06:35:28.2",5362059,-10,-10,-10,220,-0.001,-40.01
"2020-10-05 06:35:28.3",5362060,-10,-10,-10,220,-0.001,-40.01
"2020-10-05 06:35:28.4",5362061,-10,-10,-10,220,-0.001,-40.01
"2020-10-05 06:35:28.5",5362062,-10,-10,-10,220,-0.001,-40.01
"2020-10-05 06:35:28.6",5362063,-10,-10,-10,220,-0.001,-40.01
"2020-10-05 06:35:28.7",5362064,-10,-10,-10,220,-0.001,-40.01
"2020-10-05 06:35:28.8",5362065,-10,-10,-10,220,-0.001,-40.01
"2020-10-05 06:35:28.9",5362066,-10,-10,-10,220,-0.001,-40.01
"2020-10-05 06:35:29",5362067,-10,-10,-10,220,-0.001,-40.01
"2020-10-05 06:35:29.1",5362068,-10,-10,-10,220,-0.001,-40.01
"2020-10-05 06:35:29.2",5362069,-10,-10,-10,220,-0.001,-40.01
"2020-10-05 06:35:29.3",5362070,-10,-10,-10,220,-0.001,-40.01
"2020-10-05 06:35:29.4",5362071,-10,-10,-10,220,-0.001,-40.01
"2020-10-05 06:35:29.5",5362072,-10,-10,-10,220,-0.001,-40.01
"2020-10-05 06:35:29.6",5362073,-10,-10,-10,220,-0.001,-40.01
"2020-10-05 06:35:29.7",5362074,-10,-10,-10,220,-0.001,-40.01
"2020-10-05 06:35:29.8",5362075,-10,-10,-10,220,-0.001,-40.01
"2020-10-05 06:35:29.9",5362076,-10,-10,-10,220,-0.001,-40.01
"2020-10-05 06:35:30",5362077,-10,-10,-10,220,-0.001,-40.01
"2020-10-05 06:35:30.1",5362078,-10,-10,-10,220,-0.001,-40.01
"2020-10-05 06:35:30.2",5362079,-10,-10,-10,220,-0.001,-40.01
"2020-10-05 06:35:30.3",5362080,-10,-10,-10,220,-0.001,-40.01
"2020-10-05 06:35:30.4",5362081,-10,-10,-10,220,-0.001,-40.01
"2020-10-05 06:35:30.5",5362082,-10,-10,-10,220,-0.001,-40.01
"2020-10-05 06:35:30.6",5362083,-10,-10,-10,220,-0.001,-40.01
"2020-10-05 06:35:30.7",5362084,-10,-10,-10,220,-0.001,-40.01
"2020-10-05 06:35:30.8",5362085,-10,-10,-10,220,-0.001,-40.01
"2020-10-05 06:35:30.9",5362086,-10,-10,-10,220,-0.001,-40.01
"2020-10-05 06:35:31",5362087,-10,-10,-10,220,-0.001,-40.01
"2020-10-05 06:35:31.1",5362088,-10,-10,-10,220,-0.001,-40.01
"2020-10-05 06:35:31.2",5362089,-10,-10,-10,220,-0.001,-40.01
"2020-10-05 06:35:31.3",5362090,-10,-10,-10,220,-0.001,-40.01
"2020-10-05 06:35:31.4",5362091,-10,-10,-10,220,-0.001,-40.01
"2020-10-05 06:35:31.5",5362092,-10,-10,-10,220,-0.001,-40.01
"2020-10-05 06:35:31.6",5362093,-10,-10,-10,220,-0.001,-40.01
"2020-10-05 06:35:31.7",5362094,-10,-10,-10,220,-0.001,-40.01
"2020-10-05 06:35:31.8",5362095,-10,-10,-10,220,-0.001,-40.01
"2020-10-05 06:35:31.9",5362096,-10,-10,-10,220,-0.001,-40.01
"2020-10-05 06:35:32",5362097,-10,-10,-10,220,-0.001,-40.01
"2020-10-05 06:35:32.1",5362098,-10,-10,-10,220,-0.001,-40.01
"2020-10-05 06:35:32.2",5362099,-10,-10,-10,220,-0.001,-40.01
"2020-10-05 06:35:32.3",5362100,-10,-10,-10,220,-0.001,-40.01
"2020-10-05 06:35:32.4",5362101,-10,-10,-10,220,-0.001,-40.01
"2020-10-05 06:35:32.5",5362102,-10,-10,-10,220,-0.001,-40.01
"2020-10-05 06:35:32.6",5362103,-10,-10,-10,220,-0.001,-40.01
"2020-10-05 06:35:32.7",5362104,-10,-10,-10,220,-0.001,-40.01
"2020-10-05 06:35:32.8",5362105,-10,-10,-10,220,-0.001,-40.01
"2020-10-05 06:35:32.9",5362106,-10,-10,-10,220,-0.001,-40.01
"2020-10-05 06:35:33",5362107,-10,-10,-10,220,-0.001,-40.01
"2020-10-05 06:35:33.1",5362108,-10,-10,-10,220,-0.001,-40.01
"2020-10-05 06:35:33.2",5362109,-10,-10,-10,220,-0.001,-40.01
"2020-10-05 06:35:33.3",5362110,-10,-10,-10,220,-0.001,-40.01
"2020-10-05 06:35:33.4",5362111,-10,-10,-10,220,-0.001,-40.01
"2020-10-05 06:35:33.5",5362112,-10,-10,-10,220,-0.001,-40.01
"2020-10-05 06:35:33.6",5362113,-10,-10,-10,220,-0.001,-40.01
"2020-10-05 06:35:33.7",5362114,-10,-10,-10,220,-0.001,-40.01
"2020-10-05 06:35:33.8",5362115,-10,-10,-10,220,-0.001,-40.01
"2020-10-05 06:35:33.9",5362116,-10,-10,-10,220,-0.001,-40.01
"2020-10-05 06:35:34",5362117,-10,-10,-10,220,-0.001,-40.01
"2020-10-05 06:35:34.1",5362118,-10,-10,-10,220,-0.001,-40.01
"2020-10-05 06:35:34.2",5362119,-10,-10,-10,220,-0.001,-40.01
"2020-10-05 06:35:34.3",5362120,-10,-10,-10,220,-0.001,-40.01
"2020-10-05 06:35:34.4",5362121,-10,-10,-10,220,-0.001,-40.01
"2020-10-05 06:35:34.5",5362122,-10,-10,-10,220,-0.001,-40.01
"2020-10-05 06:35:34.6",5362123,-10,-10,-10,220,-0.001,-40.01
"2020-10-05 06:35:34.7",5362124,-10,-10,-10,220,-0.001,-40.01
"2020-10-05 06:35:34.8",5362125,-10,-10,-10,220,-0.001,-40.01
"2020-10-05 06:35:34.9",5362126,-10,-10,-10,220,-0.001,-40.01
"2020-10-05 06:35:35",5362127,-10,-10,-10,220,-0.001,-40.01
"2020-10-05 06:35:35.1",5362128,-10,-10,-10,220,-0.001,-40.01
"2020-10-05 06:35:35.2",5362129,-10,-10,-10,220,-0.001,-40.01
"2020-10-05 06:35:35.3",5362130,-10,-10,-10,220,-0.001,-40.01
"2020-10-05 06:35:35.4",5362131,-10,-10,-10,220,-0.001,-40.01
"2020-10-05 06:35:35.5",5362132,-10,-10,-10,220,-0.001,-40.01
"2020-10-05 06:35:35.6",5362133,-10,-10,-10,220,-0.001,-40.01
"2020-10-05 06:35:35.7",5362134,-10,-10,-10,220,-0.001,-40.01
"2020-10-05 06:35:35.8",5362135,-10,-10,-10,220,-0.001,-40.01
"2020-10-05 06:35:35.9",5362136,-10,-10,-10,220,-0.001,-40.01
"2020-10-05 06:35:36",5362137,-10,-10,-10,220,-0.001,-40.01
"2020-10-05 06:35:36.1",5362138,-10,-10,-10,220,-0.001,-40.01
"2020-10-05 06:35:36.2",5362139,-10,-10,-10,220,-0.001,-40.01
"2020-10-05 06:35:36.3",5362140,-10,-10,-10,220,-0.001,-40.01
"2020-10-05 06:35:36.4",5362141,-10,-10,-10,220,-0.001,-40.01
"2020-10-05 06:35:36.5",5362142,-10,-10,-10,220,-0.001,-40.01
"2020-10-05 06:35:36.6",5362143,-10,-10,-10,220,-0.001,-40.01
"2020-10-05 06:35:36.7",5362144,-10,-10,-10,220,-0.001,-40.01
"2020-10-05 06:35:36.8",5362145,-10,-10,-10,220,-0.001,-40.01
"2020-10-05 06:35:36.9",5362146,-10,-10,-10,220,-0.001,-40.01
"2020-10-05 06:35:37",5362147,-10,-10,-10,220,-0.001,-40.01
"2020-10-05 06:35:37.1",5362148,-10,-10,-10,220,-0.001,-40.01
"2020-10-05 06:35:37.2",5362149,-10,-10,-10,220,-0.001,-40.01
"2020-10-05 06:35:37.3",5362150,-10,-10,-10,220,-0.001,-40.01
"2020-10-05 06:35:37.4",5362151,-10,-10,-10,220,-0.001,-40.01
"2020-10-05 06:35:37.5",5362152,-10,-10,-10,220,-0.001,-40.01
"2020-10-05 06:35:37.6",5362153,-10,-10,-10,220,-0.001,-40.01
"2020-10-05 06:35:37.7",5362154,-10,-10,-10,220,-0.001,-40.01
"2020-10-05 06:35:37.8",5362155,-10,-10,-10,220,-0.001,-40.01
"2020-10-05 06:35:37.9",5362156,-10,-10,-10,220,-0.001,-40.01
"2020-10-05 06:35:38",5362157,-10,-10,-10,220,-0.001,-40.01
"2020-10-05 06:35:38.1",5362158,-10,-10,-10,220,-0.001,-40.01
"2020-10-05 06:35:38.2",5362159,-10,-10,-10,220,-0.001,-40.01
"2020-10-05 06:35:38.3",5362160,-10,-10,-10,220,-0.001,-40.01
"2020-10-05 06:35:38.4",5362161,-10,-10,-10,220,-0.001,-40.01
"2020-10-05 06:35:38.5",5362162,-10,-10,-10,220,-0.001,-40.01
"2020-10-05 06:35:38.6",5362163,-10,-10,-10,220,-0.001,-40.01
"2020-10-05 06:35:38.7",5362164,-10,-10,-10,220,-0.001,-40.01
"2020-10-05 06:35:38.8",5362165,-10,-10,-10,220,-0.001,-40.01
"2020-10-05 06:35:38.9",5362166,-10,-10,-10,220,-0.001,-40.01
"2020-10-05 06:35:39",5362167,-10,-10,-10,220,-0.001,-40.01
"2020-10-05 06:35:39.1",5362168,-10,-10,-10,220,-0.001,-40.01
"2020-10-05 06:35:39.2",5362169,-10,-10,-10,220,-0.001,-40.01
"2020-10-05 06:35:39.3",5362170,-10,-10,-10,220,-0.001,-40.01
"2020-10-05 06:35:39.4",5362171,-10,-10,-10,220,-0.001,-40.01
"2020-10-05 06:35:39.5",5362172,-10,-10,-10,220,-0.001,-40.01
"2020-10-05 06:35:39.6",5362173,-10,-10,-10,220,-0.001,-40.01
"2020-10-05 06:35:39.7",5362174,-10,-10,-10,220,-0.001,-40.01
"2020-10-05 06:35:39.8",5362175,-10,-10,-10,220,-0.001,-40.01
"2020-10-05 06:35:39.9",5362176,-10,-10,-10,220,-0.001,-40.01
"2020-10-05 06:35:40",5362177,-10,-10,-10,220,-0.001,-40.01
"2020-10-05 06:35:40.1",5362178,-10,-10,-10,220,-0.001,-40.01
"2020-10-05 06:35:40.2",5362179,-10,-10,-10,220,-0.001,-40.01
"2020-10-05 06:35:40.3",5362180,-10,-10,-10,220,-0.001,-40.01
"2020-10-05 06:35:40.4",5362181,-10,-10,-10,220,-0.001,-40.01
"2020-10-05 06:35:40.5",5362182,-10,-10,-10,220,-0.001,-40.01
"2020-10-05 06:35:40.6",5362183,-10,-10,-10,220,-0.001,-40.01
"2020-10-05 06:35:40.7",5362184,-10,-10,-10,220,-0.001,-40.01
"2020-10-05 06:35:40.8",5362185,-10,-10,-10,220,-0.001,-40.01
"2020-10-05 06:35:40.9",5362186,-10,-10,-10,220,-0.001,-40.01
"2020-10-05 06:35:41",5362187,-10,-10,-10,220,-0.001,-40.01
"2020-10-05 06:35:41.1",5362188,-10,-10,-10,220,-0.001,-40.01
"2020-10-05 06:35:41.2",5362189,-10,-10,-10,220,-0.001,-40.01
"2020-10-05 06:35:41.3",5362190,-10,-10,-10,220,-0.001,-40.01
"2020-10-05 06:35:41.4",5362191,-10,-10,-10,220,-0.001,-40.01
"2020-10-05 06:35:41.5",5362192,-10,-10,-10,220,-0.001,-40.01
"2020-10-05 06:35:41.6",5362193,-10,-10,-10,220,-0.001,-40.01
"2020-10-05 06:35:41.7",5362194,-10,-10,-10,220,-0.001,-40.01
"2020-10-05 06:35:41.8",5362195,-10,-10,-10,220,-0.001,-40.01
"2020-10-05 06:35:41.9",5362196,-10,-10,-10,220,-0.001,-40.01
"2020-10-05 06:35:42",5362197,-10,-10,-10,220,-0.001,-40.01
"2020-10-05 06:35:42.1",5362198,-10,-10,-10,220,-0.001,-40.01
"2020-10-05 06:35:42.2",5362199,-10,-10,-10,220,-0.001,-40.01
"2020-10-05 06:35:42.3",5362200,-10,-10,-10,220,-0.001,-40.01
"2020-10-05 06:35:42.4",5362201,-10,-10,-10,220,-0.002,-40.01
"2020-10-05 06:35:42.5",5362202,-10,-10,-10,220,-0.001,-40.01
"2020-10-05 06:35:42.6",5362203,-10,-10,-10,220,-0.001,-40.01
"2020-10-05 06:35:42.7",5362204,-10,-10,-10,220,-0.001,-40.01
"2020-10-05 06:35:42.8",5362205,-10,-10,-10,220,-0.001,-40.01
"2020-10-05 06:35:42.9",5362206,-10,-10,-10,220,-0.001,-40.01
"2020-10-05 06:35:43",5362207,-10,-10,-10,220,-0.001,-40.01
"2020-10-05 06:35:43.1",5362208,-10,-10,-10,220,-0.001,-40.01
"2020-10-05 06:35:43.2",5362209,-10,-10,-10,220,-0.001,-40.01
"2020-10-05 06:35:43.3",5362210,-10,-10,-10,220,-0.001,-40.01
"2020-10-05 06:35:43.4",5362211,-10,-10,-10,220,-0.001,-40.01
"2020-10-05 06:35:43.5",5362212,-10,-10,-10,220,-0.001,-40.01
"2020-10-05 06:35:43.6",5362213,-10,-10,-10,220,-0.001,-40.01
"2020-10-05 06:35:43.7",5362214,-10,-10,-10,220,-0.001,-40.01
"2020-10-05 06:35:43.8",5362215,-10,-10,-10,220,-0.001,-40.01
"2020-10-05 06:35:43.9",5362216,-10,-10,-10,220,-0.001,-40.01
"2020-10-05 06:35:44",5362217,-10,-10,-10,220,-0.001,-40.01
"2020-10-05 06:35:44.1",5362218,-10,-10,-10,220,-0.001,-40.01
"2020-10-05 06:35:44.2",5362219,-10,-10,-10,220,-0.001,-40.01
"2020-10-05 06:35:44.3",5362220,-10,-10,-10,220,-0.001,-40.01
"2020-10-05 06:35:44.4",5362221,-10,-10,-10,220,-0.001,-40.01
"2020-10-05 06:35:44.5",5362222,-10,-10,-10,220,-0.001,-40.01
"2020-10-05 06:35:44.6",5362223,-10,-10,-10,220,-0.001,-40.01
"2020-10-05 06:35:44.7",5362224,-10,-10,-10,220,-0.001,-40.01
"2020-10-05 06:35:44.8",5362225,-10,-10,-10,220,-0.001,-40.01
"2020-10-05 06:35:44.9",5362226,-10,-10,-10,220,-0.001,-40.01
"2020-10-05 06:35:45",5362227,-10,-10,-10,220,-0.001,-40.01
"2020-10-05 06:35:45.1",5362228,-10,-10,-10,220,-0.001,-40.01
"2020-10-05 06:35:45.2",5362229,-10,-10,-10,220,-0.001,-40.01
"2020-10-05 06:35:45.3",5362230,-10,-10,-10,220,-0.001,-40.01
"2020-10-05 06:35:45.4",5362231,-10,-10,-10,220,-0.001,-40.01
"2020-10-05 06:35:45.5",5362232,-10,-10,-10,220,-0.001,-40.01
"2020-10-05 06:35:45.6",5362233,-10,-10,-10,220,-0.001,-40.01
"2020-10-05 06:35:45.7",5362234,-10,-10,-10,220,-0.001,-40.01
"2020-10-05 06:35:45.8",5362235,-10,-10,-10,220,-0.001,-40.01
"2020-10-05 06:35:45.9",5362236,-10,-10,-10,220,-0.001,-40.01
"2020-10-05 06:35:46",5362237,-10,-10,-10,220,-0.001,-40.01
"2020-10-05 06:35:46.1",5362238,-10,-10,-10,220,-0.001,-40.01
"2020-10-05 06:35:46.2",5362239,-10,-10,-10,220,-0.001,-40.01
"2020-10-05 06:35:46.3",5362240,-10,-10,-10,220,-0.001,-40.01
"2020-10-05 06:35:46.4",5362241,-10,-10,-10,220,-0.001,-40.01
"2020-10-05 06:35:46.5",5362242,-10,-10,-10,220,-0.001,-40.01
"2020-10-05 06:35:46.6",5362243,-10,-10,-10,220,-0.001,-40.01
"2020-10-05 06:35:46.7",5362244,-10,-10,-10,220,-0.001,-40.01
"2020-10-05 06:35:46.8",5362245,-10,-10,-10,220,-0.001,-40.01
"2020-10-05 06:35:46.9",5362246,-10,-10,-10,220,-0.001,-40.01
"2020-10-05 06:35:47",5362247,-10,-10,-10,220,-0.001,-40.01
"2020-10-05 06:35:47.1",5362248,-10,-10,-10,220,-0.001,-40.01
"2020-10-05 06:35:47.2",5362249,-10,-10,-10,220,-0.001,-40.01
"2020-10-05 06:35:47.3",5362250,-10,-10,-10,220,-0.001,-40.01
"2020-10-05 06:35:47.4",5362251,-10,-10,-10,220,-0.001,-40.01
"2020-10-05 06:35:47.5",5362252,-10,-10,-10,220,-0.001,-40.01
"2020-10-05 06:35:47.6",5362253,-10,-10,-10,220,-0.001,-40.01
"2020-10-05 06:35:47.7",5362254,-10,-10,-10,220,-0.001,-40.01
"2020-10-05 06:35:47.8",5362255,-10,-10,-10,220,-0.001,-40.01
"2020-10-05 06:35:47.9",5362256,-10,-10,-10,220,-0.001,-40.01
"2020-10-05 06:35:48",5362257,-10,-10,-10,220,-0.001,-40.01
"2020-10-05 06:35:48.1",5362258,-10,-10,-10,220,-0.001,-40.01
"2020-10-05 06:35:48.2",5362259,-10,-10,-10,220,-0.001,-40.01
"2020-10-05 06:35:48.3",5362260,-10,-10,-10,220,-0.001,-40.01
"2020-10-05 06:35:48.4",5362261,-10,-10,-10,220,-0.001,-40.01
"2020-10-05 06:35:48.5",5362262,-10,-10,-10,220,-0.001,-40.01
"2020-10-05 06:35:48.6",5362263,-10,-10,-10,220,-0.001,-40.01
"2020-10-05 06:35:48.7",5362264,-10,-10,-10,220,-0.001,-40.01
"2020-10-05 06:35:48.8",5362265,-10,-10,-10,220,-0.001,-40.01
"2020-10-05 06:35:48.9",5362266,-10,-10,-10,220,-0.001,-40.01
"2020-10-05 06:35:49",5362267,-10,-10,-10,220,-0.001,-40.01
"2020-10-05 06:35:49.1",5362268,-10,-10,-10,220,-0.001,-40.01
"2020-10-05 06:35:49.2",5362269,-10,-10,-10,220,-0.001,-40.01
"2020-10-05 06:35:49.3",5362270,-10,-10,-10,220,-0.001,-40.01
"2020-10-05 06:35:49.4",5362271,-10,-10,-10,220,-0.001,-40.01
"2020-10-05 06:35:49.5",5362272,-10,-10,-10,220,-0.001,-40.01
"2020-10-05 06:35:49.6",5362273,-10,-10,-10,220,-0.001,-40.01
"2020-10-05 06:35:49.7",5362274,-10,-10,-10,220,-0.001,-40.01
"2020-10-05 06:35:49.8",5362275,-10,-10,-10,220,-0.001,-40.01
"2020-10-05 06:35:49.9",5362276,-10,-10,-10,220,-0.001,-40.01
"2020-10-05 06:35:50",5362277,-10,-10,-10,220,-0.001,-40.01
"2020-10-05 06:35:50.1",5362278,-10,-10,-10,220,-0.001,-40.01
"2020-10-05 06:35:50.2",5362279,-10,-10,-10,220,-0.001,-40.01
"2020-10-05 06:35:50.3",5362280,-10,-10,-10,220,-0.001,-40.01
"2020-10-05 06:35:50.4",5362281,-10,-10,-10,220,-0.001,-40.01
"2020-10-05 06:35:50.5",5362282,-10,-10,-10,220,-0.001,-40.01
"2020-10-05 06:35:50.6",5362283,-10,-10,-10,220,-0.001,-40.01
"2020-10-05 06:35:50.7",5362284,-10,-10,-10,220,-0.001,-40.01
"2020-10-05 06:35:50.8",5362285,-10,-10,-10,220,-0.001,-40.01
"2020-10-05 06:35:50.9",5362286,-10,-10,-10,220,-0.001,-40.01
