"TOA5","10329","CR6","10329","CR6.Std.09.01 CR6-WIFI.04.00.01","CPU:YOUNG81000_HMP60_10Hz.CR6","51185","Young10Hz_hmp"
"TIMESTAMP","RECORD","U","V","W","TSonic","RH","T_HMP60"
"TS","RN","mV","mV","mV","mV","%","Deg C"
"","","Smp","Smp","Smp","Smp","Smp","Smp"
"2020-10-07 19:33:51",7557087,-10,-10,-10,220,-0.003,-40.01
"2020-10-07 19:33:51.1",7557088,-10,-10,-10,220,-0.003,-40.01
"2020-10-07 19:33:51.2",7557089,-10,-10,-10,220,-0.003,-40.01
"2020-10-07 19:33:51.3",7557090,-10,-10,-10,220,-0.003,-40.01
"2020-10-07 19:33:51.4",7557091,-10,-10,-10,220,-0.003,-40.01
"2020-10-07 19:33:51.5",7557092,-10,-10,-10,220,-0.003,-40.01
"2020-10-07 19:33:51.6",7557093,-10,-10,-10,220,-0.003,-40.01
"2020-10-07 19:33:51.7",7557094,-10,-10,-10,220,-0.003,-40.01
"2020-10-07 19:33:51.8",7557095,-10,-10,-10,220,-0.003,-40.01
"2020-10-07 19:33:51.9",7557096,-10,-10,-10,220,-0.003,-40.01
"2020-10-07 19:33:52",7557097,-10,-10,-10,220,-0.003,-40.01
"2020-10-07 19:33:52.1",7557098,-10,-10,-10,220,-0.003,-40.01
"2020-10-07 19:33:52.2",7557099,-10,-10,-10,220,-0.003,-40.01
"2020-10-07 19:33:52.3",7557100,-10,-10,-10,220,-0.003,-40.01
"2020-10-07 19:33:52.4",7557101,-10,-10,-10,220,-0.003,-40.01
"2020-10-07 19:33:52.5",7557102,-10,-10,-10,220,-0.003,-40.01
"2020-10-07 19:33:52.6",7557103,-10,-10,-10,220,-0.003,-40.01
"2020-10-07 19:33:52.7",7557104,-10,-10,-10,220,-0.003,-40.01
"2020-10-07 19:33:52.8",7557105,-10,-10,-10,220,-0.003,-40.01
"2020-10-07 19:33:52.9",7557106,-10,-10,-10,220,-0.003,-40.01
"2020-10-07 19:33:53",7557107,-10,-10,-10,220,-0.003,-40.01
"2020-10-07 19:33:53.1",7557108,-10,-10,-10,220,-0.003,-40.01
"2020-10-07 19:33:53.2",7557109,-10,-10,-10,220,-0.003,-40.01
"2020-10-07 19:33:53.3",7557110,-10,-10,-10,220,-0.003,-40.01
"2020-10-07 19:33:53.4",7557111,-10,-10,-10,220,-0.003,-40.01
"2020-10-07 19:33:53.5",7557112,-10,-10,-10,220,-0.003,-40.01
"2020-10-07 19:33:53.6",7557113,-10,-10,-10,220,-0.003,-40.01
"2020-10-07 19:33:53.7",7557114,-10,-10,-10,220,-0.003,-40.01
"2020-10-07 19:33:53.8",7557115,-10,-10,-10,220,-0.003,-40.01
"2020-10-07 19:33:53.9",7557116,-10,-10,-10,220,-0.003,-40.01
"2020-10-07 19:33:54",7557117,-10,-10,-10,220,-0.003,-40.01
"2020-10-07 19:33:54.1",7557118,-10,-10,-10,220,-0.003,-40.01
"2020-10-07 19:33:54.2",7557119,-10,-10,-10,220,-0.003,-40.01
"2020-10-07 19:33:54.3",7557120,-10,-10,-10,220,-0.003,-40.01
"2020-10-07 19:33:54.4",7557121,-10,-10,-10,220,-0.003,-40.01
"2020-10-07 19:33:54.5",7557122,-10,-10,-10,220,-0.003,-40.01
"2020-10-07 19:33:54.6",7557123,-10,-10,-10,220,-0.003,-40.01
"2020-10-07 19:33:54.7",7557124,-10,-10,-10,220,-0.003,-40.01
"2020-10-07 19:33:54.8",7557125,-10,-10,-10,220,-0.003,-40.01
"2020-10-07 19:33:54.9",7557126,-10,-10,-10,220,-0.003,-40.01
"2020-10-07 19:33:55",7557127,-10,-10,-10,220,-0.003,-40.01
"2020-10-07 19:33:55.1",7557128,-10,-10,-10,220,-0.003,-40.01
"2020-10-07 19:33:55.2",7557129,-10,-10,-10,220,-0.003,-40.01
"2020-10-07 19:33:55.3",7557130,-10,-10,-10,220,-0.003,-40.01
"2020-10-07 19:33:55.4",7557131,-10,-10,-10,220,-0.003,-40.01
"2020-10-07 19:33:55.5",7557132,-10,-10,-10,220,-0.003,-40.01
"2020-10-07 19:33:55.6",7557133,-10,-10,-10,220,-0.003,-40.01
"2020-10-07 19:33:55.7",7557134,-10,-10,-10,220,-0.003,-40.01
"2020-10-07 19:33:55.8",7557135,-10,-10,-10,220,-0.003,-40.01
"2020-10-07 19:33:55.9",7557136,-10,-10,-10,220,-0.003,-40.01
"2020-10-07 19:33:56",7557137,-10,-10,-10,220,-0.003,-40.01
"2020-10-07 19:33:56.1",7557138,-10,-10,-10,220,-0.003,-40.01
"2020-10-07 19:33:56.2",7557139,-10,-10,-10,220,-0.003,-40.01
"2020-10-07 19:33:56.3",7557140,-10,-10,-10,220,-0.003,-40.01
"2020-10-07 19:33:56.4",7557141,-10,-10,-10,220,-0.003,-40.01
"2020-10-07 19:33:56.5",7557142,-10,-10,-10,220,-0.003,-40.01
"2020-10-07 19:33:56.6",7557143,-10,-10,-10,220,-0.003,-40.01
"2020-10-07 19:33:56.7",7557144,-10,-10,-10,220,-0.003,-40.01
"2020-10-07 19:33:56.8",7557145,-10,-10,-10,220,-0.003,-40.01
"2020-10-07 19:33:56.9",7557146,-10,-10,-10,220,-0.003,-40.01
"2020-10-07 19:33:57",7557147,-10,-10,-10,220,-0.003,-40.01
"2020-10-07 19:33:57.1",7557148,-10,-10,-10,220,-0.003,-40.01
"2020-10-07 19:33:57.2",7557149,-10,-10,-10,220,-0.003,-40.01
"2020-10-07 19:33:57.3",7557150,-10,-10,-10,220,-0.003,-40.01
"2020-10-07 19:33:57.4",7557151,-10,-10,-10,220,-0.003,-40.01
"2020-10-07 19:33:57.5",7557152,-10,-10,-10,220,-0.003,-40.01
"2020-10-07 19:33:57.6",7557153,-10,-10,-10,220,-0.003,-40.01
"2020-10-07 19:33:57.7",7557154,-10,-10,-10,220,-0.003,-40.01
"2020-10-07 19:33:57.8",7557155,-10,-10,-10,220,-0.003,-40.01
"2020-10-07 19:33:57.9",7557156,-10,-10,-10,220,-0.003,-40.01
"2020-10-07 19:33:58",7557157,-10,-10,-10,220,-0.003,-40.01
"2020-10-07 19:33:58.1",7557158,-10,-10,-10,220,-0.003,-40.01
"2020-10-07 19:33:58.2",7557159,-10,-10,-10,220,-0.003,-40.01
"2020-10-07 19:33:58.3",7557160,-10,-10,-10,220,-0.003,-40.01
"2020-10-07 19:33:58.4",7557161,-10,-10,-10,220,-0.003,-40.01
"2020-10-07 19:33:58.5",7557162,-10,-10,-10,220,-0.003,-40.01
"2020-10-07 19:33:58.6",7557163,-10,-10,-10,220,-0.003,-40.01
"2020-10-07 19:33:58.7",7557164,-10,-10,-10,220,-0.003,-40.01
"2020-10-07 19:33:58.8",7557165,-10,-10,-10,220,-0.003,-40.01
"2020-10-07 19:33:58.9",7557166,-10,-10,-10,220,-0.003,-40.01
"2020-10-07 19:33:59",7557167,-10,-10,-10,220,-0.003,-40.01
"2020-10-07 19:33:59.1",7557168,-10,-10,-10,220,-0.003,-40.01
"2020-10-07 19:33:59.2",7557169,-10,-10,-10,220,-0.003,-40.01
"2020-10-07 19:33:59.3",7557170,-10,-10,-10,220,-0.003,-40.01
"2020-10-07 19:33:59.4",7557171,-10,-10,-10,220,-0.003,-40.01
"2020-10-07 19:33:59.5",7557172,-10,-10,-10,220,-0.003,-40.01
"2020-10-07 19:33:59.6",7557173,-10,-10,-10,220,-0.003,-40.01
"2020-10-07 19:33:59.7",7557174,-10,-10,-10,220,-0.003,-40.01
"2020-10-07 19:33:59.8",7557175,-10,-10,-10,220,-0.003,-40.01
"2020-10-07 19:33:59.9",7557176,-10,-10,-10,220,-0.003,-40.01
"2020-10-07 19:34:00",7557177,-10,-10,-10,220,-0.003,-40.01
"2020-10-07 19:34:00.1",7557178,-10,-10,-10,220,-0.008,-40.02
"2020-10-07 19:34:00.2",7557179,-10,-10,-10,220,-0.008,-40.02
"2020-10-07 19:34:00.3",7557180,-10,-10,-10,220,-0.002,-40
"2020-10-07 19:34:00.4",7557181,-10,-10,-10,220,-0.003,-40.01
"2020-10-07 19:34:00.5",7557182,-10,-10,-10,220,-0.003,-40.01
"2020-10-07 19:34:00.6",7557183,-10,-10,-10,220,-0.003,-40.01
"2020-10-07 19:34:00.7",7557184,-10,-10,-10,220,-0.003,-40.01
"2020-10-07 19:34:00.8",7557185,-10,-10,-10,220,-0.003,-40.01
"2020-10-07 19:34:00.9",7557186,-10,-10,-10,220,-0.003,-40.01
"2020-10-07 19:34:01",7557187,-10,-10,-10,220,-0.003,-40.01
"2020-10-07 19:34:01.1",7557188,-10,-10,-10,220,-0.003,-40.01
"2020-10-07 19:34:01.2",7557189,-10,-10,-10,220,-0.003,-40.01
"2020-10-07 19:34:01.3",7557190,-10,-10,-10,220,-0.003,-40.01
"2020-10-07 19:34:01.4",7557191,-10,-10,-10,220,-0.003,-40.01
"2020-10-07 19:34:01.5",7557192,-10,-10,-10,220,-0.003,-40.01
"2020-10-07 19:34:01.6",7557193,-10,-10,-10,220,-0.003,-40.01
"2020-10-07 19:34:01.7",7557194,-10,-10,-10,220,-0.003,-40.01
"2020-10-07 19:34:01.8",7557195,-10,-10,-10,220,-0.003,-40.01
"2020-10-07 19:34:01.9",7557196,-10,-10,-10,220,-0.003,-40.01
"2020-10-07 19:34:02",7557197,-10,-10,-10,220,-0.003,-40.01
"2020-10-07 19:34:02.1",7557198,-10,-10,-10,220,-0.003,-40.01
"2020-10-07 19:34:02.2",7557199,-10,-10,-10,220,-0.003,-40.01
"2020-10-07 19:34:02.3",7557200,-10,-10,-10,220,-0.003,-40.01
"2020-10-07 19:34:02.4",7557201,-10,-10,-10,220,-0.003,-40.01
"2020-10-07 19:34:02.5",7557202,-10,-10,-10,220,-0.003,-40.01
"2020-10-07 19:34:02.6",7557203,-10,-10,-10,220,-0.003,-40.01
"2020-10-07 19:34:02.7",7557204,-10,-10,-10,220,-0.003,-40.01
"2020-10-07 19:34:02.8",7557205,-10,-10,-10,220,-0.003,-40.01
"2020-10-07 19:34:02.9",7557206,-10,-10,-10,220,-0.003,-40.01
"2020-10-07 19:34:03",7557207,-10,-10,-10,220,-0.003,-40.01
"2020-10-07 19:34:03.1",7557208,-10,-10,-10,220,-0.003,-40.01
"2020-10-07 19:34:03.2",7557209,-10,-10,-10,220,-0.003,-40.01
"2020-10-07 19:34:03.3",7557210,-10,-10,-10,220,-0.003,-40.01
"2020-10-07 19:34:03.4",7557211,-10,-10,-10,220,-0.003,-40.01
"2020-10-07 19:34:03.5",7557212,-10,-10,-10,220,-0.003,-40.01
"2020-10-07 19:34:03.6",7557213,-10,-10,-10,220,-0.003,-40.01
"2020-10-07 19:34:03.7",7557214,-10,-10,-10,220,-0.003,-40.01
"2020-10-07 19:34:03.8",7557215,-10,-10,-10,220,-0.003,-40.01
"2020-10-07 19:34:03.9",7557216,-10,-10,-10,220,-0.003,-40.01
"2020-10-07 19:34:04",7557217,-10,-10,-10,220,-0.003,-40.01
"2020-10-07 19:34:04.1",7557218,-10,-10,-10,220,-0.003,-40.01
"2020-10-07 19:34:04.2",7557219,-10,-10,-10,220,-0.003,-40.01
"2020-10-07 19:34:04.3",7557220,-10,-10,-10,220,-0.003,-40.01
"2020-10-07 19:34:04.4",7557221,-10,-10,-10,220,-0.003,-40.01
"2020-10-07 19:34:04.5",7557222,-10,-10,-10,220,-0.003,-40.01
"2020-10-07 19:34:04.6",7557223,-10,-10,-10,220,-0.003,-40.01
"2020-10-07 19:34:04.7",7557224,-10,-10,-10,220,-0.003,-40.01
"2020-10-07 19:34:04.8",7557225,-10,-10,-10,220,-0.003,-40.01
"2020-10-07 19:34:04.9",7557226,-10,-10,-10,220,-0.003,-40.01
"2020-10-07 19:34:05",7557227,-10,-10,-10,220,-0.003,-40.01
"2020-10-07 19:34:05.1",7557228,-10,-10,-10,220,-0.003,-40.01
"2020-10-07 19:34:05.2",7557229,-10,-10,-10,220,-0.003,-40.01
"2020-10-07 19:34:05.3",7557230,-10,-10,-10,220,-0.003,-40.01
"2020-10-07 19:34:05.4",7557231,-10,-10,-10,220,-0.003,-40.01
"2020-10-07 19:34:05.5",7557232,-10,-10,-10,220,-0.003,-40.01
"2020-10-07 19:34:05.6",7557233,-10,-10,-10,220,-0.003,-40.01
"2020-10-07 19:34:05.7",7557234,-10,-10,-10,220,-0.003,-40.01
"2020-10-07 19:34:05.8",7557235,-10,-10,-10,220,-0.003,-40.01
"2020-10-07 19:34:05.9",7557236,-10,-10,-10,220,-0.003,-40.01
"2020-10-07 19:34:06",7557237,-10,-10,-10,220,-0.003,-40.01
"2020-10-07 19:34:06.1",7557238,-10,-10,-10,220,-0.003,-40.01
"2020-10-07 19:34:06.2",7557239,-10,-10,-10,220,-0.003,-40.01
"2020-10-07 19:34:06.3",7557240,-10,-10,-10,220,-0.003,-40.01
"2020-10-07 19:34:06.4",7557241,-10,-10,-10,220,-0.003,-40.01
"2020-10-07 19:34:06.5",7557242,-10,-10,-10,220,-0.003,-40.01
"2020-10-07 19:34:06.6",7557243,-10,-10,-10,220,-0.003,-40.01
"2020-10-07 19:34:06.7",7557244,-10,-10,-10,220,-0.003,-40.01
"2020-10-07 19:34:06.8",7557245,-10,-10,-10,220,-0.003,-40.01
"2020-10-07 19:34:06.9",7557246,-10,-10,-10,220,-0.003,-40.01
"2020-10-07 19:34:07",7557247,-10,-10,-10,220,-0.003,-40.01
"2020-10-07 19:34:07.1",7557248,-10,-10,-10,220,-0.003,-40.01
"2020-10-07 19:34:07.2",7557249,-10,-10,-10,220,-0.003,-40.01
"2020-10-07 19:34:07.3",7557250,-10,-10,-10,220,-0.003,-40.01
"2020-10-07 19:34:07.4",7557251,-10,-10,-10,220,-0.003,-40.01
"2020-10-07 19:34:07.5",7557252,-10,-10,-10,220,-0.003,-40.01
"2020-10-07 19:34:07.6",7557253,-10,-10,-10,220,-0.003,-40.01
"2020-10-07 19:34:07.7",7557254,-10,-10,-10,220,-0.003,-40.01
"2020-10-07 19:34:07.8",7557255,-10,-10,-10,220,-0.003,-40.01
"2020-10-07 19:34:07.9",7557256,-10,-10,-10,220,-0.003,-40.01
"2020-10-07 19:34:08",7557257,-10,-10,-10,220,-0.003,-40.01
"2020-10-07 19:34:08.1",7557258,-10,-10,-10,220,-0.003,-40.01
"2020-10-07 19:34:08.2",7557259,-10,-10,-10,220,-0.003,-40.01
"2020-10-07 19:34:08.3",7557260,-10,-10,-10,220,-0.003,-40.01
"2020-10-07 19:34:08.4",7557261,-10,-10,-10,220,-0.003,-40.01
"2020-10-07 19:34:08.5",7557262,-10,-10,-10,220,-0.003,-40.01
"2020-10-07 19:34:08.6",7557263,-10,-10,-10,220,-0.003,-40.01
"2020-10-07 19:34:08.7",7557264,-10,-10,-10,220,-0.003,-40.01
"2020-10-07 19:34:08.8",7557265,-10,-10,-10,220,-0.003,-40.01
"2020-10-07 19:34:08.9",7557266,-10,-10,-10,220,-0.003,-40.01
"2020-10-07 19:34:09",7557267,-10,-10,-10,220,-0.003,-40.01
"2020-10-07 19:34:09.1",7557268,-10,-10,-10,220,-0.003,-40.01
"2020-10-07 19:34:09.2",7557269,-10,-10,-10,220,-0.003,-40.01
"2020-10-07 19:34:09.3",7557270,-10,-10,-10,220,-0.003,-40.01
"2020-10-07 19:34:09.4",7557271,-10,-10,-10,220,-0.003,-40.01
"2020-10-07 19:34:09.5",7557272,-10,-10,-10,220,-0.003,-40.01
"2020-10-07 19:34:09.6",7557273,-10,-10,-10,220,-0.003,-40.01
"2020-10-07 19:34:09.7",7557274,-10,-10,-10,220,-0.003,-40.01
"2020-10-07 19:34:09.8",7557275,-10,-10,-10,220,-0.003,-40.01
"2020-10-07 19:34:09.9",7557276,-10,-10,-10,220,-0.003,-40.01
"2020-10-07 19:34:10",7557277,-10,-10,-10,220,-0.003,-40.01
"2020-10-07 19:34:10.1",7557278,-10,-10,-10,220,-0.003,-40.01
"2020-10-07 19:34:10.2",7557279,-10,-10,-10,220,-0.003,-40.01
"2020-10-07 19:34:10.3",7557280,-10,-10,-10,220,-0.003,-40.01
"2020-10-07 19:34:10.4",7557281,-10,-10,-10,220,-0.003,-40.01
"2020-10-07 19:34:10.5",7557282,-10,-10,-10,220,-0.003,-40.01
"2020-10-07 19:34:10.6",7557283,-10,-10,-10,220,-0.003,-40.01
"2020-10-07 19:34:10.7",7557284,-10,-10,-10,220,-0.003,-40.01
"2020-10-07 19:34:10.8",7557285,-10,-10,-10,220,-0.003,-40.01
"2020-10-07 19:34:10.9",7557286,-10,-10,-10,220,-0.003,-40.01
"2020-10-07 19:34:11",7557287,-10,-10,-10,220,-0.003,-40.01
"2020-10-07 19:34:11.1",7557288,-10,-10,-10,220,-0.003,-40.01
"2020-10-07 19:34:11.2",7557289,-10,-10,-10,220,-0.003,-40.01
"2020-10-07 19:34:11.3",7557290,-10,-10,-10,220,-0.003,-40.01
"2020-10-07 19:34:11.4",7557291,-10,-10,-10,220,-0.003,-40.01
"2020-10-07 19:34:11.5",7557292,-10,-10,-10,220,-0.003,-40.01
"2020-10-07 19:34:11.6",7557293,-10,-10,-10,220,-0.003,-40.01
"2020-10-07 19:34:11.7",7557294,-10,-10,-10,220,-0.003,-40.01
"2020-10-07 19:34:11.8",7557295,-10,-10,-10,220,-0.003,-40.01
"2020-10-07 19:34:11.9",7557296,-10,-10,-10,220,-0.003,-40.01
"2020-10-07 19:34:12",7557297,-10,-10,-10,220,-0.003,-40.01
"2020-10-07 19:34:12.1",7557298,-10,-10,-10,220,-0.003,-40.01
"2020-10-07 19:34:12.2",7557299,-10,-10,-10,220,-0.003,-40.01
"2020-10-07 19:34:12.3",7557300,-10,-10,-10,220,-0.003,-40.01
"2020-10-07 19:34:12.4",7557301,-10,-10,-10,220,-0.003,-40.01
"2020-10-07 19:34:12.5",7557302,-10,-10,-10,220,-0.003,-40.01
"2020-10-07 19:34:12.6",7557303,-10,-10,-10,220,-0.003,-40.01
"2020-10-07 19:34:12.7",7557304,-10,-10,-10,220,-0.003,-40.01
"2020-10-07 19:34:12.8",7557305,-10,-10,-10,220,-0.003,-40.01
"2020-10-07 19:34:12.9",7557306,-10,-10,-10,220,-0.003,-40.01
"2020-10-07 19:34:13",7557307,-10,-10,-10,220,-0.003,-40.01
"2020-10-07 19:34:13.1",7557308,-10,-10,-10,220,-0.003,-40.01
"2020-10-07 19:34:13.2",7557309,-10,-10,-10,220,-0.003,-40.01
"2020-10-07 19:34:13.3",7557310,-10,-10,-10,220,-0.003,-40.01
"2020-10-07 19:34:13.4",7557311,-10,-10,-10,220,-0.003,-40.01
"2020-10-07 19:34:13.5",7557312,-10,-10,-10,220,-0.003,-40.01
"2020-10-07 19:34:13.6",7557313,-10,-10,-10,220,-0.003,-40.01
"2020-10-07 19:34:13.7",7557314,-10,-10,-10,220,-0.003,-40.01
"2020-10-07 19:34:13.8",7557315,-10,-10,-10,220,-0.003,-40.01
"2020-10-07 19:34:13.9",7557316,-10,-10,-10,220,-0.003,-40.01
"2020-10-07 19:34:14",7557317,-10,-10,-10,220,-0.003,-40.01
"2020-10-07 19:34:14.1",7557318,-10,-10,-10,220,-0.003,-40.01
"2020-10-07 19:34:14.2",7557319,-10,-10,-10,220,-0.003,-40.01
"2020-10-07 19:34:14.3",7557320,-10,-10,-10,220,-0.003,-40.01
"2020-10-07 19:34:14.4",7557321,-10,-10,-10,220,-0.003,-40.01
"2020-10-07 19:34:14.5",7557322,-10,-10,-10,220,-0.003,-40.01
"2020-10-07 19:34:14.6",7557323,-10,-10,-10,220,-0.003,-40.01
"2020-10-07 19:34:14.7",7557324,-10,-10,-10,220,-0.003,-40.01
"2020-10-07 19:34:14.8",7557325,-10,-10,-10,220,-0.003,-40.01
"2020-10-07 19:34:14.9",7557326,-10,-10,-10,220,-0.003,-40.01
"2020-10-07 19:34:15",7557327,-10,-10,-10,220,-0.003,-40.01
"2020-10-07 19:34:15.1",7557328,-10,-10,-10,220,-0.003,-40.01
"2020-10-07 19:34:15.2",7557329,-10,-10,-10,220,-0.003,-40.01
"2020-10-07 19:34:15.3",7557330,-10,-10,-10,220,-0.003,-40.01
"2020-10-07 19:34:15.4",7557331,-10,-10,-10,220,-0.003,-40.01
"2020-10-07 19:34:15.5",7557332,-10,-10,-10,220,-0.003,-40.01
"2020-10-07 19:34:15.6",7557333,-10,-10,-10,220,-0.003,-40.01
"2020-10-07 19:34:15.7",7557334,-10,-10,-10,220,-0.003,-40.01
"2020-10-07 19:34:15.8",7557335,-10,-10,-10,220,-0.003,-40.01
"2020-10-07 19:34:15.9",7557336,-10,-10,-10,220,-0.003,-40.01
"2020-10-07 19:34:16",7557337,-10,-10,-10,220,-0.003,-40.01
"2020-10-07 19:34:16.1",7557338,-10,-10,-10,220,-0.003,-40.01
"2020-10-07 19:34:16.2",7557339,-10,-10,-10,220,-0.003,-40.01
"2020-10-07 19:34:16.3",7557340,-10,-10,-10,220,-0.003,-40.01
"2020-10-07 19:34:16.4",7557341,-10,-10,-10,220,-0.003,-40.01
"2020-10-07 19:34:16.5",7557342,-10,-10,-10,220,-0.003,-40.01
"2020-10-07 19:34:16.6",7557343,-10,-10,-10,220,-0.003,-40.01
"2020-10-07 19:34:16.7",7557344,-10,-10,-10,220,-0.003,-40.01
"2020-10-07 19:34:16.8",7557345,-10,-10,-10,220,-0.003,-40.01
"2020-10-07 19:34:16.9",7557346,-10,-10,-10,220,-0.003,-40.01
"2020-10-07 19:34:17",7557347,-10,-10,-10,220,-0.003,-40.01
"2020-10-07 19:34:17.1",7557348,-10,-10,-10,220,-0.003,-40.01
"2020-10-07 19:34:17.2",7557349,-10,-10,-10,220,-0.003,-40.01
"2020-10-07 19:34:17.3",7557350,-10,-10,-10,220,-0.003,-40.01
"2020-10-07 19:34:17.4",7557351,-10,-10,-10,220,-0.003,-40.01
"2020-10-07 19:34:17.5",7557352,-10,-10,-10,220,-0.003,-40.01
"2020-10-07 19:34:17.6",7557353,-10,-10,-10,220,-0.003,-40.01
"2020-10-07 19:34:17.7",7557354,-10,-10,-10,220,-0.003,-40.01
"2020-10-07 19:34:17.8",7557355,-10,-10,-10,220,-0.003,-40.01
"2020-10-07 19:34:17.9",7557356,-10,-10,-10,220,-0.003,-40.01
"2020-10-07 19:34:18",7557357,-10,-10,-10,220,-0.003,-40.01
"2020-10-07 19:34:18.1",7557358,-10,-10,-10,220,-0.003,-40.01
"2020-10-07 19:34:18.2",7557359,-10,-10,-10,220,-0.003,-40.01
"2020-10-07 19:34:18.3",7557360,-10,-10,-10,220,-0.003,-40.01
"2020-10-07 19:34:18.4",7557361,-10,-10,-10,220,-0.003,-40.01
"2020-10-07 19:34:18.5",7557362,-10,-10,-10,220,-0.003,-40.01
"2020-10-07 19:34:18.6",7557363,-10,-10,-10,220,-0.003,-40.01
"2020-10-07 19:34:18.7",7557364,-10,-10,-10,220,-0.003,-40.01
"2020-10-07 19:34:18.8",7557365,-10,-10,-10,220,-0.003,-40.01
"2020-10-07 19:34:18.9",7557366,-10,-10,-10,220,-0.003,-40.01
"2020-10-07 19:34:19",7557367,-10,-10,-10,220,-0.003,-40.01
"2020-10-07 19:34:19.1",7557368,-10,-10,-10,220,-0.003,-40.01
"2020-10-07 19:34:19.2",7557369,-10,-10,-10,220,-0.003,-40.01
"2020-10-07 19:34:19.3",7557370,-10,-10,-10,220,-0.003,-40.01
"2020-10-07 19:34:19.4",7557371,-10,-10,-10,220,-0.003,-40.01
"2020-10-07 19:34:19.5",7557372,-10,-10,-10,220,-0.003,-40.01
"2020-10-07 19:34:19.6",7557373,-10,-10,-10,220,-0.003,-40.01
"2020-10-07 19:34:19.7",7557374,-10,-10,-10,220,-0.003,-40.01
"2020-10-07 19:34:19.8",7557375,-10,-10,-10,220,-0.003,-40.01
"2020-10-07 19:34:19.9",7557376,-10,-10,-10,220,-0.003,-40.01
"2020-10-07 19:34:20",7557377,-10,-10,-10,220,-0.003,-40.01
"2020-10-07 19:34:20.1",7557378,-10,-10,-10,220,-0.003,-40.01
"2020-10-07 19:34:20.2",7557379,-10,-10,-10,220,-0.003,-40.01
"2020-10-07 19:34:20.3",7557380,-10,-10,-10,220,-0.003,-40.01
"2020-10-07 19:34:20.4",7557381,-10,-10,-10,220,-0.003,-40.01
"2020-10-07 19:34:20.5",7557382,-10,-10,-10,220,-0.003,-40.01
"2020-10-07 19:34:20.6",7557383,-10,-10,-10,220,-0.003,-40.01
"2020-10-07 19:34:20.7",7557384,-10,-10,-10,220,-0.003,-40.01
"2020-10-07 19:34:20.8",7557385,-10,-10,-10,220,-0.003,-40.01
"2020-10-07 19:34:20.9",7557386,-10,-10,-10,220,-0.003,-40.01
"2020-10-07 19:34:21",7557387,-10,-10,-10,220,-0.003,-40.01
"2020-10-07 19:34:21.1",7557388,-10,-10,-10,220,-0.003,-40.01
"2020-10-07 19:34:21.2",7557389,-10,-10,-10,220,-0.003,-40.01
"2020-10-07 19:34:21.3",7557390,-10,-10,-10,220,-0.003,-40.01
"2020-10-07 19:34:21.4",7557391,-10,-10,-10,220,-0.003,-40.01
"2020-10-07 19:34:21.5",7557392,-10,-10,-10,220,-0.003,-40.01
"2020-10-07 19:34:21.6",7557393,-10,-10,-10,220,-0.003,-40.01
"2020-10-07 19:34:21.7",7557394,-10,-10,-10,220,-0.003,-40.01
"2020-10-07 19:34:21.8",7557395,-10,-10,-10,220,-0.003,-40.01
"2020-10-07 19:34:21.9",7557396,-10,-10,-10,220,-0.003,-40.01
"2020-10-07 19:34:22",7557397,-10,-10,-10,220,-0.003,-40.01
"2020-10-07 19:34:22.1",7557398,-10,-10,-10,220,-0.003,-40.01
"2020-10-07 19:34:22.2",7557399,-10,-10,-10,220,-0.003,-40.01
"2020-10-07 19:34:22.3",7557400,-10,-10,-10,220,-0.003,-40.01
"2020-10-07 19:34:22.4",7557401,-10,-10,-10,220,-0.003,-40.01
"2020-10-07 19:34:22.5",7557402,-10,-10,-10,220,-0.003,-40.01
"2020-10-07 19:34:22.6",7557403,-10,-10,-10,220,-0.003,-40.01
"2020-10-07 19:34:22.7",7557404,-10,-10,-10,220,-0.003,-40.01
"2020-10-07 19:34:22.8",7557405,-10,-10,-10,220,-0.003,-40.01
"2020-10-07 19:34:22.9",7557406,-10,-10,-10,220,-0.003,-40.01
"2020-10-07 19:34:23",7557407,-10,-10,-10,220,-0.003,-40.01
"2020-10-07 19:34:23.1",7557408,-10,-10,-10,220,-0.003,-40.01
"2020-10-07 19:34:23.2",7557409,-10,-10,-10,220,-0.003,-40.01
"2020-10-07 19:34:23.3",7557410,-10,-10,-10,220,-0.003,-40.01
"2020-10-07 19:34:23.4",7557411,-10,-10,-10,220,-0.003,-40.01
"2020-10-07 19:34:23.5",7557412,-10,-10,-10,220,-0.003,-40.01
"2020-10-07 19:34:23.6",7557413,-10,-10,-10,220,-0.003,-40.01
"2020-10-07 19:34:23.7",7557414,-10,-10,-10,220,-0.003,-40.01
"2020-10-07 19:34:23.8",7557415,-10,-10,-10,220,-0.003,-40.01
"2020-10-07 19:34:23.9",7557416,-10,-10,-10,220,-0.003,-40.01
"2020-10-07 19:34:24",7557417,-10,-10,-10,220,-0.003,-40.01
"2020-10-07 19:34:24.1",7557418,-10,-10,-10,220,-0.003,-40.01
"2020-10-07 19:34:24.2",7557419,-10,-10,-10,220,-0.003,-40.01
"2020-10-07 19:34:24.3",7557420,-10,-10,-10,220,-0.003,-40.01
"2020-10-07 19:34:24.4",7557421,-10,-10,-10,220,-0.003,-40.01
"2020-10-07 19:34:24.5",7557422,-10,-10,-10,220,-0.003,-40.01
"2020-10-07 19:34:24.6",7557423,-10,-10,-10,220,-0.003,-40.01
"2020-10-07 19:34:24.7",7557424,-10,-10,-10,220,-0.003,-40.01
"2020-10-07 19:34:24.8",7557425,-10,-10,-10,220,-0.003,-40.01
"2020-10-07 19:34:24.9",7557426,-10,-10,-10,220,-0.003,-40.01
"2020-10-07 19:34:25",7557427,-10,-10,-10,220,-0.003,-40.01
"2020-10-07 19:34:25.1",7557428,-10,-10,-10,220,-0.003,-40.01
"2020-10-07 19:34:25.2",7557429,-10,-10,-10,220,-0.003,-40.01
"2020-10-07 19:34:25.3",7557430,-10,-10,-10,220,-0.003,-40.01
"2020-10-07 19:34:25.4",7557431,-10,-10,-10,220,-0.003,-40.01
"2020-10-07 19:34:25.5",7557432,-10,-10,-10,220,-0.003,-40.01
"2020-10-07 19:34:25.6",7557433,-10,-10,-10,220,-0.003,-40.01
"2020-10-07 19:34:25.7",7557434,-10,-10,-10,220,-0.003,-40.01
"2020-10-07 19:34:25.8",7557435,-10,-10,-10,220,-0.003,-40.01
"2020-10-07 19:34:25.9",7557436,-10,-10,-10,220,-0.003,-40.01
"2020-10-07 19:34:26",7557437,-10,-10,-10,220,-0.003,-40.01
"2020-10-07 19:34:26.1",7557438,-10,-10,-10,220,-0.003,-40.01
"2020-10-07 19:34:26.2",7557439,-10,-10,-10,220,-0.003,-40.01
"2020-10-07 19:34:26.3",7557440,-10,-10,-10,220,-0.003,-40.01
"2020-10-07 19:34:26.4",7557441,-10,-10,-10,220,-0.003,-40.01
"2020-10-07 19:34:26.5",7557442,-10,-10,-10,220,-0.003,-40.01
"2020-10-07 19:34:26.6",7557443,-10,-10,-10,220,-0.003,-40.01
"2020-10-07 19:34:26.7",7557444,-10,-10,-10,220,-0.003,-40.01
"2020-10-07 19:34:26.8",7557445,-10,-10,-10,220,-0.003,-40.01
"2020-10-07 19:34:26.9",7557446,-10,-10,-10,220,-0.003,-40.01
"2020-10-07 19:34:27",7557447,-10,-10,-10,220,-0.003,-40.01
"2020-10-07 19:34:27.1",7557448,-10,-10,-10,220,-0.003,-40.01
"2020-10-07 19:34:27.2",7557449,-10,-10,-10,220,-0.003,-40.01
"2020-10-07 19:34:27.3",7557450,-10,-10,-10,220,-0.003,-40.01
"2020-10-07 19:34:27.4",7557451,-10,-10,-10,220,-0.003,-40.01
"2020-10-07 19:34:27.5",7557452,-10,-10,-10,220,-0.003,-40.01
"2020-10-07 19:34:27.6",7557453,-10,-10,-10,220,-0.003,-40.01
"2020-10-07 19:34:27.7",7557454,-10,-10,-10,220,-0.003,-40.01
"2020-10-07 19:34:27.8",7557455,-10,-10,-10,220,-0.003,-40.01
"2020-10-07 19:34:27.9",7557456,-10,-10,-10,220,-0.003,-40.01
"2020-10-07 19:34:28",7557457,-10,-10,-10,220,-0.003,-40.01
"2020-10-07 19:34:28.1",7557458,-10,-10,-10,220,-0.003,-40.01
"2020-10-07 19:34:28.2",7557459,-10,-10,-10,220,-0.003,-40.01
"2020-10-07 19:34:28.3",7557460,-10,-10,-10,220,-0.003,-40.01
"2020-10-07 19:34:28.4",7557461,-10,-10,-10,220,-0.003,-40.01
"2020-10-07 19:34:28.5",7557462,-10,-10,-10,220,-0.003,-40.01
"2020-10-07 19:34:28.6",7557463,-10,-10,-10,220,-0.003,-40.01
"2020-10-07 19:34:28.7",7557464,-10,-10,-10,220,-0.003,-40.01
"2020-10-07 19:34:28.8",7557465,-10,-10,-10,220,-0.003,-40.01
"2020-10-07 19:34:28.9",7557466,-10,-10,-10,220,-0.003,-40.01
"2020-10-07 19:34:29",7557467,-10,-10,-10,220,-0.003,-40.01
"2020-10-07 19:34:29.1",7557468,-10,-10,-10,220,-0.003,-40.01
"2020-10-07 19:34:29.2",7557469,-10,-10,-10,220,-0.003,-40.01
"2020-10-07 19:34:29.3",7557470,-10,-10,-10,220,-0.003,-40.01
"2020-10-07 19:34:29.4",7557471,-10,-10,-10,220,-0.003,-40.01
"2020-10-07 19:34:29.5",7557472,-10,-10,-10,220,-0.003,-40.01
"2020-10-07 19:34:29.6",7557473,-10,-10,-10,220,-0.003,-40.01
"2020-10-07 19:34:29.7",7557474,-10,-10,-10,220,-0.003,-40.01
"2020-10-07 19:34:29.8",7557475,-10,-10,-10,220,-0.003,-40.01
"2020-10-07 19:34:29.9",7557476,-10,-10,-10,220,-0.003,-40.01
"2020-10-07 19:34:30",7557477,-10,-10,-10,220,-0.003,-40.01
"2020-10-07 19:34:30.1",7557478,-10,-10,-10,220,-0.003,-40.01
"2020-10-07 19:34:30.2",7557479,-10,-10,-10,220,-0.003,-40.01
"2020-10-07 19:34:30.3",7557480,-10,-10,-10,220,-0.003,-40.01
"2020-10-07 19:34:30.4",7557481,-10,-10,-10,220,-0.003,-40.01
"2020-10-07 19:34:30.5",7557482,-10,-10,-10,220,-0.003,-40.01
"2020-10-07 19:34:30.6",7557483,-10,-10,-10,220,-0.003,-40.01
"2020-10-07 19:34:30.7",7557484,-10,-10,-10,220,-0.003,-40.01
"2020-10-07 19:34:30.8",7557485,-10,-10,-10,220,-0.003,-40.01
"2020-10-07 19:34:30.9",7557486,-10,-10,-10,220,-0.003,-40.01
"2020-10-07 19:34:31",7557487,-10,-10,-10,220,-0.003,-40.01
"2020-10-07 19:34:31.1",7557488,-10,-10,-10,220,-0.003,-40.01
"2020-10-07 19:34:31.2",7557489,-10,-10,-10,220,-0.003,-40.01
"2020-10-07 19:34:31.3",7557490,-10,-10,-10,220,-0.003,-40.01
"2020-10-07 19:34:31.4",7557491,-10,-10,-10,220,-0.003,-40.01
"2020-10-07 19:34:31.5",7557492,-10,-10,-10,220,-0.003,-40.01
"2020-10-07 19:34:31.6",7557493,-10,-10,-10,220,-0.003,-40.01
"2020-10-07 19:34:31.7",7557494,-10,-10,-10,220,-0.003,-40.01
"2020-10-07 19:34:31.8",7557495,-10,-10,-10,220,-0.003,-40.01
"2020-10-07 19:34:31.9",7557496,-10,-10,-10,220,-0.003,-40.01
"2020-10-07 19:34:32",7557497,-10,-10,-10,220,-0.003,-40.01
"2020-10-07 19:34:32.1",7557498,-10,-10,-10,220,-0.003,-40.01
"2020-10-07 19:34:32.2",7557499,-10,-10,-10,220,-0.003,-40.01
"2020-10-07 19:34:32.3",7557500,-10,-10,-10,220,-0.003,-40.01
"2020-10-07 19:34:32.4",7557501,-10,-10,-10,220,-0.003,-40.01
"2020-10-07 19:34:32.5",7557502,-10,-10,-10,220,-0.003,-40.01
"2020-10-07 19:34:32.6",7557503,-10,-10,-10,220,-0.003,-40.01
"2020-10-07 19:34:32.7",7557504,-10,-10,-10,220,-0.003,-40.01
"2020-10-07 19:34:32.8",7557505,-10,-10,-10,220,-0.003,-40.01
"2020-10-07 19:34:32.9",7557506,-10,-10,-10,220,-0.003,-40.01
"2020-10-07 19:34:33",7557507,-10,-10,-10,220,-0.003,-40.01
"2020-10-07 19:34:33.1",7557508,-10,-10,-10,220,-0.003,-40.01
"2020-10-07 19:34:33.2",7557509,-10,-10,-10,220,-0.003,-40.01
"2020-10-07 19:34:33.3",7557510,-10,-10,-10,220,-0.003,-40.01
"2020-10-07 19:34:33.4",7557511,-10,-10,-10,220,-0.003,-40.01
"2020-10-07 19:34:33.5",7557512,-10,-10,-10,220,-0.003,-40.01
"2020-10-07 19:34:33.6",7557513,-10,-10,-10,220,-0.003,-40.01
"2020-10-07 19:34:33.7",7557514,-10,-10,-10,220,-0.003,-40.01
"2020-10-07 19:34:33.8",7557515,-10,-10,-10,220,-0.003,-40.01
"2020-10-07 19:34:33.9",7557516,-10,-10,-10,220,-0.003,-40.01
"2020-10-07 19:34:34",7557517,-10,-10,-10,220,-0.003,-40.01
"2020-10-07 19:34:34.1",7557518,-10,-10,-10,220,-0.003,-40.01
"2020-10-07 19:34:34.2",7557519,-10,-10,-10,220,-0.003,-40.01
"2020-10-07 19:34:34.3",7557520,-10,-10,-10,220,-0.003,-40.01
"2020-10-07 19:34:34.4",7557521,-10,-10,-10,220,-0.003,-40.01
"2020-10-07 19:34:34.5",7557522,-10,-10,-10,220,-0.003,-40.01
"2020-10-07 19:34:34.6",7557523,-10,-10,-10,220,-0.003,-40.01
"2020-10-07 19:34:34.7",7557524,-10,-10,-10,220,-0.003,-40.01
"2020-10-07 19:34:34.8",7557525,-10,-10,-10,220,-0.003,-40.01
"2020-10-07 19:34:34.9",7557526,-10,-10,-10,220,-0.003,-40.01
"2020-10-07 19:34:35",7557527,-10,-10,-10,220,-0.003,-40.01
"2020-10-07 19:34:35.1",7557528,-10,-10,-10,220,-0.003,-40.01
"2020-10-07 19:34:35.2",7557529,-10,-10,-10,220,-0.003,-40.01
"2020-10-07 19:34:35.3",7557530,-10,-10,-10,220,-0.003,-40.01
"2020-10-07 19:34:35.4",7557531,-10,-10,-10,220,-0.003,-40.01
"2020-10-07 19:34:35.5",7557532,-10,-10,-10,220,-0.003,-40.01
"2020-10-07 19:34:35.6",7557533,-10,-10,-10,220,-0.003,-40.01
"2020-10-07 19:34:35.7",7557534,-10,-10,-10,220,-0.003,-40.01
"2020-10-07 19:34:35.8",7557535,-10,-10,-10,220,-0.003,-40.01
"2020-10-07 19:34:35.9",7557536,-10,-10,-10,220,-0.003,-40.01
"2020-10-07 19:34:36",7557537,-10,-10,-10,220,-0.003,-40.01
"2020-10-07 19:34:36.1",7557538,-10,-10,-10,220,-0.003,-40.01
"2020-10-07 19:34:36.2",7557539,-10,-10,-10,220,-0.003,-40.01
"2020-10-07 19:34:36.3",7557540,-10,-10,-10,220,-0.003,-40.01
"2020-10-07 19:34:36.4",7557541,-10,-10,-10,220,-0.003,-40.01
"2020-10-07 19:34:36.5",7557542,-10,-10,-10,220,-0.003,-40.01
"2020-10-07 19:34:36.6",7557543,-10,-10,-10,220,-0.003,-40.01
"2020-10-07 19:34:36.7",7557544,-10,-10,-10,220,-0.003,-40.01
"2020-10-07 19:34:36.8",7557545,-10,-10,-10,220,-0.003,-40.01
"2020-10-07 19:34:36.9",7557546,-10,-10,-10,220,-0.003,-40.01
"2020-10-07 19:34:37",7557547,-10,-10,-10,220,-0.003,-40.01
"2020-10-07 19:34:37.1",7557548,-10,-10,-10,220,-0.003,-40.01
"2020-10-07 19:34:37.2",7557549,-10,-10,-10,220,-0.003,-40.01
"2020-10-07 19:34:37.3",7557550,-10,-10,-10,220,-0.003,-40.01
"2020-10-07 19:34:37.4",7557551,-10,-10,-10,220,-0.003,-40.01
"2020-10-07 19:34:37.5",7557552,-10,-10,-10,220,-0.003,-40.01
"2020-10-07 19:34:37.6",7557553,-10,-10,-10,220,-0.003,-40.01
"2020-10-07 19:34:37.7",7557554,-10,-10,-10,220,-0.003,-40.01
"2020-10-07 19:34:37.8",7557555,-10,-10,-10,220,-0.003,-40.01
"2020-10-07 19:34:37.9",7557556,-10,-10,-10,220,-0.003,-40.01
"2020-10-07 19:34:38",7557557,-10,-10,-10,220,-0.003,-40.01
"2020-10-07 19:34:38.1",7557558,-10,-10,-10,220,-0.003,-40.01
"2020-10-07 19:34:38.2",7557559,-10,-10,-10,220,-0.003,-40.01
"2020-10-07 19:34:38.3",7557560,-10,-10,-10,220,-0.003,-40.01
"2020-10-07 19:34:38.4",7557561,-10,-10,-10,220,-0.003,-40.01
"2020-10-07 19:34:38.5",7557562,-10,-10,-10,220,-0.003,-40.01
"2020-10-07 19:34:38.6",7557563,-10,-10,-10,220,-0.003,-40.01
"2020-10-07 19:34:38.7",7557564,-10,-10,-10,220,-0.003,-40.01
"2020-10-07 19:34:38.8",7557565,-10,-10,-10,220,-0.003,-40.01
"2020-10-07 19:34:38.9",7557566,-10,-10,-10,220,-0.003,-40.01
"2020-10-07 19:34:39",7557567,-10,-10,-10,220,-0.003,-40.01
"2020-10-07 19:34:39.1",7557568,-10,-10,-10,220,-0.003,-40.01
"2020-10-07 19:34:39.2",7557569,-10,-10,-10,220,-0.003,-40.01
"2020-10-07 19:34:39.3",7557570,-10,-10,-10,220,-0.003,-40.01
"2020-10-07 19:34:39.4",7557571,-10,-10,-10,220,-0.003,-40.01
"2020-10-07 19:34:39.5",7557572,-10,-10,-10,220,-0.003,-40.01
"2020-10-07 19:34:39.6",7557573,-10,-10,-10,220,-0.003,-40.01
"2020-10-07 19:34:39.7",7557574,-10,-10,-10,220,-0.003,-40.01
"2020-10-07 19:34:39.8",7557575,-10,-10,-10,220,-0.003,-40.01
"2020-10-07 19:34:39.9",7557576,-10,-10,-10,220,-0.003,-40.01
"2020-10-07 19:34:40",7557577,-10,-10,-10,220,-0.003,-40.01
"2020-10-07 19:34:40.1",7557578,-10,-10,-10,220,-0.003,-40.01
"2020-10-07 19:34:40.2",7557579,-10,-10,-10,220,-0.003,-40.01
"2020-10-07 19:34:40.3",7557580,-10,-10,-10,220,-0.003,-40.01
"2020-10-07 19:34:40.4",7557581,-10,-10,-10,220,-0.003,-40.01
"2020-10-07 19:34:40.5",7557582,-10,-10,-10,220,-0.003,-40.01
"2020-10-07 19:34:40.6",7557583,-10,-10,-10,220,-0.003,-40.01
"2020-10-07 19:34:40.7",7557584,-10,-10,-10,220,-0.003,-40.01
"2020-10-07 19:34:40.8",7557585,-10,-10,-10,220,-0.003,-40.01
"2020-10-07 19:34:40.9",7557586,-10,-10,-10,220,-0.003,-40.01
"2020-10-07 19:34:41",7557587,-10,-10,-10,220,-0.003,-40.01
"2020-10-07 19:34:41.1",7557588,-10,-10,-10,220,-0.003,-40.01
"2020-10-07 19:34:41.2",7557589,-10,-10,-10,220,-0.003,-40.01
"2020-10-07 19:34:41.3",7557590,-10,-10,-10,220,-0.003,-40.01
"2020-10-07 19:34:41.4",7557591,-10,-10,-10,220,-0.003,-40.01
"2020-10-07 19:34:41.5",7557592,-10,-10,-10,220,-0.003,-40.01
"2020-10-07 19:34:41.6",7557593,-10,-10,-10,220,-0.003,-40.01
"2020-10-07 19:34:41.7",7557594,-10,-10,-10,220,-0.003,-40.01
"2020-10-07 19:34:41.8",7557595,-10,-10,-10,220,-0.003,-40.01
"2020-10-07 19:34:41.9",7557596,-10,-10,-10,220,-0.003,-40.01
"2020-10-07 19:34:42",7557597,-10,-10,-10,220,-0.003,-40.01
"2020-10-07 19:34:42.1",7557598,-10,-10,-10,220,-0.003,-40.01
"2020-10-07 19:34:42.2",7557599,-10,-10,-10,220,-0.003,-40.01
"2020-10-07 19:34:42.3",7557600,-10,-10,-10,220,-0.003,-40.01
"2020-10-07 19:34:42.4",7557601,-10,-10,-10,220,-0.003,-40.01
"2020-10-07 19:34:42.5",7557602,-10,-10,-10,220,-0.003,-40.01
"2020-10-07 19:34:42.6",7557603,-10,-10,-10,220,-0.003,-40.01
"2020-10-07 19:34:42.7",7557604,-10,-10,-10,220,-0.003,-40.01
"2020-10-07 19:34:42.8",7557605,-10,-10,-10,220,-0.003,-40.01
"2020-10-07 19:34:42.9",7557606,-10,-10,-10,220,-0.003,-40.01
"2020-10-07 19:34:43",7557607,-10,-10,-10,220,-0.003,-40.01
"2020-10-07 19:34:43.1",7557608,-10,-10,-10,220,-0.003,-40.01
"2020-10-07 19:34:43.2",7557609,-10,-10,-10,220,-0.003,-40.01
"2020-10-07 19:34:43.3",7557610,-10,-10,-10,220,-0.003,-40.01
"2020-10-07 19:34:43.4",7557611,-10,-10,-10,220,-0.003,-40.01
"2020-10-07 19:34:43.5",7557612,-10,-10,-10,220,-0.003,-40.01
"2020-10-07 19:34:43.6",7557613,-10,-10,-10,220,-0.003,-40.01
"2020-10-07 19:34:43.7",7557614,-10,-10,-10,220,-0.003,-40.01
"2020-10-07 19:34:43.8",7557615,-10,-10,-10,220,-0.003,-40.01
"2020-10-07 19:34:43.9",7557616,-10,-10,-10,220,-0.003,-40.01
"2020-10-07 19:34:44",7557617,-10,-10,-10,220,-0.003,-40.01
"2020-10-07 19:34:44.1",7557618,-10,-10,-10,220,-0.003,-40.01
"2020-10-07 19:34:44.2",7557619,-10,-10,-10,220,-0.003,-40.01
"2020-10-07 19:34:44.3",7557620,-10,-10,-10,220,-0.003,-40.01
"2020-10-07 19:34:44.4",7557621,-10,-10,-10,220,-0.003,-40.01
"2020-10-07 19:34:44.5",7557622,-10,-10,-10,220,-0.003,-40.01
"2020-10-07 19:34:44.6",7557623,-10,-10,-10,220,-0.003,-40.01
"2020-10-07 19:34:44.7",7557624,-10,-10,-10,220,-0.003,-40.01
"2020-10-07 19:34:44.8",7557625,-10,-10,-10,220,-0.003,-40.01
"2020-10-07 19:34:44.9",7557626,-10,-10,-10,220,-0.003,-40.01
"2020-10-07 19:34:45",7557627,-10,-10,-10,220,-0.003,-40.01
"2020-10-07 19:34:45.1",7557628,-10,-10,-10,220,-0.003,-40.01
"2020-10-07 19:34:45.2",7557629,-10,-10,-10,220,-0.003,-40.01
"2020-10-07 19:34:45.3",7557630,-10,-10,-10,220,-0.003,-40.01
"2020-10-07 19:34:45.4",7557631,-10,-10,-10,220,-0.003,-40.01
"2020-10-07 19:34:45.5",7557632,-10,-10,-10,220,-0.003,-40.01
"2020-10-07 19:34:45.6",7557633,-10,-10,-10,220,-0.003,-40.01
"2020-10-07 19:34:45.7",7557634,-10,-10,-10,220,-0.003,-40.01
"2020-10-07 19:34:45.8",7557635,-10,-10,-10,220,-0.003,-40.01
"2020-10-07 19:34:45.9",7557636,-10,-10,-10,220,-0.003,-40.01
"2020-10-07 19:34:46",7557637,-10,-10,-10,220,-0.003,-40.01
"2020-10-07 19:34:46.1",7557638,-10,-10,-10,220,-0.003,-40.01
"2020-10-07 19:34:46.2",7557639,-10,-10,-10,220,-0.003,-40.01
"2020-10-07 19:34:46.3",7557640,-10,-10,-10,220,-0.003,-40.01
"2020-10-07 19:34:46.4",7557641,-10,-10,-10,220,-0.003,-40.01
"2020-10-07 19:34:46.5",7557642,-10,-10,-10,220,-0.003,-40.01
"2020-10-07 19:34:46.6",7557643,-10,-10,-10,220,-0.003,-40.01
"2020-10-07 19:34:46.7",7557644,-10,-10,-10,220,-0.003,-40.01
"2020-10-07 19:34:46.8",7557645,-10,-10,-10,220,-0.003,-40.01
"2020-10-07 19:34:46.9",7557646,-10,-10,-10,220,-0.003,-40.01
"2020-10-07 19:34:47",7557647,-10,-10,-10,220,-0.003,-40.01
"2020-10-07 19:34:47.1",7557648,-10,-10,-10,220,-0.003,-40.01
"2020-10-07 19:34:47.2",7557649,-10,-10,-10,220,-0.003,-40.01
"2020-10-07 19:34:47.3",7557650,-10,-10,-10,220,-0.003,-40.01
"2020-10-07 19:34:47.4",7557651,-10,-10,-10,220,-0.003,-40.01
"2020-10-07 19:34:47.5",7557652,-10,-10,-10,220,-0.003,-40.01
"2020-10-07 19:34:47.6",7557653,-10,-10,-10,220,-0.003,-40.01
"2020-10-07 19:34:47.7",7557654,-10,-10,-10,220,-0.003,-40.01
"2020-10-07 19:34:47.8",7557655,-10,-10,-10,220,-0.003,-40.01
"2020-10-07 19:34:47.9",7557656,-10,-10,-10,220,-0.003,-40.01
"2020-10-07 19:34:48",7557657,-10,-10,-10,220,-0.003,-40.01
"2020-10-07 19:34:48.1",7557658,-10,-10,-10,220,-0.003,-40.01
"2020-10-07 19:34:48.2",7557659,-10,-10,-10,220,-0.003,-40.01
"2020-10-07 19:34:48.3",7557660,-10,-10,-10,220,-0.003,-40.01
"2020-10-07 19:34:48.4",7557661,-10,-10,-10,220,-0.003,-40.01
"2020-10-07 19:34:48.5",7557662,-10,-10,-10,220,-0.003,-40.01
"2020-10-07 19:34:48.6",7557663,-10,-10,-10,220,-0.003,-40.01
"2020-10-07 19:34:48.7",7557664,-10,-10,-10,220,-0.003,-40.01
"2020-10-07 19:34:48.8",7557665,-10,-10,-10,220,-0.003,-40.01
"2020-10-07 19:34:48.9",7557666,-10,-10,-10,220,-0.003,-40.01
"2020-10-07 19:34:49",7557667,-10,-10,-10,220,-0.003,-40.01
"2020-10-07 19:34:49.1",7557668,-10,-10,-10,220,-0.003,-40.01
"2020-10-07 19:34:49.2",7557669,-10,-10,-10,220,-0.003,-40.01
"2020-10-07 19:34:49.3",7557670,-10,-10,-10,220,-0.003,-40.01
"2020-10-07 19:34:49.4",7557671,-10,-10,-10,220,-0.003,-40.01
"2020-10-07 19:34:49.5",7557672,-10,-10,-10,220,-0.003,-40.01
"2020-10-07 19:34:49.6",7557673,-10,-10,-10,220,-0.003,-40.01
"2020-10-07 19:34:49.7",7557674,-10,-10,-10,220,-0.003,-40.01
"2020-10-07 19:34:49.8",7557675,-10,-10,-10,220,-0.003,-40.01
"2020-10-07 19:34:49.9",7557676,-10,-10,-10,220,-0.003,-40.01
"2020-10-07 19:34:50",7557677,-10,-10,-10,220,-0.003,-40.01
"2020-10-07 19:34:50.1",7557678,-10,-10,-10,220,-0.003,-40.01
"2020-10-07 19:34:50.2",7557679,-10,-10,-10,220,-0.003,-40.01
"2020-10-07 19:34:50.3",7557680,-10,-10,-10,220,-0.003,-40.01
"2020-10-07 19:34:50.4",7557681,-10,-10,-10,220,-0.003,-40.01
"2020-10-07 19:34:50.5",7557682,-10,-10,-10,220,-0.003,-40.01
"2020-10-07 19:34:50.6",7557683,-10,-10,-10,220,-0.003,-40.01
"2020-10-07 19:34:50.7",7557684,-10,-10,-10,220,-0.003,-40.01
"2020-10-07 19:34:50.8",7557685,-10,-10,-10,220,-0.003,-40.01
"2020-10-07 19:34:50.9",7557686,-10,-10,-10,220,-0.003,-40.01
