"TOA5","10329","CR6","10329","CR6.Std.09.01 CR6-WIFI.04.00.01","CPU:YOUNG81000_HMP60_10Hz.CR6","51185","Young10Hz_hmp"
"TIMESTAMP","RECORD","U","V","W","TSonic","RH","T_HMP60"
"TS","RN","mV","mV","mV","mV","%","Deg C"
"","","Smp","Smp","Smp","Smp","Smp","Smp"
"2020-10-02 19:41:43.6",3458632,-0.027,0.048,0.025,295.7,32.67,21.28
"2020-10-02 19:41:43.7",3458633,-0.027,0.048,0.025,295.7,32.72,21.28
"2020-10-02 19:41:43.8",3458634,-0.057,0.009,0.074,295.6,32.67,21.28
"2020-10-02 19:41:43.9",3458635,-0.057,0.009,0.074,295.6,32.67,21.28
"2020-10-02 19:41:44",3458636,-0.057,0.009,0.074,295.6,32.67,21.28
"2020-10-02 19:41:44.1",3458637,-0.056,0.009,0.074,295.6,32.67,21.28
"2020-10-02 19:41:44.2",3458638,-0.056,0.009,0.074,295.6,32.67,21.28
"2020-10-02 19:41:44.3",3458639,-0.096,0.009,0.093,295.5,32.67,21.28
"2020-10-02 19:41:44.4",3458640,-0.096,0.009,0.093,295.5,32.67,21.28
"2020-10-02 19:41:44.5",3458641,-0.096,0.009,0.093,295.5,32.67,21.28
"2020-10-02 19:41:44.6",3458642,-0.076,-0.002,0.044,295.5,32.67,21.28
"2020-10-02 19:41:44.7",3458643,-0.076,-0.002,0.044,295.5,32.67,21.28
"2020-10-02 19:41:44.8",3458644,-0.077,-0.002,0.044,295.4,32.67,21.28
"2020-10-02 19:41:44.9",3458645,-0.076,-0.002,0.044,295.4,32.67,21.28
"2020-10-02 19:41:45",3458646,-0.076,-0.002,0.044,295.4,32.7,21.32
"2020-10-02 19:41:45.1",3458647,-0.14,0.048,0.074,295.3,32.67,21.28
"2020-10-02 19:41:45.2",3458648,-0.14,0.048,0.074,295.3,32.67,21.28
"2020-10-02 19:41:45.3",3458649,-0.14,0.008,0.035,295.3,32.67,21.28
"2020-10-02 19:41:45.4",3458650,-0.139,0.009,0.035,295.3,32.67,21.28
"2020-10-02 19:41:45.5",3458651,-0.139,0.009,0.035,295.3,32.67,21.28
"2020-10-02 19:41:45.6",3458652,-0.13,-0.002,0.074,295.4,32.67,21.28
"2020-10-02 19:41:45.7",3458653,-0.13,-0.002,0.074,295.4,32.67,21.28
"2020-10-02 19:41:45.8",3458654,-0.1,0.009,0.015,295.4,32.67,21.28
"2020-10-02 19:41:45.9",3458655,-0.086,0.009,0.015,295.4,32.67,21.28
"2020-10-02 19:41:46",3458656,-0.086,0.009,0.015,295.4,32.67,21.28
"2020-10-02 19:41:46.1",3458657,-0.13,-0.002,0.074,295.5,32.67,21.28
"2020-10-02 19:41:46.2",3458658,-0.13,-0.002,0.074,295.5,32.69,21.28
"2020-10-02 19:41:46.3",3458659,-0.13,-0.002,0.074,295.5,32.67,21.28
"2020-10-02 19:41:46.4",3458660,-0.096,0.009,0.093,295.9,32.67,21.28
"2020-10-02 19:41:46.5",3458661,-0.096,0.009,0.093,295.9,32.67,21.28
"2020-10-02 19:41:46.6",3458662,-0.076,-0.002,0.176,296.1,32.67,21.28
"2020-10-02 19:41:46.7",3458663,-0.076,-0.002,0.176,296.1,32.67,21.28
"2020-10-02 19:41:46.8",3458664,-0.008,0.009,0.117,296.2,32.67,21.28
"2020-10-02 19:41:46.9",3458665,-0.008,0.009,0.117,296.2,32.67,21.28
"2020-10-02 19:41:47",3458666,-0.008,0.009,0.118,296.2,32.67,21.28
"2020-10-02 19:41:47.1",3458667,-0.047,0.009,0.137,296.2,32.67,21.28
"2020-10-02 19:41:47.2",3458668,-0.047,0.009,0.137,296.2,32.67,21.28
"2020-10-02 19:41:47.3",3458669,-0.067,0.057,0.117,296.1,32.67,21.28
"2020-10-02 19:41:47.4",3458670,-0.066,0.057,0.118,296.1,32.67,21.28
"2020-10-02 19:41:47.5",3458671,-0.066,0.057,0.117,296.1,32.7,21.34
"2020-10-02 19:41:47.6",3458672,-0.027,0.038,0.083,296,32.67,21.28
"2020-10-02 19:41:47.7",3458673,-0.027,0.038,0.084,296,32.67,21.28
"2020-10-02 19:41:47.8",3458674,-0.047,0.009,0.064,295.8,32.67,21.28
"2020-10-02 19:41:47.9",3458675,-0.047,0.009,0.064,295.8,32.67,21.28
"2020-10-02 19:41:48",3458676,-0.047,0.009,0.064,295.8,32.67,21.28
"2020-10-02 19:41:48.1",3458677,-0.076,-0.002,0.044,295.7,32.67,21.28
"2020-10-02 19:41:48.2",3458678,-0.076,-0.002,0.044,295.7,32.67,21.28
"2020-10-02 19:41:48.3",3458679,-0.077,-0.002,0.044,295.5,32.67,21.28
"2020-10-02 19:41:48.4",3458680,-0.076,-0.002,0.044,295.5,32.67,21.28
"2020-10-02 19:41:48.5",3458681,-0.076,-0.002,0.044,295.5,32.67,21.28
"2020-10-02 19:41:48.6",3458682,-0.096,-0.041,0.015,295.5,32.67,21.28
"2020-10-02 19:41:48.7",3458683,-0.096,-0.041,0.015,295.5,32.67,21.28
"2020-10-02 19:41:48.8",3458684,-0.086,0.009,0.015,295.3,32.67,21.28
"2020-10-02 19:41:48.9",3458685,-0.086,0.009,0.015,295.3,32.67,21.28
"2020-10-02 19:41:49",3458686,-0.086,0.009,0.015,295.3,32.67,21.28
"2020-10-02 19:41:49.1",3458687,-0.086,0.009,0.015,295.3,32.67,21.28
"2020-10-02 19:41:49.2",3458688,-0.086,0.009,0.015,295.3,32.67,21.28
"2020-10-02 19:41:49.3",3458689,-0.086,0.009,0.015,295.3,32.67,21.28
"2020-10-02 19:41:49.4",3458690,-0.086,0.009,0.015,295.3,32.67,21.28
"2020-10-02 19:41:49.5",3458691,-0.086,0.009,0.015,295.3,32.67,21.28
"2020-10-02 19:41:49.6",3458692,-0.027,0.048,0.025,295.2,32.67,21.28
"2020-10-02 19:41:49.7",3458693,-0.027,0.048,0.025,295.2,32.67,21.28
"2020-10-02 19:41:49.8",3458694,-0.027,0.048,0.025,295.2,32.67,21.28
"2020-10-02 19:41:49.9",3458695,-0.027,0.048,0.025,295.2,32.67,21.28
"2020-10-02 19:41:50",3458696,-0.027,0.048,0.025,295.2,32.71,21.34
"2020-10-02 19:41:50.1",3458697,-0.027,0.048,0.025,295.2,32.67,21.28
"2020-10-02 19:41:50.2",3458698,-0.027,0.048,0.025,295.2,32.67,21.28
"2020-10-02 19:41:50.3",3458699,-0.047,0.009,-0.006,295.3,32.67,21.28
"2020-10-02 19:41:50.4",3458700,-0.047,0.009,-0.006,295.3,32.67,21.28
"2020-10-02 19:41:50.5",3458701,-0.047,0.009,-0.006,295.3,32.67,21.28
"2020-10-02 19:41:50.6",3458702,-0.027,0.048,0.025,295.3,32.67,21.28
"2020-10-02 19:41:50.7",3458703,-0.027,0.048,0.025,295.3,32.67,21.28
"2020-10-02 19:41:50.8",3458704,-0.028,0.047,0.025,295.5,32.67,21.28
"2020-10-02 19:41:50.9",3458705,-0.027,0.048,0.025,295.5,32.67,21.28
"2020-10-02 19:41:51",3458706,-0.027,0.047,0.025,295.5,32.67,21.28
"2020-10-02 19:41:51.1",3458707,-0.027,0.048,0.025,295.5,32.67,21.28
"2020-10-02 19:41:51.2",3458708,-0.027,0.048,0.025,295.5,32.67,21.28
"2020-10-02 19:41:51.3",3458709,-0.047,0.009,-0.006,295.4,32.67,21.28
"2020-10-02 19:41:51.4",3458710,-0.047,0.009,-0.006,295.4,32.67,21.29
"2020-10-02 19:41:51.5",3458711,-0.047,0.009,-0.006,295.4,32.67,21.28
"2020-10-02 19:41:51.6",3458712,-0.008,0.009,-0.016,295.4,32.67,21.28
"2020-10-02 19:41:51.7",3458713,-0.008,0.009,-0.016,295.4,32.67,21.28
"2020-10-02 19:41:51.8",3458714,-0.047,0.009,-0.006,295.3,32.67,21.28
"2020-10-02 19:41:51.9",3458715,-0.047,0.009,-0.006,295.3,32.67,21.28
"2020-10-02 19:41:52",3458716,-0.047,0.009,-0.006,295.3,32.67,21.28
"2020-10-02 19:41:52.1",3458717,-0.047,0.009,-0.006,295.3,32.67,21.28
"2020-10-02 19:41:52.2",3458718,-0.047,0.009,-0.006,295.3,32.67,21.28
"2020-10-02 19:41:52.3",3458719,-0.047,0.009,-0.006,295.3,32.67,21.28
"2020-10-02 19:41:52.4",3458720,-0.086,0.009,0.015,295.3,32.67,21.28
"2020-10-02 19:41:52.5",3458721,-0.086,0.009,0.015,295.3,32.73,21.34
"2020-10-02 19:41:52.6",3458722,-0.057,0.009,0.074,295.6,32.67,21.28
"2020-10-02 19:41:52.7",3458723,-0.057,0.009,0.073,295.6,32.67,21.28
"2020-10-02 19:41:52.8",3458724,-0.057,0.009,0.074,295.6,32.67,21.28
"2020-10-02 19:41:52.9",3458725,-0.076,-0.022,0.108,295.8,32.67,21.28
"2020-10-02 19:41:53",3458726,-0.076,-0.021,0.108,295.8,32.67,21.28
"2020-10-02 19:41:53.1",3458727,-0.008,-0.002,0.108,296,32.67,21.28
"2020-10-02 19:41:53.2",3458728,-0.008,-0.002,0.108,296,32.67,21.28
"2020-10-02 19:41:53.3",3458729,-0.047,0.009,0.064,296,32.67,21.28
"2020-10-02 19:41:53.4",3458730,-0.047,0.009,0.064,296,32.67,21.28
"2020-10-02 19:41:53.5",3458731,-0.047,0.009,0.064,296,32.67,21.28
"2020-10-02 19:41:53.6",3458732,-0.008,-0.002,0.074,296.2,32.67,21.28
"2020-10-02 19:41:53.7",3458733,-0.008,-0.002,0.073,296.2,32.67,21.28
"2020-10-02 19:41:53.8",3458734,-0.008,-0.002,0.073,296.2,32.67,21.31
"2020-10-02 19:41:53.9",3458735,-0.008,-0.002,0.074,296.2,32.67,21.28
"2020-10-02 19:41:54",3458736,-0.008,-0.002,0.074,296.2,32.67,21.28
"2020-10-02 19:41:54.1",3458737,-0.008,-0.002,0.074,296.2,32.67,21.28
"2020-10-02 19:41:54.2",3458738,-0.008,-0.002,0.074,296.2,32.67,21.28
"2020-10-02 19:41:54.3",3458739,-0.047,-0.041,0.064,296.1,32.67,21.28
"2020-10-02 19:41:54.4",3458740,-0.047,-0.041,0.064,296.1,32.67,21.28
"2020-10-02 19:41:54.5",3458741,-0.047,-0.041,0.064,296.1,32.67,21.28
"2020-10-02 19:41:54.6",3458742,-0.047,-0.041,0.064,295.9,32.67,21.28
"2020-10-02 19:41:54.7",3458743,-0.047,-0.041,0.064,295.9,32.67,21.28
"2020-10-02 19:41:54.8",3458744,-0.105,-0.002,0.083,295.8,32.67,21.28
"2020-10-02 19:41:54.9",3458745,-0.105,-0.002,0.083,295.8,32.67,21.28
"2020-10-02 19:41:55",3458746,-0.106,-0.002,0.083,295.8,32.72,21.33
"2020-10-02 19:41:55.1",3458747,-0.066,0.009,0.137,295.8,32.67,21.28
"2020-10-02 19:41:55.2",3458748,-0.067,0.009,0.137,295.8,32.67,21.28
"2020-10-02 19:41:55.3",3458749,-0.076,0.038,0.118,295.8,32.67,21.28
"2020-10-02 19:41:55.4",3458750,-0.076,0.038,0.118,295.8,32.67,21.28
"2020-10-02 19:41:55.5",3458751,-0.076,0.038,0.118,295.8,32.67,21.28
"2020-10-02 19:41:55.6",3458752,-0.076,0.038,0.108,295.8,32.67,21.28
"2020-10-02 19:41:55.7",3458753,-0.076,0.038,0.108,295.8,32.67,21.28
"2020-10-02 19:41:55.8",3458754,-0.047,-0.002,0.064,295.9,32.67,21.28
"2020-10-02 19:41:55.9",3458755,-0.047,-0.002,0.064,295.9,32.67,21.28
"2020-10-02 19:41:56",3458756,-0.047,-0.002,0.064,295.9,32.67,21.28
"2020-10-02 19:41:56.1",3458757,-0.008,-0.002,0.044,295.9,32.67,21.28
"2020-10-02 19:41:56.2",3458758,-0.008,-0.002,0.044,295.9,32.67,21.28
"2020-10-02 19:41:56.3",3458759,-0.008,0.009,0.044,295.6,32.67,21.31
"2020-10-02 19:41:56.4",3458760,-0.008,0.009,0.044,295.6,32.67,21.28
"2020-10-02 19:41:56.5",3458761,-0.008,0.009,0.044,295.6,32.67,21.28
"2020-10-02 19:41:56.6",3458762,-0.027,-0.002,0.025,295.6,32.67,21.28
"2020-10-02 19:41:56.7",3458763,-0.027,-0.002,0.025,295.6,32.67,21.28
"2020-10-02 19:41:56.8",3458764,-0.047,0.009,-0.006,295.3,32.67,21.28
"2020-10-02 19:41:56.9",3458765,-0.047,0.009,-0.006,295.3,32.67,21.28
"2020-10-02 19:41:57",3458766,-0.047,0.009,-0.006,295.3,32.67,21.28
"2020-10-02 19:41:57.1",3458767,-0.086,0.009,0.015,295.2,32.67,21.28
"2020-10-02 19:41:57.2",3458768,-0.086,0.009,0.015,295.2,32.67,21.28
"2020-10-02 19:41:57.3",3458769,-0.086,0.008,0.015,295.3,32.67,21.28
"2020-10-02 19:41:57.4",3458770,-0.086,0.009,0.015,295.3,32.67,21.28
"2020-10-02 19:41:57.5",3458771,-0.086,0.009,0.015,295.3,32.73,21.3
"2020-10-02 19:41:57.6",3458772,-0.057,0.009,0.074,295.3,32.67,21.28
"2020-10-02 19:41:57.7",3458773,-0.057,0.009,0.074,295.3,32.67,21.28
"2020-10-02 19:41:57.8",3458774,-0.086,0.009,0.015,295.3,32.67,21.28
"2020-10-02 19:41:57.9",3458775,-0.086,0.009,0.015,295.3,32.67,21.28
"2020-10-02 19:41:58",3458776,-0.086,0.009,0.015,295.3,32.67,21.28
"2020-10-02 19:41:58.1",3458777,-0.086,0.009,0.015,295.4,32.67,21.28
"2020-10-02 19:41:58.2",3458778,-0.086,0.009,0.015,295.4,32.67,21.28
"2020-10-02 19:41:58.3",3458779,-0.076,-0.002,0.044,295.4,32.67,21.28
"2020-10-02 19:41:58.4",3458780,-0.076,-0.002,0.044,295.4,32.67,21.28
"2020-10-02 19:41:58.5",3458781,-0.076,-0.002,0.044,295.4,32.67,21.28
"2020-10-02 19:41:58.6",3458782,-0.076,-0.002,0.044,295.4,32.67,21.28
"2020-10-02 19:41:58.7",3458783,-0.076,-0.002,0.044,295.4,32.67,21.28
"2020-10-02 19:41:58.8",3458784,-0.076,-0.002,0.044,295.4,32.67,21.31
"2020-10-02 19:41:58.9",3458785,-0.076,-0.002,0.044,295.4,32.67,21.28
"2020-10-02 19:41:59",3458786,-0.076,-0.002,0.044,295.4,32.67,21.28
"2020-10-02 19:41:59.1",3458787,-0.096,-0.041,0.015,295.2,32.67,21.28
"2020-10-02 19:41:59.2",3458788,-0.096,-0.041,0.015,295.2,32.67,21.28
"2020-10-02 19:41:59.3",3458789,-0.12,-0.002,-0.006,295.2,32.67,21.28
"2020-10-02 19:41:59.4",3458790,-0.12,-0.002,-0.006,295.2,32.67,21.28
"2020-10-02 19:41:59.5",3458791,-0.12,-0.002,-0.006,295.2,32.67,21.28
"2020-10-02 19:41:59.6",3458792,-0.12,-0.002,-0.006,295.2,32.67,21.28
"2020-10-02 19:41:59.7",3458793,-0.12,-0.002,-0.006,295.2,32.67,21.28
"2020-10-02 19:41:59.8",3458794,-0.159,-0.012,-0.006,295.2,32.67,21.28
"2020-10-02 19:41:59.9",3458795,-0.159,-0.012,-0.006,295.2,32.67,21.28
"2020-10-02 19:42:00",3458796,-0.159,-0.012,-0.006,295.2,32.72,21.28
"2020-10-02 19:42:00.1",3458797,-0.13,0.009,0.035,295.2,32.67,21.28
"2020-10-02 19:42:00.2",3458798,-0.13,0.009,0.034,295.2,32.68,21.28
"2020-10-02 19:42:00.3",3458799,-0.13,0.009,0.034,295.2,32.68,21.28
"2020-10-02 19:42:00.4",3458800,-0.13,0.009,0.035,295.2,32.68,21.28
"2020-10-02 19:42:00.5",3458801,-0.13,0.009,0.035,295.2,32.69,21.28
"2020-10-02 19:42:00.6",3458802,-0.12,0.048,0.064,295.2,32.69,21.28
"2020-10-02 19:42:00.7",3458803,-0.12,0.048,0.064,295.2,32.69,21.28
"2020-10-02 19:42:00.8",3458804,-0.12,0.048,0.064,295.2,32.69,21.28
"2020-10-02 19:42:00.9",3458805,-0.12,0.048,0.064,295.2,32.69,21.28
"2020-10-02 19:42:01",3458806,-0.12,0.048,0.064,295.2,32.69,21.28
"2020-10-02 19:42:01.1",3458807,-0.13,0.038,0.064,295.6,32.69,21.28
"2020-10-02 19:42:01.2",3458808,-0.13,0.038,0.064,295.6,32.69,21.28
"2020-10-02 19:42:01.3",3458809,-0.13,0.038,0.117,296.1,32.72,21.33
"2020-10-02 19:42:01.4",3458810,-0.066,0.058,0.118,296.1,32.69,21.29
"2020-10-02 19:42:01.5",3458811,-0.066,0.057,0.117,296.1,32.7,21.29
"2020-10-02 19:42:01.6",3458812,-0.067,-0.002,0.118,296.1,32.7,21.3
"2020-10-02 19:42:01.7",3458813,-0.066,-0.002,0.117,296.1,32.71,21.3
"2020-10-02 19:42:01.8",3458814,-0.047,-0.032,0.064,295.9,32.71,21.3
"2020-10-02 19:42:01.9",3458815,-0.047,-0.031,0.064,295.9,32.71,21.3
"2020-10-02 19:42:02",3458816,-0.047,-0.031,0.064,295.9,32.71,21.3
"2020-10-02 19:42:02.1",3458817,-0.096,-0.031,0.083,295.9,32.71,21.3
"2020-10-02 19:42:02.2",3458818,-0.096,-0.031,0.083,295.9,32.71,21.3
"2020-10-02 19:42:02.3",3458819,-0.105,-0.051,0.093,295.7,32.71,21.3
"2020-10-02 19:42:02.4",3458820,-0.105,-0.051,0.093,295.7,32.71,21.3
"2020-10-02 19:42:02.5",3458821,-0.105,-0.051,0.093,295.7,32.73,21.3
"2020-10-02 19:42:02.6",3458822,-0.096,-0.051,0.083,295.8,32.71,21.3
"2020-10-02 19:42:02.7",3458823,-0.096,-0.051,0.083,295.8,32.71,21.3
"2020-10-02 19:42:02.8",3458824,-0.096,-0.051,0.083,295.7,32.71,21.3
"2020-10-02 19:42:02.9",3458825,-0.096,-0.051,0.083,295.7,32.71,21.3
"2020-10-02 19:42:03",3458826,-0.096,-0.051,0.084,295.7,32.71,21.3
"2020-10-02 19:42:03.1",3458827,-0.076,-0.002,0.044,295.9,32.71,21.3
"2020-10-02 19:42:03.2",3458828,-0.076,-0.002,0.044,295.9,32.71,21.3
"2020-10-02 19:42:03.3",3458829,-0.018,-0.002,0.083,296.1,32.71,21.3
"2020-10-02 19:42:03.4",3458830,-0.018,-0.002,0.083,296.1,32.71,21.3
"2020-10-02 19:42:03.5",3458831,-0.017,-0.002,0.083,296.1,32.71,21.3
"2020-10-02 19:42:03.6",3458832,-0.018,-0.002,0.083,296.2,32.71,21.3
"2020-10-02 19:42:03.7",3458833,-0.017,-0.002,0.083,296.2,32.71,21.3
"2020-10-02 19:42:03.8",3458834,-0.008,0.009,0.186,296.2,32.74,21.36
"2020-10-02 19:42:03.9",3458835,-0.008,0.009,0.186,296.2,32.71,21.3
"2020-10-02 19:42:04",3458836,-0.007,0.009,0.186,296.2,32.71,21.3
"2020-10-02 19:42:04.1",3458837,-0.027,0.058,0.157,296.1,32.71,21.3
"2020-10-02 19:42:04.2",3458838,-0.027,0.058,0.156,296.1,32.71,21.3
"2020-10-02 19:42:04.3",3458839,-0.027,0.057,0.156,296.1,32.71,21.3
"2020-10-02 19:42:04.4",3458840,-0.086,0.009,0.157,295.9,32.71,21.3
"2020-10-02 19:42:04.5",3458841,-0.086,0.009,0.157,295.9,32.71,21.3
"2020-10-02 19:42:04.6",3458842,-0.169,0.048,0.157,296.1,32.71,21.3
"2020-10-02 19:42:04.7",3458843,-0.169,0.048,0.157,296.1,32.71,21.3
"2020-10-02 19:42:04.8",3458844,-0.076,0.057,0.186,296.2,32.71,21.3
"2020-10-02 19:42:04.9",3458845,-0.076,0.057,0.186,296.2,32.71,21.3
"2020-10-02 19:42:05",3458846,-0.076,0.058,0.186,296.2,32.71,21.3
"2020-10-02 19:42:05.1",3458847,-0.008,-0.002,0.205,296.2,32.71,21.3
"2020-10-02 19:42:05.2",3458848,-0.008,-0.002,0.205,296.2,32.71,21.3
"2020-10-02 19:42:05.3",3458849,-0.076,-0.002,0.118,296.2,32.71,21.3
"2020-10-02 19:42:05.4",3458850,-0.076,-0.002,0.117,296.2,32.71,21.3
"2020-10-02 19:42:05.5",3458851,-0.076,-0.002,0.117,296.2,32.71,21.3
"2020-10-02 19:42:05.6",3458852,-0.037,0.067,0.157,296.2,32.71,21.3
"2020-10-02 19:42:05.7",3458853,-0.037,0.067,0.157,296.2,32.71,21.3
"2020-10-02 19:42:05.8",3458854,0.041,0.057,0.118,296.2,32.71,21.3
"2020-10-02 19:42:05.9",3458855,0.041,0.057,0.118,296.2,32.71,21.3
"2020-10-02 19:42:06",3458856,0.042,0.058,0.117,296.2,32.71,21.3
"2020-10-02 19:42:06.1",3458857,-0.008,0.018,0.117,296.1,32.71,21.3
"2020-10-02 19:42:06.2",3458858,-0.008,0.018,0.117,296.1,32.71,21.3
"2020-10-02 19:42:06.3",3458859,-0.008,0.019,0.117,296.1,32.75,21.36
"2020-10-02 19:42:06.4",3458860,-0.008,0.019,0.118,296.1,32.71,21.3
"2020-10-02 19:42:06.5",3458861,-0.008,0.018,0.118,296.1,32.7,21.3
"2020-10-02 19:42:06.6",3458862,-0.008,0.018,0.108,296,32.7,21.3
"2020-10-02 19:42:06.7",3458863,-0.008,0.018,0.108,296,32.69,21.3
"2020-10-02 19:42:06.8",3458864,-0.037,0.038,0.083,295.9,32.69,21.3
"2020-10-02 19:42:06.9",3458865,-0.037,0.038,0.083,295.9,32.69,21.3
"2020-10-02 19:42:07",3458866,-0.037,0.038,0.083,295.9,32.69,21.3
"2020-10-02 19:42:07.1",3458867,-0.096,-0.002,0.083,295.9,32.69,21.3
"2020-10-02 19:42:07.2",3458868,-0.096,-0.002,0.084,295.9,32.69,21.3
"2020-10-02 19:42:07.3",3458869,-0.057,0.077,0.064,295.8,32.69,21.3
"2020-10-02 19:42:07.4",3458870,-0.057,0.077,0.064,295.8,32.69,21.3
"2020-10-02 19:42:07.5",3458871,-0.057,0.077,0.064,295.8,32.69,21.3
"2020-10-02 19:42:07.6",3458872,-0.076,0.058,0.044,295.8,32.69,21.3
"2020-10-02 19:42:07.7",3458873,-0.076,0.057,0.044,295.8,32.69,21.3
"2020-10-02 19:42:07.8",3458874,-0.096,-0.002,0.083,295.9,32.69,21.3
"2020-10-02 19:42:07.9",3458875,-0.096,-0.002,0.083,295.9,32.69,21.3
"2020-10-02 19:42:08",3458876,-0.096,-0.002,0.083,295.9,32.69,21.3
"2020-10-02 19:42:08.1",3458877,-0.057,0.009,0.074,295.7,32.69,21.3
"2020-10-02 19:42:08.2",3458878,-0.057,0.009,0.074,295.7,32.69,21.3
"2020-10-02 19:42:08.3",3458879,-0.076,-0.002,0.044,295.6,32.69,21.3
"2020-10-02 19:42:08.4",3458880,-0.076,-0.002,0.045,295.6,32.69,21.3
"2020-10-02 19:42:08.5",3458881,-0.076,-0.002,0.044,295.6,32.69,21.3
"2020-10-02 19:42:08.6",3458882,-0.056,0.009,0.074,295.6,32.69,21.3
"2020-10-02 19:42:08.7",3458883,-0.057,0.009,0.074,295.6,32.69,21.3
"2020-10-02 19:42:08.8",3458884,-0.047,-0.051,0.074,295.6,32.75,21.36
"2020-10-02 19:42:08.9",3458885,-0.047,-0.051,0.074,295.6,32.69,21.3
"2020-10-02 19:42:09",3458886,-0.047,-0.051,0.074,295.6,32.69,21.3
"2020-10-02 19:42:09.1",3458887,-0.047,-0.051,0.074,295.7,32.69,21.3
"2020-10-02 19:42:09.2",3458888,-0.047,-0.051,0.074,295.7,32.69,21.3
"2020-10-02 19:42:09.3",3458889,-0.047,-0.051,0.074,295.7,32.69,21.3
"2020-10-02 19:42:09.4",3458890,-0.047,-0.051,0.074,295.7,32.69,21.3
"2020-10-02 19:42:09.5",3458891,-0.047,-0.051,0.074,295.7,32.69,21.3
"2020-10-02 19:42:09.6",3458892,-0.14,0.009,0.035,295.6,32.69,21.3
"2020-10-02 19:42:09.7",3458893,-0.14,0.009,0.035,295.6,32.69,21.3
"2020-10-02 19:42:09.8",3458894,-0.076,-0.002,0.044,295.5,32.69,21.3
"2020-10-02 19:42:09.9",3458895,-0.076,-0.002,0.044,295.5,32.69,21.3
"2020-10-02 19:42:10",3458896,-0.076,-0.002,0.044,295.5,32.69,21.3
"2020-10-02 19:42:10.1",3458897,-0.076,-0.002,0.044,295.6,32.69,21.33
"2020-10-02 19:42:10.2",3458898,-0.076,-0.002,0.044,295.6,32.69,21.3
"2020-10-02 19:42:10.3",3458899,-0.076,-0.002,0.044,295.6,32.69,21.3
"2020-10-02 19:42:10.4",3458900,-0.076,-0.002,0.044,295.6,32.69,21.3
"2020-10-02 19:42:10.5",3458901,-0.076,-0.002,0.044,295.6,32.69,21.3
"2020-10-02 19:42:10.6",3458902,-0.076,-0.002,0.044,295.6,32.69,21.3
"2020-10-02 19:42:10.7",3458903,-0.076,-0.002,0.044,295.6,32.69,21.3
"2020-10-02 19:42:10.8",3458904,-0.076,-0.002,0.044,295.6,32.69,21.3
"2020-10-02 19:42:10.9",3458905,-0.076,-0.002,0.044,295.6,32.69,21.3
"2020-10-02 19:42:11",3458906,-0.076,-0.002,0.044,295.6,32.69,21.3
"2020-10-02 19:42:11.1",3458907,-0.056,0.009,0.074,295.6,32.69,21.3
"2020-10-02 19:42:11.2",3458908,-0.057,0.009,0.074,295.6,32.69,21.3
"2020-10-02 19:42:11.3",3458909,-0.076,-0.002,0.044,295.6,32.74,21.34
"2020-10-02 19:42:11.4",3458910,-0.076,-0.002,0.044,295.6,32.69,21.3
"2020-10-02 19:42:11.5",3458911,-0.076,-0.002,0.044,295.6,32.69,21.3
"2020-10-02 19:42:11.6",3458912,-0.047,0.009,-0.006,295.5,32.69,21.3
"2020-10-02 19:42:11.7",3458913,-0.047,0.009,-0.006,295.5,32.69,21.3
"2020-10-02 19:42:11.8",3458914,-0.076,-0.002,0.044,295.5,32.69,21.3
"2020-10-02 19:42:11.9",3458915,-0.076,-0.002,0.044,295.5,32.69,21.3
"2020-10-02 19:42:12",3458916,-0.076,-0.002,0.044,295.5,32.69,21.3
"2020-10-02 19:42:12.1",3458917,-0.047,0.008,-0.006,295.5,32.69,21.3
"2020-10-02 19:42:12.2",3458918,-0.047,0.009,-0.006,295.5,32.69,21.3
"2020-10-02 19:42:12.3",3458919,-0.066,-0.002,-0.016,295.4,32.69,21.3
"2020-10-02 19:42:12.4",3458920,-0.066,-0.002,-0.016,295.4,32.69,21.3
"2020-10-02 19:42:12.5",3458921,-0.066,-0.002,-0.016,295.4,32.69,21.3
"2020-10-02 19:42:12.6",3458922,-0.027,-0.002,0.025,295.3,32.69,21.33
"2020-10-02 19:42:12.7",3458923,-0.027,-0.002,0.025,295.3,32.69,21.3
"2020-10-02 19:42:12.8",3458924,-0.086,0.009,0.015,295.3,32.69,21.3
"2020-10-02 19:42:12.9",3458925,-0.086,0.009,0.015,295.3,32.69,21.3
"2020-10-02 19:42:13",3458926,-0.086,0.009,0.015,295.3,32.69,21.3
"2020-10-02 19:42:13.1",3458927,-0.047,0.009,-0.006,295.4,32.69,21.3
"2020-10-02 19:42:13.2",3458928,-0.047,0.009,-0.006,295.4,32.69,21.3
"2020-10-02 19:42:13.3",3458929,-0.027,0.048,0.025,295.5,32.69,21.3
"2020-10-02 19:42:13.4",3458930,-0.027,0.048,0.025,295.5,32.69,21.3
"2020-10-02 19:42:13.5",3458931,-0.027,0.048,0.025,295.5,32.69,21.3
"2020-10-02 19:42:13.6",3458932,-0.047,0.009,-0.006,295.6,32.69,21.3
"2020-10-02 19:42:13.7",3458933,-0.047,0.009,-0.006,295.6,32.69,21.3
"2020-10-02 19:42:13.8",3458934,-0.047,0.008,-0.006,295.8,32.74,21.31
"2020-10-02 19:42:13.9",3458935,-0.047,0.009,-0.006,295.8,32.69,21.3
"2020-10-02 19:42:14",3458936,-0.047,0.009,-0.006,295.8,32.69,21.3
"2020-10-02 19:42:14.1",3458937,-0.076,-0.002,0.015,295.9,32.69,21.3
"2020-10-02 19:42:14.2",3458938,-0.076,-0.002,0.015,295.9,32.69,21.3
"2020-10-02 19:42:14.3",3458939,-0.096,-0.041,0.015,295.7,32.69,21.3
"2020-10-02 19:42:14.4",3458940,-0.096,-0.041,0.015,295.7,32.69,21.3
"2020-10-02 19:42:14.5",3458941,-0.096,-0.041,0.015,295.7,32.69,21.3
"2020-10-02 19:42:14.6",3458942,-0.027,-0.07,0.015,295.6,32.69,21.3
"2020-10-02 19:42:14.7",3458943,-0.027,-0.07,0.015,295.6,32.69,21.3
"2020-10-02 19:42:14.8",3458944,-0.037,-0.08,0.083,295.8,32.69,21.3
"2020-10-02 19:42:14.9",3458945,-0.037,-0.08,0.083,295.8,32.69,21.3
"2020-10-02 19:42:15",3458946,-0.037,-0.08,0.083,295.8,32.69,21.3
"2020-10-02 19:42:15.1",3458947,-0.027,-0.07,0.083,295.9,32.7,21.33
"2020-10-02 19:42:15.2",3458948,-0.028,-0.07,0.084,295.9,32.68,21.31
"2020-10-02 19:42:15.3",3458949,-0.028,-0.002,0.083,296,32.68,21.31
"2020-10-02 19:42:15.4",3458950,-0.027,-0.002,0.083,296,32.68,21.32
"2020-10-02 19:42:15.5",3458951,-0.027,-0.002,0.083,296,32.67,21.32
"2020-10-02 19:42:15.6",3458952,-0.008,-0.031,0.108,296.1,32.67,21.32
"2020-10-02 19:42:15.7",3458953,-0.008,-0.031,0.108,296.1,32.67,21.32
"2020-10-02 19:42:15.8",3458954,-0.008,-0.041,0.117,296.2,32.67,21.32
"2020-10-02 19:42:15.9",3458955,-0.008,-0.041,0.118,296.2,32.67,21.32
"2020-10-02 19:42:16",3458956,-0.008,-0.041,0.118,296.2,32.67,21.32
"2020-10-02 19:42:16.1",3458957,-0.008,-0.002,0.137,296.1,32.67,21.32
"2020-10-02 19:42:16.2",3458958,-0.008,-0.002,0.137,296.1,32.67,21.32
"2020-10-02 19:42:16.3",3458959,-0.027,-0.012,0.084,295.8,32.71,21.32
"2020-10-02 19:42:16.4",3458960,-0.027,-0.012,0.083,295.8,32.67,21.32
"2020-10-02 19:42:16.5",3458961,-0.027,-0.012,0.083,295.8,32.67,21.32
"2020-10-02 19:42:16.6",3458962,-0.027,-0.002,0.093,295.6,32.67,21.32
"2020-10-02 19:42:16.7",3458963,-0.027,-0.002,0.093,295.6,32.67,21.32
"2020-10-02 19:42:16.8",3458964,-0.008,-0.051,0.118,295.8,32.67,21.32
"2020-10-02 19:42:16.9",3458965,-0.008,-0.051,0.118,295.8,32.67,21.32
"2020-10-02 19:42:17",3458966,-0.008,-0.051,0.118,295.8,32.67,21.33
"2020-10-02 19:42:17.1",3458967,-0.056,0.009,0.147,295.6,32.67,21.32
"2020-10-02 19:42:17.2",3458968,-0.057,0.009,0.147,295.6,32.67,21.32
"2020-10-02 19:42:17.3",3458969,-0.076,-0.002,0.118,295.6,32.67,21.32
"2020-10-02 19:42:17.4",3458970,-0.076,-0.002,0.118,295.6,32.67,21.32
"2020-10-02 19:42:17.5",3458971,-0.076,-0.002,0.117,295.6,32.67,21.33
"2020-10-02 19:42:17.6",3458972,-0.096,0.009,0.093,295.6,32.7,21.37
"2020-10-02 19:42:17.7",3458973,-0.096,0.009,0.093,295.6,32.67,21.32
"2020-10-02 19:42:17.8",3458974,-0.096,0.009,0.093,295.5,32.67,21.32
"2020-10-02 19:42:17.9",3458975,-0.096,0.009,0.093,295.5,32.67,21.32
"2020-10-02 19:42:18",3458976,-0.096,0.009,0.093,295.5,32.67,21.32
"2020-10-02 19:42:18.1",3458977,-0.096,0.009,0.093,295.5,32.67,21.32
"2020-10-02 19:42:18.2",3458978,-0.096,0.009,0.093,295.5,32.67,21.32
"2020-10-02 19:42:18.3",3458979,-0.076,-0.002,0.044,295.4,32.67,21.32
"2020-10-02 19:42:18.4",3458980,-0.076,-0.002,0.044,295.4,32.67,21.32
"2020-10-02 19:42:18.5",3458981,-0.076,-0.002,0.044,295.4,32.67,21.32
"2020-10-02 19:42:18.6",3458982,-0.028,-0.002,0.025,295.3,32.67,21.32
"2020-10-02 19:42:18.7",3458983,-0.027,-0.002,0.025,295.3,32.67,21.32
"2020-10-02 19:42:18.8",3458984,-0.076,-0.002,0.044,295.4,32.68,21.32
"2020-10-02 19:42:18.9",3458985,-0.076,-0.002,0.044,295.4,32.67,21.32
"2020-10-02 19:42:19",3458986,-0.076,-0.002,0.044,295.4,32.67,21.32
"2020-10-02 19:42:19.1",3458987,-0.086,0.009,0.015,295.3,32.67,21.32
"2020-10-02 19:42:19.2",3458988,-0.086,0.009,0.015,295.3,32.67,21.32
"2020-10-02 19:42:19.3",3458989,-0.086,0.009,0.015,295.3,32.67,21.32
"2020-10-02 19:42:19.4",3458990,-0.086,0.009,0.015,295.3,32.67,21.32
"2020-10-02 19:42:19.5",3458991,-0.086,0.009,0.015,295.3,32.67,21.32
"2020-10-02 19:42:19.6",3458992,-0.086,0.009,0.015,295.2,32.67,21.32
"2020-10-02 19:42:19.7",3458993,-0.086,0.009,0.015,295.2,32.67,21.32
"2020-10-02 19:42:19.8",3458994,-0.12,-0.002,-0.006,295.2,32.67,21.32
"2020-10-02 19:42:19.9",3458995,-0.12,-0.002,-0.006,295.2,32.67,21.32
"2020-10-02 19:42:20",3458996,-0.12,-0.002,-0.006,295.2,32.67,21.32
"2020-10-02 19:42:20.1",3458997,-0.086,0.009,0.015,295.2,32.7,21.38
"2020-10-02 19:42:20.2",3458998,-0.086,0.009,0.015,295.2,32.67,21.32
"2020-10-02 19:42:20.3",3458999,-0.076,-0.002,0.044,295.3,32.67,21.32
"2020-10-02 19:42:20.4",3459000,-0.076,-0.002,0.044,295.3,32.67,21.32
"2020-10-02 19:42:20.5",3459001,-0.076,-0.002,0.044,295.3,32.67,21.32
"2020-10-02 19:42:20.6",3459002,-0.076,-0.002,0.044,295.3,32.67,21.32
"2020-10-02 19:42:20.7",3459003,-0.076,-0.002,0.044,295.3,32.67,21.32
"2020-10-02 19:42:20.8",3459004,-0.076,-0.002,0.044,295.3,32.67,21.32
"2020-10-02 19:42:20.9",3459005,-0.076,-0.002,0.044,295.3,32.67,21.32
"2020-10-02 19:42:21",3459006,-0.076,-0.002,0.044,295.3,32.67,21.32
"2020-10-02 19:42:21.1",3459007,-0.076,-0.002,0.044,295.3,32.67,21.32
"2020-10-02 19:42:21.2",3459008,-0.076,-0.002,0.044,295.3,32.67,21.32
"2020-10-02 19:42:21.3",3459009,-0.086,0.009,0.015,295.2,32.67,21.32
"2020-10-02 19:42:21.4",3459010,-0.086,0.009,0.015,295.2,32.67,21.32
"2020-10-02 19:42:21.5",3459011,-0.086,0.009,0.015,295.2,32.67,21.32
"2020-10-02 19:42:21.6",3459012,-0.076,-0.002,0.044,295.3,32.67,21.32
"2020-10-02 19:42:21.7",3459013,-0.076,-0.002,0.044,295.3,32.67,21.32
"2020-10-02 19:42:21.8",3459014,-0.076,-0.002,0.044,295.3,32.67,21.32
"2020-10-02 19:42:21.9",3459015,-0.076,-0.002,0.044,295.3,32.67,21.32
"2020-10-02 19:42:22",3459016,-0.076,-0.002,0.044,295.3,32.67,21.32
"2020-10-02 19:42:22.1",3459017,-0.076,-0.002,0.044,295.3,32.67,21.32
"2020-10-02 19:42:22.2",3459018,-0.076,-0.002,0.044,295.3,32.67,21.32
"2020-10-02 19:42:22.3",3459019,-0.086,0.008,0.015,295.3,32.67,21.32
"2020-10-02 19:42:22.4",3459020,-0.086,0.009,0.015,295.3,32.67,21.32
"2020-10-02 19:42:22.5",3459021,-0.086,0.008,0.015,295.3,32.67,21.32
"2020-10-02 19:42:22.6",3459022,-0.086,0.009,0.015,295.3,32.72,21.38
"2020-10-02 19:42:22.7",3459023,-0.086,0.009,0.015,295.3,32.67,21.32
"2020-10-02 19:42:22.8",3459024,-0.076,-0.002,0.044,295.4,32.67,21.32
"2020-10-02 19:42:22.9",3459025,-0.076,-0.002,0.044,295.4,32.67,21.32
"2020-10-02 19:42:23",3459026,-0.076,-0.002,0.044,295.4,32.67,21.32
"2020-10-02 19:42:23.1",3459027,-0.086,0.009,0.015,295.3,32.67,21.32
"2020-10-02 19:42:23.2",3459028,-0.086,0.009,0.015,295.3,32.67,21.32
"2020-10-02 19:42:23.3",3459029,-0.076,-0.002,0.044,295.4,32.67,21.32
"2020-10-02 19:42:23.4",3459030,-0.076,-0.002,0.044,295.4,32.67,21.32
"2020-10-02 19:42:23.5",3459031,-0.076,-0.002,0.044,295.4,32.67,21.32
"2020-10-02 19:42:23.6",3459032,-0.076,-0.002,0.044,295.4,32.67,21.32
"2020-10-02 19:42:23.7",3459033,-0.076,-0.002,0.044,295.4,32.67,21.32
"2020-10-02 19:42:23.8",3459034,-0.096,-0.041,0.015,295.5,32.67,21.32
"2020-10-02 19:42:23.9",3459035,-0.096,-0.041,0.015,295.5,32.67,21.35
"2020-10-02 19:42:24",3459036,-0.096,-0.041,0.015,295.5,32.67,21.32
"2020-10-02 19:42:24.1",3459037,-0.076,-0.002,0.044,295.5,32.67,21.32
"2020-10-02 19:42:24.2",3459038,-0.076,-0.002,0.044,295.5,32.67,21.32
"2020-10-02 19:42:24.3",3459039,-0.096,-0.041,0.015,295.6,32.7,21.32
"2020-10-02 19:42:24.4",3459040,-0.093,-0.04,0.016,295.6,32.68,21.32
"2020-10-02 19:42:24.5",3459041,-0.095,-0.041,0.016,295.6,32.67,21.33
"2020-10-02 19:42:24.6",3459042,-0.147,-0.04,0.045,295.5,32.67,21.33
"2020-10-02 19:42:24.7",3459043,-0.15,-0.041,0.045,295.5,32.67,21.33
"2020-10-02 19:42:24.8",3459044,-0.247,0.048,0.073,295.8,32.67,21.33
"2020-10-02 19:42:24.9",3459045,-0.245,0.048,0.074,295.8,32.68,21.32
"2020-10-02 19:42:25",3459046,-0.244,0.048,0.074,295.8,32.68,21.31
"2020-10-02 19:42:25.1",3459047,-0.128,0.037,0.065,295.8,32.72,21.36
"2020-10-02 19:42:25.2",3459048,-0.126,0.039,0.065,295.8,32.66,21.32
"2020-10-02 19:42:25.3",3459049,-0.218,0.131,0.034,295.5,32.66,21.33
"2020-10-02 19:42:25.4",3459050,-0.218,0.131,0.034,295.5,32.66,21.33
"2020-10-02 19:42:25.5",3459051,-0.216,0.13,0.034,295.5,32.66,21.32
"2020-10-02 19:42:25.6",3459052,-0.127,0.2,0.075,295.6,32.66,21.32
"2020-10-02 19:42:25.7",3459053,-0.127,0.199,0.074,295.6,32.64,21.31
"2020-10-02 19:42:25.8",3459054,-0.149,0.133,0.075,295.5,32.64,21.33
"2020-10-02 19:42:25.9",3459055,-0.149,0.132,0.074,295.5,32.65,21.33
"2020-10-02 19:42:26",3459056,-0.148,0.132,0.074,295.5,32.66,21.33
"2020-10-02 19:42:26.1",3459057,-0.138,0.078,0.045,295.4,32.66,21.32
"2020-10-02 19:42:26.2",3459058,-0.138,0.078,0.045,295.4,32.65,21.32
"2020-10-02 19:42:26.3",3459059,-0.136,0.078,0.045,296.1,32.63,21.32
"2020-10-02 19:42:26.4",3459060,-0.086,0.088,0.158,296.1,32.64,21.36
"2020-10-02 19:42:26.5",3459061,-0.085,0.088,0.156,296.1,32.66,21.33
"2020-10-02 19:42:26.6",3459062,-0.093,0.078,0.156,296.2,32.66,21.32
"2020-10-02 19:42:26.7",3459063,-0.095,0.078,0.158,296.2,32.66,21.31
"2020-10-02 19:42:26.8",3459064,-0.054,0.077,0.064,295.7,32.64,21.32
"2020-10-02 19:42:26.9",3459065,-0.055,0.078,0.065,295.7,32.63,21.34
"2020-10-02 19:42:27",3459066,-0.057,0.078,0.064,295.7,32.64,21.33
"2020-10-02 19:42:27.1",3459067,-0.12,0.17,0.083,295.7,32.66,21.33
"2020-10-02 19:42:27.2",3459068,-0.119,0.171,0.084,295.7,32.66,21.32
"2020-10-02 19:42:27.3",3459069,-0.157,0.087,0.118,295.6,32.66,21.31
"2020-10-02 19:42:27.4",3459070,-0.158,0.087,0.118,295.6,32.64,21.33
"2020-10-02 19:42:27.5",3459071,-0.157,0.089,0.118,295.6,32.63,21.34
"2020-10-02 19:42:27.6",3459072,-0.017,0.17,0.118,295.5,32.71,21.34
"2020-10-02 19:42:27.7",3459073,-0.017,0.171,0.117,295.5,32.66,21.33
"2020-10-02 19:42:27.8",3459074,-0.055,0.17,0.137,295.5,32.65,21.32
"2020-10-02 19:42:27.9",3459075,-0.055,0.17,0.138,295.5,32.64,21.32
"2020-10-02 19:42:28",3459076,-0.054,0.169,0.138,295.5,32.62,21.32
"2020-10-02 19:42:28.1",3459077,-0.055,0.171,0.139,295.7,32.62,21.33
"2020-10-02 19:42:28.2",3459078,-0.056,0.171,0.138,295.7,32.63,21.33
"2020-10-02 19:42:28.3",3459079,-0.139,0.219,0.138,295.8,32.64,21.33
"2020-10-02 19:42:28.4",3459080,-0.138,0.219,0.138,295.8,32.64,21.32
"2020-10-02 19:42:28.5",3459081,-0.138,0.218,0.138,295.8,32.64,21.31
"2020-10-02 19:42:28.6",3459082,-0.104,0.161,0.157,295.8,32.61,21.33
"2020-10-02 19:42:28.7",3459083,-0.105,0.161,0.158,295.8,32.62,21.34
"2020-10-02 19:42:28.8",3459084,-0.188,0.17,0.137,295.8,32.64,21.33
"2020-10-02 19:42:28.9",3459085,-0.186,0.171,0.137,295.8,32.65,21.35
"2020-10-02 19:42:29",3459086,-0.187,0.172,0.138,295.8,32.64,21.32
"2020-10-02 19:42:29.1",3459087,-0.175,0.17,0.074,295.7,32.63,21.31
"2020-10-02 19:42:29.2",3459088,-0.178,0.171,0.075,295.7,32.61,21.34
"2020-10-02 19:42:29.3",3459089,-0.159,0.17,0.036,295.5,32.63,21.33
"2020-10-02 19:42:29.4",3459090,-0.159,0.171,0.035,295.5,32.64,21.33
"2020-10-02 19:42:29.5",3459091,-0.157,0.171,0.035,295.5,32.64,21.32
"2020-10-02 19:42:29.6",3459092,-0.055,0.079,0.065,295.7,32.64,21.32
"2020-10-02 19:42:29.7",3459093,-0.053,0.078,0.065,295.7,32.62,21.32
"2020-10-02 19:42:29.8",3459094,-0.128,0.122,0.055,295.7,32.62,21.33
"2020-10-02 19:42:29.9",3459095,-0.13,0.122,0.055,295.7,32.63,21.33
"2020-10-02 19:42:30",3459096,-0.129,0.122,0.054,295.7,32.64,21.33
"2020-10-02 19:42:30.1",3459097,-0.045,0.079,0.137,295.9,32.69,21.32
"2020-10-02 19:42:30.2",3459098,-0.045,0.078,0.138,295.9,32.63,21.31
"2020-10-02 19:42:30.3",3459099,-0.084,0.088,0.157,295.9,32.61,21.32
"2020-10-02 19:42:30.4",3459100,-0.086,0.088,0.157,295.9,32.62,21.33
"2020-10-02 19:42:30.5",3459101,-0.086,0.088,0.157,295.9,32.63,21.33
"2020-10-02 19:42:30.6",3459102,-0.084,0.088,0.157,295.8,32.64,21.32
"2020-10-02 19:42:30.7",3459103,-0.084,0.087,0.157,295.8,32.64,21.32
"2020-10-02 19:42:30.8",3459104,-0.055,0.088,0.074,295.6,32.63,21.31
"2020-10-02 19:42:30.9",3459105,-0.055,0.087,0.074,295.6,32.62,21.33
"2020-10-02 19:42:31",3459106,-0.056,0.088,0.074,295.6,32.62,21.33
"2020-10-02 19:42:31.1",3459107,-0.027,0.049,0.026,295.6,32.64,21.33
"2020-10-02 19:42:31.2",3459108,-0.026,0.049,0.025,295.6,32.64,21.32
"2020-10-02 19:42:31.3",3459109,-0.094,0.087,0.015,295.5,32.64,21.32
"2020-10-02 19:42:31.4",3459110,-0.094,0.087,0.016,295.5,32.65,21.35
"2020-10-02 19:42:31.5",3459111,-0.094,0.088,0.016,295.5,32.61,21.33
"2020-10-02 19:42:31.6",3459112,-0.026,0.122,0.016,295.4,32.62,21.34
"2020-10-02 19:42:31.7",3459113,-0.026,0.122,0.015,295.4,32.63,21.34
"2020-10-02 19:42:31.8",3459114,-0.095,0.088,0.016,295.3,32.64,21.34
"2020-10-02 19:42:31.9",3459115,-0.094,0.088,0.015,295.3,32.64,21.33
"2020-10-02 19:42:32",3459116,-0.094,0.088,0.016,295.3,32.64,21.33
"2020-10-02 19:42:32.1",3459117,-0.127,0.112,-0.005,295.1,32.62,21.34
"2020-10-02 19:42:32.2",3459118,-0.128,0.112,-0.005,295.1,32.62,21.35
"2020-10-02 19:42:32.3",3459119,-0.086,0.122,-0.025,295.2,32.63,21.35
"2020-10-02 19:42:32.4",3459120,-0.085,0.122,-0.025,295.2,32.64,21.34
"2020-10-02 19:42:32.5",3459121,-0.084,0.122,-0.025,295.2,32.64,21.34
"2020-10-02 19:42:32.6",3459122,-0.093,0.17,0.006,295.1,32.66,21.33
"2020-10-02 19:42:32.7",3459123,-0.094,0.171,0.006,295.1,32.62,21.35
"2020-10-02 19:42:32.8",3459124,-0.075,0.209,0.035,295.1,32.62,21.36
"2020-10-02 19:42:32.9",3459125,-0.076,0.209,0.034,295.1,32.63,21.35
"2020-10-02 19:42:33",3459126,-0.074,0.21,0.035,295.1,32.64,21.34
"2020-10-02 19:42:33.1",3459127,-0.085,0.122,-0.026,295.2,32.64,21.34
"2020-10-02 19:42:33.2",3459128,-0.084,0.122,-0.024,295.2,32.63,21.33
"2020-10-02 19:42:33.3",3459129,-0.055,0.078,-0.005,295.1,32.61,21.35
"2020-10-02 19:42:33.4",3459130,-0.057,0.078,-0.005,295.1,32.63,21.35
"2020-10-02 19:42:33.5",3459131,-0.056,0.078,-0.006,295.1,32.64,21.35
"2020-10-02 19:42:33.6",3459132,-0.128,0.112,-0.006,295.1,32.64,21.34
"2020-10-02 19:42:33.7",3459133,-0.128,0.112,-0.005,295.1,32.64,21.33
"2020-10-02 19:42:33.8",3459134,-0.083,0.12,-0.025,295.2,32.62,21.34
"2020-10-02 19:42:33.9",3459135,-0.086,0.122,-0.025,295.2,32.66,21.41
"2020-10-02 19:42:34",3459136,-0.086,0.122,-0.025,295.2,32.63,21.35
"2020-10-02 19:42:34.1",3459137,-0.057,0.17,-0.006,295.2,32.64,21.34
"2020-10-02 19:42:34.2",3459138,-0.055,0.171,-0.006,295.2,32.64,21.33
"2020-10-02 19:42:34.3",3459139,-0.054,0.171,-0.005,295.2,32.62,21.34
"2020-10-02 19:42:34.4",3459140,-0.056,0.17,-0.005,295.2,32.62,21.35
"2020-10-02 19:42:34.5",3459141,-0.057,0.17,-0.005,295.2,32.63,21.35
"2020-10-02 19:42:34.6",3459142,-0.086,0.122,-0.026,295.2,32.64,21.35
"2020-10-02 19:42:34.7",3459143,-0.085,0.122,-0.025,295.2,32.64,21.33
"2020-10-02 19:42:34.8",3459144,-0.157,0.141,0.005,295.2,32.63,21.33
"2020-10-02 19:42:34.9",3459145,-0.157,0.14,0.006,295.2,32.61,21.35
"2020-10-02 19:42:35",3459146,-0.159,0.141,0.006,295.2,32.62,21.35
"2020-10-02 19:42:35.1",3459147,-0.086,0.121,-0.025,295.2,32.64,21.35
"2020-10-02 19:42:35.2",3459148,-0.085,0.122,-0.026,295.2,32.65,21.33
"2020-10-02 19:42:35.3",3459149,-0.158,0.14,0.005,295.2,32.63,21.33
"2020-10-02 19:42:35.4",3459150,-0.157,0.141,0.006,295.2,32.61,21.35
"2020-10-02 19:42:35.5",3459151,-0.159,0.141,0.006,295.2,32.62,21.35
"2020-10-02 19:42:35.6",3459152,-0.14,0.131,-0.006,295.2,32.63,21.35
"2020-10-02 19:42:35.7",3459153,-0.139,0.132,-0.006,295.2,32.64,21.34
"2020-10-02 19:42:35.8",3459154,-0.148,0.16,0.044,295.2,32.64,21.34
"2020-10-02 19:42:35.9",3459155,-0.148,0.16,0.045,295.2,32.62,21.34
"2020-10-02 19:42:36",3459156,-0.148,0.16,0.046,295.2,32.61,21.36
"2020-10-02 19:42:36.1",3459157,-0.095,0.077,0.084,295.2,32.63,21.35
"2020-10-02 19:42:36.2",3459158,-0.095,0.078,0.083,295.2,32.64,21.35
"2020-10-02 19:42:36.3",3459159,-0.12,0.049,0.064,295.2,32.64,21.33
"2020-10-02 19:42:36.4",3459160,-0.119,0.049,0.064,295.2,32.66,21.4
"2020-10-02 19:42:36.5",3459161,-0.118,0.048,0.065,295.2,32.62,21.35
"2020-10-02 19:42:36.6",3459162,-0.085,0.121,0.046,295.3,32.63,21.35
"2020-10-02 19:42:36.7",3459163,-0.086,0.121,0.045,295.3,32.64,21.35
"2020-10-02 19:42:36.8",3459164,-0.086,0.122,0.044,295.3,32.65,21.35
"2020-10-02 19:42:36.9",3459165,-0.085,0.122,0.044,295.3,32.64,21.33
"2020-10-02 19:42:37",3459166,-0.084,0.12,0.044,295.3,32.63,21.33
"2020-10-02 19:42:37.1",3459167,-0.094,0.087,0.016,295.2,32.61,21.35
"2020-10-02 19:42:37.2",3459168,-0.096,0.087,0.015,295.2,32.63,21.35
"2020-10-02 19:42:37.3",3459169,-0.085,0.122,0.044,295.3,32.63,21.35
"2020-10-02 19:42:37.4",3459170,-0.085,0.121,0.044,295.3,32.64,21.34
"2020-10-02 19:42:37.5",3459171,-0.084,0.122,0.044,295.3,32.63,21.33
"2020-10-02 19:42:37.6",3459172,-0.082,0.121,0.045,295.3,32.61,21.34
"2020-10-02 19:42:37.7",3459173,-0.085,0.122,0.046,295.3,32.62,21.36
"2020-10-02 19:42:37.8",3459174,-0.095,0.088,0.015,295.2,32.64,21.35
"2020-10-02 19:42:37.9",3459175,-0.095,0.088,0.015,295.2,32.65,21.34
"2020-10-02 19:42:38",3459176,-0.094,0.088,0.015,295.2,32.65,21.33
"2020-10-02 19:42:38.1",3459177,-0.084,0.121,0.045,295.3,32.63,21.35
"2020-10-02 19:42:38.2",3459178,-0.085,0.121,0.045,295.3,32.62,21.36
"2020-10-02 19:42:38.3",3459179,-0.086,0.122,0.045,295.3,32.65,21.35
"2020-10-02 19:42:38.4",3459180,-0.085,0.122,0.044,295.3,32.66,21.35
"2020-10-02 19:42:38.5",3459181,-0.085,0.122,0.044,295.3,32.66,21.33
"2020-10-02 19:42:38.6",3459182,-0.093,0.087,0.016,295.2,32.65,21.34
"2020-10-02 19:42:38.7",3459183,-0.094,0.087,0.016,295.2,32.63,21.35
"2020-10-02 19:42:38.8",3459184,-0.086,0.121,0.045,295.3,32.64,21.36
"2020-10-02 19:42:38.9",3459185,-0.086,0.122,0.044,295.3,32.72,21.4
"2020-10-02 19:42:39",3459186,-0.083,0.121,0.044,295.3,32.67,21.33
"2020-10-02 19:42:39.1",3459187,-0.093,0.087,0.015,295.3,32.67,21.34
"2020-10-02 19:42:39.2",3459188,-0.093,0.088,0.016,295.3,32.67,21.35
"2020-10-02 19:42:39.3",3459189,-0.085,0.121,0.045,295.3,32.69,21.35
"2020-10-02 19:42:39.4",3459190,-0.086,0.122,0.044,295.3,32.71,21.34
"2020-10-02 19:42:39.5",3459191,-0.084,0.123,0.045,295.3,32.71,21.33
"2020-10-02 19:42:39.6",3459192,-0.084,0.121,0.045,295.3,32.71,21.33
"2020-10-02 19:42:39.7",3459193,-0.084,0.122,0.046,295.3,32.69,21.35
"2020-10-02 19:42:39.8",3459194,-0.085,0.122,0.045,295.3,32.71,21.36
"2020-10-02 19:42:39.9",3459195,-0.085,0.122,0.044,295.3,32.72,21.35
"2020-10-02 19:42:40",3459196,-0.085,0.123,0.045,295.3,32.72,21.33
"2020-10-02 19:42:40.1",3459197,-0.126,0.038,-0.005,295.3,32.71,21.34
"2020-10-02 19:42:40.2",3459198,-0.129,0.038,-0.005,295.3,32.7,21.36
"2020-10-02 19:42:40.3",3459199,-0.096,0.087,0.016,295.3,32.72,21.35
"2020-10-02 19:42:40.4",3459200,-0.095,0.088,0.015,295.3,32.74,21.35
"2020-10-02 19:42:40.5",3459201,-0.095,0.089,0.015,295.3,32.75,21.34
"2020-10-02 19:42:40.6",3459202,-0.095,0.088,0.015,295.3,32.75,21.33
"2020-10-02 19:42:40.7",3459203,-0.094,0.088,0.015,295.3,32.74,21.34
"2020-10-02 19:42:40.8",3459204,-0.129,0.038,-0.005,295.3,32.73,21.36
"2020-10-02 19:42:40.9",3459205,-0.129,0.039,-0.006,295.3,32.75,21.35
"2020-10-02 19:42:41",3459206,-0.129,0.038,-0.006,295.3,32.76,21.34
"2020-10-02 19:42:41.1",3459207,-0.129,0.039,-0.006,295.3,32.75,21.34
"2020-10-02 19:42:41.2",3459208,-0.124,0.037,-0.005,295.3,32.74,21.34
"2020-10-02 19:42:41.3",3459209,-0.13,0.038,-0.005,295.3,32.74,21.35
"2020-10-02 19:42:41.4",3459210,-0.13,0.039,-0.005,295.3,32.81,21.39
"2020-10-02 19:42:41.5",3459211,-0.128,0.039,-0.006,295.3,32.77,21.34
"2020-10-02 19:42:41.6",3459212,-0.128,0.039,-0.005,295.3,32.77,21.34
"2020-10-02 19:42:41.7",3459213,-0.126,0.038,-0.005,295.3,32.77,21.35
"2020-10-02 19:42:41.8",3459214,-0.084,0.01,0.016,295.2,32.77,21.36
"2020-10-02 19:42:41.9",3459215,-0.086,0.009,0.015,295.2,32.78,21.37
"2020-10-02 19:42:42",3459216,-0.085,0.009,0.015,295.2,32.8,21.36
"2020-10-02 19:42:42.1",3459217,-0.084,0.009,0.015,295.2,32.8,21.36
"2020-10-02 19:42:42.2",3459218,-0.083,0.009,0.016,295.2,32.78,21.36
"2020-10-02 19:42:42.3",3459219,-0.128,0.038,-0.005,295.3,32.78,21.37
"2020-10-02 19:42:42.4",3459220,-0.13,0.038,-0.005,295.3,32.79,21.38
"2020-10-02 19:42:42.5",3459221,-0.13,0.039,-0.006,295.3,32.79,21.37
"2020-10-02 19:42:42.6",3459222,-0.129,0.039,-0.006,295.3,32.8,21.36
"2020-10-02 19:42:42.7",3459223,-0.127,0.039,-0.005,295.3,32.79,21.39
"2020-10-02 19:42:42.8",3459224,-0.074,0.057,0.045,295.3,32.79,21.37
"2020-10-02 19:42:42.9",3459225,-0.076,0.058,0.045,295.3,32.8,21.37
"2020-10-02 19:42:43",3459226,-0.076,0.058,0.046,295.3,32.81,21.37
"2020-10-02 19:42:43.1",3459227,-0.128,0.039,-0.006,295.3,32.82,21.36
"2020-10-02 19:42:43.2",3459228,-0.127,0.039,-0.006,295.3,32.81,21.35
"2020-10-02 19:42:43.3",3459229,-0.084,0.008,0.016,295.3,32.79,21.36
"2020-10-02 19:42:43.4",3459230,-0.086,0.009,0.016,295.3,32.79,21.38
"2020-10-02 19:42:43.5",3459231,-0.085,0.01,0.015,295.3,32.82,21.37
