"TOA5","10329","CR6","10329","CR6.Std.09.01 CR6-WIFI.04.00.01","CPU:YOUNG81000_HMP60_10Hz.CR6","51185","Young10Hz_hmp"
"TIMESTAMP","RECORD","U","V","W","TSonic","RH","T_HMP60"
"TS","RN","mV","mV","mV","mV","%","Deg C"
"","","Smp","Smp","Smp","Smp","Smp","Smp"
"2020-10-02 21:03:55.6",3505111,-0.007,0.009,0.045,295.5,33.17,20.62
"2020-10-02 21:03:55.7",3505112,-0.007,0.009,0.044,295.5,33.17,20.62
"2020-10-02 21:03:55.8",3505113,-0.007,0.009,0.045,295.5,33.17,20.62
"2020-10-02 21:03:55.9",3505114,-0.027,-0.002,0.025,295.6,33.17,20.62
"2020-10-02 21:03:56",3505115,-0.027,-0.002,0.025,295.6,33.17,20.62
"2020-10-02 21:03:56.1",3505116,-0.007,-0.002,0.074,295.6,33.17,20.62
"2020-10-02 21:03:56.2",3505117,-0.007,-0.002,0.074,295.6,33.23,20.68
"2020-10-02 21:03:56.3",3505118,-0.007,-0.002,0.074,295.6,33.17,20.62
"2020-10-02 21:03:56.4",3505119,-0.007,-0.002,0.074,295.6,33.17,20.62
"2020-10-02 21:03:56.5",3505120,-0.007,-0.002,0.074,295.6,33.17,20.62
"2020-10-02 21:03:56.6",3505121,-0.007,0.009,0.045,295.5,33.17,20.62
"2020-10-02 21:03:56.7",3505122,-0.007,0.009,0.045,295.5,33.17,20.62
"2020-10-02 21:03:56.8",3505123,-0.007,0.009,0.045,295.5,33.17,20.62
"2020-10-02 21:03:56.9",3505124,-0.027,-0.002,0.025,295.5,33.17,20.62
"2020-10-02 21:03:57",3505125,-0.027,-0.002,0.025,295.5,33.17,20.62
"2020-10-02 21:03:57.1",3505126,-0.008,0.009,0.045,295.5,33.17,20.62
"2020-10-02 21:03:57.2",3505127,-0.007,0.009,0.045,295.5,33.17,20.62
"2020-10-02 21:03:57.3",3505128,-0.007,0.009,0.045,295.5,33.17,20.62
"2020-10-02 21:03:57.4",3505129,0.032,-0.001,0.045,295.5,33.17,20.62
"2020-10-02 21:03:57.5",3505130,0.032,-0.001,0.045,295.5,33.17,20.65
"2020-10-02 21:03:57.6",3505131,-0.007,0.009,0.044,295.4,33.17,20.62
"2020-10-02 21:03:57.7",3505132,-0.007,0.009,0.045,295.4,33.17,20.62
"2020-10-02 21:03:57.8",3505133,-0.007,0.009,0.045,295.4,33.17,20.62
"2020-10-02 21:03:57.9",3505134,-0.007,0.009,0.045,295.4,33.17,20.62
"2020-10-02 21:03:58",3505135,-0.007,0.009,0.045,295.4,33.17,20.62
"2020-10-02 21:03:58.1",3505136,-0.008,0.009,0.045,295.4,33.17,20.62
"2020-10-02 21:03:58.2",3505137,-0.007,0.009,0.044,295.4,33.17,20.62
"2020-10-02 21:03:58.3",3505138,-0.007,0.009,0.045,295.4,33.17,20.62
"2020-10-02 21:03:58.4",3505139,-0.007,0.009,0.045,295.4,33.17,20.62
"2020-10-02 21:03:58.5",3505140,-0.007,0.009,0.045,295.4,33.17,20.62
"2020-10-02 21:03:58.6",3505141,-0.007,0.009,0.044,295.4,33.17,20.62
"2020-10-02 21:03:58.7",3505142,-0.007,0.009,0.045,295.4,33.22,20.65
"2020-10-02 21:03:58.8",3505143,-0.007,0.009,0.044,295.4,33.17,20.62
"2020-10-02 21:03:58.9",3505144,-0.007,0.009,0.044,295.4,33.17,20.62
"2020-10-02 21:03:59",3505145,-0.007,0.009,0.045,295.4,33.17,20.62
"2020-10-02 21:03:59.1",3505146,-0.007,0.009,0.044,295.4,33.17,20.62
"2020-10-02 21:03:59.2",3505147,-0.007,0.009,0.045,295.4,33.17,20.62
"2020-10-02 21:03:59.3",3505148,-0.007,0.009,0.045,295.4,33.17,20.62
"2020-10-02 21:03:59.4",3505149,-0.027,-0.002,0.025,295.4,33.17,20.62
"2020-10-02 21:03:59.5",3505150,-0.027,-0.002,0.025,295.4,33.17,20.62
"2020-10-02 21:03:59.6",3505151,-0.027,-0.002,0.025,295.4,33.17,20.62
"2020-10-02 21:03:59.7",3505152,-0.027,-0.002,0.025,295.4,33.17,20.62
"2020-10-02 21:03:59.8",3505153,-0.027,-0.001,0.025,295.4,33.17,20.62
"2020-10-02 21:03:59.9",3505154,-0.027,-0.002,0.025,295.4,33.17,20.62
"2020-10-02 21:04:00",3505155,-0.027,-0.002,0.025,295.4,33.17,20.65
"2020-10-02 21:04:00.1",3505156,-0.008,0.009,0.045,295.4,33.17,20.62
"2020-10-02 21:04:00.2",3505157,-0.007,0.009,0.045,295.4,33.17,20.62
"2020-10-02 21:04:00.3",3505158,-0.007,0.009,0.045,295.4,33.17,20.62
"2020-10-02 21:04:00.4",3505159,-0.007,0.009,0.045,295.4,33.17,20.62
"2020-10-02 21:04:00.5",3505160,-0.007,0.009,0.045,295.4,33.17,20.62
"2020-10-02 21:04:00.6",3505161,-0.007,0.009,0.045,295.4,33.17,20.62
"2020-10-02 21:04:00.7",3505162,-0.007,0.009,0.045,295.4,33.17,20.62
"2020-10-02 21:04:00.8",3505163,-0.007,0.009,0.045,295.4,33.17,20.62
"2020-10-02 21:04:00.9",3505164,-0.007,0.009,0.045,295.4,33.17,20.62
"2020-10-02 21:04:01",3505165,-0.007,0.009,0.045,295.4,33.17,20.62
"2020-10-02 21:04:01.1",3505166,-0.007,0.009,0.044,295.4,33.17,20.62
"2020-10-02 21:04:01.2",3505167,-0.007,0.009,0.045,295.4,33.22,20.62
"2020-10-02 21:04:01.3",3505168,-0.007,0.009,0.045,295.4,33.17,20.62
"2020-10-02 21:04:01.4",3505169,-0.007,0.009,0.045,295.4,33.18,20.62
"2020-10-02 21:04:01.5",3505170,-0.007,0.009,0.045,295.4,33.18,20.62
"2020-10-02 21:04:01.6",3505171,-0.007,0.009,0.045,295.3,33.18,20.62
"2020-10-02 21:04:01.7",3505172,-0.007,0.009,0.045,295.3,33.19,20.62
"2020-10-02 21:04:01.8",3505173,-0.007,0.009,0.045,295.3,33.19,20.62
"2020-10-02 21:04:01.9",3505174,-0.007,0.009,0.045,295.3,33.19,20.62
"2020-10-02 21:04:02",3505175,-0.007,0.009,0.045,295.3,33.19,20.62
"2020-10-02 21:04:02.1",3505176,-0.027,-0.002,0.025,295.3,33.19,20.62
"2020-10-02 21:04:02.2",3505177,-0.027,-0.001,0.025,295.3,33.19,20.62
"2020-10-02 21:04:02.3",3505178,-0.027,-0.001,0.025,295.3,33.19,20.62
"2020-10-02 21:04:02.4",3505179,-0.017,-0.041,0.045,295.3,33.19,20.62
"2020-10-02 21:04:02.5",3505180,-0.017,-0.041,0.045,295.3,33.21,20.65
"2020-10-02 21:04:02.6",3505181,-0.027,-0.002,0.025,295.2,33.19,20.62
"2020-10-02 21:04:02.7",3505182,-0.027,-0.002,0.025,295.2,33.19,20.62
"2020-10-02 21:04:02.8",3505183,-0.027,-0.002,0.025,295.2,33.19,20.62
"2020-10-02 21:04:02.9",3505184,-0.027,-0.001,0.025,295.2,33.19,20.62
"2020-10-02 21:04:03",3505185,-0.027,-0.001,0.025,295.2,33.19,20.62
"2020-10-02 21:04:03.1",3505186,-0.007,-0.002,-0.006,295.2,33.19,20.62
"2020-10-02 21:04:03.2",3505187,-0.007,-0.001,-0.006,295.2,33.19,20.62
"2020-10-02 21:04:03.3",3505188,-0.007,-0.002,-0.005,295.2,33.19,20.62
"2020-10-02 21:04:03.4",3505189,-0.007,-0.001,-0.006,295.2,33.19,20.62
"2020-10-02 21:04:03.5",3505190,-0.007,-0.002,-0.005,295.2,33.19,20.62
"2020-10-02 21:04:03.6",3505191,-0.007,-0.002,-0.006,295.2,33.19,20.62
"2020-10-02 21:04:03.7",3505192,-0.007,-0.002,-0.005,295.2,33.23,20.62
"2020-10-02 21:04:03.8",3505193,-0.007,-0.001,-0.005,295.2,33.19,20.62
"2020-10-02 21:04:03.9",3505194,-0.027,-0.001,0.025,295.2,33.19,20.62
"2020-10-02 21:04:04",3505195,-0.027,-0.002,0.025,295.2,33.19,20.62
"2020-10-02 21:04:04.1",3505196,-0.047,0.009,-0.006,295.3,33.19,20.62
"2020-10-02 21:04:04.2",3505197,-0.046,0.009,-0.006,295.3,33.19,20.62
"2020-10-02 21:04:04.3",3505198,-0.046,0.009,-0.006,295.3,33.19,20.62
"2020-10-02 21:04:04.4",3505199,-0.046,0.009,-0.005,295.3,33.19,20.62
"2020-10-02 21:04:04.5",3505200,-0.046,0.009,-0.006,295.3,33.19,20.62
"2020-10-02 21:04:04.6",3505201,-0.027,-0.002,0.025,295.3,33.19,20.62
"2020-10-02 21:04:04.7",3505202,-0.027,-0.002,0.025,295.3,33.19,20.62
"2020-10-02 21:04:04.8",3505203,-0.027,-0.002,0.025,295.3,33.19,20.62
"2020-10-02 21:04:04.9",3505204,-0.027,-0.001,0.025,295.3,33.19,20.62
"2020-10-02 21:04:05",3505205,-0.027,-0.001,0.025,295.3,33.22,20.67
"2020-10-02 21:04:05.1",3505206,-0.027,-0.001,0.025,295.3,33.19,20.62
"2020-10-02 21:04:05.2",3505207,-0.027,-0.002,0.025,295.3,33.19,20.62
"2020-10-02 21:04:05.3",3505208,-0.027,-0.002,0.025,295.3,33.19,20.62
"2020-10-02 21:04:05.4",3505209,-0.027,-0.001,0.025,295.3,33.19,20.62
"2020-10-02 21:04:05.5",3505210,-0.027,-0.001,0.025,295.3,33.19,20.62
"2020-10-02 21:04:05.6",3505211,-0.027,-0.001,0.025,295.3,33.19,20.62
"2020-10-02 21:04:05.7",3505212,-0.027,-0.002,0.025,295.3,33.19,20.62
"2020-10-02 21:04:05.8",3505213,-0.027,-0.001,0.025,295.3,33.19,20.62
"2020-10-02 21:04:05.9",3505214,-0.046,0.009,-0.006,295.3,33.19,20.62
"2020-10-02 21:04:06",3505215,-0.046,0.009,-0.006,295.3,33.19,20.62
"2020-10-02 21:04:06.1",3505216,-0.047,0.009,-0.006,295.3,33.19,20.62
"2020-10-02 21:04:06.2",3505217,-0.046,0.009,-0.005,295.3,33.2,20.62
"2020-10-02 21:04:06.3",3505218,-0.046,0.009,-0.006,295.3,33.19,20.62
"2020-10-02 21:04:06.4",3505219,-0.007,0.009,-0.015,295.3,33.19,20.62
"2020-10-02 21:04:06.5",3505220,-0.007,0.009,-0.015,295.3,33.19,20.62
"2020-10-02 21:04:06.6",3505221,-0.007,0.009,-0.016,295.3,33.19,20.62
"2020-10-02 21:04:06.7",3505222,-0.007,0.009,-0.015,295.3,33.19,20.62
"2020-10-02 21:04:06.8",3505223,-0.007,0.009,-0.015,295.3,33.19,20.62
"2020-10-02 21:04:06.9",3505224,-0.007,0.009,-0.015,295.3,33.19,20.62
"2020-10-02 21:04:07",3505225,-0.007,0.009,-0.015,295.3,33.19,20.62
"2020-10-02 21:04:07.1",3505226,-0.047,0.009,-0.006,295.3,33.19,20.62
"2020-10-02 21:04:07.2",3505227,-0.046,0.009,-0.005,295.3,33.19,20.62
"2020-10-02 21:04:07.3",3505228,-0.046,0.009,-0.006,295.3,33.19,20.62
"2020-10-02 21:04:07.4",3505229,-0.046,0.009,-0.006,295.3,33.19,20.62
"2020-10-02 21:04:07.5",3505230,-0.046,0.009,-0.005,295.3,33.22,20.68
"2020-10-02 21:04:07.6",3505231,-0.046,0.009,-0.006,295.3,33.19,20.62
"2020-10-02 21:04:07.7",3505232,-0.046,0.009,-0.006,295.3,33.19,20.62
"2020-10-02 21:04:07.8",3505233,-0.046,0.009,-0.005,295.3,33.19,20.62
"2020-10-02 21:04:07.9",3505234,-0.007,0.009,-0.015,295.3,33.19,20.62
"2020-10-02 21:04:08",3505235,-0.007,0.009,-0.015,295.3,33.19,20.62
"2020-10-02 21:04:08.1",3505236,-0.046,0.009,-0.006,295.3,33.19,20.62
"2020-10-02 21:04:08.2",3505237,-0.046,0.009,-0.006,295.3,33.19,20.62
"2020-10-02 21:04:08.3",3505238,-0.046,0.009,-0.005,295.3,33.19,20.62
"2020-10-02 21:04:08.4",3505239,-0.007,0.009,-0.015,295.2,33.19,20.62
"2020-10-02 21:04:08.5",3505240,-0.007,0.009,-0.016,295.2,33.19,20.62
"2020-10-02 21:04:08.6",3505241,-0.007,0.009,-0.016,295.2,33.19,20.62
"2020-10-02 21:04:08.7",3505242,-0.007,0.009,-0.015,295.2,33.19,20.62
"2020-10-02 21:04:08.8",3505243,-0.007,0.009,-0.015,295.2,33.19,20.62
"2020-10-02 21:04:08.9",3505244,-0.007,0.009,-0.015,295.2,33.19,20.62
"2020-10-02 21:04:09",3505245,-0.007,0.009,-0.015,295.2,33.19,20.62
"2020-10-02 21:04:09.1",3505246,-0.007,0.009,-0.016,295.2,33.19,20.62
"2020-10-02 21:04:09.2",3505247,-0.007,0.009,-0.015,295.2,33.19,20.62
"2020-10-02 21:04:09.3",3505248,-0.007,0.009,-0.015,295.2,33.19,20.62
"2020-10-02 21:04:09.4",3505249,-0.007,0.009,-0.015,295.2,33.19,20.62
"2020-10-02 21:04:09.5",3505250,-0.007,0.009,-0.015,295.2,33.19,20.62
"2020-10-02 21:04:09.6",3505251,-0.007,0.009,-0.015,295.2,33.19,20.62
"2020-10-02 21:04:09.7",3505252,-0.007,0.009,-0.015,295.2,33.19,20.62
"2020-10-02 21:04:09.8",3505253,-0.007,0.009,-0.015,295.2,33.19,20.62
"2020-10-02 21:04:09.9",3505254,-0.007,0.009,-0.016,295.2,33.19,20.62
"2020-10-02 21:04:10",3505255,-0.007,0.009,-0.015,295.2,33.22,20.68
"2020-10-02 21:04:10.1",3505256,-0.007,0.009,-0.015,295.2,33.19,20.62
"2020-10-02 21:04:10.2",3505257,-0.007,0.009,-0.015,295.2,33.19,20.62
"2020-10-02 21:04:10.3",3505258,-0.007,0.009,-0.015,295.2,33.19,20.62
"2020-10-02 21:04:10.4",3505259,-0.007,0.009,-0.015,295.2,33.19,20.62
"2020-10-02 21:04:10.5",3505260,-0.007,0.009,-0.015,295.2,33.19,20.62
"2020-10-02 21:04:10.6",3505261,-0.007,0.009,-0.015,295.2,33.19,20.62
"2020-10-02 21:04:10.7",3505262,-0.007,0.009,-0.015,295.2,33.19,20.62
"2020-10-02 21:04:10.8",3505263,-0.007,0.009,-0.016,295.2,33.19,20.62
"2020-10-02 21:04:10.9",3505264,-0.007,0.009,-0.015,295.2,33.19,20.62
"2020-10-02 21:04:11",3505265,-0.007,0.009,-0.015,295.2,33.19,20.62
"2020-10-02 21:04:11.1",3505266,-0.008,0.009,-0.016,295.2,33.19,20.62
"2020-10-02 21:04:11.2",3505267,-0.007,0.009,-0.015,295.2,33.19,20.62
"2020-10-02 21:04:11.3",3505268,-0.007,0.009,-0.015,295.2,33.19,20.62
"2020-10-02 21:04:11.4",3505269,-0.007,0.009,-0.015,295.2,33.19,20.62
"2020-10-02 21:04:11.5",3505270,-0.007,0.009,-0.015,295.2,33.19,20.62
"2020-10-02 21:04:11.6",3505271,-0.007,0.009,-0.015,295.2,33.19,20.62
"2020-10-02 21:04:11.7",3505272,-0.007,0.009,-0.015,295.2,33.19,20.62
"2020-10-02 21:04:11.8",3505273,-0.007,0.009,-0.015,295.2,33.19,20.62
"2020-10-02 21:04:11.9",3505274,-0.007,0.009,-0.015,295.2,33.19,20.62
"2020-10-02 21:04:12",3505275,-0.007,0.009,-0.015,295.2,33.19,20.62
"2020-10-02 21:04:12.1",3505276,-0.007,0.009,-0.015,295.2,33.19,20.62
"2020-10-02 21:04:12.2",3505277,-0.007,0.009,-0.015,295.2,33.19,20.62
"2020-10-02 21:04:12.3",3505278,-0.007,0.009,-0.015,295.2,33.19,20.62
"2020-10-02 21:04:12.4",3505279,-0.007,0.009,-0.015,295.2,33.19,20.62
"2020-10-02 21:04:12.5",3505280,-0.007,0.009,-0.015,295.2,33.23,20.68
"2020-10-02 21:04:12.6",3505281,-0.007,0.009,-0.015,295.2,33.19,20.62
"2020-10-02 21:04:12.7",3505282,-0.007,0.009,-0.015,295.2,33.19,20.62
"2020-10-02 21:04:12.8",3505283,-0.007,0.009,-0.015,295.2,33.19,20.62
"2020-10-02 21:04:12.9",3505284,-0.007,0.009,-0.015,295.2,33.19,20.62
"2020-10-02 21:04:13",3505285,-0.007,0.009,-0.016,295.2,33.19,20.62
"2020-10-02 21:04:13.1",3505286,-0.008,0.009,-0.016,295.2,33.19,20.62
"2020-10-02 21:04:13.2",3505287,-0.007,0.009,-0.015,295.2,33.19,20.62
"2020-10-02 21:04:13.3",3505288,-0.007,0.009,-0.015,295.2,33.19,20.62
"2020-10-02 21:04:13.4",3505289,-0.007,0.009,-0.015,295.2,33.19,20.62
"2020-10-02 21:04:13.5",3505290,-0.007,0.009,-0.015,295.2,33.19,20.62
"2020-10-02 21:04:13.6",3505291,-0.007,0.009,-0.015,295.2,33.19,20.62
"2020-10-02 21:04:13.7",3505292,-0.007,0.009,-0.015,295.2,33.19,20.62
"2020-10-02 21:04:13.8",3505293,-0.007,0.009,-0.015,295.2,33.19,20.62
"2020-10-02 21:04:13.9",3505294,-0.007,0.009,-0.015,295.2,33.2,20.62
"2020-10-02 21:04:14",3505295,-0.007,0.009,-0.015,295.2,33.2,20.62
"2020-10-02 21:04:14.1",3505296,-0.007,0.009,-0.015,295.2,33.2,20.62
"2020-10-02 21:04:14.2",3505297,-0.007,0.009,-0.015,295.2,33.21,20.62
"2020-10-02 21:04:14.3",3505298,-0.007,0.009,-0.015,295.2,33.21,20.62
"2020-10-02 21:04:14.4",3505299,-0.007,0.009,-0.015,295.2,33.21,20.62
"2020-10-02 21:04:14.5",3505300,-0.007,0.009,-0.015,295.2,33.21,20.62
"2020-10-02 21:04:14.6",3505301,-0.007,0.009,-0.015,295.2,33.21,20.62
"2020-10-02 21:04:14.7",3505302,-0.007,0.009,-0.015,295.2,33.21,20.62
"2020-10-02 21:04:14.8",3505303,-0.007,0.009,-0.016,295.2,33.21,20.62
"2020-10-02 21:04:14.9",3505304,-0.007,0.009,-0.015,295.2,33.21,20.62
"2020-10-02 21:04:15",3505305,-0.007,0.009,-0.015,295.2,33.27,20.68
"2020-10-02 21:04:15.1",3505306,-0.007,-0.002,-0.005,295.3,33.21,20.62
"2020-10-02 21:04:15.2",3505307,-0.007,-0.002,-0.005,295.3,33.21,20.62
"2020-10-02 21:04:15.3",3505308,-0.007,-0.002,-0.005,295.3,33.21,20.62
"2020-10-02 21:04:15.4",3505309,-0.007,-0.002,-0.006,295.3,33.21,20.62
"2020-10-02 21:04:15.5",3505310,-0.007,-0.001,-0.006,295.3,33.21,20.62
"2020-10-02 21:04:15.6",3505311,-0.007,-0.002,-0.005,295.3,33.21,20.62
"2020-10-02 21:04:15.7",3505312,-0.007,-0.001,-0.006,295.3,33.21,20.62
"2020-10-02 21:04:15.8",3505313,-0.007,-0.001,-0.005,295.3,33.21,20.62
"2020-10-02 21:04:15.9",3505314,-0.007,-0.002,-0.006,295.3,33.21,20.62
"2020-10-02 21:04:16",3505315,-0.007,-0.001,-0.005,295.3,33.21,20.62
"2020-10-02 21:04:16.1",3505316,-0.008,-0.002,-0.005,295.3,33.21,20.62
"2020-10-02 21:04:16.2",3505317,-0.007,-0.002,-0.006,295.3,33.21,20.62
"2020-10-02 21:04:16.3",3505318,-0.007,-0.001,-0.006,295.3,33.21,20.64
"2020-10-02 21:04:16.4",3505319,-0.007,-0.002,-0.006,295.3,33.21,20.62
"2020-10-02 21:04:16.5",3505320,-0.007,-0.001,-0.006,295.3,33.21,20.62
"2020-10-02 21:04:16.6",3505321,-0.008,-0.002,-0.005,295.3,33.21,20.62
"2020-10-02 21:04:16.7",3505322,-0.007,-0.002,-0.006,295.3,33.21,20.62
"2020-10-02 21:04:16.8",3505323,-0.007,-0.002,-0.005,295.3,33.21,20.62
"2020-10-02 21:04:16.9",3505324,-0.007,-0.002,-0.006,295.3,33.21,20.62
"2020-10-02 21:04:17",3505325,-0.007,-0.001,-0.006,295.3,33.21,20.62
"2020-10-02 21:04:17.1",3505326,-0.008,-0.002,-0.005,295.3,33.21,20.62
"2020-10-02 21:04:17.2",3505327,-0.007,-0.002,-0.005,295.3,33.21,20.62
"2020-10-02 21:04:17.3",3505328,-0.007,-0.002,-0.005,295.3,33.21,20.62
"2020-10-02 21:04:17.4",3505329,-0.007,-0.002,-0.006,295.3,33.21,20.62
"2020-10-02 21:04:17.5",3505330,-0.007,-0.001,-0.005,295.3,33.26,20.67
"2020-10-02 21:04:17.6",3505331,-0.007,-0.002,-0.006,295.3,33.21,20.62
"2020-10-02 21:04:17.7",3505332,-0.007,-0.001,-0.006,295.3,33.21,20.62
"2020-10-02 21:04:17.8",3505333,-0.007,-0.002,-0.006,295.3,33.21,20.62
"2020-10-02 21:04:17.9",3505334,-0.007,-0.002,-0.005,295.3,33.21,20.62
"2020-10-02 21:04:18",3505335,-0.007,-0.002,-0.006,295.3,33.21,20.62
"2020-10-02 21:04:18.1",3505336,-0.007,-0.002,-0.006,295.3,33.21,20.62
"2020-10-02 21:04:18.2",3505337,-0.007,-0.002,-0.006,295.3,33.21,20.62
"2020-10-02 21:04:18.3",3505338,-0.007,-0.002,-0.006,295.3,33.21,20.62
"2020-10-02 21:04:18.4",3505339,-0.007,-0.002,-0.005,295.3,33.21,20.62
"2020-10-02 21:04:18.5",3505340,-0.007,-0.002,-0.006,295.3,33.21,20.62
"2020-10-02 21:04:18.6",3505341,-0.008,0.009,-0.015,295.2,33.21,20.62
"2020-10-02 21:04:18.7",3505342,-0.007,0.009,-0.016,295.2,33.21,20.62
"2020-10-02 21:04:18.8",3505343,-0.007,0.009,-0.015,295.2,33.21,20.65
"2020-10-02 21:04:18.9",3505344,-0.007,0.009,-0.015,295.2,33.21,20.62
"2020-10-02 21:04:19",3505345,-0.007,0.009,-0.015,295.2,33.21,20.62
"2020-10-02 21:04:19.1",3505346,-0.007,0.009,-0.016,295.2,33.21,20.62
"2020-10-02 21:04:19.2",3505347,-0.007,0.009,-0.015,295.2,33.21,20.62
"2020-10-02 21:04:19.3",3505348,-0.007,0.009,-0.016,295.2,33.21,20.62
"2020-10-02 21:04:19.4",3505349,-0.007,0.009,-0.015,295.2,33.21,20.62
"2020-10-02 21:04:19.5",3505350,-0.007,0.009,-0.015,295.2,33.21,20.62
"2020-10-02 21:04:19.6",3505351,-0.007,0.009,-0.016,295.2,33.21,20.62
"2020-10-02 21:04:19.7",3505352,-0.007,0.009,-0.015,295.2,33.21,20.62
"2020-10-02 21:04:19.8",3505353,-0.007,0.009,-0.015,295.2,33.21,20.62
"2020-10-02 21:04:19.9",3505354,-0.007,0.009,-0.015,295.2,33.21,20.62
"2020-10-02 21:04:20",3505355,-0.007,0.009,-0.015,295.2,33.27,20.64
"2020-10-02 21:04:20.1",3505356,-0.007,0.009,-0.016,295.2,33.21,20.62
"2020-10-02 21:04:20.2",3505357,-0.007,0.009,-0.015,295.2,33.21,20.62
"2020-10-02 21:04:20.3",3505358,-0.007,0.009,-0.015,295.2,33.21,20.62
"2020-10-02 21:04:20.4",3505359,-0.007,0.009,-0.015,295.2,33.21,20.62
"2020-10-02 21:04:20.5",3505360,-0.007,0.009,-0.015,295.2,33.21,20.62
"2020-10-02 21:04:20.6",3505361,-0.007,0.009,-0.015,295.2,33.21,20.62
"2020-10-02 21:04:20.7",3505362,-0.007,0.009,-0.015,295.2,33.21,20.62
"2020-10-02 21:04:20.8",3505363,-0.007,0.009,-0.015,295.2,33.21,20.62
"2020-10-02 21:04:20.9",3505364,-0.007,0.009,-0.015,295.2,33.21,20.62
"2020-10-02 21:04:21",3505365,-0.007,0.009,-0.015,295.2,33.21,20.62
"2020-10-02 21:04:21.1",3505366,-0.007,0.009,-0.015,295.2,33.21,20.62
"2020-10-02 21:04:21.2",3505367,-0.007,0.009,-0.015,295.2,33.21,20.62
"2020-10-02 21:04:21.3",3505368,-0.007,0.009,-0.015,295.2,33.21,20.66
"2020-10-02 21:04:21.4",3505369,-0.007,0.009,-0.015,295.2,33.21,20.62
"2020-10-02 21:04:21.5",3505370,-0.007,0.009,-0.015,295.2,33.21,20.62
"2020-10-02 21:04:21.6",3505371,-0.008,0.009,-0.015,295.2,33.21,20.62
"2020-10-02 21:04:21.7",3505372,-0.007,0.009,-0.016,295.2,33.21,20.62
"2020-10-02 21:04:21.8",3505373,-0.007,0.009,-0.015,295.2,33.21,20.62
"2020-10-02 21:04:21.9",3505374,-0.007,0.009,-0.015,295.2,33.21,20.62
"2020-10-02 21:04:22",3505375,-0.007,0.009,-0.015,295.2,33.21,20.62
"2020-10-02 21:04:22.1",3505376,-0.008,0.009,-0.015,295.2,33.21,20.62
"2020-10-02 21:04:22.2",3505377,-0.007,0.009,-0.015,295.2,33.21,20.62
"2020-10-02 21:04:22.3",3505378,-0.007,0.009,-0.015,295.2,33.21,20.62
"2020-10-02 21:04:22.4",3505379,-0.007,0.009,-0.015,295.2,33.21,20.62
"2020-10-02 21:04:22.5",3505380,-0.007,0.009,-0.015,295.2,33.26,20.62
"2020-10-02 21:04:22.6",3505381,-0.007,0.009,-0.015,295.2,33.21,20.62
"2020-10-02 21:04:22.7",3505382,-0.007,0.009,-0.015,295.2,33.21,20.62
"2020-10-02 21:04:22.8",3505383,-0.007,0.009,-0.015,295.2,33.21,20.62
"2020-10-02 21:04:22.9",3505384,-0.007,-0.001,-0.006,295.3,33.21,20.62
"2020-10-02 21:04:23",3505385,-0.007,-0.001,-0.006,295.3,33.21,20.62
"2020-10-02 21:04:23.1",3505386,0.013,0.009,0.025,295.3,33.21,20.62
"2020-10-02 21:04:23.2",3505387,0.013,0.009,0.025,295.3,33.21,20.62
"2020-10-02 21:04:23.3",3505388,0.013,0.009,0.025,295.3,33.21,20.62
"2020-10-02 21:04:23.4",3505389,0.013,0.009,0.025,295.3,33.21,20.62
"2020-10-02 21:04:23.5",3505390,0.013,0.009,0.025,295.3,33.21,20.62
"2020-10-02 21:04:23.6",3505391,0.013,0.009,0.025,295.3,33.21,20.62
"2020-10-02 21:04:23.7",3505392,0.013,0.009,0.025,295.3,33.21,20.62
"2020-10-02 21:04:23.8",3505393,0.013,0.009,0.025,295.3,33.24,20.66
"2020-10-02 21:04:23.9",3505394,0.013,0.009,0.025,295.3,33.2,20.62
"2020-10-02 21:04:24",3505395,0.013,0.009,0.025,295.3,33.2,20.62
"2020-10-02 21:04:24.1",3505396,-0.007,0.009,0.044,295.3,33.2,20.62
"2020-10-02 21:04:24.2",3505397,-0.007,0.009,0.045,295.3,33.19,20.62
"2020-10-02 21:04:24.3",3505398,-0.007,0.009,0.045,295.3,33.19,20.62
"2020-10-02 21:04:24.4",3505399,-0.007,0.009,0.045,295.3,33.19,20.62
"2020-10-02 21:04:24.5",3505400,-0.007,0.009,0.045,295.3,33.19,20.62
"2020-10-02 21:04:24.6",3505401,-0.008,0.009,0.044,295.3,33.19,20.62
"2020-10-02 21:04:24.7",3505402,-0.007,0.009,0.045,295.3,33.19,20.62
"2020-10-02 21:04:24.8",3505403,-0.007,0.009,0.045,295.3,33.19,20.62
"2020-10-02 21:04:24.9",3505404,-0.007,0.009,0.045,295.3,33.19,20.62
"2020-10-02 21:04:25",3505405,-0.007,0.009,0.045,295.3,33.22,20.62
"2020-10-02 21:04:25.1",3505406,-0.007,0.009,0.045,295.3,33.19,20.62
"2020-10-02 21:04:25.2",3505407,-0.007,0.009,0.044,295.3,33.19,20.62
"2020-10-02 21:04:25.3",3505408,-0.007,0.009,0.045,295.3,33.19,20.62
"2020-10-02 21:04:25.4",3505409,-0.007,0.009,0.045,295.3,33.19,20.62
"2020-10-02 21:04:25.5",3505410,-0.007,0.009,0.045,295.3,33.19,20.62
"2020-10-02 21:04:25.6",3505411,-0.007,0.009,0.045,295.3,33.19,20.62
"2020-10-02 21:04:25.7",3505412,-0.007,0.009,0.045,295.3,33.19,20.62
"2020-10-02 21:04:25.8",3505413,-0.007,0.009,0.044,295.3,33.19,20.62
"2020-10-02 21:04:25.9",3505414,-0.027,-0.002,0.025,295.3,33.19,20.62
"2020-10-02 21:04:26",3505415,-0.027,-0.001,0.025,295.3,33.19,20.62
"2020-10-02 21:04:26.1",3505416,-0.008,-0.002,-0.006,295.3,33.19,20.62
"2020-10-02 21:04:26.2",3505417,-0.007,-0.002,-0.005,295.3,33.19,20.62
"2020-10-02 21:04:26.3",3505418,-0.007,-0.001,-0.006,295.3,33.22,20.68
"2020-10-02 21:04:26.4",3505419,-0.007,-0.001,-0.006,295.3,33.19,20.62
"2020-10-02 21:04:26.5",3505420,-0.007,-0.002,-0.006,295.3,33.19,20.62
"2020-10-02 21:04:26.6",3505421,-0.007,-0.002,-0.006,295.3,33.19,20.62
"2020-10-02 21:04:26.7",3505422,-0.007,-0.002,-0.006,295.3,33.19,20.62
"2020-10-02 21:04:26.8",3505423,-0.007,-0.002,-0.005,295.3,33.19,20.62
"2020-10-02 21:04:26.9",3505424,-0.007,-0.001,-0.005,295.3,33.19,20.62
"2020-10-02 21:04:27",3505425,-0.007,-0.002,-0.006,295.3,33.19,20.62
"2020-10-02 21:04:27.1",3505426,-0.007,-0.002,-0.005,295.3,33.19,20.62
"2020-10-02 21:04:27.2",3505427,-0.007,-0.002,-0.006,295.3,33.19,20.62
"2020-10-02 21:04:27.3",3505428,-0.007,-0.001,-0.006,295.3,33.19,20.62
"2020-10-02 21:04:27.4",3505429,-0.007,-0.002,-0.005,295.3,33.19,20.62
"2020-10-02 21:04:27.5",3505430,-0.007,-0.001,-0.005,295.3,33.2,20.62
"2020-10-02 21:04:27.6",3505431,-0.007,-0.002,-0.006,295.3,33.19,20.62
"2020-10-02 21:04:27.7",3505432,-0.007,-0.002,-0.006,295.3,33.19,20.62
"2020-10-02 21:04:27.8",3505433,-0.007,-0.001,-0.006,295.3,33.19,20.62
"2020-10-02 21:04:27.9",3505434,-0.007,-0.002,-0.006,295.3,33.19,20.62
"2020-10-02 21:04:28",3505435,-0.008,-0.002,-0.005,295.3,33.19,20.62
"2020-10-02 21:04:28.1",3505436,-0.008,-0.002,-0.006,295.3,33.19,20.62
"2020-10-02 21:04:28.2",3505437,-0.007,-0.002,-0.005,295.3,33.19,20.62
"2020-10-02 21:04:28.3",3505438,-0.007,-0.002,-0.006,295.3,33.19,20.62
"2020-10-02 21:04:28.4",3505439,-0.007,-0.001,-0.006,295.3,33.19,20.62
"2020-10-02 21:04:28.5",3505440,-0.007,-0.001,-0.006,295.3,33.19,20.62
"2020-10-02 21:04:28.6",3505441,-0.007,-0.002,-0.005,295.3,33.19,20.62
"2020-10-02 21:04:28.7",3505442,-0.007,-0.002,-0.006,295.3,33.19,20.62
"2020-10-02 21:04:28.8",3505443,-0.007,-0.002,-0.005,295.3,33.22,20.68
"2020-10-02 21:04:28.9",3505444,-0.007,-0.002,-0.006,295.3,33.19,20.62
"2020-10-02 21:04:29",3505445,-0.007,-0.002,-0.006,295.3,33.19,20.62
"2020-10-02 21:04:29.1",3505446,-0.007,-0.002,-0.006,295.3,33.19,20.62
"2020-10-02 21:04:29.2",3505447,-0.007,-0.002,-0.006,295.3,33.19,20.62
"2020-10-02 21:04:29.3",3505448,-0.007,-0.002,-0.006,295.3,33.19,20.62
"2020-10-02 21:04:29.4",3505449,-0.007,-0.001,-0.006,295.3,33.19,20.62
"2020-10-02 21:04:29.5",3505450,-0.007,-0.002,-0.006,295.3,33.19,20.62
"2020-10-02 21:04:29.6",3505451,-0.007,-0.002,-0.006,295.3,33.19,20.62
"2020-10-02 21:04:29.7",3505452,-0.007,-0.002,-0.006,295.3,33.19,20.62
"2020-10-02 21:04:29.8",3505453,-0.007,-0.002,-0.006,295.3,33.19,20.62
"2020-10-02 21:04:29.9",3505454,-0.007,-0.002,-0.006,295.3,33.19,20.62
"2020-10-02 21:04:30",3505455,-0.007,-0.002,-0.006,295.3,33.19,20.62
"2020-10-02 21:04:30.1",3505456,-0.007,-0.002,-0.006,295.3,33.19,20.62
"2020-10-02 21:04:30.2",3505457,-0.007,-0.002,-0.006,295.3,33.19,20.62
"2020-10-02 21:04:30.3",3505458,-0.007,-0.002,-0.006,295.3,33.19,20.62
"2020-10-02 21:04:30.4",3505459,-0.007,-0.001,-0.005,295.3,33.19,20.62
"2020-10-02 21:04:30.5",3505460,-0.007,-0.001,-0.005,295.3,33.19,20.62
"2020-10-02 21:04:30.6",3505461,-0.008,-0.002,-0.006,295.3,33.19,20.62
"2020-10-02 21:04:30.7",3505462,-0.007,-0.002,-0.006,295.3,33.19,20.62
"2020-10-02 21:04:30.8",3505463,-0.007,-0.001,-0.006,295.3,33.19,20.62
"2020-10-02 21:04:30.9",3505464,-0.007,-0.002,-0.005,295.3,33.19,20.62
"2020-10-02 21:04:31",3505465,-0.007,-0.001,-0.005,295.3,33.19,20.62
"2020-10-02 21:04:31.1",3505466,-0.007,-0.002,-0.005,295.3,33.19,20.62
"2020-10-02 21:04:31.2",3505467,-0.007,-0.001,-0.006,295.3,33.19,20.62
"2020-10-02 21:04:31.3",3505468,-0.007,-0.002,-0.005,295.3,33.23,20.68
"2020-10-02 21:04:31.4",3505469,-0.007,-0.001,-0.005,295.3,33.19,20.62
"2020-10-02 21:04:31.5",3505470,-0.007,-0.001,-0.005,295.3,33.19,20.62
"2020-10-02 21:04:31.6",3505471,-0.008,-0.002,-0.006,295.3,33.19,20.62
"2020-10-02 21:04:31.7",3505472,-0.007,-0.002,-0.006,295.3,33.19,20.62
"2020-10-02 21:04:31.8",3505473,-0.007,-0.002,-0.006,295.3,33.19,20.62
"2020-10-02 21:04:31.9",3505474,-0.007,0.009,-0.016,295.3,33.19,20.62
"2020-10-02 21:04:32",3505475,-0.007,0.009,-0.015,295.3,33.19,20.62
"2020-10-02 21:04:32.1",3505476,-0.007,0.009,-0.015,295.3,33.19,20.62
"2020-10-02 21:04:32.2",3505477,-0.007,0.009,-0.015,295.3,33.19,20.62
"2020-10-02 21:04:32.3",3505478,-0.007,0.009,-0.016,295.3,33.19,20.62
"2020-10-02 21:04:32.4",3505479,-0.007,0.009,-0.015,295.3,33.19,20.62
"2020-10-02 21:04:32.5",3505480,-0.007,0.009,-0.015,295.3,33.19,20.62
"2020-10-02 21:04:32.6",3505481,-0.007,0.009,-0.016,295.3,33.19,20.62
"2020-10-02 21:04:32.7",3505482,-0.007,0.009,-0.015,295.3,33.19,20.62
"2020-10-02 21:04:32.8",3505483,-0.007,0.009,-0.015,295.3,33.19,20.62
"2020-10-02 21:04:32.9",3505484,-0.007,0.009,-0.015,295.3,33.19,20.62
"2020-10-02 21:04:33",3505485,-0.007,0.009,-0.015,295.3,33.19,20.62
"2020-10-02 21:04:33.1",3505486,-0.007,-0.002,-0.006,295.3,33.19,20.62
"2020-10-02 21:04:33.2",3505487,-0.007,-0.002,-0.006,295.3,33.19,20.62
"2020-10-02 21:04:33.3",3505488,-0.007,-0.001,-0.006,295.3,33.19,20.62
"2020-10-02 21:04:33.4",3505489,-0.027,-0.001,0.025,295.3,33.19,20.62
"2020-10-02 21:04:33.5",3505490,-0.027,-0.001,0.025,295.3,33.19,20.62
"2020-10-02 21:04:33.6",3505491,-0.027,-0.002,0.025,295.3,33.19,20.62
"2020-10-02 21:04:33.7",3505492,-0.027,-0.001,0.025,295.3,33.19,20.62
"2020-10-02 21:04:33.8",3505493,-0.027,-0.002,0.025,295.3,33.25,20.68
"2020-10-02 21:04:33.9",3505494,-0.027,-0.002,0.025,295.3,33.19,20.62
"2020-10-02 21:04:34",3505495,-0.027,-0.002,0.025,295.3,33.19,20.62
"2020-10-02 21:04:34.1",3505496,-0.027,-0.002,0.025,295.3,33.19,20.62
"2020-10-02 21:04:34.2",3505497,-0.027,-0.001,0.025,295.3,33.19,20.62
"2020-10-02 21:04:34.3",3505498,-0.027,-0.001,0.025,295.3,33.19,20.62
"2020-10-02 21:04:34.4",3505499,-0.027,-0.001,0.025,295.3,33.19,20.62
"2020-10-02 21:04:34.5",3505500,-0.027,-0.002,0.025,295.3,33.19,20.62
"2020-10-02 21:04:34.6",3505501,-0.027,-0.001,0.025,295.3,33.19,20.62
"2020-10-02 21:04:34.7",3505502,-0.027,-0.002,0.025,295.3,33.19,20.62
"2020-10-02 21:04:34.8",3505503,-0.027,-0.002,0.025,295.3,33.19,20.62
"2020-10-02 21:04:34.9",3505504,-0.027,-0.002,0.025,295.3,33.19,20.62
"2020-10-02 21:04:35",3505505,-0.027,-0.002,0.025,295.3,33.19,20.62
"2020-10-02 21:04:35.1",3505506,-0.027,-0.002,0.025,295.3,33.19,20.65
"2020-10-02 21:04:35.2",3505507,-0.027,-0.002,0.025,295.3,33.19,20.62
"2020-10-02 21:04:35.3",3505508,-0.027,-0.001,0.025,295.3,33.19,20.62
"2020-10-02 21:04:35.4",3505509,-0.027,-0.002,0.025,295.3,33.19,20.62
"2020-10-02 21:04:35.5",3505510,-0.027,-0.002,0.025,295.3,33.19,20.62
"2020-10-02 21:04:35.6",3505511,-0.027,-0.002,0.025,295.3,33.19,20.62
"2020-10-02 21:04:35.7",3505512,-0.027,-0.001,0.025,295.3,33.19,20.62
"2020-10-02 21:04:35.8",3505513,-0.027,-0.001,0.025,295.3,33.19,20.62
"2020-10-02 21:04:35.9",3505514,-0.027,-0.002,0.025,295.3,33.19,20.62
"2020-10-02 21:04:36",3505515,-0.027,-0.001,0.025,295.3,33.19,20.62
"2020-10-02 21:04:36.1",3505516,-0.027,-0.002,0.025,295.3,33.19,20.62
"2020-10-02 21:04:36.2",3505517,-0.027,-0.002,0.025,295.3,33.19,20.62
"2020-10-02 21:04:36.3",3505518,-0.027,-0.002,0.025,295.3,33.24,20.65
"2020-10-02 21:04:36.4",3505519,-0.027,-0.001,0.025,295.3,33.19,20.62
"2020-10-02 21:04:36.5",3505520,-0.027,-0.002,0.025,295.3,33.19,20.62
"2020-10-02 21:04:36.6",3505521,-0.007,-0.002,-0.006,295.3,33.19,20.62
"2020-10-02 21:04:36.7",3505522,-0.007,-0.002,-0.006,295.3,33.19,20.62
"2020-10-02 21:04:36.8",3505523,-0.007,-0.002,-0.005,295.3,33.19,20.62
"2020-10-02 21:04:36.9",3505524,-0.007,-0.002,-0.006,295.3,33.19,20.62
"2020-10-02 21:04:37",3505525,-0.007,-0.002,-0.006,295.3,33.19,20.62
"2020-10-02 21:04:37.1",3505526,-0.007,-0.002,-0.006,295.3,33.19,20.62
"2020-10-02 21:04:37.2",3505527,-0.007,-0.002,-0.006,295.3,33.19,20.62
"2020-10-02 21:04:37.3",3505528,-0.007,-0.002,-0.006,295.3,33.19,20.62
"2020-10-02 21:04:37.4",3505529,-0.007,-0.002,-0.006,295.3,33.19,20.62
"2020-10-02 21:04:37.5",3505530,-0.007,-0.002,-0.005,295.3,33.19,20.62
"2020-10-02 21:04:37.6",3505531,-0.008,-0.002,-0.006,295.3,33.19,20.65
"2020-10-02 21:04:37.7",3505532,-0.007,-0.001,-0.006,295.3,33.19,20.62
"2020-10-02 21:04:37.8",3505533,-0.007,-0.002,-0.005,295.3,33.19,20.62
"2020-10-02 21:04:37.9",3505534,-0.007,-0.002,-0.006,295.3,33.19,20.62
"2020-10-02 21:04:38",3505535,-0.007,-0.002,-0.006,295.3,33.19,20.62
"2020-10-02 21:04:38.1",3505536,-0.007,-0.002,-0.006,295.3,33.19,20.62
"2020-10-02 21:04:38.2",3505537,-0.007,-0.002,-0.006,295.3,33.19,20.62
"2020-10-02 21:04:38.3",3505538,-0.007,-0.002,-0.005,295.3,33.19,20.62
"2020-10-02 21:04:38.4",3505539,-0.007,-0.002,-0.006,295.3,33.19,20.62
"2020-10-02 21:04:38.5",3505540,-0.007,-0.002,-0.006,295.3,33.19,20.62
"2020-10-02 21:04:38.6",3505541,-0.008,-0.002,-0.005,295.3,33.19,20.62
"2020-10-02 21:04:38.7",3505542,-0.007,-0.001,-0.006,295.3,33.19,20.62
"2020-10-02 21:04:38.8",3505543,-0.007,-0.001,-0.006,295.3,33.25,20.63
"2020-10-02 21:04:38.9",3505544,-0.007,-0.002,-0.006,295.3,33.19,20.62
"2020-10-02 21:04:39",3505545,-0.007,-0.002,-0.006,295.3,33.19,20.63
"2020-10-02 21:04:39.1",3505546,0.013,0.009,0.025,295.3,33.19,20.63
"2020-10-02 21:04:39.2",3505547,0.013,0.009,0.025,295.3,33.19,20.64
"2020-10-02 21:04:39.3",3505548,0.013,0.009,0.025,295.3,33.19,20.64
"2020-10-02 21:04:39.4",3505549,0.013,0.009,0.025,295.3,33.19,20.64
"2020-10-02 21:04:39.5",3505550,0.013,0.009,0.025,295.3,33.19,20.64
"2020-10-02 21:04:39.6",3505551,0.032,-0.002,0.045,295.3,33.19,20.64
"2020-10-02 21:04:39.7",3505552,0.033,-0.001,0.045,295.3,33.19,20.64
"2020-10-02 21:04:39.8",3505553,0.032,-0.001,0.045,295.3,33.19,20.64
"2020-10-02 21:04:39.9",3505554,0.013,0.009,0.025,295.3,33.19,20.64
"2020-10-02 21:04:40",3505555,0.013,0.009,0.025,295.3,33.19,20.64
"2020-10-02 21:04:40.1",3505556,0.012,0.009,0.025,295.3,33.21,20.67
"2020-10-02 21:04:40.2",3505557,0.013,0.009,0.025,295.3,33.19,20.64
"2020-10-02 21:04:40.3",3505558,0.013,0.009,0.025,295.3,33.19,20.64
"2020-10-02 21:04:40.4",3505559,0.013,0.009,0.025,295.3,33.19,20.64
"2020-10-02 21:04:40.5",3505560,0.013,0.009,0.025,295.3,33.19,20.64
"2020-10-02 21:04:40.6",3505561,0.013,0.009,0.025,295.3,33.19,20.64
"2020-10-02 21:04:40.7",3505562,0.013,0.009,0.025,295.3,33.19,20.64
"2020-10-02 21:04:40.8",3505563,0.013,0.009,0.025,295.3,33.19,20.64
"2020-10-02 21:04:40.9",3505564,0.032,-0.002,0.045,295.4,33.19,20.64
"2020-10-02 21:04:41",3505565,0.032,-0.002,0.045,295.4,33.19,20.64
"2020-10-02 21:04:41.1",3505566,0.032,-0.002,0.045,295.4,33.19,20.64
"2020-10-02 21:04:41.2",3505567,0.032,-0.002,0.045,295.4,33.19,20.64
"2020-10-02 21:04:41.3",3505568,0.032,-0.001,0.045,295.4,33.22,20.64
"2020-10-02 21:04:41.4",3505569,0.032,-0.002,0.045,295.4,33.19,20.64
"2020-10-02 21:04:41.5",3505570,0.032,-0.002,0.045,295.4,33.19,20.64
"2020-10-02 21:04:41.6",3505571,0.032,-0.002,0.045,295.4,33.19,20.64
"2020-10-02 21:04:41.7",3505572,0.032,-0.001,0.045,295.4,33.19,20.64
"2020-10-02 21:04:41.8",3505573,0.032,-0.002,0.045,295.4,33.19,20.64
"2020-10-02 21:04:41.9",3505574,0.013,-0.041,0.025,295.4,33.19,20.64
"2020-10-02 21:04:42",3505575,0.013,-0.04,0.025,295.4,33.19,20.64
"2020-10-02 21:04:42.1",3505576,-0.007,-0.002,-0.006,295.4,33.19,20.64
"2020-10-02 21:04:42.2",3505577,-0.007,-0.002,-0.006,295.4,33.19,20.64
"2020-10-02 21:04:42.3",3505578,-0.007,-0.002,-0.006,295.4,33.19,20.64
"2020-10-02 21:04:42.4",3505579,0.013,0.009,0.025,295.4,33.19,20.64
"2020-10-02 21:04:42.5",3505580,0.013,0.009,0.025,295.4,33.19,20.64
"2020-10-02 21:04:42.6",3505581,-0.007,0.009,0.045,295.4,33.22,20.69
"2020-10-02 21:04:42.7",3505582,-0.007,0.009,0.045,295.4,33.19,20.64
"2020-10-02 21:04:42.8",3505583,-0.007,0.009,0.045,295.4,33.19,20.64
"2020-10-02 21:04:42.9",3505584,-0.007,0.009,0.045,295.4,33.19,20.64
"2020-10-02 21:04:43",3505585,-0.007,0.009,0.045,295.4,33.19,20.64
"2020-10-02 21:04:43.1",3505586,-0.027,-0.001,0.025,295.4,33.19,20.64
"2020-10-02 21:04:43.2",3505587,-0.027,-0.001,0.025,295.4,33.19,20.64
"2020-10-02 21:04:43.3",3505588,-0.027,-0.001,0.025,295.4,33.19,20.64
"2020-10-02 21:04:43.4",3505589,-0.007,0.009,0.045,295.4,33.19,20.64
"2020-10-02 21:04:43.5",3505590,-0.007,0.009,0.045,295.4,33.19,20.64
"2020-10-02 21:04:43.6",3505591,-0.007,0.009,0.045,295.4,33.19,20.64
"2020-10-02 21:04:43.7",3505592,-0.007,0.009,0.045,295.4,33.19,20.64
"2020-10-02 21:04:43.8",3505593,-0.007,0.009,0.045,295.4,33.2,20.64
"2020-10-02 21:04:43.9",3505594,-0.056,0.009,0.074,295.4,33.19,20.64
"2020-10-02 21:04:44",3505595,-0.056,0.009,0.074,295.4,33.19,20.64
"2020-10-02 21:04:44.1",3505596,-0.027,-0.002,0.025,295.5,33.19,20.64
"2020-10-02 21:04:44.2",3505597,-0.027,-0.001,0.025,295.5,33.19,20.64
"2020-10-02 21:04:44.3",3505598,-0.027,-0.001,0.025,295.5,33.19,20.64
"2020-10-02 21:04:44.4",3505599,-0.007,-0.002,0.074,295.5,33.19,20.64
"2020-10-02 21:04:44.5",3505600,-0.007,-0.001,0.074,295.5,33.19,20.64
"2020-10-02 21:04:44.6",3505601,-0.008,0.009,0.045,295.5,33.19,20.64
"2020-10-02 21:04:44.7",3505602,-0.007,0.009,0.045,295.5,33.19,20.64
"2020-10-02 21:04:44.8",3505603,-0.007,0.009,0.045,295.5,33.19,20.64
"2020-10-02 21:04:44.9",3505604,-0.027,-0.002,0.025,295.5,33.19,20.64
"2020-10-02 21:04:45",3505605,-0.027,-0.001,0.025,295.5,33.19,20.64
"2020-10-02 21:04:45.1",3505606,-0.027,-0.002,0.025,295.5,33.22,20.7
"2020-10-02 21:04:45.2",3505607,-0.027,-0.002,0.025,295.5,33.19,20.64
"2020-10-02 21:04:45.3",3505608,-0.027,-0.002,0.025,295.5,33.19,20.64
"2020-10-02 21:04:45.4",3505609,-0.007,-0.002,0.074,295.5,33.19,20.64
"2020-10-02 21:04:45.5",3505610,-0.007,-0.002,0.074,295.5,33.19,20.64
"2020-10-02 21:04:45.6",3505611,-0.007,-0.002,0.074,295.5,33.19,20.64
"2020-10-02 21:04:45.7",3505612,-0.007,-0.001,0.074,295.5,33.19,20.64
"2020-10-02 21:04:45.8",3505613,-0.007,-0.002,0.074,295.5,33.19,20.64
"2020-10-02 21:04:45.9",3505614,-0.056,0.009,0.074,295.5,33.19,20.64
"2020-10-02 21:04:46",3505615,-0.056,0.009,0.074,295.5,33.19,20.64
"2020-10-02 21:04:46.1",3505616,-0.027,0.048,0.093,295.4,33.19,20.64
"2020-10-02 21:04:46.2",3505617,-0.027,0.048,0.093,295.4,33.19,20.64
"2020-10-02 21:04:46.3",3505618,-0.027,0.048,0.094,295.4,33.19,20.64
"2020-10-02 21:04:46.4",3505619,-0.027,-0.002,0.094,295.4,33.19,20.64
"2020-10-02 21:04:46.5",3505620,-0.027,-0.002,0.093,295.4,33.19,20.64
"2020-10-02 21:04:46.6",3505621,-0.008,-0.002,0.074,295.3,33.19,20.64
"2020-10-02 21:04:46.7",3505622,-0.007,-0.002,0.074,295.3,33.19,20.64
"2020-10-02 21:04:46.8",3505623,-0.007,-0.002,0.074,295.3,33.19,20.64
"2020-10-02 21:04:46.9",3505624,-0.007,-0.002,0.074,295.3,33.19,20.64
"2020-10-02 21:04:47",3505625,-0.007,-0.002,0.074,295.3,33.19,20.64
"2020-10-02 21:04:47.1",3505626,-0.008,-0.002,0.074,295.3,33.19,20.64
"2020-10-02 21:04:47.2",3505627,-0.007,-0.002,0.074,295.3,33.19,20.64
"2020-10-02 21:04:47.3",3505628,-0.007,-0.002,0.074,295.3,33.19,20.64
"2020-10-02 21:04:47.4",3505629,-0.007,-0.002,0.074,295.3,33.19,20.64
"2020-10-02 21:04:47.5",3505630,-0.007,-0.002,0.074,295.3,33.19,20.64
"2020-10-02 21:04:47.6",3505631,-0.007,-0.002,0.074,295.3,33.23,20.7
"2020-10-02 21:04:47.7",3505632,-0.007,-0.002,0.074,295.3,33.19,20.64
"2020-10-02 21:04:47.8",3505633,-0.007,-0.002,0.074,295.3,33.19,20.64
"2020-10-02 21:04:47.9",3505634,0.032,-0.002,0.045,295.3,33.19,20.64
"2020-10-02 21:04:48",3505635,0.032,-0.002,0.045,295.3,33.19,20.64
"2020-10-02 21:04:48.1",3505636,0.032,-0.002,0.045,295.3,33.19,20.64
"2020-10-02 21:04:48.2",3505637,0.032,-0.002,0.045,295.3,33.19,20.64
"2020-10-02 21:04:48.3",3505638,0.032,-0.001,0.045,295.3,33.19,20.64
"2020-10-02 21:04:48.4",3505639,-0.007,0.009,0.045,295.3,33.19,20.64
"2020-10-02 21:04:48.5",3505640,-0.007,0.009,0.045,295.3,33.19,20.64
"2020-10-02 21:04:48.6",3505641,-0.007,-0.002,0.064,295.2,33.19,20.64
"2020-10-02 21:04:48.7",3505642,-0.007,-0.002,0.064,295.2,33.19,20.64
"2020-10-02 21:04:48.8",3505643,-0.007,-0.001,0.064,295.2,33.19,20.64
"2020-10-02 21:04:48.9",3505644,-0.007,-0.002,0.064,295.2,33.19,20.64
"2020-10-02 21:04:49",3505645,-0.007,-0.001,0.064,295.2,33.19,20.64
"2020-10-02 21:04:49.1",3505646,0.013,0.009,0.025,295.2,33.19,20.64
"2020-10-02 21:04:49.2",3505647,0.013,0.009,0.025,295.2,33.19,20.64
"2020-10-02 21:04:49.3",3505648,0.013,0.009,0.025,295.2,33.19,20.64
"2020-10-02 21:04:49.4",3505649,0.032,-0.002,0.045,295.3,33.19,20.64
"2020-10-02 21:04:49.5",3505650,0.032,-0.001,0.045,295.3,33.19,20.64
"2020-10-02 21:04:49.6",3505651,0.013,0.009,0.025,295.2,33.19,20.64
"2020-10-02 21:04:49.7",3505652,0.013,0.009,0.025,295.2,33.19,20.64
"2020-10-02 21:04:49.8",3505653,0.013,0.009,0.025,295.2,33.19,20.64
"2020-10-02 21:04:49.9",3505654,-0.007,-0.002,0.064,295.2,33.19,20.64
"2020-10-02 21:04:50",3505655,-0.007,-0.002,0.064,295.2,33.19,20.64
"2020-10-02 21:04:50.1",3505656,0.032,-0.002,0.044,295.1,33.25,20.7
"2020-10-02 21:04:50.2",3505657,0.032,-0.002,0.044,295.1,33.19,20.64
"2020-10-02 21:04:50.3",3505658,0.032,-0.002,0.045,295.1,33.18,20.64
"2020-10-02 21:04:50.4",3505659,0.013,0.009,0.025,295.2,33.18,20.64
"2020-10-02 21:04:50.5",3505660,0.013,0.009,0.025,295.2,33.17,20.64
"2020-10-02 21:04:50.6",3505661,-0.007,-0.002,0.074,295.3,33.17,20.64
"2020-10-02 21:04:50.7",3505662,-0.007,-0.002,0.074,295.3,33.17,20.64
"2020-10-02 21:04:50.8",3505663,-0.007,-0.002,0.074,295.3,33.17,20.64
"2020-10-02 21:04:50.9",3505664,-0.017,-0.041,0.045,295.4,33.17,20.64
"2020-10-02 21:04:51",3505665,-0.017,-0.041,0.045,295.4,33.17,20.64
"2020-10-02 21:04:51.1",3505666,-0.007,-0.002,0.074,295.4,33.17,20.64
"2020-10-02 21:04:51.2",3505667,-0.007,-0.002,0.074,295.4,33.17,20.64
"2020-10-02 21:04:51.3",3505668,-0.007,-0.002,0.074,295.4,33.17,20.64
"2020-10-02 21:04:51.4",3505669,-0.007,-0.002,0.074,295.3,33.17,20.67
"2020-10-02 21:04:51.5",3505670,-0.007,-0.002,0.074,295.3,33.17,20.64
"2020-10-02 21:04:51.6",3505671,0.033,-0.002,0.045,295.3,33.17,20.64
"2020-10-02 21:04:51.7",3505672,0.032,-0.002,0.045,295.3,33.17,20.64
"2020-10-02 21:04:51.8",3505673,0.032,-0.002,0.045,295.3,33.17,20.64
"2020-10-02 21:04:51.9",3505674,0.013,-0.041,0.025,295.3,33.17,20.64
"2020-10-02 21:04:52",3505675,0.013,-0.041,0.025,295.3,33.17,20.64
"2020-10-02 21:04:52.1",3505676,0.013,0.009,0.025,295.3,33.17,20.64
"2020-10-02 21:04:52.2",3505677,0.013,0.009,0.025,295.3,33.17,20.64
"2020-10-02 21:04:52.3",3505678,0.013,0.009,0.025,295.3,33.17,20.64
"2020-10-02 21:04:52.4",3505679,-0.007,0.009,0.045,295.4,33.17,20.64
"2020-10-02 21:04:52.5",3505680,-0.007,0.009,0.045,295.4,33.17,20.64
"2020-10-02 21:04:52.6",3505681,-0.007,0.009,0.044,295.3,33.23,20.67
"2020-10-02 21:04:52.7",3505682,-0.007,0.009,0.045,295.3,33.17,20.64
"2020-10-02 21:04:52.8",3505683,-0.007,0.009,0.045,295.3,33.16,20.64
"2020-10-02 21:04:52.9",3505684,-0.007,0.009,0.045,295.3,33.16,20.64
"2020-10-02 21:04:53",3505685,-0.007,0.009,0.045,295.3,33.16,20.64
"2020-10-02 21:04:53.1",3505686,-0.076,-0.002,0.045,295.3,33.15,20.64
"2020-10-02 21:04:53.2",3505687,-0.076,-0.002,0.045,295.3,33.15,20.64
"2020-10-02 21:04:53.3",3505688,-0.076,-0.002,0.045,295.3,33.15,20.64
"2020-10-02 21:04:53.4",3505689,-0.017,-0.041,0.044,295.3,33.15,20.64
"2020-10-02 21:04:53.5",3505690,-0.017,-0.041,0.045,295.3,33.15,20.64
"2020-10-02 21:04:53.6",3505691,-0.017,-0.041,0.045,295.3,33.15,20.64
"2020-10-02 21:04:53.7",3505692,-0.017,-0.041,0.045,295.3,33.15,20.64
"2020-10-02 21:04:53.8",3505693,-0.017,-0.041,0.045,295.3,33.15,20.64
"2020-10-02 21:04:53.9",3505694,-0.007,-0.002,0.074,295.4,33.15,20.67
"2020-10-02 21:04:54",3505695,-0.007,-0.002,0.074,295.4,33.15,20.64
"2020-10-02 21:04:54.1",3505696,-0.008,-0.002,0.074,295.5,33.15,20.64
"2020-10-02 21:04:54.2",3505697,-0.007,-0.002,0.074,295.5,33.15,20.64
"2020-10-02 21:04:54.3",3505698,-0.007,-0.002,0.074,295.5,33.15,20.64
"2020-10-02 21:04:54.4",3505699,-0.007,0.009,0.045,295.5,33.15,20.64
"2020-10-02 21:04:54.5",3505700,-0.007,0.009,0.045,295.5,33.15,20.64
"2020-10-02 21:04:54.6",3505701,-0.046,-0.051,0.074,295.5,33.15,20.64
"2020-10-02 21:04:54.7",3505702,-0.046,-0.05,0.074,295.5,33.15,20.64
"2020-10-02 21:04:54.8",3505703,-0.046,-0.05,0.074,295.5,33.15,20.64
"2020-10-02 21:04:54.9",3505704,-0.007,-0.002,0.074,295.3,33.15,20.64
"2020-10-02 21:04:55",3505705,-0.007,-0.002,0.074,295.3,33.15,20.64
"2020-10-02 21:04:55.1",3505706,-0.007,-0.002,0.074,295.3,33.21,20.65
"2020-10-02 21:04:55.2",3505707,-0.007,-0.002,0.074,295.3,33.15,20.64
"2020-10-02 21:04:55.3",3505708,-0.007,-0.002,0.074,295.3,33.15,20.64
"2020-10-02 21:04:55.4",3505709,-0.007,0.009,0.045,295.3,33.15,20.64
"2020-10-02 21:04:55.5",3505710,-0.007,0.009,0.045,295.3,33.15,20.64
