"TOA5","10329","CR6","10329","CR6.Std.09.01 CR6-WIFI.04.00.01","CPU:YOUNG81000_HMP60_10Hz.CR6","51185","Young10Hz_hmp"
"TIMESTAMP","RECORD","U","V","W","TSonic","RH","T_HMP60"
"TS","RN","mV","mV","mV","mV","%","Deg C"
"","","Smp","Smp","Smp","Smp","Smp","Smp"
"2020-10-07 14:11:51",7363887,-10,-10,-10,220,-0.004,-40.01
"2020-10-07 14:11:51.1",7363888,-10,-10,-10,220,-0.004,-40.01
"2020-10-07 14:11:51.2",7363889,-10,-10,-10,220,-0.004,-40
"2020-10-07 14:11:51.3",7363890,-10,-10,-10,220,-0.004,-40
"2020-10-07 14:11:51.4",7363891,-10,-10,-10,220,-0.004,-40.01
"2020-10-07 14:11:51.5",7363892,-10,-10,-10,220,-0.004,-40.01
"2020-10-07 14:11:51.6",7363893,-10,-10,-10,220,-0.004,-40.01
"2020-10-07 14:11:51.7",7363894,-10,-10,-10,220,-0.003,-40
"2020-10-07 14:11:51.8",7363895,-10,-10,-10,220,-0.004,-40.01
"2020-10-07 14:11:51.9",7363896,-10,-10,-10,220,-0.004,-40
"2020-10-07 14:11:52",7363897,-10,-10,-10,220,-0.004,-40.01
"2020-10-07 14:11:52.1",7363898,-10,-10,-10,220,-0.004,-40.01
"2020-10-07 14:11:52.2",7363899,-10,-10,-10,220,-0.004,-40
"2020-10-07 14:11:52.3",7363900,-10,-10,-10,220,-0.003,-40
"2020-10-07 14:11:52.4",7363901,-10,-10,-10,220,-0.004,-40
"2020-10-07 14:11:52.5",7363902,-10,-10,-10,220,-0.004,-40
"2020-10-07 14:11:52.6",7363903,-10,-10,-10,220,-0.004,-40
"2020-10-07 14:11:52.7",7363904,-10,-10,-10,220,-0.004,-40
"2020-10-07 14:11:52.8",7363905,-10,-10,-10,220,-0.004,-40
"2020-10-07 14:11:52.9",7363906,-10,-10,-10,220,-0.004,-40
"2020-10-07 14:11:53",7363907,-10,-10,-10,220,-0.003,-40
"2020-10-07 14:11:53.1",7363908,-10,-10,-10,220,-0.004,-40
"2020-10-07 14:11:53.2",7363909,-10,-10,-10,220,-0.004,-40
"2020-10-07 14:11:53.3",7363910,-10,-10,-10,220,-0.004,-40
"2020-10-07 14:11:53.4",7363911,-10,-10,-10,220,-0.003,-40
"2020-10-07 14:11:53.5",7363912,-10,-10,-10,220,-0.003,-40
"2020-10-07 14:11:53.6",7363913,-10,-10,-10,220,-0.004,-40
"2020-10-07 14:11:53.7",7363914,-10,-10,-10,220,-0.003,-40
"2020-10-07 14:11:53.8",7363915,-10,-10,-10,220,-0.004,-40
"2020-10-07 14:11:53.9",7363916,-10,-10,-10,220,-0.003,-40
"2020-10-07 14:11:54",7363917,-10,-10,-10,220,-0.004,-40
"2020-10-07 14:11:54.1",7363918,-10,-10,-10,220,-0.004,-40
"2020-10-07 14:11:54.2",7363919,-10,-10,-10,220,-0.004,-40
"2020-10-07 14:11:54.3",7363920,-10,-10,-10,220,-0.003,-40
"2020-10-07 14:11:54.4",7363921,-10,-10,-10,220,-0.004,-40
"2020-10-07 14:11:54.5",7363922,-10,-10,-10,220,-0.004,-40.01
"2020-10-07 14:11:54.6",7363923,-10,-10,-10,220,-0.004,-40
"2020-10-07 14:11:54.7",7363924,-10,-10,-10,220,-0.003,-40
"2020-10-07 14:11:54.8",7363925,-10,-10,-10,220,-0.003,-40
"2020-10-07 14:11:54.9",7363926,-10,-10,-10,220,-0.003,-40
"2020-10-07 14:11:55",7363927,-10,-10,-10,220,-0.004,-40
"2020-10-07 14:11:55.1",7363928,-10,-10,-10,220,-0.003,-40
"2020-10-07 14:11:55.2",7363929,-10,-10,-10,220,-0.004,-40.01
"2020-10-07 14:11:55.3",7363930,-10,-10,-10,220,-0.004,-40
"2020-10-07 14:11:55.4",7363931,-10,-10,-10,220,-0.003,-40
"2020-10-07 14:11:55.5",7363932,-10,-10,-10,220,-0.004,-40
"2020-10-07 14:11:55.6",7363933,-10,-10,-10,220,-0.004,-40
"2020-10-07 14:11:55.7",7363934,-10,-10,-10,220,-0.004,-40
"2020-10-07 14:11:55.8",7363935,-10,-10,-10,220,-0.004,-40
"2020-10-07 14:11:55.9",7363936,-10,-10,-10,220,-0.004,-40
"2020-10-07 14:11:56",7363937,-10,-10,-10,220,-0.004,-40
"2020-10-07 14:11:56.1",7363938,-10,-10,-10,220,-0.004,-40
"2020-10-07 14:11:56.2",7363939,-10,-10,-10,220,-0.003,-40.01
"2020-10-07 14:11:56.3",7363940,-10,-10,-10,220,-0.003,-40
"2020-10-07 14:11:56.4",7363941,-10,-10,-10,220,-0.004,-40
"2020-10-07 14:11:56.5",7363942,-10,-10,-10,220,-0.003,-40
"2020-10-07 14:11:56.6",7363943,-10,-10,-10,220,-0.004,-40
"2020-10-07 14:11:56.7",7363944,-10,-10,-10,220,-0.004,-40
"2020-10-07 14:11:56.8",7363945,-10,-10,-10,220,-0.004,-40
"2020-10-07 14:11:56.9",7363946,-10,-10,-10,220,-0.004,-40
"2020-10-07 14:11:57",7363947,-10,-10,-10,220,-0.003,-40
"2020-10-07 14:11:57.1",7363948,-10,-10,-10,220,-0.004,-40
"2020-10-07 14:11:57.2",7363949,-10,-10,-10,220,-0.003,-40
"2020-10-07 14:11:57.3",7363950,-10,-10,-10,220,-0.004,-40
"2020-10-07 14:11:57.4",7363951,-10,-10,-10,220,-0.004,-40
"2020-10-07 14:11:57.5",7363952,-10,-10,-10,220,-0.004,-40
"2020-10-07 14:11:57.6",7363953,-10,-10,-10,220,-0.004,-40
"2020-10-07 14:11:57.7",7363954,-10,-10,-10,220,-0.004,-40.01
"2020-10-07 14:11:57.8",7363955,-10,-10,-10,220,-0.003,-40
"2020-10-07 14:11:57.9",7363956,-10,-10,-10,220,-0.004,-40
"2020-10-07 14:11:58",7363957,-10,-10,-10,220,-0.004,-40
"2020-10-07 14:11:58.1",7363958,-10,-10,-10,220,-0.004,-40
"2020-10-07 14:11:58.2",7363959,-10,-10,-10,220,-0.004,-40
"2020-10-07 14:11:58.3",7363960,-10,-10,-10,220,-0.004,-40
"2020-10-07 14:11:58.4",7363961,-10,-10,-10,220,-0.004,-40
"2020-10-07 14:11:58.5",7363962,-10,-10,-10,220,-0.004,-40
"2020-10-07 14:11:58.6",7363963,-10,-10,-10,220,-0.003,-40
"2020-10-07 14:11:58.7",7363964,-10,-10,-10,220,-0.004,-40
"2020-10-07 14:11:58.8",7363965,-10,-10,-10,220,-0.003,-40
"2020-10-07 14:11:58.9",7363966,-10,-10,-10,220,-0.004,-40
"2020-10-07 14:11:59",7363967,-10,-10,-10,220,-0.004,-40
"2020-10-07 14:11:59.1",7363968,-10,-10,-10,220,-0.003,-40
"2020-10-07 14:11:59.2",7363969,-10,-10,-10,220,-0.004,-40
"2020-10-07 14:11:59.3",7363970,-10,-10,-10,220,-0.004,-40
"2020-10-07 14:11:59.4",7363971,-10,-10,-10,220,-0.004,-40
"2020-10-07 14:11:59.5",7363972,-10,-10,-10,220,-0.004,-40.01
"2020-10-07 14:11:59.6",7363973,-10,-10,-10,220,-0.004,-40
"2020-10-07 14:11:59.7",7363974,-10,-10,-10,220,-0.004,-40
"2020-10-07 14:11:59.8",7363975,-10,-10,-10,220,-0.004,-40
"2020-10-07 14:11:59.9",7363976,-10,-10,-10,220,-0.004,-40.01
"2020-10-07 14:12:00",7363977,-10,-10,-10,220,-0.004,-40
"2020-10-07 14:12:00.1",7363978,-10,-10,-10,220,-0.008,-40.02
"2020-10-07 14:12:00.2",7363979,-10,-10,-10,220,-0.008,-40.02
"2020-10-07 14:12:00.3",7363980,-10,-10,-10,220,-0.003,-40
"2020-10-07 14:12:00.4",7363981,-10,-10,-10,220,-0.004,-40.01
"2020-10-07 14:12:00.5",7363982,-10,-10,-10,220,-0.004,-40
"2020-10-07 14:12:00.6",7363983,-10,-10,-10,220,-0.004,-40
"2020-10-07 14:12:00.7",7363984,-10,-10,-10,220,-0.004,-40
"2020-10-07 14:12:00.8",7363985,-10,-10,-10,220,-0.004,-40
"2020-10-07 14:12:00.9",7363986,-10,-10,-10,220,-0.004,-40
"2020-10-07 14:12:01",7363987,-10,-10,-10,220,-0.004,-40
"2020-10-07 14:12:01.1",7363988,-10,-10,-10,220,-0.004,-40
"2020-10-07 14:12:01.2",7363989,-10,-10,-10,220,-0.004,-40
"2020-10-07 14:12:01.3",7363990,-10,-10,-10,220,-0.004,-40
"2020-10-07 14:12:01.4",7363991,-10,-10,-10,220,-0.004,-40
"2020-10-07 14:12:01.5",7363992,-10,-10,-10,220,-0.004,-40
"2020-10-07 14:12:01.6",7363993,-10,-10,-10,220,-0.004,-40
"2020-10-07 14:12:01.7",7363994,-10,-10,-10,220,-0.004,-40
"2020-10-07 14:12:01.8",7363995,-10,-10,-10,220,-0.004,-40
"2020-10-07 14:12:01.9",7363996,-10,-10,-10,220,-0.004,-40
"2020-10-07 14:12:02",7363997,-10,-10,-10,220,-0.004,-40.01
"2020-10-07 14:12:02.1",7363998,-10,-10,-10,220,-0.004,-40
"2020-10-07 14:12:02.2",7363999,-10,-10,-10,220,-0.004,-40
"2020-10-07 14:12:02.3",7364000,-10,-10,-10,220,-0.004,-40
"2020-10-07 14:12:02.4",7364001,-10,-10,-10,220,-0.004,-40
"2020-10-07 14:12:02.5",7364002,-10,-10,-10,220,-0.004,-40
"2020-10-07 14:12:02.6",7364003,-10,-10,-10,220,-0.004,-40
"2020-10-07 14:12:02.7",7364004,-10,-10,-10,220,-0.004,-40
"2020-10-07 14:12:02.8",7364005,-10,-10,-10,220,-0.004,-40
"2020-10-07 14:12:02.9",7364006,-10,-10,-10,220,-0.004,-40
"2020-10-07 14:12:03",7364007,-10,-10,-10,220,-0.004,-40
"2020-10-07 14:12:03.1",7364008,-10,-10,-10,220,-0.004,-40.01
"2020-10-07 14:12:03.2",7364009,-10,-10,-10,220,-0.004,-40
"2020-10-07 14:12:03.3",7364010,-10,-10,-10,220,-0.004,-40
"2020-10-07 14:12:03.4",7364011,-10,-10,-10,220,-0.004,-40
"2020-10-07 14:12:03.5",7364012,-10,-10,-10,220,-0.004,-40
"2020-10-07 14:12:03.6",7364013,-10,-10,-10,220,-0.004,-40.01
"2020-10-07 14:12:03.7",7364014,-10,-10,-10,220,-0.004,-40.01
"2020-10-07 14:12:03.8",7364015,-10,-10,-10,220,-0.004,-40
"2020-10-07 14:12:03.9",7364016,-10,-10,-10,220,-0.004,-40
"2020-10-07 14:12:04",7364017,-10,-10,-10,220,-0.004,-40.01
"2020-10-07 14:12:04.1",7364018,-10,-10,-10,220,-0.004,-40
"2020-10-07 14:12:04.2",7364019,-10,-10,-10,220,-0.004,-40
"2020-10-07 14:12:04.3",7364020,-10,-10,-10,220,-0.004,-40
"2020-10-07 14:12:04.4",7364021,-10,-10,-10,220,-0.004,-40.01
"2020-10-07 14:12:04.5",7364022,-10,-10,-10,220,-0.004,-40
"2020-10-07 14:12:04.6",7364023,-10,-10,-10,220,-0.004,-40
"2020-10-07 14:12:04.7",7364024,-10,-10,-10,220,-0.004,-40
"2020-10-07 14:12:04.8",7364025,-10,-10,-10,220,-0.004,-40
"2020-10-07 14:12:04.9",7364026,-10,-10,-10,220,-0.004,-40
"2020-10-07 14:12:05",7364027,-10,-10,-10,220,-0.004,-40
"2020-10-07 14:12:05.1",7364028,-10,-10,-10,220,-0.004,-40
"2020-10-07 14:12:05.2",7364029,-10,-10,-10,220,-0.003,-40
"2020-10-07 14:12:05.3",7364030,-10,-10,-10,220,-0.003,-40
"2020-10-07 14:12:05.4",7364031,-10,-10,-10,220,-0.004,-40
"2020-10-07 14:12:05.5",7364032,-10,-10,-10,220,-0.004,-40
"2020-10-07 14:12:05.6",7364033,-10,-10,-10,220,-0.003,-40
"2020-10-07 14:12:05.7",7364034,-10,-10,-10,220,-0.004,-40
"2020-10-07 14:12:05.8",7364035,-10,-10,-10,220,-0.004,-40
"2020-10-07 14:12:05.9",7364036,-10,-10,-10,220,-0.004,-40
"2020-10-07 14:12:06",7364037,-10,-10,-10,220,-0.004,-40
"2020-10-07 14:12:06.1",7364038,-10,-10,-10,220,-0.004,-40.01
"2020-10-07 14:12:06.2",7364039,-10,-10,-10,220,-0.004,-40
"2020-10-07 14:12:06.3",7364040,-10,-10,-10,220,-0.004,-40
"2020-10-07 14:12:06.4",7364041,-10,-10,-10,220,-0.004,-40
"2020-10-07 14:12:06.5",7364042,-10,-10,-10,220,-0.004,-40
"2020-10-07 14:12:06.6",7364043,-10,-10,-10,220,-0.004,-40
"2020-10-07 14:12:06.7",7364044,-10,-10,-10,220,-0.004,-40
"2020-10-07 14:12:06.8",7364045,-10,-10,-10,220,-0.004,-40
"2020-10-07 14:12:06.9",7364046,-10,-10,-10,220,-0.003,-40
"2020-10-07 14:12:07",7364047,-10,-10,-10,220,-0.004,-40.01
"2020-10-07 14:12:07.1",7364048,-10,-10,-10,220,-0.004,-40
"2020-10-07 14:12:07.2",7364049,-10,-10,-10,220,-0.004,-40
"2020-10-07 14:12:07.3",7364050,-10,-10,-10,220,-0.004,-40.01
"2020-10-07 14:12:07.4",7364051,-10,-10,-10,220,-0.004,-40.01
"2020-10-07 14:12:07.5",7364052,-10,-10,-10,220,-0.004,-40
"2020-10-07 14:12:07.6",7364053,-10,-10,-10,220,-0.003,-40
"2020-10-07 14:12:07.7",7364054,-10,-10,-10,220,-0.004,-40
"2020-10-07 14:12:07.8",7364055,-10,-10,-10,220,-0.003,-40
"2020-10-07 14:12:07.9",7364056,-10,-10,-10,220,-0.004,-40
"2020-10-07 14:12:08",7364057,-10,-10,-10,220,-0.004,-40
"2020-10-07 14:12:08.1",7364058,-10,-10,-10,220,-0.004,-40
"2020-10-07 14:12:08.2",7364059,-10,-10,-10,220,-0.004,-40.01
"2020-10-07 14:12:08.3",7364060,-10,-10,-10,220,-0.004,-40
"2020-10-07 14:12:08.4",7364061,-10,-10,-10,220,-0.004,-40
"2020-10-07 14:12:08.5",7364062,-10,-10,-10,220,-0.003,-40
"2020-10-07 14:12:08.6",7364063,-10,-10,-10,220,-0.003,-40
"2020-10-07 14:12:08.7",7364064,-10,-10,-10,220,-0.003,-40
"2020-10-07 14:12:08.8",7364065,-10,-10,-10,220,-0.004,-40.01
"2020-10-07 14:12:08.9",7364066,-10,-10,-10,220,-0.004,-40
"2020-10-07 14:12:09",7364067,-10,-10,-10,220,-0.004,-40
"2020-10-07 14:12:09.1",7364068,-10,-10,-10,220,-0.004,-40
"2020-10-07 14:12:09.2",7364069,-10,-10,-10,220,-0.004,-40
"2020-10-07 14:12:09.3",7364070,-10,-10,-10,220,-0.004,-40
"2020-10-07 14:12:09.4",7364071,-10,-10,-10,220,-0.003,-40
"2020-10-07 14:12:09.5",7364072,-10,-10,-10,220,-0.003,-40
"2020-10-07 14:12:09.6",7364073,-10,-10,-10,220,-0.004,-40
"2020-10-07 14:12:09.7",7364074,-10,-10,-10,220,-0.003,-40
"2020-10-07 14:12:09.8",7364075,-10,-10,-10,220,-0.004,-40
"2020-10-07 14:12:09.9",7364076,-10,-10,-10,220,-0.003,-40
"2020-10-07 14:12:10",7364077,-10,-10,-10,220,-0.003,-40
"2020-10-07 14:12:10.1",7364078,-10,-10,-10,220,-0.004,-40
"2020-10-07 14:12:10.2",7364079,-10,-10,-10,220,-0.004,-40
"2020-10-07 14:12:10.3",7364080,-10,-10,-10,220,-0.004,-40
"2020-10-07 14:12:10.4",7364081,-10,-10,-10,220,-0.004,-40
"2020-10-07 14:12:10.5",7364082,-10,-10,-10,220,-0.004,-40
"2020-10-07 14:12:10.6",7364083,-10,-10,-10,220,-0.004,-40
"2020-10-07 14:12:10.7",7364084,-10,-10,-10,220,-0.003,-40
"2020-10-07 14:12:10.8",7364085,-10,-10,-10,220,-0.003,-40
"2020-10-07 14:12:10.9",7364086,-10,-10,-10,220,-0.004,-40
"2020-10-07 14:12:11",7364087,-10,-10,-10,220,-0.004,-40
"2020-10-07 14:12:11.1",7364088,-10,-10,-10,220,-0.004,-40
"2020-10-07 14:12:11.2",7364089,-10,-10,-10,220,-0.004,-40
"2020-10-07 14:12:11.3",7364090,-10,-10,-10,220,-0.004,-40
"2020-10-07 14:12:11.4",7364091,-10,-10,-10,220,-0.004,-40
"2020-10-07 14:12:11.5",7364092,-10,-10,-10,220,-0.004,-40
"2020-10-07 14:12:11.6",7364093,-10,-10,-10,220,-0.004,-40.01
"2020-10-07 14:12:11.7",7364094,-10,-10,-10,220,-0.004,-40
"2020-10-07 14:12:11.8",7364095,-10,-10,-10,220,-0.004,-40
"2020-10-07 14:12:11.9",7364096,-10,-10,-10,220,-0.004,-40.01
"2020-10-07 14:12:12",7364097,-10,-10,-10,220,-0.004,-40
"2020-10-07 14:12:12.1",7364098,-10,-10,-10,220,-0.004,-40.01
"2020-10-07 14:12:12.2",7364099,-10,-10,-10,220,-0.004,-40
"2020-10-07 14:12:12.3",7364100,-10,-10,-10,220,-0.004,-40
"2020-10-07 14:12:12.4",7364101,-10,-10,-10,220,-0.003,-40
"2020-10-07 14:12:12.5",7364102,-10,-10,-10,220,-0.004,-40
"2020-10-07 14:12:12.6",7364103,-10,-10,-10,220,-0.004,-40.01
"2020-10-07 14:12:12.7",7364104,-10,-10,-10,220,-0.004,-40
"2020-10-07 14:12:12.8",7364105,-10,-10,-10,220,-0.004,-40
"2020-10-07 14:12:12.9",7364106,-10,-10,-10,220,-0.004,-40
"2020-10-07 14:12:13",7364107,-10,-10,-10,220,-0.004,-40
"2020-10-07 14:12:13.1",7364108,-10,-10,-10,220,-0.004,-40
"2020-10-07 14:12:13.2",7364109,-10,-10,-10,220,-0.004,-40
"2020-10-07 14:12:13.3",7364110,-10,-10,-10,220,-0.003,-40
"2020-10-07 14:12:13.4",7364111,-10,-10,-10,220,-0.003,-40
"2020-10-07 14:12:13.5",7364112,-10,-10,-10,220,-0.004,-40
"2020-10-07 14:12:13.6",7364113,-10,-10,-10,220,-0.004,-40
"2020-10-07 14:12:13.7",7364114,-10,-10,-10,220,-0.003,-40
"2020-10-07 14:12:13.8",7364115,-10,-10,-10,220,-0.003,-40
"2020-10-07 14:12:13.9",7364116,-10,-10,-10,220,-0.004,-40
"2020-10-07 14:12:14",7364117,-10,-10,-10,220,-0.004,-40
"2020-10-07 14:12:14.1",7364118,-10,-10,-10,220,-0.004,-40
"2020-10-07 14:12:14.2",7364119,-10,-10,-10,220,-0.004,-40
"2020-10-07 14:12:14.3",7364120,-10,-10,-10,220,-0.004,-40
"2020-10-07 14:12:14.4",7364121,-10,-10,-10,220,-0.003,-40
"2020-10-07 14:12:14.5",7364122,-10,-10,-10,220,-0.004,-40
"2020-10-07 14:12:14.6",7364123,-10,-10,-10,220,-0.004,-40
"2020-10-07 14:12:14.7",7364124,-10,-10,-10,220,-0.004,-40
"2020-10-07 14:12:14.8",7364125,-10,-10,-10,220,-0.004,-40
"2020-10-07 14:12:14.9",7364126,-10,-10,-10,220,-0.004,-40
"2020-10-07 14:12:15",7364127,-10,-10,-10,220,-0.004,-40
"2020-10-07 14:12:15.1",7364128,-10,-10,-10,220,-0.004,-40
"2020-10-07 14:12:15.2",7364129,-10,-10,-10,220,-0.004,-40
"2020-10-07 14:12:15.3",7364130,-10,-10,-10,220,-0.003,-40
"2020-10-07 14:12:15.4",7364131,-10,-10,-10,220,-0.003,-40
"2020-10-07 14:12:15.5",7364132,-10,-10,-10,220,-0.004,-40
"2020-10-07 14:12:15.6",7364133,-10,-10,-10,220,-0.004,-40
"2020-10-07 14:12:15.7",7364134,-10,-10,-10,220,-0.004,-40
"2020-10-07 14:12:15.8",7364135,-10,-10,-10,220,-0.004,-40
"2020-10-07 14:12:15.9",7364136,-10,-10,-10,220,-0.004,-40.01
"2020-10-07 14:12:16",7364137,-10,-10,-10,220,-0.004,-40
"2020-10-07 14:12:16.1",7364138,-10,-10,-10,220,-0.004,-40
"2020-10-07 14:12:16.2",7364139,-10,-10,-10,220,-0.003,-40
"2020-10-07 14:12:16.3",7364140,-10,-10,-10,220,-0.004,-40
"2020-10-07 14:12:16.4",7364141,-10,-10,-10,220,-0.004,-40
"2020-10-07 14:12:16.5",7364142,-10,-10,-10,220,-0.003,-40
"2020-10-07 14:12:16.6",7364143,-10,-10,-10,220,-0.004,-40
"2020-10-07 14:12:16.7",7364144,-10,-10,-10,220,-0.003,-40
"2020-10-07 14:12:16.8",7364145,-10,-10,-10,220,-0.004,-40
"2020-10-07 14:12:16.9",7364146,-10,-10,-10,220,-0.003,-40
"2020-10-07 14:12:17",7364147,-10,-10,-10,220,-0.004,-40
"2020-10-07 14:12:17.1",7364148,-10,-10,-10,220,-0.003,-40
"2020-10-07 14:12:17.2",7364149,-10,-10,-10,220,-0.004,-40
"2020-10-07 14:12:17.3",7364150,-10,-10,-10,220,-0.004,-40
"2020-10-07 14:12:17.4",7364151,-10,-10,-10,220,-0.004,-40
"2020-10-07 14:12:17.5",7364152,-10,-10,-10,220,-0.004,-40
"2020-10-07 14:12:17.6",7364153,-10,-10,-10,220,-0.003,-40
"2020-10-07 14:12:17.7",7364154,-10,-10,-10,220,-0.004,-40
"2020-10-07 14:12:17.8",7364155,-10,-10,-10,220,-0.003,-40
"2020-10-07 14:12:17.9",7364156,-10,-10,-10,220,-0.004,-40
"2020-10-07 14:12:18",7364157,-10,-10,-10,220,-0.003,-40
"2020-10-07 14:12:18.1",7364158,-10,-10,-10,220,-0.003,-40
"2020-10-07 14:12:18.2",7364159,-10,-10,-10,220,-0.004,-40
"2020-10-07 14:12:18.3",7364160,-10,-10,-10,220,-0.004,-40
"2020-10-07 14:12:18.4",7364161,-10,-10,-10,220,-0.004,-40
"2020-10-07 14:12:18.5",7364162,-10,-10,-10,220,-0.004,-40
"2020-10-07 14:12:18.6",7364163,-10,-10,-10,220,-0.004,-40
"2020-10-07 14:12:18.7",7364164,-10,-10,-10,220,-0.004,-40
"2020-10-07 14:12:18.8",7364165,-10,-10,-10,220,-0.004,-40
"2020-10-07 14:12:18.9",7364166,-10,-10,-10,220,-0.004,-40
"2020-10-07 14:12:19",7364167,-10,-10,-10,220,-0.004,-40
"2020-10-07 14:12:19.1",7364168,-10,-10,-10,220,-0.004,-40
"2020-10-07 14:12:19.2",7364169,-10,-10,-10,220,-0.004,-40
"2020-10-07 14:12:19.3",7364170,-10,-10,-10,220,-0.003,-40
"2020-10-07 14:12:19.4",7364171,-10,-10,-10,220,-0.004,-40
"2020-10-07 14:12:19.5",7364172,-10,-10,-10,220,-0.004,-40
"2020-10-07 14:12:19.6",7364173,-10,-10,-10,220,-0.004,-40
"2020-10-07 14:12:19.7",7364174,-10,-10,-10,220,-0.004,-40
"2020-10-07 14:12:19.8",7364175,-10,-10,-10,220,-0.004,-40
"2020-10-07 14:12:19.9",7364176,-10,-10,-10,220,-0.004,-40
"2020-10-07 14:12:20",7364177,-10,-10,-10,220,-0.003,-40
"2020-10-07 14:12:20.1",7364178,-10,-10,-10,220,-0.004,-40
"2020-10-07 14:12:20.2",7364179,-10,-10,-10,220,-0.003,-40
"2020-10-07 14:12:20.3",7364180,-10,-10,-10,220,-0.004,-40
"2020-10-07 14:12:20.4",7364181,-10,-10,-10,220,-0.004,-40
"2020-10-07 14:12:20.5",7364182,-10,-10,-10,220,-0.004,-40
"2020-10-07 14:12:20.6",7364183,-10,-10,-10,220,-0.004,-40
"2020-10-07 14:12:20.7",7364184,-10,-10,-10,220,-0.004,-40
"2020-10-07 14:12:20.8",7364185,-10,-10,-10,220,-0.004,-40
"2020-10-07 14:12:20.9",7364186,-10,-10,-10,220,-0.004,-40
"2020-10-07 14:12:21",7364187,-10,-10,-10,220,-0.004,-40.01
"2020-10-07 14:12:21.1",7364188,-10,-10,-10,220,-0.004,-40
"2020-10-07 14:12:21.2",7364189,-10,-10,-10,220,-0.003,-40
"2020-10-07 14:12:21.3",7364190,-10,-10,-10,220,-0.004,-40
"2020-10-07 14:12:21.4",7364191,-10,-10,-10,220,-0.003,-40
"2020-10-07 14:12:21.5",7364192,-10,-10,-10,220,-0.003,-40
"2020-10-07 14:12:21.6",7364193,-10,-10,-10,220,-0.004,-40
"2020-10-07 14:12:21.7",7364194,-10,-10,-10,220,-0.004,-40
"2020-10-07 14:12:21.8",7364195,-10,-10,-10,220,-0.004,-40
"2020-10-07 14:12:21.9",7364196,-10,-10,-10,220,-0.004,-40.01
"2020-10-07 14:12:22",7364197,-10,-10,-10,220,-0.004,-40
"2020-10-07 14:12:22.1",7364198,-10,-10,-10,220,-0.004,-40
"2020-10-07 14:12:22.2",7364199,-10,-10,-10,220,-0.004,-40
"2020-10-07 14:12:22.3",7364200,-10,-10,-10,220,-0.003,-40
"2020-10-07 14:12:22.4",7364201,-10,-10,-10,220,-0.004,-40
"2020-10-07 14:12:22.5",7364202,-10,-10,-10,220,-0.004,-40
"2020-10-07 14:12:22.6",7364203,-10,-10,-10,220,-0.004,-40
"2020-10-07 14:12:22.7",7364204,-10,-10,-10,220,-0.004,-40
"2020-10-07 14:12:22.8",7364205,-10,-10,-10,220,-0.004,-40
"2020-10-07 14:12:22.9",7364206,-10,-10,-10,220,-0.003,-40
"2020-10-07 14:12:23",7364207,-10,-10,-10,220,-0.004,-40
"2020-10-07 14:12:23.1",7364208,-10,-10,-10,220,-0.004,-40
"2020-10-07 14:12:23.2",7364209,-10,-10,-10,220,-0.004,-40
"2020-10-07 14:12:23.3",7364210,-10,-10,-10,220,-0.003,-40
"2020-10-07 14:12:23.4",7364211,-10,-10,-10,220,-0.004,-40
"2020-10-07 14:12:23.5",7364212,-10,-10,-10,220,-0.003,-40
"2020-10-07 14:12:23.6",7364213,-10,-10,-10,220,-0.003,-40
"2020-10-07 14:12:23.7",7364214,-10,-10,-10,220,-0.003,-40
"2020-10-07 14:12:23.8",7364215,-10,-10,-10,220,-0.003,-40
"2020-10-07 14:12:23.9",7364216,-10,-10,-10,220,-0.004,-40
"2020-10-07 14:12:24",7364217,-10,-10,-10,220,-0.004,-40
"2020-10-07 14:12:24.1",7364218,-10,-10,-10,220,-0.004,-40
"2020-10-07 14:12:24.2",7364219,-10,-10,-10,220,-0.003,-40
"2020-10-07 14:12:24.3",7364220,-10,-10,-10,220,-0.003,-40
"2020-10-07 14:12:24.4",7364221,-10,-10,-10,220,-0.004,-40
"2020-10-07 14:12:24.5",7364222,-10,-10,-10,220,-0.004,-40
"2020-10-07 14:12:24.6",7364223,-10,-10,-10,220,-0.004,-40
"2020-10-07 14:12:24.7",7364224,-10,-10,-10,220,-0.004,-40
"2020-10-07 14:12:24.8",7364225,-10,-10,-10,220,-0.004,-40
"2020-10-07 14:12:24.9",7364226,-10,-10,-10,220,-0.004,-40
"2020-10-07 14:12:25",7364227,-10,-10,-10,220,-0.004,-40
"2020-10-07 14:12:25.1",7364228,-10,-10,-10,220,-0.004,-40
"2020-10-07 14:12:25.2",7364229,-10,-10,-10,220,-0.004,-40
"2020-10-07 14:12:25.3",7364230,-10,-10,-10,220,-0.004,-40
"2020-10-07 14:12:25.4",7364231,-10,-10,-10,220,-0.004,-40
"2020-10-07 14:12:25.5",7364232,-10,-10,-10,220,-0.004,-40
"2020-10-07 14:12:25.6",7364233,-10,-10,-10,220,-0.004,-40
"2020-10-07 14:12:25.7",7364234,-10,-10,-10,220,-0.004,-40
"2020-10-07 14:12:25.8",7364235,-10,-10,-10,220,-0.004,-40
"2020-10-07 14:12:25.9",7364236,-10,-10,-10,220,-0.004,-40
"2020-10-07 14:12:26",7364237,-10,-10,-10,220,-0.004,-40
"2020-10-07 14:12:26.1",7364238,-10,-10,-10,220,-0.004,-40
"2020-10-07 14:12:26.2",7364239,-10,-10,-10,220,-0.004,-40
"2020-10-07 14:12:26.3",7364240,-10,-10,-10,220,-0.004,-40
"2020-10-07 14:12:26.4",7364241,-10,-10,-10,220,-0.004,-40
"2020-10-07 14:12:26.5",7364242,-10,-10,-10,220,-0.004,-40
"2020-10-07 14:12:26.6",7364243,-10,-10,-10,220,-0.004,-40
"2020-10-07 14:12:26.7",7364244,-10,-10,-10,220,-0.004,-40
"2020-10-07 14:12:26.8",7364245,-10,-10,-10,220,-0.004,-40
"2020-10-07 14:12:26.9",7364246,-10,-10,-10,220,-0.004,-40
"2020-10-07 14:12:27",7364247,-10,-10,-10,220,-0.004,-40
"2020-10-07 14:12:27.1",7364248,-10,-10,-10,220,-0.004,-40
"2020-10-07 14:12:27.2",7364249,-10,-10,-10,220,-0.004,-40.01
"2020-10-07 14:12:27.3",7364250,-10,-10,-10,220,-0.004,-40
"2020-10-07 14:12:27.4",7364251,-10,-10,-10,220,-0.003,-40
"2020-10-07 14:12:27.5",7364252,-10,-10,-10,220,-0.004,-40
"2020-10-07 14:12:27.6",7364253,-10,-10,-10,220,-0.004,-40
"2020-10-07 14:12:27.7",7364254,-10,-10,-10,220,-0.004,-40
"2020-10-07 14:12:27.8",7364255,-10,-10,-10,220,-0.004,-40
"2020-10-07 14:12:27.9",7364256,-10,-10,-10,220,-0.004,-40
"2020-10-07 14:12:28",7364257,-10,-10,-10,220,-0.004,-40.01
"2020-10-07 14:12:28.1",7364258,-10,-10,-10,220,-0.004,-40.01
"2020-10-07 14:12:28.2",7364259,-10,-10,-10,220,-0.004,-40
"2020-10-07 14:12:28.3",7364260,-10,-10,-10,220,-0.003,-40
"2020-10-07 14:12:28.4",7364261,-10,-10,-10,220,-0.003,-40
"2020-10-07 14:12:28.5",7364262,-10,-10,-10,220,-0.004,-40
"2020-10-07 14:12:28.6",7364263,-10,-10,-10,220,-0.004,-40
"2020-10-07 14:12:28.7",7364264,-10,-10,-10,220,-0.004,-40
"2020-10-07 14:12:28.8",7364265,-10,-10,-10,220,-0.004,-40
"2020-10-07 14:12:28.9",7364266,-10,-10,-10,220,-0.004,-40
"2020-10-07 14:12:29",7364267,-10,-10,-10,220,-0.004,-40
"2020-10-07 14:12:29.1",7364268,-10,-10,-10,220,-0.004,-40
"2020-10-07 14:12:29.2",7364269,-10,-10,-10,220,-0.004,-40.01
"2020-10-07 14:12:29.3",7364270,-10,-10,-10,220,-0.004,-40
"2020-10-07 14:12:29.4",7364271,-10,-10,-10,220,-0.004,-40
"2020-10-07 14:12:29.5",7364272,-10,-10,-10,220,-0.003,-40
"2020-10-07 14:12:29.6",7364273,-10,-10,-10,220,-0.004,-40
"2020-10-07 14:12:29.7",7364274,-10,-10,-10,220,-0.004,-40
"2020-10-07 14:12:29.8",7364275,-10,-10,-10,220,-0.004,-40
"2020-10-07 14:12:29.9",7364276,-10,-10,-10,220,-0.004,-40
"2020-10-07 14:12:30",7364277,-10,-10,-10,220,-0.004,-40
"2020-10-07 14:12:30.1",7364278,-10,-10,-10,220,-0.004,-40
"2020-10-07 14:12:30.2",7364279,-10,-10,-10,220,-0.004,-40
"2020-10-07 14:12:30.3",7364280,-10,-10,-10,220,-0.003,-40
"2020-10-07 14:12:30.4",7364281,-10,-10,-10,220,-0.004,-40
"2020-10-07 14:12:30.5",7364282,-10,-10,-10,220,-0.004,-40
"2020-10-07 14:12:30.6",7364283,-10,-10,-10,220,-0.003,-40
"2020-10-07 14:12:30.7",7364284,-10,-10,-10,220,-0.004,-40
"2020-10-07 14:12:30.8",7364285,-10,-10,-10,220,-0.004,-40
"2020-10-07 14:12:30.9",7364286,-10,-10,-10,220,-0.004,-40
"2020-10-07 14:12:31",7364287,-10,-10,-10,220,-0.004,-40
"2020-10-07 14:12:31.1",7364288,-10,-10,-10,220,-0.003,-40
"2020-10-07 14:12:31.2",7364289,-10,-10,-10,220,-0.004,-40
"2020-10-07 14:12:31.3",7364290,-10,-10,-10,220,-0.004,-40
"2020-10-07 14:12:31.4",7364291,-10,-10,-10,220,-0.004,-40
"2020-10-07 14:12:31.5",7364292,-10,-10,-10,220,-0.003,-40
"2020-10-07 14:12:31.6",7364293,-10,-10,-10,220,-0.004,-40
"2020-10-07 14:12:31.7",7364294,-10,-10,-10,220,-0.004,-40
"2020-10-07 14:12:31.8",7364295,-10,-10,-10,220,-0.004,-40
"2020-10-07 14:12:31.9",7364296,-10,-10,-10,220,-0.004,-40
"2020-10-07 14:12:32",7364297,-10,-10,-10,220,-0.003,-40
"2020-10-07 14:12:32.1",7364298,-10,-10,-10,220,-0.004,-40
"2020-10-07 14:12:32.2",7364299,-10,-10,-10,220,-0.004,-40
"2020-10-07 14:12:32.3",7364300,-10,-10,-10,220,-0.004,-40
"2020-10-07 14:12:32.4",7364301,-10,-10,-10,220,-0.003,-40
"2020-10-07 14:12:32.5",7364302,-10,-10,-10,220,-0.004,-40.01
"2020-10-07 14:12:32.6",7364303,-10,-10,-10,220,-0.004,-40
"2020-10-07 14:12:32.7",7364304,-10,-10,-10,220,-0.003,-40
"2020-10-07 14:12:32.8",7364305,-10,-10,-10,220,-0.003,-40
"2020-10-07 14:12:32.9",7364306,-10,-10,-10,220,-0.004,-40
"2020-10-07 14:12:33",7364307,-10,-10,-10,220,-0.004,-40
"2020-10-07 14:12:33.1",7364308,-10,-10,-10,220,-0.004,-40
"2020-10-07 14:12:33.2",7364309,-10,-10,-10,220,-0.004,-40
"2020-10-07 14:12:33.3",7364310,-10,-10,-10,220,-0.004,-40
"2020-10-07 14:12:33.4",7364311,-10,-10,-10,220,-0.004,-40
"2020-10-07 14:12:33.5",7364312,-10,-10,-10,220,-0.004,-40
"2020-10-07 14:12:33.6",7364313,-10,-10,-10,220,-0.004,-40
"2020-10-07 14:12:33.7",7364314,-10,-10,-10,220,-0.003,-40.01
"2020-10-07 14:12:33.8",7364315,-10,-10,-10,220,-0.004,-40
"2020-10-07 14:12:33.9",7364316,-10,-10,-10,220,-0.004,-40
"2020-10-07 14:12:34",7364317,-10,-10,-10,220,-0.004,-40.01
"2020-10-07 14:12:34.1",7364318,-10,-10,-10,220,-0.004,-40
"2020-10-07 14:12:34.2",7364319,-10,-10,-10,220,-0.003,-40
"2020-10-07 14:12:34.3",7364320,-10,-10,-10,220,-0.003,-40
"2020-10-07 14:12:34.4",7364321,-10,-10,-10,220,-0.003,-40
"2020-10-07 14:12:34.5",7364322,-10,-10,-10,220,-0.004,-40
"2020-10-07 14:12:34.6",7364323,-10,-10,-10,220,-0.004,-40
"2020-10-07 14:12:34.7",7364324,-10,-10,-10,220,-0.004,-40
"2020-10-07 14:12:34.8",7364325,-10,-10,-10,220,-0.003,-40
"2020-10-07 14:12:34.9",7364326,-10,-10,-10,220,-0.004,-40
"2020-10-07 14:12:35",7364327,-10,-10,-10,220,-0.004,-40
"2020-10-07 14:12:35.1",7364328,-10,-10,-10,220,-0.003,-40
"2020-10-07 14:12:35.2",7364329,-10,-10,-10,220,-0.004,-40
"2020-10-07 14:12:35.3",7364330,-10,-10,-10,220,-0.004,-40
"2020-10-07 14:12:35.4",7364331,-10,-10,-10,220,-0.003,-40
"2020-10-07 14:12:35.5",7364332,-10,-10,-10,220,-0.004,-40
"2020-10-07 14:12:35.6",7364333,-10,-10,-10,220,-0.004,-40
"2020-10-07 14:12:35.7",7364334,-10,-10,-10,220,-0.004,-40
"2020-10-07 14:12:35.8",7364335,-10,-10,-10,220,-0.003,-40
"2020-10-07 14:12:35.9",7364336,-10,-10,-10,220,-0.003,-40
"2020-10-07 14:12:36",7364337,-10,-10,-10,220,-0.004,-40
"2020-10-07 14:12:36.1",7364338,-10,-10,-10,220,-0.004,-40
"2020-10-07 14:12:36.2",7364339,-10,-10,-10,220,-0.004,-40
"2020-10-07 14:12:36.3",7364340,-10,-10,-10,220,-0.004,-40
"2020-10-07 14:12:36.4",7364341,-10,-10,-10,220,-0.004,-40
"2020-10-07 14:12:36.5",7364342,-10,-10,-10,220,-0.003,-40
"2020-10-07 14:12:36.6",7364343,-10,-10,-10,220,-0.004,-40
"2020-10-07 14:12:36.7",7364344,-10,-10,-10,220,-0.004,-40
"2020-10-07 14:12:36.8",7364345,-10,-10,-10,220,-0.004,-40
"2020-10-07 14:12:36.9",7364346,-10,-10,-10,220,-0.004,-40
"2020-10-07 14:12:37",7364347,-10,-10,-10,220,-0.003,-40
"2020-10-07 14:12:37.1",7364348,-10,-10,-10,220,-0.004,-40
"2020-10-07 14:12:37.2",7364349,-10,-10,-10,220,-0.004,-40
"2020-10-07 14:12:37.3",7364350,-10,-10,-10,220,-0.004,-40
"2020-10-07 14:12:37.4",7364351,-10,-10,-10,220,-0.004,-40
"2020-10-07 14:12:37.5",7364352,-10,-10,-10,220,-0.003,-40
"2020-10-07 14:12:37.6",7364353,-10,-10,-10,220,-0.004,-40
"2020-10-07 14:12:37.7",7364354,-10,-10,-10,220,-0.004,-40
"2020-10-07 14:12:37.8",7364355,-10,-10,-10,220,-0.004,-40
"2020-10-07 14:12:37.9",7364356,-10,-10,-10,220,-0.004,-40
"2020-10-07 14:12:38",7364357,-10,-10,-10,220,-0.004,-40
"2020-10-07 14:12:38.1",7364358,-10,-10,-10,220,-0.004,-40
"2020-10-07 14:12:38.2",7364359,-10,-10,-10,220,-0.004,-40
"2020-10-07 14:12:38.3",7364360,-10,-10,-10,220,-0.004,-40
"2020-10-07 14:12:38.4",7364361,-10,-10,-10,220,-0.004,-40
"2020-10-07 14:12:38.5",7364362,-10,-10,-10,220,-0.003,-40
"2020-10-07 14:12:38.6",7364363,-10,-10,-10,220,-0.003,-40
"2020-10-07 14:12:38.7",7364364,-10,-10,-10,220,-0.004,-40
"2020-10-07 14:12:38.8",7364365,-10,-10,-10,220,-0.004,-40
"2020-10-07 14:12:38.9",7364366,-10,-10,-10,220,-0.003,-40
"2020-10-07 14:12:39",7364367,-10,-10,-10,220,-0.004,-40
"2020-10-07 14:12:39.1",7364368,-10,-10,-10,220,-0.004,-40
"2020-10-07 14:12:39.2",7364369,-10,-10,-10,220,-0.004,-40
"2020-10-07 14:12:39.3",7364370,-10,-10,-10,220,-0.003,-40
"2020-10-07 14:12:39.4",7364371,-10,-10,-10,220,-0.004,-40
"2020-10-07 14:12:39.5",7364372,-10,-10,-10,220,-0.004,-40
"2020-10-07 14:12:39.6",7364373,-10,-10,-10,220,-0.004,-40
"2020-10-07 14:12:39.7",7364374,-10,-10,-10,220,-0.004,-40
"2020-10-07 14:12:39.8",7364375,-10,-10,-10,220,-0.004,-40
"2020-10-07 14:12:39.9",7364376,-10,-10,-10,220,-0.003,-40
"2020-10-07 14:12:40",7364377,-10,-10,-10,220,-0.004,-40
"2020-10-07 14:12:40.1",7364378,-10,-10,-10,220,-0.004,-40
"2020-10-07 14:12:40.2",7364379,-10,-10,-10,220,-0.004,-40.01
"2020-10-07 14:12:40.3",7364380,-10,-10,-10,220,-0.004,-40
"2020-10-07 14:12:40.4",7364381,-10,-10,-10,220,-0.003,-40
"2020-10-07 14:12:40.5",7364382,-10,-10,-10,220,-0.004,-40
"2020-10-07 14:12:40.6",7364383,-10,-10,-10,220,-0.004,-40
"2020-10-07 14:12:40.7",7364384,-10,-10,-10,220,-0.004,-40
"2020-10-07 14:12:40.8",7364385,-10,-10,-10,220,-0.004,-40
"2020-10-07 14:12:40.9",7364386,-10,-10,-10,220,-0.004,-40
"2020-10-07 14:12:41",7364387,-10,-10,-10,220,-0.003,-40
"2020-10-07 14:12:41.1",7364388,-10,-10,-10,220,-0.003,-40
"2020-10-07 14:12:41.2",7364389,-10,-10,-10,220,-0.004,-40
"2020-10-07 14:12:41.3",7364390,-10,-10,-10,220,-0.004,-40
"2020-10-07 14:12:41.4",7364391,-10,-10,-10,220,-0.004,-40
"2020-10-07 14:12:41.5",7364392,-10,-10,-10,220,-0.004,-40
"2020-10-07 14:12:41.6",7364393,-10,-10,-10,220,-0.004,-40.01
"2020-10-07 14:12:41.7",7364394,-10,-10,-10,220,-0.003,-40
"2020-10-07 14:12:41.8",7364395,-10,-10,-10,220,-0.004,-40.01
"2020-10-07 14:12:41.9",7364396,-10,-10,-10,220,-0.004,-40
"2020-10-07 14:12:42",7364397,-10,-10,-10,220,-0.004,-40
"2020-10-07 14:12:42.1",7364398,-10,-10,-10,220,-0.003,-40
"2020-10-07 14:12:42.2",7364399,-10,-10,-10,220,-0.004,-40
"2020-10-07 14:12:42.3",7364400,-10,-10,-10,220,-0.004,-40.01
"2020-10-07 14:12:42.4",7364401,-10,-10,-10,220,-0.004,-40
"2020-10-07 14:12:42.5",7364402,-10,-10,-10,220,-0.004,-40
"2020-10-07 14:12:42.6",7364403,-10,-10,-10,220,-0.004,-40
"2020-10-07 14:12:42.7",7364404,-10,-10,-10,220,-0.004,-40
"2020-10-07 14:12:42.8",7364405,-10,-10,-10,220,-0.003,-40
"2020-10-07 14:12:42.9",7364406,-10,-10,-10,220,-0.004,-40
"2020-10-07 14:12:43",7364407,-10,-10,-10,220,-0.004,-40
"2020-10-07 14:12:43.1",7364408,-10,-10,-10,220,-0.003,-40
"2020-10-07 14:12:43.2",7364409,-10,-10,-10,220,-0.004,-40
"2020-10-07 14:12:43.3",7364410,-10,-10,-10,220,-0.004,-40
"2020-10-07 14:12:43.4",7364411,-10,-10,-10,220,-0.004,-40
"2020-10-07 14:12:43.5",7364412,-10,-10,-10,220,-0.003,-40
"2020-10-07 14:12:43.6",7364413,-10,-10,-10,220,-0.004,-40
"2020-10-07 14:12:43.7",7364414,-10,-10,-10,220,-0.004,-40.01
"2020-10-07 14:12:43.8",7364415,-10,-10,-10,220,-0.003,-40
"2020-10-07 14:12:43.9",7364416,-10,-10,-10,220,-0.003,-40
"2020-10-07 14:12:44",7364417,-10,-10,-10,220,-0.004,-40
"2020-10-07 14:12:44.1",7364418,-10,-10,-10,220,-0.004,-40
"2020-10-07 14:12:44.2",7364419,-10,-10,-10,220,-0.004,-40
"2020-10-07 14:12:44.3",7364420,-10,-10,-10,220,-0.004,-40.01
"2020-10-07 14:12:44.4",7364421,-10,-10,-10,220,-0.004,-40
"2020-10-07 14:12:44.5",7364422,-10,-10,-10,220,-0.003,-40
"2020-10-07 14:12:44.6",7364423,-10,-10,-10,220,-0.004,-40
"2020-10-07 14:12:44.7",7364424,-10,-10,-10,220,-0.004,-40
"2020-10-07 14:12:44.8",7364425,-10,-10,-10,220,-0.004,-40
"2020-10-07 14:12:44.9",7364426,-10,-10,-10,220,-0.004,-40
"2020-10-07 14:12:45",7364427,-10,-10,-10,220,-0.003,-40
"2020-10-07 14:12:45.1",7364428,-10,-10,-10,220,-0.003,-40
"2020-10-07 14:12:45.2",7364429,-10,-10,-10,220,-0.003,-40
"2020-10-07 14:12:45.3",7364430,-10,-10,-10,220,-0.003,-40
"2020-10-07 14:12:45.4",7364431,-10,-10,-10,220,-0.003,-40
"2020-10-07 14:12:45.5",7364432,-10,-10,-10,220,-0.004,-40
"2020-10-07 14:12:45.6",7364433,-10,-10,-10,220,-0.004,-40
"2020-10-07 14:12:45.7",7364434,-10,-10,-10,220,-0.004,-40
"2020-10-07 14:12:45.8",7364435,-10,-10,-10,220,-0.004,-40
"2020-10-07 14:12:45.9",7364436,-10,-10,-10,220,-0.004,-40
"2020-10-07 14:12:46",7364437,-10,-10,-10,220,-0.004,-40
"2020-10-07 14:12:46.1",7364438,-10,-10,-10,220,-0.003,-40
"2020-10-07 14:12:46.2",7364439,-10,-10,-10,220,-0.004,-40
"2020-10-07 14:12:46.3",7364440,-10,-10,-10,220,-0.004,-40
"2020-10-07 14:12:46.4",7364441,-10,-10,-10,220,-0.004,-40
"2020-10-07 14:12:46.5",7364442,-10,-10,-10,220,-0.004,-40
"2020-10-07 14:12:46.6",7364443,-10,-10,-10,220,-0.004,-40
"2020-10-07 14:12:46.7",7364444,-10,-10,-10,220,-0.004,-40
"2020-10-07 14:12:46.8",7364445,-10,-10,-10,220,-0.004,-40
"2020-10-07 14:12:46.9",7364446,-10,-10,-10,220,-0.004,-40
"2020-10-07 14:12:47",7364447,-10,-10,-10,220,-0.004,-40
"2020-10-07 14:12:47.1",7364448,-10,-10,-10,220,-0.004,-40
"2020-10-07 14:12:47.2",7364449,-10,-10,-10,220,-0.004,-40
"2020-10-07 14:12:47.3",7364450,-10,-10,-10,220,-0.003,-40
"2020-10-07 14:12:47.4",7364451,-10,-10,-10,220,-0.004,-40
"2020-10-07 14:12:47.5",7364452,-10,-10,-10,220,-0.004,-40.01
"2020-10-07 14:12:47.6",7364453,-10,-10,-10,220,-0.003,-40
"2020-10-07 14:12:47.7",7364454,-10,-10,-10,220,-0.004,-40
"2020-10-07 14:12:47.8",7364455,-10,-10,-10,220,-0.004,-40
"2020-10-07 14:12:47.9",7364456,-10,-10,-10,220,-0.004,-40
"2020-10-07 14:12:48",7364457,-10,-10,-10,220,-0.004,-40
"2020-10-07 14:12:48.1",7364458,-10,-10,-10,220,-0.004,-40
"2020-10-07 14:12:48.2",7364459,-10,-10,-10,220,-0.004,-40
"2020-10-07 14:12:48.3",7364460,-10,-10,-10,220,-0.004,-40
"2020-10-07 14:12:48.4",7364461,-10,-10,-10,220,-0.004,-40
"2020-10-07 14:12:48.5",7364462,-10,-10,-10,220,-0.004,-40
"2020-10-07 14:12:48.6",7364463,-10,-10,-10,220,-0.004,-40
"2020-10-07 14:12:48.7",7364464,-10,-10,-10,220,-0.004,-40
"2020-10-07 14:12:48.8",7364465,-10,-10,-10,220,-0.004,-40
"2020-10-07 14:12:48.9",7364466,-10,-10,-10,220,-0.004,-40
"2020-10-07 14:12:49",7364467,-10,-10,-10,220,-0.003,-40
"2020-10-07 14:12:49.1",7364468,-10,-10,-10,220,-0.003,-40
"2020-10-07 14:12:49.2",7364469,-10,-10,-10,220,-0.004,-40
"2020-10-07 14:12:49.3",7364470,-10,-10,-10,220,-0.004,-40
"2020-10-07 14:12:49.4",7364471,-10,-10,-10,220,-0.004,-40
"2020-10-07 14:12:49.5",7364472,-10,-10,-10,220,-0.004,-40
"2020-10-07 14:12:49.6",7364473,-10,-10,-10,220,-0.004,-40
"2020-10-07 14:12:49.7",7364474,-10,-10,-10,220,-0.004,-40
"2020-10-07 14:12:49.8",7364475,-10,-10,-10,220,-0.004,-40
"2020-10-07 14:12:49.9",7364476,-10,-10,-10,220,-0.004,-40
"2020-10-07 14:12:50",7364477,-10,-10,-10,220,-0.004,-40
"2020-10-07 14:12:50.1",7364478,-10,-10,-10,220,-0.004,-40
"2020-10-07 14:12:50.2",7364479,-10,-10,-10,220,-0.004,-40
"2020-10-07 14:12:50.3",7364480,-10,-10,-10,220,-0.004,-40
"2020-10-07 14:12:50.4",7364481,-10,-10,-10,220,-0.004,-40.01
"2020-10-07 14:12:50.5",7364482,-10,-10,-10,220,-0.004,-40
"2020-10-07 14:12:50.6",7364483,-10,-10,-10,220,-0.003,-40
"2020-10-07 14:12:50.7",7364484,-10,-10,-10,220,-0.004,-40
"2020-10-07 14:12:50.8",7364485,-10,-10,-10,220,-0.003,-40
"2020-10-07 14:12:50.9",7364486,-10,-10,-10,220,-0.004,-40
