"TOA5","10329","CR6","10329","CR6.Std.09.01 CR6-WIFI.04.00.01","CPU:YOUNG81000_HMP60_10Hz.CR6","51185","Young10Hz_hmp"
"TIMESTAMP","RECORD","U","V","W","TSonic","RH","T_HMP60"
"TS","RN","mV","mV","mV","mV","%","Deg C"
"","","Smp","Smp","Smp","Smp","Smp","Smp"
"2020-10-06 15:36:51",6550887,-10,-10,-10,220,-0.003,-40.01
"2020-10-06 15:36:51.1",6550888,-10,-10,-10,220,-0.003,-40.01
"2020-10-06 15:36:51.2",6550889,-10,-10,-10,220,-0.003,-40.01
"2020-10-06 15:36:51.3",6550890,-10,-10,-10,220,-0.003,-40.01
"2020-10-06 15:36:51.4",6550891,-10,-10,-10,220,-0.003,-40.01
"2020-10-06 15:36:51.5",6550892,-10,-10,-10,220,-0.003,-40.01
"2020-10-06 15:36:51.6",6550893,-10,-10,-10,220,-0.003,-40.01
"2020-10-06 15:36:51.7",6550894,-10,-10,-10,220,-0.003,-40.01
"2020-10-06 15:36:51.8",6550895,-10,-10,-10,220,-0.003,-40.01
"2020-10-06 15:36:51.9",6550896,-10,-10,-10,220,-0.003,-40.01
"2020-10-06 15:36:52",6550897,-10,-10,-10,220,-0.003,-40.01
"2020-10-06 15:36:52.1",6550898,-10,-10,-10,220,-0.003,-40.01
"2020-10-06 15:36:52.2",6550899,-10,-10,-10,220,-0.003,-40.01
"2020-10-06 15:36:52.3",6550900,-10,-10,-10,220,-0.003,-40.01
"2020-10-06 15:36:52.4",6550901,-10,-10,-10,220,-0.003,-40.01
"2020-10-06 15:36:52.5",6550902,-10,-10,-10,220,-0.003,-40.01
"2020-10-06 15:36:52.6",6550903,-10,-10,-10,220,-0.003,-40.01
"2020-10-06 15:36:52.7",6550904,-10,-10,-10,220,-0.003,-40.01
"2020-10-06 15:36:52.8",6550905,-10,-10,-10,220,-0.003,-40.01
"2020-10-06 15:36:52.9",6550906,-10,-10,-10,220,-0.003,-40.01
"2020-10-06 15:36:53",6550907,-10,-10,-10,220,-0.003,-40.01
"2020-10-06 15:36:53.1",6550908,-10,-10,-10,220,-0.003,-40.01
"2020-10-06 15:36:53.2",6550909,-10,-10,-10,220,-0.003,-40.01
"2020-10-06 15:36:53.3",6550910,-10,-10,-10,220,-0.003,-40.01
"2020-10-06 15:36:53.4",6550911,-10,-10,-10,220,-0.003,-40.01
"2020-10-06 15:36:53.5",6550912,-10,-10,-10,220,-0.003,-40.01
"2020-10-06 15:36:53.6",6550913,-10,-10,-10,220,-0.003,-40.01
"2020-10-06 15:36:53.7",6550914,-10,-10,-10,220,-0.003,-40.01
"2020-10-06 15:36:53.8",6550915,-10,-10,-10,220,-0.003,-40.01
"2020-10-06 15:36:53.9",6550916,-10,-10,-10,220,-0.003,-40.01
"2020-10-06 15:36:54",6550917,-10,-10,-10,220,-0.003,-40.01
"2020-10-06 15:36:54.1",6550918,-10,-10,-10,220,-0.003,-40.01
"2020-10-06 15:36:54.2",6550919,-10,-10,-10,220,-0.003,-40.01
"2020-10-06 15:36:54.3",6550920,-10,-10,-10,220,-0.003,-40.01
"2020-10-06 15:36:54.4",6550921,-10,-10,-10,220,-0.003,-40.01
"2020-10-06 15:36:54.5",6550922,-10,-10,-10,220,-0.003,-40.01
"2020-10-06 15:36:54.6",6550923,-10,-10,-10,220,-0.003,-40.01
"2020-10-06 15:36:54.7",6550924,-10,-10,-10,220,-0.003,-40.01
"2020-10-06 15:36:54.8",6550925,-10,-10,-10,220,-0.003,-40.01
"2020-10-06 15:36:54.9",6550926,-10,-10,-10,220,-0.003,-40.01
"2020-10-06 15:36:55",6550927,-10,-10,-10,220,-0.003,-40.01
"2020-10-06 15:36:55.1",6550928,-10,-10,-10,220,-0.003,-40.01
"2020-10-06 15:36:55.2",6550929,-10,-10,-10,220,-0.003,-40.01
"2020-10-06 15:36:55.3",6550930,-10,-10,-10,220,-0.003,-40.01
"2020-10-06 15:36:55.4",6550931,-10,-10,-10,220,-0.003,-40.01
"2020-10-06 15:36:55.5",6550932,-10,-10,-10,220,-0.003,-40.01
"2020-10-06 15:36:55.6",6550933,-10,-10,-10,220,-0.003,-40.01
"2020-10-06 15:36:55.7",6550934,-10,-10,-10,220,-0.003,-40.01
"2020-10-06 15:36:55.8",6550935,-10,-10,-10,220,-0.003,-40.01
"2020-10-06 15:36:55.9",6550936,-10,-10,-10,220,-0.003,-40.01
"2020-10-06 15:36:56",6550937,-10,-10,-10,220,-0.003,-40.01
"2020-10-06 15:36:56.1",6550938,-10,-10,-10,220,-0.003,-40.01
"2020-10-06 15:36:56.2",6550939,-10,-10,-10,220,-0.003,-40.01
"2020-10-06 15:36:56.3",6550940,-10,-10,-10,220,-0.003,-40.01
"2020-10-06 15:36:56.4",6550941,-10,-10,-10,220,-0.003,-40.01
"2020-10-06 15:36:56.5",6550942,-10,-10,-10,220,-0.003,-40.01
"2020-10-06 15:36:56.6",6550943,-10,-10,-10,220,-0.003,-40.01
"2020-10-06 15:36:56.7",6550944,-10,-10,-10,220,-0.003,-40.01
"2020-10-06 15:36:56.8",6550945,-10,-10,-10,220,-0.003,-40.01
"2020-10-06 15:36:56.9",6550946,-10,-10,-10,220,-0.003,-40.01
"2020-10-06 15:36:57",6550947,-10,-10,-10,220,-0.003,-40.01
"2020-10-06 15:36:57.1",6550948,-10,-10,-10,220,-0.003,-40.01
"2020-10-06 15:36:57.2",6550949,-10,-10,-10,220,-0.003,-40.01
"2020-10-06 15:36:57.3",6550950,-10,-10,-10,220,-0.003,-40.01
"2020-10-06 15:36:57.4",6550951,-10,-10,-10,220,-0.003,-40.01
"2020-10-06 15:36:57.5",6550952,-10,-10,-10,220,-0.003,-40.01
"2020-10-06 15:36:57.6",6550953,-10,-10,-10,220,-0.003,-40.01
"2020-10-06 15:36:57.7",6550954,-10,-10,-10,220,-0.003,-40.01
"2020-10-06 15:36:57.8",6550955,-10,-10,-10,220,-0.003,-40.01
"2020-10-06 15:36:57.9",6550956,-10,-10,-10,220,-0.003,-40.01
"2020-10-06 15:36:58",6550957,-10,-10,-10,220,-0.003,-40.01
"2020-10-06 15:36:58.1",6550958,-10,-10,-10,220,-0.003,-40.01
"2020-10-06 15:36:58.2",6550959,-10,-10,-10,220,-0.003,-40.01
"2020-10-06 15:36:58.3",6550960,-10,-10,-10,220,-0.003,-40.01
"2020-10-06 15:36:58.4",6550961,-10,-10,-10,220,-0.003,-40.01
"2020-10-06 15:36:58.5",6550962,-10,-10,-10,220,-0.003,-40.01
"2020-10-06 15:36:58.6",6550963,-10,-10,-10,220,-0.003,-40.01
"2020-10-06 15:36:58.7",6550964,-10,-10,-10,220,-0.003,-40.01
"2020-10-06 15:36:58.8",6550965,-10,-10,-10,220,-0.003,-40.01
"2020-10-06 15:36:58.9",6550966,-10,-10,-10,220,-0.003,-40.01
"2020-10-06 15:36:59",6550967,-10,-10,-10,220,-0.003,-40.01
"2020-10-06 15:36:59.1",6550968,-10,-10,-10,220,-0.003,-40.01
"2020-10-06 15:36:59.2",6550969,-10,-10,-10,220,-0.003,-40.01
"2020-10-06 15:36:59.3",6550970,-10,-10,-10,220,-0.003,-40.01
"2020-10-06 15:36:59.4",6550971,-10,-10,-10,220,-0.003,-40.01
"2020-10-06 15:36:59.5",6550972,-10,-10,-10,220,-0.003,-40.01
"2020-10-06 15:36:59.6",6550973,-10,-10,-10,220,-0.003,-40.01
"2020-10-06 15:36:59.7",6550974,-10,-10,-10,220,-0.003,-40.01
"2020-10-06 15:36:59.8",6550975,-10,-10,-10,220,-0.003,-40.01
"2020-10-06 15:36:59.9",6550976,-10,-10,-10,220,-0.003,-40.01
"2020-10-06 15:37:00",6550977,-10,-10,-10,220,-0.003,-40.01
"2020-10-06 15:37:00.1",6550978,-10,-10,-10,220,-0.008,-40.02
"2020-10-06 15:37:00.2",6550979,-10,-10,-10,220,-0.008,-40.02
"2020-10-06 15:37:00.3",6550980,-10,-10,-10,220,-0.002,-40
"2020-10-06 15:37:00.4",6550981,-10,-10,-10,220,-0.003,-40.01
"2020-10-06 15:37:00.5",6550982,-10,-10,-10,220,-0.003,-40.01
"2020-10-06 15:37:00.6",6550983,-10,-10,-10,220,-0.003,-40.01
"2020-10-06 15:37:00.7",6550984,-10,-10,-10,220,-0.003,-40.01
"2020-10-06 15:37:00.8",6550985,-10,-10,-10,220,-0.003,-40.01
"2020-10-06 15:37:00.9",6550986,-10,-10,-10,220,-0.003,-40.01
"2020-10-06 15:37:01",6550987,-10,-10,-10,220,-0.003,-40.01
"2020-10-06 15:37:01.1",6550988,-10,-10,-10,220,-0.003,-40.01
"2020-10-06 15:37:01.2",6550989,-10,-10,-10,220,-0.003,-40.01
"2020-10-06 15:37:01.3",6550990,-10,-10,-10,220,-0.003,-40.01
"2020-10-06 15:37:01.4",6550991,-10,-10,-10,220,-0.003,-40.01
"2020-10-06 15:37:01.5",6550992,-10,-10,-10,220,-0.003,-40.01
"2020-10-06 15:37:01.6",6550993,-10,-10,-10,220,-0.003,-40.01
"2020-10-06 15:37:01.7",6550994,-10,-10,-10,220,-0.003,-40.01
"2020-10-06 15:37:01.8",6550995,-10,-10,-10,220,-0.003,-40.01
"2020-10-06 15:37:01.9",6550996,-10,-10,-10,220,-0.003,-40.01
"2020-10-06 15:37:02",6550997,-10,-10,-10,220,-0.003,-40.01
"2020-10-06 15:37:02.1",6550998,-10,-10,-10,220,-0.003,-40.01
"2020-10-06 15:37:02.2",6550999,-10,-10,-10,220,-0.003,-40.01
"2020-10-06 15:37:02.3",6551000,-10,-10,-10,220,-0.003,-40.01
"2020-10-06 15:37:02.4",6551001,-10,-10,-10,220,-0.003,-40.01
"2020-10-06 15:37:02.5",6551002,-10,-10,-10,220,-0.003,-40.01
"2020-10-06 15:37:02.6",6551003,-10,-10,-10,220,-0.003,-40.01
"2020-10-06 15:37:02.7",6551004,-10,-10,-10,220,-0.003,-40.01
"2020-10-06 15:37:02.8",6551005,-10,-10,-10,220,-0.003,-40.01
"2020-10-06 15:37:02.9",6551006,-10,-10,-10,220,-0.003,-40.01
"2020-10-06 15:37:03",6551007,-10,-10,-10,220,-0.003,-40.01
"2020-10-06 15:37:03.1",6551008,-10,-10,-10,220,-0.003,-40.01
"2020-10-06 15:37:03.2",6551009,-10,-10,-10,220,-0.003,-40.01
"2020-10-06 15:37:03.3",6551010,-10,-10,-10,220,-0.003,-40.01
"2020-10-06 15:37:03.4",6551011,-10,-10,-10,220,-0.003,-40.01
"2020-10-06 15:37:03.5",6551012,-10,-10,-10,220,-0.003,-40.01
"2020-10-06 15:37:03.6",6551013,-10,-10,-10,220,-0.003,-40.01
"2020-10-06 15:37:03.7",6551014,-10,-10,-10,220,-0.003,-40.01
"2020-10-06 15:37:03.8",6551015,-10,-10,-10,220,-0.003,-40.01
"2020-10-06 15:37:03.9",6551016,-10,-10,-10,220,-0.003,-40.01
"2020-10-06 15:37:04",6551017,-10,-10,-10,220,-0.003,-40.01
"2020-10-06 15:37:04.1",6551018,-10,-10,-10,220,-0.003,-40.01
"2020-10-06 15:37:04.2",6551019,-10,-10,-10,220,-0.003,-40.01
"2020-10-06 15:37:04.3",6551020,-10,-10,-10,220,-0.003,-40.01
"2020-10-06 15:37:04.4",6551021,-10,-10,-10,220,-0.003,-40.01
"2020-10-06 15:37:04.5",6551022,-10,-10,-10,220,-0.003,-40.01
"2020-10-06 15:37:04.6",6551023,-10,-10,-10,220,-0.003,-40.01
"2020-10-06 15:37:04.7",6551024,-10,-10,-10,220,-0.003,-40.01
"2020-10-06 15:37:04.8",6551025,-10,-10,-10,220,-0.003,-40.01
"2020-10-06 15:37:04.9",6551026,-10,-10,-10,220,-0.003,-40.01
"2020-10-06 15:37:05",6551027,-10,-10,-10,220,-0.003,-40.01
"2020-10-06 15:37:05.1",6551028,-10,-10,-10,220,-0.003,-40.01
"2020-10-06 15:37:05.2",6551029,-10,-10,-10,220,-0.003,-40.01
"2020-10-06 15:37:05.3",6551030,-10,-10,-10,220,-0.003,-40.01
"2020-10-06 15:37:05.4",6551031,-10,-10,-10,220,-0.003,-40.01
"2020-10-06 15:37:05.5",6551032,-10,-10,-10,220,-0.003,-40.01
"2020-10-06 15:37:05.6",6551033,-10,-10,-10,220,-0.003,-40.01
"2020-10-06 15:37:05.7",6551034,-10,-10,-10,220,-0.003,-40.01
"2020-10-06 15:37:05.8",6551035,-10,-10,-10,220,-0.003,-40.01
"2020-10-06 15:37:05.9",6551036,-10,-10,-10,220,-0.003,-40.01
"2020-10-06 15:37:06",6551037,-10,-10,-10,220,-0.003,-40.01
"2020-10-06 15:37:06.1",6551038,-10,-10,-10,220,-0.003,-40.01
"2020-10-06 15:37:06.2",6551039,-10,-10,-10,220,-0.003,-40.01
"2020-10-06 15:37:06.3",6551040,-10,-10,-10,220,-0.003,-40.01
"2020-10-06 15:37:06.4",6551041,-10,-10,-10,220,-0.003,-40.01
"2020-10-06 15:37:06.5",6551042,-10,-10,-10,220,-0.003,-40.01
"2020-10-06 15:37:06.6",6551043,-10,-10,-10,220,-0.003,-40.01
"2020-10-06 15:37:06.7",6551044,-10,-10,-10,220,-0.003,-40.01
"2020-10-06 15:37:06.8",6551045,-10,-10,-10,220,-0.003,-40.01
"2020-10-06 15:37:06.9",6551046,-10,-10,-10,220,-0.003,-40.01
"2020-10-06 15:37:07",6551047,-10,-10,-10,220,-0.003,-40.01
"2020-10-06 15:37:07.1",6551048,-10,-10,-10,220,-0.003,-40.01
"2020-10-06 15:37:07.2",6551049,-10,-10,-10,220,-0.003,-40.01
"2020-10-06 15:37:07.3",6551050,-10,-10,-10,220,-0.003,-40.01
"2020-10-06 15:37:07.4",6551051,-10,-10,-10,220,-0.003,-40.01
"2020-10-06 15:37:07.5",6551052,-10,-10,-10,220,-0.003,-40.01
"2020-10-06 15:37:07.6",6551053,-10,-10,-10,220,-0.003,-40.01
"2020-10-06 15:37:07.7",6551054,-10,-10,-10,220,-0.003,-40.01
"2020-10-06 15:37:07.8",6551055,-10,-10,-10,220,-0.003,-40.01
"2020-10-06 15:37:07.9",6551056,-10,-10,-10,220,-0.003,-40.01
"2020-10-06 15:37:08",6551057,-10,-10,-10,220,-0.003,-40.01
"2020-10-06 15:37:08.1",6551058,-10,-10,-10,220,-0.003,-40.01
"2020-10-06 15:37:08.2",6551059,-10,-10,-10,220,-0.003,-40.01
"2020-10-06 15:37:08.3",6551060,-10,-10,-10,220,-0.003,-40.01
"2020-10-06 15:37:08.4",6551061,-10,-10,-10,220,-0.003,-40.01
"2020-10-06 15:37:08.5",6551062,-10,-10,-10,220,-0.003,-40.01
"2020-10-06 15:37:08.6",6551063,-10,-10,-10,220,-0.003,-40.01
"2020-10-06 15:37:08.7",6551064,-10,-10,-10,220,-0.003,-40.01
"2020-10-06 15:37:08.8",6551065,-10,-10,-10,220,-0.003,-40.01
"2020-10-06 15:37:08.9",6551066,-10,-10,-10,220,-0.003,-40.01
"2020-10-06 15:37:09",6551067,-10,-10,-10,220,-0.003,-40.01
"2020-10-06 15:37:09.1",6551068,-10,-10,-10,220,-0.003,-40.01
"2020-10-06 15:37:09.2",6551069,-10,-10,-10,220,-0.003,-40.01
"2020-10-06 15:37:09.3",6551070,-10,-10,-10,220,-0.003,-40.01
"2020-10-06 15:37:09.4",6551071,-10,-10,-10,220,-0.003,-40.01
"2020-10-06 15:37:09.5",6551072,-10,-10,-10,220,-0.003,-40.01
"2020-10-06 15:37:09.6",6551073,-10,-10,-10,220,-0.003,-40.01
"2020-10-06 15:37:09.7",6551074,-10,-10,-10,220,-0.003,-40.01
"2020-10-06 15:37:09.8",6551075,-10,-10,-10,220,-0.003,-40.01
"2020-10-06 15:37:09.9",6551076,-10,-10,-10,220,-0.003,-40.01
"2020-10-06 15:37:10",6551077,-10,-10,-10,220,-0.003,-40.01
"2020-10-06 15:37:10.1",6551078,-10,-10,-10,220,-0.003,-40.01
"2020-10-06 15:37:10.2",6551079,-10,-10,-10,220,-0.003,-40.01
"2020-10-06 15:37:10.3",6551080,-10,-10,-10,220,-0.003,-40.01
"2020-10-06 15:37:10.4",6551081,-10,-10,-10,220,-0.003,-40.01
"2020-10-06 15:37:10.5",6551082,-10,-10,-10,220,-0.003,-40.01
"2020-10-06 15:37:10.6",6551083,-10,-10,-10,220,-0.003,-40.01
"2020-10-06 15:37:10.7",6551084,-10,-10,-10,220,-0.003,-40.01
"2020-10-06 15:37:10.8",6551085,-10,-10,-10,220,-0.003,-40.01
"2020-10-06 15:37:10.9",6551086,-10,-10,-10,220,-0.003,-40.01
"2020-10-06 15:37:11",6551087,-10,-10,-10,220,-0.003,-40.01
"2020-10-06 15:37:11.1",6551088,-10,-10,-10,220,-0.003,-40.01
"2020-10-06 15:37:11.2",6551089,-10,-10,-10,220,-0.003,-40.01
"2020-10-06 15:37:11.3",6551090,-10,-10,-10,220,-0.003,-40.01
"2020-10-06 15:37:11.4",6551091,-10,-10,-10,220,-0.003,-40.01
"2020-10-06 15:37:11.5",6551092,-10,-10,-10,220,-0.003,-40.01
"2020-10-06 15:37:11.6",6551093,-10,-10,-10,220,-0.003,-40.01
"2020-10-06 15:37:11.7",6551094,-10,-10,-10,220,-0.003,-40.01
"2020-10-06 15:37:11.8",6551095,-10,-10,-10,220,-0.003,-40.01
"2020-10-06 15:37:11.9",6551096,-10,-10,-10,220,-0.003,-40.01
"2020-10-06 15:37:12",6551097,-10,-10,-10,220,-0.003,-40.01
"2020-10-06 15:37:12.1",6551098,-10,-10,-10,220,-0.003,-40.01
"2020-10-06 15:37:12.2",6551099,-10,-10,-10,220,-0.003,-40.01
"2020-10-06 15:37:12.3",6551100,-10,-10,-10,220,-0.003,-40.01
"2020-10-06 15:37:12.4",6551101,-10,-10,-10,220,-0.003,-40.01
"2020-10-06 15:37:12.5",6551102,-10,-10,-10,220,-0.003,-40.01
"2020-10-06 15:37:12.6",6551103,-10,-10,-10,220,-0.003,-40.01
"2020-10-06 15:37:12.7",6551104,-10,-10,-10,220,-0.003,-40.01
"2020-10-06 15:37:12.8",6551105,-10,-10,-10,220,-0.003,-40.01
"2020-10-06 15:37:12.9",6551106,-10,-10,-10,220,-0.003,-40.01
"2020-10-06 15:37:13",6551107,-10,-10,-10,220,-0.003,-40.01
"2020-10-06 15:37:13.1",6551108,-10,-10,-10,220,-0.003,-40.01
"2020-10-06 15:37:13.2",6551109,-10,-10,-10,220,-0.003,-40.01
"2020-10-06 15:37:13.3",6551110,-10,-10,-10,220,-0.003,-40.01
"2020-10-06 15:37:13.4",6551111,-10,-10,-10,220,-0.003,-40.01
"2020-10-06 15:37:13.5",6551112,-10,-10,-10,220,-0.003,-40.01
"2020-10-06 15:37:13.6",6551113,-10,-10,-10,220,-0.003,-40.01
"2020-10-06 15:37:13.7",6551114,-10,-10,-10,220,-0.003,-40.01
"2020-10-06 15:37:13.8",6551115,-10,-10,-10,220,-0.003,-40.01
"2020-10-06 15:37:13.9",6551116,-10,-10,-10,220,-0.003,-40.01
"2020-10-06 15:37:14",6551117,-10,-10,-10,220,-0.003,-40.01
"2020-10-06 15:37:14.1",6551118,-10,-10,-10,220,-0.003,-40.01
"2020-10-06 15:37:14.2",6551119,-10,-10,-10,220,-0.003,-40.01
"2020-10-06 15:37:14.3",6551120,-10,-10,-10,220,-0.003,-40.01
"2020-10-06 15:37:14.4",6551121,-10,-10,-10,220,-0.003,-40.01
"2020-10-06 15:37:14.5",6551122,-10,-10,-10,220,-0.003,-40.01
"2020-10-06 15:37:14.6",6551123,-10,-10,-10,220,-0.003,-40.01
"2020-10-06 15:37:14.7",6551124,-10,-10,-10,220,-0.003,-40.01
"2020-10-06 15:37:14.8",6551125,-10,-10,-10,220,-0.003,-40.01
"2020-10-06 15:37:14.9",6551126,-10,-10,-10,220,-0.003,-40.01
"2020-10-06 15:37:15",6551127,-10,-10,-10,220,-0.003,-40.01
"2020-10-06 15:37:15.1",6551128,-10,-10,-10,220,-0.003,-40.01
"2020-10-06 15:37:15.2",6551129,-10,-10,-10,220,-0.003,-40.01
"2020-10-06 15:37:15.3",6551130,-10,-10,-10,220,-0.003,-40.01
"2020-10-06 15:37:15.4",6551131,-10,-10,-10,220,-0.003,-40.01
"2020-10-06 15:37:15.5",6551132,-10,-10,-10,220,-0.003,-40.01
"2020-10-06 15:37:15.6",6551133,-10,-10,-10,220,-0.003,-40.01
"2020-10-06 15:37:15.7",6551134,-10,-10,-10,220,-0.003,-40.01
"2020-10-06 15:37:15.8",6551135,-10,-10,-10,220,-0.003,-40.01
"2020-10-06 15:37:15.9",6551136,-10,-10,-10,220,-0.003,-40.01
"2020-10-06 15:37:16",6551137,-10,-10,-10,220,-0.003,-40.01
"2020-10-06 15:37:16.1",6551138,-10,-10,-10,220,-0.003,-40.01
"2020-10-06 15:37:16.2",6551139,-10,-10,-10,220,-0.003,-40.01
"2020-10-06 15:37:16.3",6551140,-10,-10,-10,220,-0.003,-40.01
"2020-10-06 15:37:16.4",6551141,-10,-10,-10,220,-0.003,-40.01
"2020-10-06 15:37:16.5",6551142,-10,-10,-10,220,-0.003,-40.01
"2020-10-06 15:37:16.6",6551143,-10,-10,-10,220,-0.003,-40.01
"2020-10-06 15:37:16.7",6551144,-10,-10,-10,220,-0.003,-40.01
"2020-10-06 15:37:16.8",6551145,-10,-10,-10,220,-0.003,-40.01
"2020-10-06 15:37:16.9",6551146,-10,-10,-10,220,-0.003,-40.01
"2020-10-06 15:37:17",6551147,-10,-10,-10,220,-0.003,-40.01
"2020-10-06 15:37:17.1",6551148,-10,-10,-10,220,-0.003,-40.01
"2020-10-06 15:37:17.2",6551149,-10,-10,-10,220,-0.003,-40.01
"2020-10-06 15:37:17.3",6551150,-10,-10,-10,220,-0.003,-40.01
"2020-10-06 15:37:17.4",6551151,-10,-10,-10,220,-0.003,-40.01
"2020-10-06 15:37:17.5",6551152,-10,-10,-10,220,-0.003,-40.01
"2020-10-06 15:37:17.6",6551153,-10,-10,-10,220,-0.003,-40.01
"2020-10-06 15:37:17.7",6551154,-10,-10,-10,220,-0.003,-40.01
"2020-10-06 15:37:17.8",6551155,-10,-10,-10,220,-0.003,-40.01
"2020-10-06 15:37:17.9",6551156,-10,-10,-10,220,-0.003,-40.01
"2020-10-06 15:37:18",6551157,-10,-10,-10,220,-0.003,-40.01
"2020-10-06 15:37:18.1",6551158,-10,-10,-10,220,-0.003,-40.01
"2020-10-06 15:37:18.2",6551159,-10,-10,-10,220,-0.003,-40.01
"2020-10-06 15:37:18.3",6551160,-10,-10,-10,220,-0.003,-40.01
"2020-10-06 15:37:18.4",6551161,-10,-10,-10,220,-0.003,-40.01
"2020-10-06 15:37:18.5",6551162,-10,-10,-10,220,-0.003,-40.01
"2020-10-06 15:37:18.6",6551163,-10,-10,-10,220,-0.003,-40.01
"2020-10-06 15:37:18.7",6551164,-10,-10,-10,220,-0.003,-40.01
"2020-10-06 15:37:18.8",6551165,-10,-10,-10,220,-0.003,-40.01
"2020-10-06 15:37:18.9",6551166,-10,-10,-10,220,-0.003,-40.01
"2020-10-06 15:37:19",6551167,-10,-10,-10,220,-0.003,-40.01
"2020-10-06 15:37:19.1",6551168,-10,-10,-10,220,-0.003,-40.01
"2020-10-06 15:37:19.2",6551169,-10,-10,-10,220,-0.003,-40.01
"2020-10-06 15:37:19.3",6551170,-10,-10,-10,220,-0.003,-40.01
"2020-10-06 15:37:19.4",6551171,-10,-10,-10,220,-0.003,-40.01
"2020-10-06 15:37:19.5",6551172,-10,-10,-10,220,-0.003,-40.01
"2020-10-06 15:37:19.6",6551173,-10,-10,-10,220,-0.003,-40.01
"2020-10-06 15:37:19.7",6551174,-10,-10,-10,220,-0.003,-40.01
"2020-10-06 15:37:19.8",6551175,-10,-10,-10,220,-0.003,-40.01
"2020-10-06 15:37:19.9",6551176,-10,-10,-10,220,-0.003,-40.01
"2020-10-06 15:37:20",6551177,-10,-10,-10,220,-0.003,-40.01
"2020-10-06 15:37:20.1",6551178,-10,-10,-10,220,-0.003,-40.01
"2020-10-06 15:37:20.2",6551179,-10,-10,-10,220,-0.003,-40.01
"2020-10-06 15:37:20.3",6551180,-10,-10,-10,220,-0.003,-40.01
"2020-10-06 15:37:20.4",6551181,-10,-10,-10,220,-0.003,-40.01
"2020-10-06 15:37:20.5",6551182,-10,-10,-10,220,-0.003,-40.01
"2020-10-06 15:37:20.6",6551183,-10,-10,-10,220,-0.003,-40.01
"2020-10-06 15:37:20.7",6551184,-10,-10,-10,220,-0.003,-40.01
"2020-10-06 15:37:20.8",6551185,-10,-10,-10,220,-0.003,-40.01
"2020-10-06 15:37:20.9",6551186,-10,-10,-10,220,-0.003,-40.01
"2020-10-06 15:37:21",6551187,-10,-10,-10,220,-0.003,-40.01
"2020-10-06 15:37:21.1",6551188,-10,-10,-10,220,-0.003,-40.01
"2020-10-06 15:37:21.2",6551189,-10,-10,-10,220,-0.003,-40.01
"2020-10-06 15:37:21.3",6551190,-10,-10,-10,220,-0.003,-40.01
"2020-10-06 15:37:21.4",6551191,-10,-10,-10,220,-0.003,-40.01
"2020-10-06 15:37:21.5",6551192,-10,-10,-10,220,-0.003,-40.01
"2020-10-06 15:37:21.6",6551193,-10,-10,-10,220,-0.003,-40.01
"2020-10-06 15:37:21.7",6551194,-10,-10,-10,220,-0.003,-40.01
"2020-10-06 15:37:21.8",6551195,-10,-10,-10,220,-0.003,-40.01
"2020-10-06 15:37:21.9",6551196,-10,-10,-10,220,-0.003,-40.01
"2020-10-06 15:37:22",6551197,-10,-10,-10,220,-0.003,-40.01
"2020-10-06 15:37:22.1",6551198,-10,-10,-10,220,-0.003,-40.01
"2020-10-06 15:37:22.2",6551199,-10,-10,-10,220,-0.003,-40.01
"2020-10-06 15:37:22.3",6551200,-10,-10,-10,220,-0.003,-40.01
"2020-10-06 15:37:22.4",6551201,-10,-10,-10,220,-0.003,-40.01
"2020-10-06 15:37:22.5",6551202,-10,-10,-10,220,-0.003,-40.01
"2020-10-06 15:37:22.6",6551203,-10,-10,-10,220,-0.003,-40.01
"2020-10-06 15:37:22.7",6551204,-10,-10,-10,220,-0.003,-40.01
"2020-10-06 15:37:22.8",6551205,-10,-10,-10,220,-0.003,-40.01
"2020-10-06 15:37:22.9",6551206,-10,-10,-10,220,-0.003,-40.01
"2020-10-06 15:37:23",6551207,-10,-10,-10,220,-0.003,-40.01
"2020-10-06 15:37:23.1",6551208,-10,-10,-10,220,-0.003,-40.01
"2020-10-06 15:37:23.2",6551209,-10,-10,-10,220,-0.003,-40.01
"2020-10-06 15:37:23.3",6551210,-10,-10,-10,220,-0.003,-40.01
"2020-10-06 15:37:23.4",6551211,-10,-10,-10,220,-0.003,-40.01
"2020-10-06 15:37:23.5",6551212,-10,-10,-10,220,-0.003,-40.01
"2020-10-06 15:37:23.6",6551213,-10,-10,-10,220,-0.003,-40.01
"2020-10-06 15:37:23.7",6551214,-10,-10,-10,220,-0.003,-40.01
"2020-10-06 15:37:23.8",6551215,-10,-10,-10,220,-0.003,-40.01
"2020-10-06 15:37:23.9",6551216,-10,-10,-10,220,-0.003,-40.01
"2020-10-06 15:37:24",6551217,-10,-10,-10,220,-0.003,-40.01
"2020-10-06 15:37:24.1",6551218,-10,-10,-10,220,-0.003,-40.01
"2020-10-06 15:37:24.2",6551219,-10,-10,-10,220,-0.003,-40.01
"2020-10-06 15:37:24.3",6551220,-10,-10,-10,220,-0.003,-40.01
"2020-10-06 15:37:24.4",6551221,-10,-10,-10,220,-0.003,-40.01
"2020-10-06 15:37:24.5",6551222,-10,-10,-10,220,-0.003,-40.01
"2020-10-06 15:37:24.6",6551223,-10,-10,-10,220,-0.003,-40.01
"2020-10-06 15:37:24.7",6551224,-10,-10,-10,220,-0.003,-40.01
"2020-10-06 15:37:24.8",6551225,-10,-10,-10,220,-0.003,-40.01
"2020-10-06 15:37:24.9",6551226,-10,-10,-10,220,-0.003,-40.01
"2020-10-06 15:37:25",6551227,-10,-10,-10,220,-0.003,-40.01
"2020-10-06 15:37:25.1",6551228,-10,-10,-10,220,-0.003,-40.01
"2020-10-06 15:37:25.2",6551229,-10,-10,-10,220,-0.003,-40.01
"2020-10-06 15:37:25.3",6551230,-10,-10,-10,220,-0.003,-40.01
"2020-10-06 15:37:25.4",6551231,-10,-10,-10,220,-0.003,-40.01
"2020-10-06 15:37:25.5",6551232,-10,-10,-10,220,-0.003,-40.01
"2020-10-06 15:37:25.6",6551233,-10,-10,-10,220,-0.003,-40.01
"2020-10-06 15:37:25.7",6551234,-10,-10,-10,220,-0.003,-40.01
"2020-10-06 15:37:25.8",6551235,-10,-10,-10,220,-0.003,-40.01
"2020-10-06 15:37:25.9",6551236,-10,-10,-10,220,-0.003,-40.01
"2020-10-06 15:37:26",6551237,-10,-10,-10,220,-0.003,-40.01
"2020-10-06 15:37:26.1",6551238,-10,-10,-10,220,-0.003,-40.01
"2020-10-06 15:37:26.2",6551239,-10,-10,-10,220,-0.003,-40.01
"2020-10-06 15:37:26.3",6551240,-10,-10,-10,220,-0.003,-40.01
"2020-10-06 15:37:26.4",6551241,-10,-10,-10,220,-0.003,-40.01
"2020-10-06 15:37:26.5",6551242,-10,-10,-10,220,-0.003,-40.01
"2020-10-06 15:37:26.6",6551243,-10,-10,-10,220,-0.003,-40.01
"2020-10-06 15:37:26.7",6551244,-10,-10,-10,220,-0.003,-40.01
"2020-10-06 15:37:26.8",6551245,-10,-10,-10,220,-0.003,-40.01
"2020-10-06 15:37:26.9",6551246,-10,-10,-10,220,-0.003,-40.01
"2020-10-06 15:37:27",6551247,-10,-10,-10,220,-0.003,-40.01
"2020-10-06 15:37:27.1",6551248,-10,-10,-10,220,-0.003,-40.01
"2020-10-06 15:37:27.2",6551249,-10,-10,-10,220,-0.003,-40.01
"2020-10-06 15:37:27.3",6551250,-10,-10,-10,220,-0.003,-40.01
"2020-10-06 15:37:27.4",6551251,-10,-10,-10,220,-0.003,-40.01
"2020-10-06 15:37:27.5",6551252,-10,-10,-10,220,-0.003,-40.01
"2020-10-06 15:37:27.6",6551253,-10,-10,-10,220,-0.003,-40.01
"2020-10-06 15:37:27.7",6551254,-10,-10,-10,220,-0.003,-40.01
"2020-10-06 15:37:27.8",6551255,-10,-10,-10,220,-0.003,-40.01
"2020-10-06 15:37:27.9",6551256,-10,-10,-10,220,-0.003,-40.01
"2020-10-06 15:37:28",6551257,-10,-10,-10,220,-0.003,-40.01
"2020-10-06 15:37:28.1",6551258,-10,-10,-10,220,-0.003,-40.01
"2020-10-06 15:37:28.2",6551259,-10,-10,-10,220,-0.003,-40.01
"2020-10-06 15:37:28.3",6551260,-10,-10,-10,220,-0.003,-40.01
"2020-10-06 15:37:28.4",6551261,-10,-10,-10,220,-0.003,-40.01
"2020-10-06 15:37:28.5",6551262,-10,-10,-10,220,-0.003,-40.01
"2020-10-06 15:37:28.6",6551263,-10,-10,-10,220,-0.003,-40.01
"2020-10-06 15:37:28.7",6551264,-10,-10,-10,220,-0.003,-40.01
"2020-10-06 15:37:28.8",6551265,-10,-10,-10,220,-0.003,-40.01
"2020-10-06 15:37:28.9",6551266,-10,-10,-10,220,-0.003,-40.01
"2020-10-06 15:37:29",6551267,-10,-10,-10,220,-0.003,-40.01
"2020-10-06 15:37:29.1",6551268,-10,-10,-10,220,-0.003,-40.01
"2020-10-06 15:37:29.2",6551269,-10,-10,-10,220,-0.003,-40.01
"2020-10-06 15:37:29.3",6551270,-10,-10,-10,220,-0.003,-40.01
"2020-10-06 15:37:29.4",6551271,-10,-10,-10,220,-0.003,-40.01
"2020-10-06 15:37:29.5",6551272,-10,-10,-10,220,-0.003,-40.01
"2020-10-06 15:37:29.6",6551273,-10,-10,-10,220,-0.003,-40.01
"2020-10-06 15:37:29.7",6551274,-10,-10,-10,220,-0.003,-40.01
"2020-10-06 15:37:29.8",6551275,-10,-10,-10,220,-0.003,-40.01
"2020-10-06 15:37:29.9",6551276,-10,-10,-10,220,-0.003,-40.01
"2020-10-06 15:37:30",6551277,-10,-10,-10,220,-0.003,-40.01
"2020-10-06 15:37:30.1",6551278,-10,-10,-10,220,-0.003,-40.01
"2020-10-06 15:37:30.2",6551279,-10,-10,-10,220,-0.003,-40.01
"2020-10-06 15:37:30.3",6551280,-10,-10,-10,220,-0.003,-40.01
"2020-10-06 15:37:30.4",6551281,-10,-10,-10,220,-0.003,-40.01
"2020-10-06 15:37:30.5",6551282,-10,-10,-10,220,-0.003,-40.01
"2020-10-06 15:37:30.6",6551283,-10,-10,-10,220,-0.003,-40.01
"2020-10-06 15:37:30.7",6551284,-10,-10,-10,220,-0.003,-40.01
"2020-10-06 15:37:30.8",6551285,-10,-10,-10,220,-0.003,-40.01
"2020-10-06 15:37:30.9",6551286,-10,-10,-10,220,-0.003,-40.01
"2020-10-06 15:37:31",6551287,-10,-10,-10,220,-0.003,-40.01
"2020-10-06 15:37:31.1",6551288,-10,-10,-10,220,-0.003,-40.01
"2020-10-06 15:37:31.2",6551289,-10,-10,-10,220,-0.003,-40.01
"2020-10-06 15:37:31.3",6551290,-10,-10,-10,220,-0.003,-40.01
"2020-10-06 15:37:31.4",6551291,-10,-10,-10,220,-0.003,-40.01
"2020-10-06 15:37:31.5",6551292,-10,-10,-10,220,-0.003,-40.01
"2020-10-06 15:37:31.6",6551293,-10,-10,-10,220,-0.003,-40.01
"2020-10-06 15:37:31.7",6551294,-10,-10,-10,220,-0.003,-40.01
"2020-10-06 15:37:31.8",6551295,-10,-10,-10,220,-0.003,-40.01
"2020-10-06 15:37:31.9",6551296,-10,-10,-10,220,-0.003,-40.01
"2020-10-06 15:37:32",6551297,-10,-10,-10,220,-0.003,-40.01
"2020-10-06 15:37:32.1",6551298,-10,-10,-10,220,-0.003,-40.01
"2020-10-06 15:37:32.2",6551299,-10,-10,-10,220,-0.003,-40.01
"2020-10-06 15:37:32.3",6551300,-10,-10,-10,220,-0.003,-40.01
"2020-10-06 15:37:32.4",6551301,-10,-10,-10,220,-0.003,-40.01
"2020-10-06 15:37:32.5",6551302,-10,-10,-10,220,-0.003,-40.01
"2020-10-06 15:37:32.6",6551303,-10,-10,-10,220,-0.003,-40.01
"2020-10-06 15:37:32.7",6551304,-10,-10,-10,220,-0.003,-40.01
"2020-10-06 15:37:32.8",6551305,-10,-10,-10,220,-0.003,-40.01
"2020-10-06 15:37:32.9",6551306,-10,-10,-10,220,-0.003,-40.01
"2020-10-06 15:37:33",6551307,-10,-10,-10,220,-0.003,-40.01
"2020-10-06 15:37:33.1",6551308,-10,-10,-10,220,-0.003,-40.01
"2020-10-06 15:37:33.2",6551309,-10,-10,-10,220,-0.003,-40.01
"2020-10-06 15:37:33.3",6551310,-10,-10,-10,220,-0.003,-40.01
"2020-10-06 15:37:33.4",6551311,-10,-10,-10,220,-0.003,-40.01
"2020-10-06 15:37:33.5",6551312,-10,-10,-10,220,-0.003,-40.01
"2020-10-06 15:37:33.6",6551313,-10,-10,-10,220,-0.003,-40.01
"2020-10-06 15:37:33.7",6551314,-10,-10,-10,220,-0.003,-40.01
"2020-10-06 15:37:33.8",6551315,-10,-10,-10,220,-0.003,-40.01
"2020-10-06 15:37:33.9",6551316,-10,-10,-10,220,-0.003,-40.01
"2020-10-06 15:37:34",6551317,-10,-10,-10,220,-0.003,-40.01
"2020-10-06 15:37:34.1",6551318,-10,-10,-10,220,-0.003,-40.01
"2020-10-06 15:37:34.2",6551319,-10,-10,-10,220,-0.003,-40.01
"2020-10-06 15:37:34.3",6551320,-10,-10,-10,220,-0.003,-40.01
"2020-10-06 15:37:34.4",6551321,-10,-10,-10,220,-0.003,-40.01
"2020-10-06 15:37:34.5",6551322,-10,-10,-10,220,-0.003,-40.01
"2020-10-06 15:37:34.6",6551323,-10,-10,-10,220,-0.003,-40.01
"2020-10-06 15:37:34.7",6551324,-10,-10,-10,220,-0.003,-40.01
"2020-10-06 15:37:34.8",6551325,-10,-10,-10,220,-0.003,-40.01
"2020-10-06 15:37:34.9",6551326,-10,-10,-10,220,-0.003,-40.01
"2020-10-06 15:37:35",6551327,-10,-10,-10,220,-0.003,-40.01
"2020-10-06 15:37:35.1",6551328,-10,-10,-10,220,-0.003,-40.01
"2020-10-06 15:37:35.2",6551329,-10,-10,-10,220,-0.003,-40.01
"2020-10-06 15:37:35.3",6551330,-10,-10,-10,220,-0.003,-40.01
"2020-10-06 15:37:35.4",6551331,-10,-10,-10,220,-0.003,-40.01
"2020-10-06 15:37:35.5",6551332,-10,-10,-10,220,-0.003,-40.01
"2020-10-06 15:37:35.6",6551333,-10,-10,-10,220,-0.003,-40.01
"2020-10-06 15:37:35.7",6551334,-10,-10,-10,220,-0.003,-40.01
"2020-10-06 15:37:35.8",6551335,-10,-10,-10,220,-0.003,-40.01
"2020-10-06 15:37:35.9",6551336,-10,-10,-10,220,-0.003,-40.01
"2020-10-06 15:37:36",6551337,-10,-10,-10,220,-0.003,-40.01
"2020-10-06 15:37:36.1",6551338,-10,-10,-10,220,-0.003,-40.01
"2020-10-06 15:37:36.2",6551339,-10,-10,-10,220,-0.003,-40.01
"2020-10-06 15:37:36.3",6551340,-10,-10,-10,220,-0.003,-40.01
"2020-10-06 15:37:36.4",6551341,-10,-10,-10,220,-0.003,-40.01
"2020-10-06 15:37:36.5",6551342,-10,-10,-10,220,-0.003,-40.01
"2020-10-06 15:37:36.6",6551343,-10,-10,-10,220,-0.003,-40.01
"2020-10-06 15:37:36.7",6551344,-10,-10,-10,220,-0.003,-40.01
"2020-10-06 15:37:36.8",6551345,-10,-10,-10,220,-0.003,-40.01
"2020-10-06 15:37:36.9",6551346,-10,-10,-10,220,-0.003,-40.01
"2020-10-06 15:37:37",6551347,-10,-10,-10,220,-0.003,-40.01
"2020-10-06 15:37:37.1",6551348,-10,-10,-10,220,-0.003,-40.01
"2020-10-06 15:37:37.2",6551349,-10,-10,-10,220,-0.003,-40.01
"2020-10-06 15:37:37.3",6551350,-10,-10,-10,220,-0.003,-40.01
"2020-10-06 15:37:37.4",6551351,-10,-10,-10,220,-0.003,-40.01
"2020-10-06 15:37:37.5",6551352,-10,-10,-10,220,-0.003,-40.01
"2020-10-06 15:37:37.6",6551353,-10,-10,-10,220,-0.003,-40.01
"2020-10-06 15:37:37.7",6551354,-10,-10,-10,220,-0.003,-40.01
"2020-10-06 15:37:37.8",6551355,-10,-10,-10,220,-0.003,-40.01
"2020-10-06 15:37:37.9",6551356,-10,-10,-10,220,-0.003,-40.01
"2020-10-06 15:37:38",6551357,-10,-10,-10,220,-0.003,-40.01
"2020-10-06 15:37:38.1",6551358,-10,-10,-10,220,-0.003,-40.01
"2020-10-06 15:37:38.2",6551359,-10,-10,-10,220,-0.003,-40.01
"2020-10-06 15:37:38.3",6551360,-10,-10,-10,220,-0.003,-40.01
"2020-10-06 15:37:38.4",6551361,-10,-10,-10,220,-0.003,-40.01
"2020-10-06 15:37:38.5",6551362,-10,-10,-10,220,-0.003,-40.01
"2020-10-06 15:37:38.6",6551363,-10,-10,-10,220,-0.003,-40.01
"2020-10-06 15:37:38.7",6551364,-10,-10,-10,220,-0.003,-40.01
"2020-10-06 15:37:38.8",6551365,-10,-10,-10,220,-0.003,-40.01
"2020-10-06 15:37:38.9",6551366,-10,-10,-10,220,-0.003,-40.01
"2020-10-06 15:37:39",6551367,-10,-10,-10,220,-0.003,-40.01
"2020-10-06 15:37:39.1",6551368,-10,-10,-10,220,-0.003,-40.01
"2020-10-06 15:37:39.2",6551369,-10,-10,-10,220,-0.003,-40.01
"2020-10-06 15:37:39.3",6551370,-10,-10,-10,220,-0.003,-40.01
"2020-10-06 15:37:39.4",6551371,-10,-10,-10,220,-0.003,-40.01
"2020-10-06 15:37:39.5",6551372,-10,-10,-10,220,-0.003,-40.01
"2020-10-06 15:37:39.6",6551373,-10,-10,-10,220,-0.003,-40.01
"2020-10-06 15:37:39.7",6551374,-10,-10,-10,220,-0.003,-40.01
"2020-10-06 15:37:39.8",6551375,-10,-10,-10,220,-0.003,-40.01
"2020-10-06 15:37:39.9",6551376,-10,-10,-10,220,-0.003,-40.01
"2020-10-06 15:37:40",6551377,-10,-10,-10,220,-0.003,-40.01
"2020-10-06 15:37:40.1",6551378,-10,-10,-10,220,-0.003,-40.01
"2020-10-06 15:37:40.2",6551379,-10,-10,-10,220,-0.003,-40.01
"2020-10-06 15:37:40.3",6551380,-10,-10,-10,220,-0.003,-40.01
"2020-10-06 15:37:40.4",6551381,-10,-10,-10,220,-0.003,-40.01
"2020-10-06 15:37:40.5",6551382,-10,-10,-10,220,-0.003,-40.01
"2020-10-06 15:37:40.6",6551383,-10,-10,-10,220,-0.003,-40.01
"2020-10-06 15:37:40.7",6551384,-10,-10,-10,220,-0.003,-40.01
"2020-10-06 15:37:40.8",6551385,-10,-10,-10,220,-0.003,-40.01
"2020-10-06 15:37:40.9",6551386,-10,-10,-10,220,-0.003,-40.01
"2020-10-06 15:37:41",6551387,-10,-10,-10,220,-0.003,-40.01
"2020-10-06 15:37:41.1",6551388,-10,-10,-10,220,-0.003,-40.01
"2020-10-06 15:37:41.2",6551389,-10,-10,-10,220,-0.003,-40.01
"2020-10-06 15:37:41.3",6551390,-10,-10,-10,220,-0.003,-40.01
"2020-10-06 15:37:41.4",6551391,-10,-10,-10,220,-0.003,-40.01
"2020-10-06 15:37:41.5",6551392,-10,-10,-10,220,-0.003,-40.01
"2020-10-06 15:37:41.6",6551393,-10,-10,-10,220,-0.003,-40.01
"2020-10-06 15:37:41.7",6551394,-10,-10,-10,220,-0.003,-40.01
"2020-10-06 15:37:41.8",6551395,-10,-10,-10,220,-0.003,-40.01
"2020-10-06 15:37:41.9",6551396,-10,-10,-10,220,-0.003,-40.01
"2020-10-06 15:37:42",6551397,-10,-10,-10,220,-0.003,-40.01
"2020-10-06 15:37:42.1",6551398,-10,-10,-10,220,-0.003,-40.01
"2020-10-06 15:37:42.2",6551399,-10,-10,-10,220,-0.003,-40.01
"2020-10-06 15:37:42.3",6551400,-10,-10,-10,220,-0.003,-40.01
"2020-10-06 15:37:42.4",6551401,-10,-10,-10,220,-0.003,-40.01
"2020-10-06 15:37:42.5",6551402,-10,-10,-10,220,-0.003,-40.01
"2020-10-06 15:37:42.6",6551403,-10,-10,-10,220,-0.003,-40.01
"2020-10-06 15:37:42.7",6551404,-10,-10,-10,220,-0.003,-40.01
"2020-10-06 15:37:42.8",6551405,-10,-10,-10,220,-0.003,-40.01
"2020-10-06 15:37:42.9",6551406,-10,-10,-10,220,-0.003,-40.01
"2020-10-06 15:37:43",6551407,-10,-10,-10,220,-0.003,-40.01
"2020-10-06 15:37:43.1",6551408,-10,-10,-10,220,-0.003,-40.01
"2020-10-06 15:37:43.2",6551409,-10,-10,-10,220,-0.003,-40.01
"2020-10-06 15:37:43.3",6551410,-10,-10,-10,220,-0.003,-40.01
"2020-10-06 15:37:43.4",6551411,-10,-10,-10,220,-0.003,-40.01
"2020-10-06 15:37:43.5",6551412,-10,-10,-10,220,-0.003,-40.01
"2020-10-06 15:37:43.6",6551413,-10,-10,-10,220,-0.003,-40.01
"2020-10-06 15:37:43.7",6551414,-10,-10,-10,220,-0.003,-40.01
"2020-10-06 15:37:43.8",6551415,-10,-10,-10,220,-0.003,-40.01
"2020-10-06 15:37:43.9",6551416,-10,-10,-10,220,-0.003,-40.01
"2020-10-06 15:37:44",6551417,-10,-10,-10,220,-0.003,-40.01
"2020-10-06 15:37:44.1",6551418,-10,-10,-10,220,-0.003,-40.01
"2020-10-06 15:37:44.2",6551419,-10,-10,-10,220,-0.003,-40.01
"2020-10-06 15:37:44.3",6551420,-10,-10,-10,220,-0.003,-40.01
"2020-10-06 15:37:44.4",6551421,-10,-10,-10,220,-0.003,-40.01
"2020-10-06 15:37:44.5",6551422,-10,-10,-10,220,-0.003,-40.01
"2020-10-06 15:37:44.6",6551423,-10,-10,-10,220,-0.003,-40.01
"2020-10-06 15:37:44.7",6551424,-10,-10,-10,220,-0.003,-40.01
"2020-10-06 15:37:44.8",6551425,-10,-10,-10,220,-0.003,-40.01
"2020-10-06 15:37:44.9",6551426,-10,-10,-10,220,-0.003,-40.01
"2020-10-06 15:37:45",6551427,-10,-10,-10,220,-0.003,-40.01
"2020-10-06 15:37:45.1",6551428,-10,-10,-10,220,-0.003,-40.01
"2020-10-06 15:37:45.2",6551429,-10,-10,-10,220,-0.003,-40.01
"2020-10-06 15:37:45.3",6551430,-10,-10,-10,220,-0.003,-40.01
"2020-10-06 15:37:45.4",6551431,-10,-10,-10,220,-0.003,-40.01
"2020-10-06 15:37:45.5",6551432,-10,-10,-10,220,-0.003,-40.01
"2020-10-06 15:37:45.6",6551433,-10,-10,-10,220,-0.003,-40.01
"2020-10-06 15:37:45.7",6551434,-10,-10,-10,220,-0.003,-40.01
"2020-10-06 15:37:45.8",6551435,-10,-10,-10,220,-0.003,-40.01
"2020-10-06 15:37:45.9",6551436,-10,-10,-10,220,-0.003,-40.01
"2020-10-06 15:37:46",6551437,-10,-10,-10,220,-0.003,-40.01
"2020-10-06 15:37:46.1",6551438,-10,-10,-10,220,-0.003,-40.01
"2020-10-06 15:37:46.2",6551439,-10,-10,-10,220,-0.003,-40.01
"2020-10-06 15:37:46.3",6551440,-10,-10,-10,220,-0.003,-40.01
"2020-10-06 15:37:46.4",6551441,-10,-10,-10,220,-0.003,-40.01
"2020-10-06 15:37:46.5",6551442,-10,-10,-10,220,-0.003,-40.01
"2020-10-06 15:37:46.6",6551443,-10,-10,-10,220,-0.003,-40.01
"2020-10-06 15:37:46.7",6551444,-10,-10,-10,220,-0.003,-40.01
"2020-10-06 15:37:46.8",6551445,-10,-10,-10,220,-0.003,-40.01
"2020-10-06 15:37:46.9",6551446,-10,-10,-10,220,-0.003,-40.01
"2020-10-06 15:37:47",6551447,-10,-10,-10,220,-0.003,-40.01
"2020-10-06 15:37:47.1",6551448,-10,-10,-10,220,-0.003,-40.01
"2020-10-06 15:37:47.2",6551449,-10,-10,-10,220,-0.003,-40.01
"2020-10-06 15:37:47.3",6551450,-10,-10,-10,220,-0.003,-40.01
"2020-10-06 15:37:47.4",6551451,-10,-10,-10,220,-0.003,-40.01
"2020-10-06 15:37:47.5",6551452,-10,-10,-10,220,-0.003,-40.01
"2020-10-06 15:37:47.6",6551453,-10,-10,-10,220,-0.003,-40.01
"2020-10-06 15:37:47.7",6551454,-10,-10,-10,220,-0.003,-40.01
"2020-10-06 15:37:47.8",6551455,-10,-10,-10,220,-0.003,-40.01
"2020-10-06 15:37:47.9",6551456,-10,-10,-10,220,-0.003,-40.01
"2020-10-06 15:37:48",6551457,-10,-10,-10,220,-0.003,-40.01
"2020-10-06 15:37:48.1",6551458,-10,-10,-10,220,-0.003,-40.01
"2020-10-06 15:37:48.2",6551459,-10,-10,-10,220,-0.003,-40.01
"2020-10-06 15:37:48.3",6551460,-10,-10,-10,220,-0.003,-40.01
"2020-10-06 15:37:48.4",6551461,-10,-10,-10,220,-0.003,-40.01
"2020-10-06 15:37:48.5",6551462,-10,-10,-10,220,-0.003,-40.01
"2020-10-06 15:37:48.6",6551463,-10,-10,-10,220,-0.003,-40.01
"2020-10-06 15:37:48.7",6551464,-10,-10,-10,220,-0.003,-40.01
"2020-10-06 15:37:48.8",6551465,-10,-10,-10,220,-0.003,-40.01
"2020-10-06 15:37:48.9",6551466,-10,-10,-10,220,-0.003,-40.01
"2020-10-06 15:37:49",6551467,-10,-10,-10,220,-0.003,-40.01
"2020-10-06 15:37:49.1",6551468,-10,-10,-10,220,-0.003,-40.01
"2020-10-06 15:37:49.2",6551469,-10,-10,-10,220,-0.003,-40.01
"2020-10-06 15:37:49.3",6551470,-10,-10,-10,220,-0.003,-40.01
"2020-10-06 15:37:49.4",6551471,-10,-10,-10,220,-0.003,-40.01
"2020-10-06 15:37:49.5",6551472,-10,-10,-10,220,-0.003,-40.01
"2020-10-06 15:37:49.6",6551473,-10,-10,-10,220,-0.003,-40.01
"2020-10-06 15:37:49.7",6551474,-10,-10,-10,220,-0.003,-40.01
"2020-10-06 15:37:49.8",6551475,-10,-10,-10,220,-0.003,-40.01
"2020-10-06 15:37:49.9",6551476,-10,-10,-10,220,-0.003,-40.01
"2020-10-06 15:37:50",6551477,-10,-10,-10,220,-0.003,-40.01
"2020-10-06 15:37:50.1",6551478,-10,-10,-10,220,-0.003,-40.01
"2020-10-06 15:37:50.2",6551479,-10,-10,-10,220,-0.003,-40.01
"2020-10-06 15:37:50.3",6551480,-10,-10,-10,220,-0.003,-40.01
"2020-10-06 15:37:50.4",6551481,-10,-10,-10,220,-0.003,-40.01
"2020-10-06 15:37:50.5",6551482,-10,-10,-10,220,-0.003,-40.01
"2020-10-06 15:37:50.6",6551483,-10,-10,-10,220,-0.003,-40.01
"2020-10-06 15:37:50.7",6551484,-10,-10,-10,220,-0.003,-40.01
"2020-10-06 15:37:50.8",6551485,-10,-10,-10,220,-0.003,-40.01
"2020-10-06 15:37:50.9",6551486,-10,-10,-10,220,-0.003,-40.01
