"TOA5","10329","CR6","10329","CR6.Std.09.01 CR6-WIFI.04.00.01","CPU:YOUNG81000_HMP60_10Hz.CR6","51185","Young10Hz_hmp"
"TIMESTAMP","RECORD","U","V","W","TSonic","RH","T_HMP60"
"TS","RN","mV","mV","mV","mV","%","Deg C"
"","","Smp","Smp","Smp","Smp","Smp","Smp"
"2020-10-06 08:20:51",6289287,-10,-10,-10,220,-0.001,-40.01
"2020-10-06 08:20:51.1",6289288,-10,-10,-10,220,-0.001,-40.01
"2020-10-06 08:20:51.2",6289289,-10,-10,-10,220,-0.001,-40.01
"2020-10-06 08:20:51.3",6289290,-10,-10,-10,220,-0.002,-40.01
"2020-10-06 08:20:51.4",6289291,-10,-10,-10,220,-0.001,-40.01
"2020-10-06 08:20:51.5",6289292,-10,-10,-10,220,-0.001,-40.01
"2020-10-06 08:20:51.6",6289293,-10,-10,-10,220,-0.002,-40.01
"2020-10-06 08:20:51.7",6289294,-10,-10,-10,220,-0.001,-40.01
"2020-10-06 08:20:51.8",6289295,-10,-10,-10,220,-0.001,-40.01
"2020-10-06 08:20:51.9",6289296,-10,-10,-10,220,-0.002,-40.01
"2020-10-06 08:20:52",6289297,-10,-10,-10,220,-0.001,-40.01
"2020-10-06 08:20:52.1",6289298,-10,-10,-10,220,-0.001,-40.01
"2020-10-06 08:20:52.2",6289299,-10,-10,-10,220,-0.001,-40.01
"2020-10-06 08:20:52.3",6289300,-10,-10,-10,220,-0.001,-40.01
"2020-10-06 08:20:52.4",6289301,-10,-10,-10,220,-0.001,-40.01
"2020-10-06 08:20:52.5",6289302,-10,-10,-10,220,-0.001,-40.01
"2020-10-06 08:20:52.6",6289303,-10,-10,-10,220,-0.001,-40.01
"2020-10-06 08:20:52.7",6289304,-10,-10,-10,220,-0.001,-40.01
"2020-10-06 08:20:52.8",6289305,-10,-10,-10,220,-0.001,-40.01
"2020-10-06 08:20:52.9",6289306,-10,-10,-10,220,-0.002,-40.01
"2020-10-06 08:20:53",6289307,-10,-10,-10,220,-0.001,-40.01
"2020-10-06 08:20:53.1",6289308,-10,-10,-10,220,-0.001,-40.01
"2020-10-06 08:20:53.2",6289309,-10,-10,-10,220,-0.001,-40.01
"2020-10-06 08:20:53.3",6289310,-10,-10,-10,220,-0.001,-40.01
"2020-10-06 08:20:53.4",6289311,-10,-10,-10,220,-0.002,-40.01
"2020-10-06 08:20:53.5",6289312,-10,-10,-10,220,-0.001,-40.01
"2020-10-06 08:20:53.6",6289313,-10,-10,-10,220,-0.001,-40.01
"2020-10-06 08:20:53.7",6289314,-10,-10,-10,220,-0.002,-40.01
"2020-10-06 08:20:53.8",6289315,-10,-10,-10,220,-0.001,-40.01
"2020-10-06 08:20:53.9",6289316,-10,-10,-10,220,-0.001,-40.01
"2020-10-06 08:20:54",6289317,-10,-10,-10,220,-0.001,-40.01
"2020-10-06 08:20:54.1",6289318,-10,-10,-10,220,-0.001,-40.01
"2020-10-06 08:20:54.2",6289319,-10,-10,-10,220,-0.002,-40.01
"2020-10-06 08:20:54.3",6289320,-10,-10,-10,220,-0.002,-40.01
"2020-10-06 08:20:54.4",6289321,-10,-10,-10,220,-0.001,-40.01
"2020-10-06 08:20:54.5",6289322,-10,-10,-10,220,-0.001,-40.01
"2020-10-06 08:20:54.6",6289323,-10,-10,-10,220,-0.001,-40.01
"2020-10-06 08:20:54.7",6289324,-10,-10,-10,220,-0.002,-40.01
"2020-10-06 08:20:54.8",6289325,-10,-10,-10,220,-0.001,-40.01
"2020-10-06 08:20:54.9",6289326,-10,-10,-10,220,-0.001,-40.01
"2020-10-06 08:20:55",6289327,-10,-10,-10,220,-0.002,-40.01
"2020-10-06 08:20:55.1",6289328,-10,-10,-10,220,-0.001,-40.01
"2020-10-06 08:20:55.2",6289329,-10,-10,-10,220,-0.002,-40.01
"2020-10-06 08:20:55.3",6289330,-10,-10,-10,220,-0.002,-40.01
"2020-10-06 08:20:55.4",6289331,-10,-10,-10,220,-0.002,-40.01
"2020-10-06 08:20:55.5",6289332,-10,-10,-10,220,-0.002,-40.01
"2020-10-06 08:20:55.6",6289333,-10,-10,-10,220,-0.001,-40.01
"2020-10-06 08:20:55.7",6289334,-10,-10,-10,220,-0.002,-40.01
"2020-10-06 08:20:55.8",6289335,-10,-10,-10,220,-0.002,-40.01
"2020-10-06 08:20:55.9",6289336,-10,-10,-10,220,-0.001,-40.01
"2020-10-06 08:20:56",6289337,-10,-10,-10,220,-0.001,-40.01
"2020-10-06 08:20:56.1",6289338,-10,-10,-10,220,-0.001,-40.01
"2020-10-06 08:20:56.2",6289339,-10,-10,-10,220,-0.001,-40.01
"2020-10-06 08:20:56.3",6289340,-10,-10,-10,220,-0.001,-40.01
"2020-10-06 08:20:56.4",6289341,-10,-10,-10,220,-0.001,-40.01
"2020-10-06 08:20:56.5",6289342,-10,-10,-10,220,-0.002,-40.01
"2020-10-06 08:20:56.6",6289343,-10,-10,-10,220,-0.001,-40.01
"2020-10-06 08:20:56.7",6289344,-10,-10,-10,220,-0.001,-40.01
"2020-10-06 08:20:56.8",6289345,-10,-10,-10,220,-0.001,-40.01
"2020-10-06 08:20:56.9",6289346,-10,-10,-10,220,-0.001,-40.01
"2020-10-06 08:20:57",6289347,-10,-10,-10,220,-0.001,-40.01
"2020-10-06 08:20:57.1",6289348,-10,-10,-10,220,-0.001,-40.01
"2020-10-06 08:20:57.2",6289349,-10,-10,-10,220,-0.001,-40.01
"2020-10-06 08:20:57.3",6289350,-10,-10,-10,220,-0.001,-40.01
"2020-10-06 08:20:57.4",6289351,-10,-10,-10,220,-0.001,-40.01
"2020-10-06 08:20:57.5",6289352,-10,-10,-10,220,-0.001,-40.01
"2020-10-06 08:20:57.6",6289353,-10,-10,-10,220,-0.002,-40.01
"2020-10-06 08:20:57.7",6289354,-10,-10,-10,220,-0.001,-40.01
"2020-10-06 08:20:57.8",6289355,-10,-10,-10,220,-0.001,-40.01
"2020-10-06 08:20:57.9",6289356,-10,-10,-10,220,-0.001,-40.01
"2020-10-06 08:20:58",6289357,-10,-10,-10,220,-0.002,-40.01
"2020-10-06 08:20:58.1",6289358,-10,-10,-10,220,-0.001,-40.01
"2020-10-06 08:20:58.2",6289359,-10,-10,-10,220,-0.001,-40.01
"2020-10-06 08:20:58.3",6289360,-10,-10,-10,220,-0.002,-40.01
"2020-10-06 08:20:58.4",6289361,-10,-10,-10,220,-0.001,-40.01
"2020-10-06 08:20:58.5",6289362,-10,-10,-10,220,-0.001,-40.01
"2020-10-06 08:20:58.6",6289363,-10,-10,-10,220,-0.001,-40.01
"2020-10-06 08:20:58.7",6289364,-10,-10,-10,220,-0.001,-40.01
"2020-10-06 08:20:58.8",6289365,-10,-10,-10,220,-0.002,-40.01
"2020-10-06 08:20:58.9",6289366,-10,-10,-10,220,-0.001,-40.01
"2020-10-06 08:20:59",6289367,-10,-10,-10,220,-0.001,-40.01
"2020-10-06 08:20:59.1",6289368,-10,-10,-10,220,-0.001,-40.01
"2020-10-06 08:20:59.2",6289369,-10,-10,-10,220,-0.001,-40.01
"2020-10-06 08:20:59.3",6289370,-10,-10,-10,220,-0.001,-40.01
"2020-10-06 08:20:59.4",6289371,-10,-10,-10,220,-0.002,-40.01
"2020-10-06 08:20:59.5",6289372,-10,-10,-10,220,-0.001,-40.01
"2020-10-06 08:20:59.6",6289373,-10,-10,-10,220,-0.001,-40.01
"2020-10-06 08:20:59.7",6289374,-10,-10,-10,220,-0.001,-40.01
"2020-10-06 08:20:59.8",6289375,-10,-10,-10,220,-0.001,-40.01
"2020-10-06 08:20:59.9",6289376,-10,-10,-10,220,-0.001,-40.01
"2020-10-06 08:21:00",6289377,-10,-10,-10,220,-0.001,-40.01
"2020-10-06 08:21:00.1",6289378,-10,-10,-10,220,-0.008,-40.02
"2020-10-06 08:21:00.2",6289379,-10,-10,-10,220,-0.008,-40.02
"2020-10-06 08:21:00.3",6289380,-10,-10,-10,220,-0.001,-40.01
"2020-10-06 08:21:00.4",6289381,-10,-10,-10,220,-0.002,-40.01
"2020-10-06 08:21:00.5",6289382,-10,-10,-10,220,-0.001,-40.01
"2020-10-06 08:21:00.6",6289383,-10,-10,-10,220,-0.001,-40.01
"2020-10-06 08:21:00.7",6289384,-10,-10,-10,220,-0.001,-40.01
"2020-10-06 08:21:00.8",6289385,-10,-10,-10,220,-0.002,-40.01
"2020-10-06 08:21:00.9",6289386,-10,-10,-10,220,-0.002,-40.01
"2020-10-06 08:21:01",6289387,-10,-10,-10,220,-0.002,-40.01
"2020-10-06 08:21:01.1",6289388,-10,-10,-10,220,-0.002,-40.01
"2020-10-06 08:21:01.2",6289389,-10,-10,-10,220,-0.001,-40.01
"2020-10-06 08:21:01.3",6289390,-10,-10,-10,220,-0.001,-40.01
"2020-10-06 08:21:01.4",6289391,-10,-10,-10,220,-0.002,-40.01
"2020-10-06 08:21:01.5",6289392,-10,-10,-10,220,-0.001,-40.01
"2020-10-06 08:21:01.6",6289393,-10,-10,-10,220,-0.001,-40.01
"2020-10-06 08:21:01.7",6289394,-10,-10,-10,220,-0.001,-40.01
"2020-10-06 08:21:01.8",6289395,-10,-10,-10,220,-0.001,-40.01
"2020-10-06 08:21:01.9",6289396,-10,-10,-10,220,-0.001,-40.01
"2020-10-06 08:21:02",6289397,-10,-10,-10,220,-0.001,-40.01
"2020-10-06 08:21:02.1",6289398,-10,-10,-10,220,-0.002,-40.01
"2020-10-06 08:21:02.2",6289399,-10,-10,-10,220,-0.001,-40.01
"2020-10-06 08:21:02.3",6289400,-10,-10,-10,220,-0.001,-40.01
"2020-10-06 08:21:02.4",6289401,-10,-10,-10,220,-0.002,-40.01
"2020-10-06 08:21:02.5",6289402,-10,-10,-10,220,-0.001,-40.01
"2020-10-06 08:21:02.6",6289403,-10,-10,-10,220,-0.001,-40.01
"2020-10-06 08:21:02.7",6289404,-10,-10,-10,220,-0.001,-40.01
"2020-10-06 08:21:02.8",6289405,-10,-10,-10,220,-0.001,-40.01
"2020-10-06 08:21:02.9",6289406,-10,-10,-10,220,-0.002,-40.01
"2020-10-06 08:21:03",6289407,-10,-10,-10,220,-0.001,-40.01
"2020-10-06 08:21:03.1",6289408,-10,-10,-10,220,-0.002,-40.01
"2020-10-06 08:21:03.2",6289409,-10,-10,-10,220,-0.002,-40.01
"2020-10-06 08:21:03.3",6289410,-10,-10,-10,220,-0.002,-40.01
"2020-10-06 08:21:03.4",6289411,-10,-10,-10,220,-0.001,-40.01
"2020-10-06 08:21:03.5",6289412,-10,-10,-10,220,-0.001,-40.01
"2020-10-06 08:21:03.6",6289413,-10,-10,-10,220,-0.001,-40.01
"2020-10-06 08:21:03.7",6289414,-10,-10,-10,220,-0.001,-40.01
"2020-10-06 08:21:03.8",6289415,-10,-10,-10,220,-0.001,-40.01
"2020-10-06 08:21:03.9",6289416,-10,-10,-10,220,-0.001,-40.01
"2020-10-06 08:21:04",6289417,-10,-10,-10,220,-0.001,-40.01
"2020-10-06 08:21:04.1",6289418,-10,-10,-10,220,-0.001,-40.01
"2020-10-06 08:21:04.2",6289419,-10,-10,-10,220,-0.001,-40.01
"2020-10-06 08:21:04.3",6289420,-10,-10,-10,220,-0.001,-40.01
"2020-10-06 08:21:04.4",6289421,-10,-10,-10,220,-0.001,-40.01
"2020-10-06 08:21:04.5",6289422,-10,-10,-10,220,-0.001,-40.01
"2020-10-06 08:21:04.6",6289423,-10,-10,-10,220,-0.001,-40.01
"2020-10-06 08:21:04.7",6289424,-10,-10,-10,220,-0.002,-40.01
"2020-10-06 08:21:04.8",6289425,-10,-10,-10,220,-0.001,-40.01
"2020-10-06 08:21:04.9",6289426,-10,-10,-10,220,-0.002,-40.01
"2020-10-06 08:21:05",6289427,-10,-10,-10,220,-0.001,-40.01
"2020-10-06 08:21:05.1",6289428,-10,-10,-10,220,-0.001,-40.01
"2020-10-06 08:21:05.2",6289429,-10,-10,-10,220,-0.001,-40.01
"2020-10-06 08:21:05.3",6289430,-10,-10,-10,220,-0.001,-40.01
"2020-10-06 08:21:05.4",6289431,-10,-10,-10,220,-0.001,-40.01
"2020-10-06 08:21:05.5",6289432,-10,-10,-10,220,-0.001,-40.01
"2020-10-06 08:21:05.6",6289433,-10,-10,-10,220,-0.002,-40.01
"2020-10-06 08:21:05.7",6289434,-10,-10,-10,220,-0.002,-40.01
"2020-10-06 08:21:05.8",6289435,-10,-10,-10,220,-0.001,-40.01
"2020-10-06 08:21:05.9",6289436,-10,-10,-10,220,-0.002,-40.01
"2020-10-06 08:21:06",6289437,-10,-10,-10,220,-0.001,-40.01
"2020-10-06 08:21:06.1",6289438,-10,-10,-10,220,-0.001,-40.01
"2020-10-06 08:21:06.2",6289439,-10,-10,-10,220,-0.001,-40.01
"2020-10-06 08:21:06.3",6289440,-10,-10,-10,220,-0.001,-40.01
"2020-10-06 08:21:06.4",6289441,-10,-10,-10,220,-0.001,-40.01
"2020-10-06 08:21:06.5",6289442,-10,-10,-10,220,-0.001,-40.01
"2020-10-06 08:21:06.6",6289443,-10,-10,-10,220,-0.001,-40.01
"2020-10-06 08:21:06.7",6289444,-10,-10,-10,220,-0.001,-40.01
"2020-10-06 08:21:06.8",6289445,-10,-10,-10,220,-0.001,-40.01
"2020-10-06 08:21:06.9",6289446,-10,-10,-10,220,-0.001,-40.01
"2020-10-06 08:21:07",6289447,-10,-10,-10,220,-0.002,-40.01
"2020-10-06 08:21:07.1",6289448,-10,-10,-10,220,-0.001,-40.01
"2020-10-06 08:21:07.2",6289449,-10,-10,-10,220,-0.001,-40.01
"2020-10-06 08:21:07.3",6289450,-10,-10,-10,220,-0.001,-40.01
"2020-10-06 08:21:07.4",6289451,-10,-10,-10,220,-0.001,-40.01
"2020-10-06 08:21:07.5",6289452,-10,-10,-10,220,-0.001,-40.01
"2020-10-06 08:21:07.6",6289453,-10,-10,-10,220,-0.001,-40.01
"2020-10-06 08:21:07.7",6289454,-10,-10,-10,220,-0.001,-40.01
"2020-10-06 08:21:07.8",6289455,-10,-10,-10,220,-0.001,-40.01
"2020-10-06 08:21:07.9",6289456,-10,-10,-10,220,-0.001,-40.01
"2020-10-06 08:21:08",6289457,-10,-10,-10,220,-0.001,-40.01
"2020-10-06 08:21:08.1",6289458,-10,-10,-10,220,-0.001,-40.01
"2020-10-06 08:21:08.2",6289459,-10,-10,-10,220,-0.001,-40.01
"2020-10-06 08:21:08.3",6289460,-10,-10,-10,220,-0.001,-40.01
"2020-10-06 08:21:08.4",6289461,-10,-10,-10,220,-0.001,-40.01
"2020-10-06 08:21:08.5",6289462,-10,-10,-10,220,-0.002,-40.01
"2020-10-06 08:21:08.6",6289463,-10,-10,-10,220,-0.001,-40.01
"2020-10-06 08:21:08.7",6289464,-10,-10,-10,220,-0.001,-40.01
"2020-10-06 08:21:08.8",6289465,-10,-10,-10,220,-0.001,-40.01
"2020-10-06 08:21:08.9",6289466,-10,-10,-10,220,-0.001,-40.01
"2020-10-06 08:21:09",6289467,-10,-10,-10,220,-0.001,-40.01
"2020-10-06 08:21:09.1",6289468,-10,-10,-10,220,-0.001,-40.01
"2020-10-06 08:21:09.2",6289469,-10,-10,-10,220,-0.001,-40.01
"2020-10-06 08:21:09.3",6289470,-10,-10,-10,220,-0.001,-40.01
"2020-10-06 08:21:09.4",6289471,-10,-10,-10,220,-0.001,-40.01
"2020-10-06 08:21:09.5",6289472,-10,-10,-10,220,-0.001,-40.01
"2020-10-06 08:21:09.6",6289473,-10,-10,-10,220,-0.001,-40.01
"2020-10-06 08:21:09.7",6289474,-10,-10,-10,220,-0.002,-40.01
"2020-10-06 08:21:09.8",6289475,-10,-10,-10,220,-0.001,-40.01
"2020-10-06 08:21:09.9",6289476,-10,-10,-10,220,-0.001,-40.01
"2020-10-06 08:21:10",6289477,-10,-10,-10,220,-0.001,-40.01
"2020-10-06 08:21:10.1",6289478,-10,-10,-10,220,-0.002,-40.01
"2020-10-06 08:21:10.2",6289479,-10,-10,-10,220,-0.001,-40.01
"2020-10-06 08:21:10.3",6289480,-10,-10,-10,220,-0.002,-40.01
"2020-10-06 08:21:10.4",6289481,-10,-10,-10,220,-0.001,-40.01
"2020-10-06 08:21:10.5",6289482,-10,-10,-10,220,-0.001,-40.01
"2020-10-06 08:21:10.6",6289483,-10,-10,-10,220,-0.002,-40.01
"2020-10-06 08:21:10.7",6289484,-10,-10,-10,220,-0.001,-40.01
"2020-10-06 08:21:10.8",6289485,-10,-10,-10,220,-0.001,-40.01
"2020-10-06 08:21:10.9",6289486,-10,-10,-10,220,-0.001,-40.01
"2020-10-06 08:21:11",6289487,-10,-10,-10,220,-0.001,-40.01
"2020-10-06 08:21:11.1",6289488,-10,-10,-10,220,-0.001,-40.01
"2020-10-06 08:21:11.2",6289489,-10,-10,-10,220,-0.001,-40.01
"2020-10-06 08:21:11.3",6289490,-10,-10,-10,220,-0.001,-40.01
"2020-10-06 08:21:11.4",6289491,-10,-10,-10,220,-0.001,-40.01
"2020-10-06 08:21:11.5",6289492,-10,-10,-10,220,-0.001,-40.01
"2020-10-06 08:21:11.6",6289493,-10,-10,-10,220,-0.002,-40.01
"2020-10-06 08:21:11.7",6289494,-10,-10,-10,220,-0.001,-40.01
"2020-10-06 08:21:11.8",6289495,-10,-10,-10,220,-0.001,-40.01
"2020-10-06 08:21:11.9",6289496,-10,-10,-10,220,-0.001,-40.01
"2020-10-06 08:21:12",6289497,-10,-10,-10,220,-0.001,-40.01
"2020-10-06 08:21:12.1",6289498,-10,-10,-10,220,-0.002,-40.01
"2020-10-06 08:21:12.2",6289499,-10,-10,-10,220,-0.001,-40.01
"2020-10-06 08:21:12.3",6289500,-10,-10,-10,220,-0.002,-40.01
"2020-10-06 08:21:12.4",6289501,-10,-10,-10,220,-0.002,-40.01
"2020-10-06 08:21:12.5",6289502,-10,-10,-10,220,-0.001,-40.01
"2020-10-06 08:21:12.6",6289503,-10,-10,-10,220,-0.002,-40.01
"2020-10-06 08:21:12.7",6289504,-10,-10,-10,220,-0.001,-40.01
"2020-10-06 08:21:12.8",6289505,-10,-10,-10,220,-0.002,-40.01
"2020-10-06 08:21:12.9",6289506,-10,-10,-10,220,-0.001,-40.01
"2020-10-06 08:21:13",6289507,-10,-10,-10,220,-0.001,-40.01
"2020-10-06 08:21:13.1",6289508,-10,-10,-10,220,-0.001,-40.01
"2020-10-06 08:21:13.2",6289509,-10,-10,-10,220,-0.001,-40.01
"2020-10-06 08:21:13.3",6289510,-10,-10,-10,220,-0.002,-40.01
"2020-10-06 08:21:13.4",6289511,-10,-10,-10,220,-0.001,-40.01
"2020-10-06 08:21:13.5",6289512,-10,-10,-10,220,-0.001,-40.01
"2020-10-06 08:21:13.6",6289513,-10,-10,-10,220,-0.001,-40.01
"2020-10-06 08:21:13.7",6289514,-10,-10,-10,220,-0.002,-40.01
"2020-10-06 08:21:13.8",6289515,-10,-10,-10,220,-0.001,-40.01
"2020-10-06 08:21:13.9",6289516,-10,-10,-10,220,-0.001,-40.01
"2020-10-06 08:21:14",6289517,-10,-10,-10,220,-0.001,-40.01
"2020-10-06 08:21:14.1",6289518,-10,-10,-10,220,-0.002,-40.01
"2020-10-06 08:21:14.2",6289519,-10,-10,-10,220,-0.002,-40.01
"2020-10-06 08:21:14.3",6289520,-10,-10,-10,220,-0.002,-40.01
"2020-10-06 08:21:14.4",6289521,-10,-10,-10,220,-0.002,-40.01
"2020-10-06 08:21:14.5",6289522,-10,-10,-10,220,-0.002,-40.01
"2020-10-06 08:21:14.6",6289523,-10,-10,-10,220,-0.001,-40.01
"2020-10-06 08:21:14.7",6289524,-10,-10,-10,220,-0.001,-40.01
"2020-10-06 08:21:14.8",6289525,-10,-10,-10,220,-0.001,-40.01
"2020-10-06 08:21:14.9",6289526,-10,-10,-10,220,-0.001,-40.01
"2020-10-06 08:21:15",6289527,-10,-10,-10,220,-0.001,-40.01
"2020-10-06 08:21:15.1",6289528,-10,-10,-10,220,-0.001,-40.01
"2020-10-06 08:21:15.2",6289529,-10,-10,-10,220,-0.001,-40.01
"2020-10-06 08:21:15.3",6289530,-10,-10,-10,220,-0.001,-40.01
"2020-10-06 08:21:15.4",6289531,-10,-10,-10,220,-0.002,-40.01
"2020-10-06 08:21:15.5",6289532,-10,-10,-10,220,-0.002,-40.01
"2020-10-06 08:21:15.6",6289533,-10,-10,-10,220,-0.001,-40.01
"2020-10-06 08:21:15.7",6289534,-10,-10,-10,220,-0.001,-40.01
"2020-10-06 08:21:15.8",6289535,-10,-10,-10,220,-0.001,-40.01
"2020-10-06 08:21:15.9",6289536,-10,-10,-10,220,-0.002,-40.01
"2020-10-06 08:21:16",6289537,-10,-10,-10,220,-0.001,-40.01
"2020-10-06 08:21:16.1",6289538,-10,-10,-10,220,-0.001,-40.01
"2020-10-06 08:21:16.2",6289539,-10,-10,-10,220,-0.002,-40.01
"2020-10-06 08:21:16.3",6289540,-10,-10,-10,220,-0.001,-40.01
"2020-10-06 08:21:16.4",6289541,-10,-10,-10,220,-0.001,-40.01
"2020-10-06 08:21:16.5",6289542,-10,-10,-10,220,-0.001,-40.01
"2020-10-06 08:21:16.6",6289543,-10,-10,-10,220,-0.001,-40.01
"2020-10-06 08:21:16.7",6289544,-10,-10,-10,220,-0.001,-40.01
"2020-10-06 08:21:16.8",6289545,-10,-10,-10,220,-0.002,-40.01
"2020-10-06 08:21:16.9",6289546,-10,-10,-10,220,-0.001,-40.01
"2020-10-06 08:21:17",6289547,-10,-10,-10,220,-0.001,-40.01
"2020-10-06 08:21:17.1",6289548,-10,-10,-10,220,-0.001,-40.01
"2020-10-06 08:21:17.2",6289549,-10,-10,-10,220,-0.001,-40.01
"2020-10-06 08:21:17.3",6289550,-10,-10,-10,220,-0.001,-40.01
"2020-10-06 08:21:17.4",6289551,-10,-10,-10,220,-0.001,-40.01
"2020-10-06 08:21:17.5",6289552,-10,-10,-10,220,-0.002,-40.01
"2020-10-06 08:21:17.6",6289553,-10,-10,-10,220,-0.001,-40.01
"2020-10-06 08:21:17.7",6289554,-10,-10,-10,220,-0.001,-40.01
"2020-10-06 08:21:17.8",6289555,-10,-10,-10,220,-0.001,-40.01
"2020-10-06 08:21:17.9",6289556,-10,-10,-10,220,-0.001,-40.01
"2020-10-06 08:21:18",6289557,-10,-10,-10,220,-0.002,-40.01
"2020-10-06 08:21:18.1",6289558,-10,-10,-10,220,-0.001,-40.01
"2020-10-06 08:21:18.2",6289559,-10,-10,-10,220,-0.002,-40.01
"2020-10-06 08:21:18.3",6289560,-10,-10,-10,220,-0.001,-40.01
"2020-10-06 08:21:18.4",6289561,-10,-10,-10,220,-0.002,-40.01
"2020-10-06 08:21:18.5",6289562,-10,-10,-10,220,-0.001,-40.01
"2020-10-06 08:21:18.6",6289563,-10,-10,-10,220,-0.001,-40.01
"2020-10-06 08:21:18.7",6289564,-10,-10,-10,220,-0.001,-40.01
"2020-10-06 08:21:18.8",6289565,-10,-10,-10,220,-0.002,-40.01
"2020-10-06 08:21:18.9",6289566,-10,-10,-10,220,-0.001,-40.01
"2020-10-06 08:21:19",6289567,-10,-10,-10,220,-0.001,-40.01
"2020-10-06 08:21:19.1",6289568,-10,-10,-10,220,-0.001,-40.01
"2020-10-06 08:21:19.2",6289569,-10,-10,-10,220,-0.001,-40.01
"2020-10-06 08:21:19.3",6289570,-10,-10,-10,220,-0.001,-40.01
"2020-10-06 08:21:19.4",6289571,-10,-10,-10,220,-0.001,-40.01
"2020-10-06 08:21:19.5",6289572,-10,-10,-10,220,-0.001,-40.01
"2020-10-06 08:21:19.6",6289573,-10,-10,-10,220,-0.001,-40.01
"2020-10-06 08:21:19.7",6289574,-10,-10,-10,220,-0.001,-40.01
"2020-10-06 08:21:19.8",6289575,-10,-10,-10,220,-0.001,-40.01
"2020-10-06 08:21:19.9",6289576,-10,-10,-10,220,-0.002,-40.01
"2020-10-06 08:21:20",6289577,-10,-10,-10,220,-0.002,-40.01
"2020-10-06 08:21:20.1",6289578,-10,-10,-10,220,-0.001,-40.01
"2020-10-06 08:21:20.2",6289579,-10,-10,-10,220,-0.001,-40.01
"2020-10-06 08:21:20.3",6289580,-10,-10,-10,220,-0.001,-40.01
"2020-10-06 08:21:20.4",6289581,-10,-10,-10,220,-0.001,-40.01
"2020-10-06 08:21:20.5",6289582,-10,-10,-10,220,-0.001,-40.01
"2020-10-06 08:21:20.6",6289583,-10,-10,-10,220,-0.001,-40.01
"2020-10-06 08:21:20.7",6289584,-10,-10,-10,220,-0.001,-40.01
"2020-10-06 08:21:20.8",6289585,-10,-10,-10,220,-0.001,-40.01
"2020-10-06 08:21:20.9",6289586,-10,-10,-10,220,-0.001,-40.01
"2020-10-06 08:21:21",6289587,-10,-10,-10,220,-0.001,-40.01
"2020-10-06 08:21:21.1",6289588,-10,-10,-10,220,-0.001,-40.01
"2020-10-06 08:21:21.2",6289589,-10,-10,-10,220,-0.001,-40.01
"2020-10-06 08:21:21.3",6289590,-10,-10,-10,220,-0.001,-40.01
"2020-10-06 08:21:21.4",6289591,-10,-10,-10,220,-0.001,-40.01
"2020-10-06 08:21:21.5",6289592,-10,-10,-10,220,-0.001,-40.01
"2020-10-06 08:21:21.6",6289593,-10,-10,-10,220,-0.001,-40.01
"2020-10-06 08:21:21.7",6289594,-10,-10,-10,220,-0.001,-40.01
"2020-10-06 08:21:21.8",6289595,-10,-10,-10,220,-0.001,-40.01
"2020-10-06 08:21:21.9",6289596,-10,-10,-10,220,-0.001,-40.01
"2020-10-06 08:21:22",6289597,-10,-10,-10,220,-0.001,-40.01
"2020-10-06 08:21:22.1",6289598,-10,-10,-10,220,-0.002,-40.01
"2020-10-06 08:21:22.2",6289599,-10,-10,-10,220,-0.001,-40.01
"2020-10-06 08:21:22.3",6289600,-10,-10,-10,220,-0.001,-40.01
"2020-10-06 08:21:22.4",6289601,-10,-10,-10,220,-0.001,-40.01
"2020-10-06 08:21:22.5",6289602,-10,-10,-10,220,-0.002,-40.01
"2020-10-06 08:21:22.6",6289603,-10,-10,-10,220,-0.001,-40.01
"2020-10-06 08:21:22.7",6289604,-10,-10,-10,220,-0.001,-40.01
"2020-10-06 08:21:22.8",6289605,-10,-10,-10,220,-0.001,-40.01
"2020-10-06 08:21:22.9",6289606,-10,-10,-10,220,-0.001,-40.01
"2020-10-06 08:21:23",6289607,-10,-10,-10,220,-0.001,-40.01
"2020-10-06 08:21:23.1",6289608,-10,-10,-10,220,-0.002,-40.01
"2020-10-06 08:21:23.2",6289609,-10,-10,-10,220,-0.001,-40.01
"2020-10-06 08:21:23.3",6289610,-10,-10,-10,220,-0.001,-40.01
"2020-10-06 08:21:23.4",6289611,-10,-10,-10,220,-0.001,-40.01
"2020-10-06 08:21:23.5",6289612,-10,-10,-10,220,-0.002,-40.01
"2020-10-06 08:21:23.6",6289613,-10,-10,-10,220,-0.001,-40.01
"2020-10-06 08:21:23.7",6289614,-10,-10,-10,220,-0.001,-40.01
"2020-10-06 08:21:23.8",6289615,-10,-10,-10,220,-0.001,-40.01
"2020-10-06 08:21:23.9",6289616,-10,-10,-10,220,-0.001,-40.01
"2020-10-06 08:21:24",6289617,-10,-10,-10,220,-0.001,-40.01
"2020-10-06 08:21:24.1",6289618,-10,-10,-10,220,-0.001,-40.01
"2020-10-06 08:21:24.2",6289619,-10,-10,-10,220,-0.001,-40.01
"2020-10-06 08:21:24.3",6289620,-10,-10,-10,220,-0.002,-40.01
"2020-10-06 08:21:24.4",6289621,-10,-10,-10,220,-0.001,-40.01
"2020-10-06 08:21:24.5",6289622,-10,-10,-10,220,-0.001,-40.01
"2020-10-06 08:21:24.6",6289623,-10,-10,-10,220,-0.001,-40.01
"2020-10-06 08:21:24.7",6289624,-10,-10,-10,220,-0.001,-40.01
"2020-10-06 08:21:24.8",6289625,-10,-10,-10,220,-0.002,-40.01
"2020-10-06 08:21:24.9",6289626,-10,-10,-10,220,-0.002,-40.01
"2020-10-06 08:21:25",6289627,-10,-10,-10,220,-0.001,-40.01
"2020-10-06 08:21:25.1",6289628,-10,-10,-10,220,-0.001,-40.01
"2020-10-06 08:21:25.2",6289629,-10,-10,-10,220,-0.002,-40.01
"2020-10-06 08:21:25.3",6289630,-10,-10,-10,220,-0.002,-40.01
"2020-10-06 08:21:25.4",6289631,-10,-10,-10,220,-0.001,-40.01
"2020-10-06 08:21:25.5",6289632,-10,-10,-10,220,-0.001,-40.01
"2020-10-06 08:21:25.6",6289633,-10,-10,-10,220,-0.001,-40.01
"2020-10-06 08:21:25.7",6289634,-10,-10,-10,220,-0.001,-40.01
"2020-10-06 08:21:25.8",6289635,-10,-10,-10,220,-0.002,-40.01
"2020-10-06 08:21:25.9",6289636,-10,-10,-10,220,-0.001,-40.01
"2020-10-06 08:21:26",6289637,-10,-10,-10,220,-0.001,-40.01
"2020-10-06 08:21:26.1",6289638,-10,-10,-10,220,-0.001,-40.01
"2020-10-06 08:21:26.2",6289639,-10,-10,-10,220,-0.001,-40.01
"2020-10-06 08:21:26.3",6289640,-10,-10,-10,220,-0.001,-40.01
"2020-10-06 08:21:26.4",6289641,-10,-10,-10,220,-0.001,-40.01
"2020-10-06 08:21:26.5",6289642,-10,-10,-10,220,-0.001,-40.01
"2020-10-06 08:21:26.6",6289643,-10,-10,-10,220,-0.001,-40.01
"2020-10-06 08:21:26.7",6289644,-10,-10,-10,220,-0.001,-40.01
"2020-10-06 08:21:26.8",6289645,-10,-10,-10,220,-0.001,-40.01
"2020-10-06 08:21:26.9",6289646,-10,-10,-10,220,-0.001,-40.01
"2020-10-06 08:21:27",6289647,-10,-10,-10,220,-0.002,-40.01
"2020-10-06 08:21:27.1",6289648,-10,-10,-10,220,-0.001,-40.01
"2020-10-06 08:21:27.2",6289649,-10,-10,-10,220,-0.001,-40.01
"2020-10-06 08:21:27.3",6289650,-10,-10,-10,220,-0.001,-40.01
"2020-10-06 08:21:27.4",6289651,-10,-10,-10,220,-0.002,-40.01
"2020-10-06 08:21:27.5",6289652,-10,-10,-10,220,-0.002,-40.01
"2020-10-06 08:21:27.6",6289653,-10,-10,-10,220,-0.001,-40.01
"2020-10-06 08:21:27.7",6289654,-10,-10,-10,220,-0.001,-40.01
"2020-10-06 08:21:27.8",6289655,-10,-10,-10,220,-0.002,-40.01
"2020-10-06 08:21:27.9",6289656,-10,-10,-10,220,-0.001,-40.01
"2020-10-06 08:21:28",6289657,-10,-10,-10,220,-0.001,-40.01
"2020-10-06 08:21:28.1",6289658,-10,-10,-10,220,-0.001,-40.01
"2020-10-06 08:21:28.2",6289659,-10,-10,-10,220,-0.001,-40.01
"2020-10-06 08:21:28.3",6289660,-10,-10,-10,220,-0.001,-40.01
"2020-10-06 08:21:28.4",6289661,-10,-10,-10,220,-0.001,-40.01
"2020-10-06 08:21:28.5",6289662,-10,-10,-10,220,-0.001,-40.01
"2020-10-06 08:21:28.6",6289663,-10,-10,-10,220,-0.001,-40.01
"2020-10-06 08:21:28.7",6289664,-10,-10,-10,220,-0.001,-40.01
"2020-10-06 08:21:28.8",6289665,-10,-10,-10,220,-0.001,-40.01
"2020-10-06 08:21:28.9",6289666,-10,-10,-10,220,-0.001,-40.01
"2020-10-06 08:21:29",6289667,-10,-10,-10,220,-0.001,-40.01
"2020-10-06 08:21:29.1",6289668,-10,-10,-10,220,-0.002,-40.01
"2020-10-06 08:21:29.2",6289669,-10,-10,-10,220,-0.002,-40.01
"2020-10-06 08:21:29.3",6289670,-10,-10,-10,220,-0.001,-40.01
"2020-10-06 08:21:29.4",6289671,-10,-10,-10,220,-0.001,-40.01
"2020-10-06 08:21:29.5",6289672,-10,-10,-10,220,-0.001,-40.01
"2020-10-06 08:21:29.6",6289673,-10,-10,-10,220,-0.001,-40.01
"2020-10-06 08:21:29.7",6289674,-10,-10,-10,220,-0.001,-40.01
"2020-10-06 08:21:29.8",6289675,-10,-10,-10,220,-0.001,-40.01
"2020-10-06 08:21:29.9",6289676,-10,-10,-10,220,-0.002,-40.01
"2020-10-06 08:21:30",6289677,-10,-10,-10,220,-0.001,-40.01
"2020-10-06 08:21:30.1",6289678,-10,-10,-10,220,-0.001,-40.01
"2020-10-06 08:21:30.2",6289679,-10,-10,-10,220,-0.002,-40.01
"2020-10-06 08:21:30.3",6289680,-10,-10,-10,220,-0.002,-40.01
"2020-10-06 08:21:30.4",6289681,-10,-10,-10,220,-0.001,-40.01
"2020-10-06 08:21:30.5",6289682,-10,-10,-10,220,-0.001,-40.01
"2020-10-06 08:21:30.6",6289683,-10,-10,-10,220,-0.002,-40.01
"2020-10-06 08:21:30.7",6289684,-10,-10,-10,220,-0.001,-40.01
"2020-10-06 08:21:30.8",6289685,-10,-10,-10,220,-0.001,-40.01
"2020-10-06 08:21:30.9",6289686,-10,-10,-10,220,-0.001,-40.01
"2020-10-06 08:21:31",6289687,-10,-10,-10,220,-0.001,-40.01
"2020-10-06 08:21:31.1",6289688,-10,-10,-10,220,-0.002,-40.01
"2020-10-06 08:21:31.2",6289689,-10,-10,-10,220,-0.002,-40.01
"2020-10-06 08:21:31.3",6289690,-10,-10,-10,220,-0.001,-40.01
"2020-10-06 08:21:31.4",6289691,-10,-10,-10,220,-0.001,-40.01
"2020-10-06 08:21:31.5",6289692,-10,-10,-10,220,-0.002,-40.01
"2020-10-06 08:21:31.6",6289693,-10,-10,-10,220,-0.001,-40.01
"2020-10-06 08:21:31.7",6289694,-10,-10,-10,220,-0.001,-40.01
"2020-10-06 08:21:31.8",6289695,-10,-10,-10,220,-0.001,-40.01
"2020-10-06 08:21:31.9",6289696,-10,-10,-10,220,-0.001,-40.01
"2020-10-06 08:21:32",6289697,-10,-10,-10,220,-0.001,-40.01
"2020-10-06 08:21:32.1",6289698,-10,-10,-10,220,-0.001,-40.01
"2020-10-06 08:21:32.2",6289699,-10,-10,-10,220,-0.002,-40.01
"2020-10-06 08:21:32.3",6289700,-10,-10,-10,220,-0.002,-40.01
"2020-10-06 08:21:32.4",6289701,-10,-10,-10,220,-0.001,-40.01
"2020-10-06 08:21:32.5",6289702,-10,-10,-10,220,-0.002,-40.01
"2020-10-06 08:21:32.6",6289703,-10,-10,-10,220,-0.001,-40.01
"2020-10-06 08:21:32.7",6289704,-10,-10,-10,220,-0.001,-40.01
"2020-10-06 08:21:32.8",6289705,-10,-10,-10,220,-0.001,-40.01
"2020-10-06 08:21:32.9",6289706,-10,-10,-10,220,-0.001,-40.01
"2020-10-06 08:21:33",6289707,-10,-10,-10,220,-0.002,-40.01
"2020-10-06 08:21:33.1",6289708,-10,-10,-10,220,-0.001,-40.01
"2020-10-06 08:21:33.2",6289709,-10,-10,-10,220,-0.001,-40.01
"2020-10-06 08:21:33.3",6289710,-10,-10,-10,220,-0.001,-40.01
"2020-10-06 08:21:33.4",6289711,-10,-10,-10,220,-0.001,-40.01
"2020-10-06 08:21:33.5",6289712,-10,-10,-10,220,-0.001,-40.01
"2020-10-06 08:21:33.6",6289713,-10,-10,-10,220,-0.002,-40.01
"2020-10-06 08:21:33.7",6289714,-10,-10,-10,220,-0.001,-40.01
"2020-10-06 08:21:33.8",6289715,-10,-10,-10,220,-0.001,-40.01
"2020-10-06 08:21:33.9",6289716,-10,-10,-10,220,-0.001,-40.01
"2020-10-06 08:21:34",6289717,-10,-10,-10,220,-0.001,-40.01
"2020-10-06 08:21:34.1",6289718,-10,-10,-10,220,-0.001,-40.01
"2020-10-06 08:21:34.2",6289719,-10,-10,-10,220,-0.001,-40.01
"2020-10-06 08:21:34.3",6289720,-10,-10,-10,220,-0.001,-40.01
"2020-10-06 08:21:34.4",6289721,-10,-10,-10,220,-0.001,-40.01
"2020-10-06 08:21:34.5",6289722,-10,-10,-10,220,-0.001,-40.01
"2020-10-06 08:21:34.6",6289723,-10,-10,-10,220,-0.002,-40.01
"2020-10-06 08:21:34.7",6289724,-10,-10,-10,220,-0.001,-40.01
"2020-10-06 08:21:34.8",6289725,-10,-10,-10,220,-0.001,-40.01
"2020-10-06 08:21:34.9",6289726,-10,-10,-10,220,-0.002,-40.01
"2020-10-06 08:21:35",6289727,-10,-10,-10,220,-0.001,-40.01
"2020-10-06 08:21:35.1",6289728,-10,-10,-10,220,-0.001,-40.01
"2020-10-06 08:21:35.2",6289729,-10,-10,-10,220,-0.001,-40.01
"2020-10-06 08:21:35.3",6289730,-10,-10,-10,220,-0.001,-40.01
"2020-10-06 08:21:35.4",6289731,-10,-10,-10,220,-0.002,-40.01
"2020-10-06 08:21:35.5",6289732,-10,-10,-10,220,-0.001,-40.01
"2020-10-06 08:21:35.6",6289733,-10,-10,-10,220,-0.001,-40.01
"2020-10-06 08:21:35.7",6289734,-10,-10,-10,220,-0.001,-40.01
"2020-10-06 08:21:35.8",6289735,-10,-10,-10,220,-0.001,-40.01
"2020-10-06 08:21:35.9",6289736,-10,-10,-10,220,-0.001,-40.01
"2020-10-06 08:21:36",6289737,-10,-10,-10,220,-0.001,-40.01
"2020-10-06 08:21:36.1",6289738,-10,-10,-10,220,-0.001,-40.01
"2020-10-06 08:21:36.2",6289739,-10,-10,-10,220,-0.001,-40.01
"2020-10-06 08:21:36.3",6289740,-10,-10,-10,220,-0.001,-40.01
"2020-10-06 08:21:36.4",6289741,-10,-10,-10,220,-0.001,-40.01
"2020-10-06 08:21:36.5",6289742,-10,-10,-10,220,-0.001,-40.01
"2020-10-06 08:21:36.6",6289743,-10,-10,-10,220,-0.002,-40.01
"2020-10-06 08:21:36.7",6289744,-10,-10,-10,220,-0.001,-40.01
"2020-10-06 08:21:36.8",6289745,-10,-10,-10,220,-0.001,-40.01
"2020-10-06 08:21:36.9",6289746,-10,-10,-10,220,-0.001,-40.01
"2020-10-06 08:21:37",6289747,-10,-10,-10,220,-0.001,-40.01
"2020-10-06 08:21:37.1",6289748,-10,-10,-10,220,-0.001,-40.01
"2020-10-06 08:21:37.2",6289749,-10,-10,-10,220,-0.001,-40.01
"2020-10-06 08:21:37.3",6289750,-10,-10,-10,220,-0.001,-40.01
"2020-10-06 08:21:37.4",6289751,-10,-10,-10,220,-0.001,-40.01
"2020-10-06 08:21:37.5",6289752,-10,-10,-10,220,-0.002,-40.01
"2020-10-06 08:21:37.6",6289753,-10,-10,-10,220,-0.001,-40.01
"2020-10-06 08:21:37.7",6289754,-10,-10,-10,220,-0.001,-40.01
"2020-10-06 08:21:37.8",6289755,-10,-10,-10,220,-0.002,-40.01
"2020-10-06 08:21:37.9",6289756,-10,-10,-10,220,-0.002,-40.01
"2020-10-06 08:21:38",6289757,-10,-10,-10,220,-0.001,-40.01
"2020-10-06 08:21:38.1",6289758,-10,-10,-10,220,-0.002,-40.01
"2020-10-06 08:21:38.2",6289759,-10,-10,-10,220,-0.001,-40.01
"2020-10-06 08:21:38.3",6289760,-10,-10,-10,220,-0.001,-40.01
"2020-10-06 08:21:38.4",6289761,-10,-10,-10,220,-0.001,-40.01
"2020-10-06 08:21:38.5",6289762,-10,-10,-10,220,-0.001,-40.01
"2020-10-06 08:21:38.6",6289763,-10,-10,-10,220,-0.001,-40.01
"2020-10-06 08:21:38.7",6289764,-10,-10,-10,220,-0.001,-40.01
"2020-10-06 08:21:38.8",6289765,-10,-10,-10,220,-0.001,-40.01
"2020-10-06 08:21:38.9",6289766,-10,-10,-10,220,-0.001,-40.01
"2020-10-06 08:21:39",6289767,-10,-10,-10,220,-0.001,-40.01
"2020-10-06 08:21:39.1",6289768,-10,-10,-10,220,-0.002,-40.01
"2020-10-06 08:21:39.2",6289769,-10,-10,-10,220,-0.001,-40.01
"2020-10-06 08:21:39.3",6289770,-10,-10,-10,220,-0.001,-40.01
"2020-10-06 08:21:39.4",6289771,-10,-10,-10,220,-0.002,-40.01
"2020-10-06 08:21:39.5",6289772,-10,-10,-10,220,-0.002,-40.01
"2020-10-06 08:21:39.6",6289773,-10,-10,-10,220,-0.001,-40.01
"2020-10-06 08:21:39.7",6289774,-10,-10,-10,220,-0.001,-40.01
"2020-10-06 08:21:39.8",6289775,-10,-10,-10,220,-0.001,-40.01
"2020-10-06 08:21:39.9",6289776,-10,-10,-10,220,-0.001,-40.01
"2020-10-06 08:21:40",6289777,-10,-10,-10,220,-0.002,-40.01
"2020-10-06 08:21:40.1",6289778,-10,-10,-10,220,-0.001,-40.01
"2020-10-06 08:21:40.2",6289779,-10,-10,-10,220,-0.001,-40.01
"2020-10-06 08:21:40.3",6289780,-10,-10,-10,220,-0.001,-40.01
"2020-10-06 08:21:40.4",6289781,-10,-10,-10,220,-0.001,-40.01
"2020-10-06 08:21:40.5",6289782,-10,-10,-10,220,-0.001,-40.01
"2020-10-06 08:21:40.6",6289783,-10,-10,-10,220,-0.002,-40.01
"2020-10-06 08:21:40.7",6289784,-10,-10,-10,220,-0.001,-40.01
"2020-10-06 08:21:40.8",6289785,-10,-10,-10,220,-0.001,-40.01
"2020-10-06 08:21:40.9",6289786,-10,-10,-10,220,-0.002,-40.01
"2020-10-06 08:21:41",6289787,-10,-10,-10,220,-0.001,-40.01
"2020-10-06 08:21:41.1",6289788,-10,-10,-10,220,-0.002,-40.01
"2020-10-06 08:21:41.2",6289789,-10,-10,-10,220,-0.001,-40.01
"2020-10-06 08:21:41.3",6289790,-10,-10,-10,220,-0.001,-40.01
"2020-10-06 08:21:41.4",6289791,-10,-10,-10,220,-0.001,-40.01
"2020-10-06 08:21:41.5",6289792,-10,-10,-10,220,-0.001,-40.01
"2020-10-06 08:21:41.6",6289793,-10,-10,-10,220,-0.001,-40.01
"2020-10-06 08:21:41.7",6289794,-10,-10,-10,220,-0.001,-40.01
"2020-10-06 08:21:41.8",6289795,-10,-10,-10,220,-0.002,-40.01
"2020-10-06 08:21:41.9",6289796,-10,-10,-10,220,-0.002,-40.01
"2020-10-06 08:21:42",6289797,-10,-10,-10,220,-0.002,-40.01
"2020-10-06 08:21:42.1",6289798,-10,-10,-10,220,-0.001,-40.01
"2020-10-06 08:21:42.2",6289799,-10,-10,-10,220,-0.002,-40.01
"2020-10-06 08:21:42.3",6289800,-10,-10,-10,220,-0.002,-40.01
"2020-10-06 08:21:42.4",6289801,-10,-10,-10,220,-0.001,-40.01
"2020-10-06 08:21:42.5",6289802,-10,-10,-10,220,-0.001,-40.01
"2020-10-06 08:21:42.6",6289803,-10,-10,-10,220,-0.002,-40.01
"2020-10-06 08:21:42.7",6289804,-10,-10,-10,220,-0.001,-40.01
"2020-10-06 08:21:42.8",6289805,-10,-10,-10,220,-0.002,-40.01
"2020-10-06 08:21:42.9",6289806,-10,-10,-10,220,-0.001,-40.01
"2020-10-06 08:21:43",6289807,-10,-10,-10,220,-0.001,-40.01
"2020-10-06 08:21:43.1",6289808,-10,-10,-10,220,-0.001,-40.01
"2020-10-06 08:21:43.2",6289809,-10,-10,-10,220,-0.001,-40.01
"2020-10-06 08:21:43.3",6289810,-10,-10,-10,220,-0.001,-40.01
"2020-10-06 08:21:43.4",6289811,-10,-10,-10,220,-0.001,-40.01
"2020-10-06 08:21:43.5",6289812,-10,-10,-10,220,-0.001,-40.01
"2020-10-06 08:21:43.6",6289813,-10,-10,-10,220,-0.001,-40.01
"2020-10-06 08:21:43.7",6289814,-10,-10,-10,220,-0.001,-40.01
"2020-10-06 08:21:43.8",6289815,-10,-10,-10,220,-0.001,-40.01
"2020-10-06 08:21:43.9",6289816,-10,-10,-10,220,-0.001,-40.01
"2020-10-06 08:21:44",6289817,-10,-10,-10,220,-0.001,-40.01
"2020-10-06 08:21:44.1",6289818,-10,-10,-10,220,-0.002,-40.01
"2020-10-06 08:21:44.2",6289819,-10,-10,-10,220,-0.001,-40.01
"2020-10-06 08:21:44.3",6289820,-10,-10,-10,220,-0.001,-40.01
"2020-10-06 08:21:44.4",6289821,-10,-10,-10,220,-0.001,-40.01
"2020-10-06 08:21:44.5",6289822,-10,-10,-10,220,-0.001,-40.01
"2020-10-06 08:21:44.6",6289823,-10,-10,-10,220,-0.001,-40.01
"2020-10-06 08:21:44.7",6289824,-10,-10,-10,220,-0.001,-40.01
"2020-10-06 08:21:44.8",6289825,-10,-10,-10,220,-0.001,-40.01
"2020-10-06 08:21:44.9",6289826,-10,-10,-10,220,-0.002,-40.01
"2020-10-06 08:21:45",6289827,-10,-10,-10,220,-0.001,-40.01
"2020-10-06 08:21:45.1",6289828,-10,-10,-10,220,-0.001,-40.01
"2020-10-06 08:21:45.2",6289829,-10,-10,-10,220,-0.002,-40.01
"2020-10-06 08:21:45.3",6289830,-10,-10,-10,220,-0.001,-40.01
"2020-10-06 08:21:45.4",6289831,-10,-10,-10,220,-0.002,-40.01
"2020-10-06 08:21:45.5",6289832,-10,-10,-10,220,-0.001,-40.01
"2020-10-06 08:21:45.6",6289833,-10,-10,-10,220,-0.001,-40.01
"2020-10-06 08:21:45.7",6289834,-10,-10,-10,220,-0.002,-40.01
"2020-10-06 08:21:45.8",6289835,-10,-10,-10,220,-0.001,-40.01
"2020-10-06 08:21:45.9",6289836,-10,-10,-10,220,-0.001,-40.01
"2020-10-06 08:21:46",6289837,-10,-10,-10,220,-0.001,-40.01
"2020-10-06 08:21:46.1",6289838,-10,-10,-10,220,-0.002,-40.01
"2020-10-06 08:21:46.2",6289839,-10,-10,-10,220,-0.001,-40.01
"2020-10-06 08:21:46.3",6289840,-10,-10,-10,220,-0.001,-40.01
"2020-10-06 08:21:46.4",6289841,-10,-10,-10,220,-0.001,-40.01
"2020-10-06 08:21:46.5",6289842,-10,-10,-10,220,-0.001,-40.01
"2020-10-06 08:21:46.6",6289843,-10,-10,-10,220,-0.001,-40.01
"2020-10-06 08:21:46.7",6289844,-10,-10,-10,220,-0.001,-40.01
"2020-10-06 08:21:46.8",6289845,-10,-10,-10,220,-0.001,-40.01
"2020-10-06 08:21:46.9",6289846,-10,-10,-10,220,-0.001,-40.01
"2020-10-06 08:21:47",6289847,-10,-10,-10,220,-0.001,-40.01
"2020-10-06 08:21:47.1",6289848,-10,-10,-10,220,-0.001,-40.01
"2020-10-06 08:21:47.2",6289849,-10,-10,-10,220,-0.002,-40.01
"2020-10-06 08:21:47.3",6289850,-10,-10,-10,220,-0.002,-40.01
"2020-10-06 08:21:47.4",6289851,-10,-10,-10,220,-0.001,-40.01
"2020-10-06 08:21:47.5",6289852,-10,-10,-10,220,-0.001,-40.01
"2020-10-06 08:21:47.6",6289853,-10,-10,-10,220,-0.001,-40.01
"2020-10-06 08:21:47.7",6289854,-10,-10,-10,220,-0.001,-40.01
"2020-10-06 08:21:47.8",6289855,-10,-10,-10,220,-0.001,-40.01
"2020-10-06 08:21:47.9",6289856,-10,-10,-10,220,-0.001,-40.01
"2020-10-06 08:21:48",6289857,-10,-10,-10,220,-0.002,-40.01
"2020-10-06 08:21:48.1",6289858,-10,-10,-10,220,-0.001,-40.01
"2020-10-06 08:21:48.2",6289859,-10,-10,-10,220,-0.001,-40.01
"2020-10-06 08:21:48.3",6289860,-10,-10,-10,220,-0.001,-40.01
"2020-10-06 08:21:48.4",6289861,-10,-10,-10,220,-0.001,-40.01
"2020-10-06 08:21:48.5",6289862,-10,-10,-10,220,-0.001,-40.01
"2020-10-06 08:21:48.6",6289863,-10,-10,-10,220,-0.001,-40.01
"2020-10-06 08:21:48.7",6289864,-10,-10,-10,220,-0.001,-40.01
"2020-10-06 08:21:48.8",6289865,-10,-10,-10,220,-0.001,-40.01
"2020-10-06 08:21:48.9",6289866,-10,-10,-10,220,-0.001,-40.01
"2020-10-06 08:21:49",6289867,-10,-10,-10,220,-0.002,-40.01
"2020-10-06 08:21:49.1",6289868,-10,-10,-10,220,-0.001,-40.01
"2020-10-06 08:21:49.2",6289869,-10,-10,-10,220,-0.001,-40.01
"2020-10-06 08:21:49.3",6289870,-10,-10,-10,220,-0.002,-40.01
"2020-10-06 08:21:49.4",6289871,-10,-10,-10,220,-0.001,-40.01
"2020-10-06 08:21:49.5",6289872,-10,-10,-10,220,-0.001,-40.01
"2020-10-06 08:21:49.6",6289873,-10,-10,-10,220,-0.001,-40.01
"2020-10-06 08:21:49.7",6289874,-10,-10,-10,220,-0.002,-40.01
"2020-10-06 08:21:49.8",6289875,-10,-10,-10,220,-0.001,-40.01
"2020-10-06 08:21:49.9",6289876,-10,-10,-10,220,-0.002,-40.01
"2020-10-06 08:21:50",6289877,-10,-10,-10,220,-0.001,-40.01
"2020-10-06 08:21:50.1",6289878,-10,-10,-10,220,-0.002,-40.01
"2020-10-06 08:21:50.2",6289879,-10,-10,-10,220,-0.002,-40.01
"2020-10-06 08:21:50.3",6289880,-10,-10,-10,220,-0.002,-40.01
"2020-10-06 08:21:50.4",6289881,-10,-10,-10,220,-0.001,-40.01
"2020-10-06 08:21:50.5",6289882,-10,-10,-10,220,-0.001,-40.01
"2020-10-06 08:21:50.6",6289883,-10,-10,-10,220,-0.001,-40.01
"2020-10-06 08:21:50.7",6289884,-10,-10,-10,220,-0.001,-40.01
"2020-10-06 08:21:50.8",6289885,-10,-10,-10,220,-0.001,-40.01
"2020-10-06 08:21:50.9",6289886,-10,-10,-10,220,-0.001,-40.01
