"TOA5","10329","CR6","10329","CR6.Std.09.01 CR6-WIFI.04.00.01","CPU:YOUNG81000_HMP60_10Hz.CR6","51185","Young10Hz_hmp"
"TIMESTAMP","RECORD","U","V","W","TSonic","RH","T_HMP60"
"TS","RN","mV","mV","mV","mV","%","Deg C"
"","","Smp","Smp","Smp","Smp","Smp","Smp"
"2020-10-05 13:39:51",5616687,-10,-10,-10,220,-0.003,-40.01
"2020-10-05 13:39:51.1",5616688,-10,-10,-10,220,-0.003,-40.01
"2020-10-05 13:39:51.2",5616689,-10,-10,-10,220,-0.003,-40.01
"2020-10-05 13:39:51.3",5616690,-10,-10,-10,220,-0.003,-40.01
"2020-10-05 13:39:51.4",5616691,-10,-10,-10,220,-0.003,-40.01
"2020-10-05 13:39:51.5",5616692,-10,-10,-10,220,-0.003,-40.01
"2020-10-05 13:39:51.6",5616693,-10,-10,-10,220,-0.003,-40.01
"2020-10-05 13:39:51.7",5616694,-10,-10,-10,220,-0.002,-40.01
"2020-10-05 13:39:51.8",5616695,-10,-10,-10,220,-0.002,-40.01
"2020-10-05 13:39:51.9",5616696,-10,-10,-10,220,-0.003,-40.01
"2020-10-05 13:39:52",5616697,-10,-10,-10,220,-0.003,-40.01
"2020-10-05 13:39:52.1",5616698,-10,-10,-10,220,-0.002,-40.01
"2020-10-05 13:39:52.2",5616699,-10,-10,-10,220,-0.002,-40.01
"2020-10-05 13:39:52.3",5616700,-10,-10,-10,220,-0.003,-40.01
"2020-10-05 13:39:52.4",5616701,-10,-10,-10,220,-0.003,-40.01
"2020-10-05 13:39:52.5",5616702,-10,-10,-10,220,-0.002,-40.01
"2020-10-05 13:39:52.6",5616703,-10,-10,-10,220,-0.003,-40.01
"2020-10-05 13:39:52.7",5616704,-10,-10,-10,220,-0.003,-40.01
"2020-10-05 13:39:52.8",5616705,-10,-10,-10,220,-0.003,-40.01
"2020-10-05 13:39:52.9",5616706,-10,-10,-10,220,-0.003,-40.01
"2020-10-05 13:39:53",5616707,-10,-10,-10,220,-0.003,-40.01
"2020-10-05 13:39:53.1",5616708,-10,-10,-10,220,-0.003,-40.01
"2020-10-05 13:39:53.2",5616709,-10,-10,-10,220,-0.003,-40.01
"2020-10-05 13:39:53.3",5616710,-10,-10,-10,220,-0.002,-40.01
"2020-10-05 13:39:53.4",5616711,-10,-10,-10,220,-0.002,-40.01
"2020-10-05 13:39:53.5",5616712,-10,-10,-10,220,-0.003,-40.01
"2020-10-05 13:39:53.6",5616713,-10,-10,-10,220,-0.003,-40.01
"2020-10-05 13:39:53.7",5616714,-10,-10,-10,220,-0.002,-40.01
"2020-10-05 13:39:53.8",5616715,-10,-10,-10,220,-0.002,-40.01
"2020-10-05 13:39:53.9",5616716,-10,-10,-10,220,-0.003,-40.01
"2020-10-05 13:39:54",5616717,-10,-10,-10,220,-0.003,-40.01
"2020-10-05 13:39:54.1",5616718,-10,-10,-10,220,-0.003,-40.01
"2020-10-05 13:39:54.2",5616719,-10,-10,-10,220,-0.003,-40.01
"2020-10-05 13:39:54.3",5616720,-10,-10,-10,220,-0.003,-40.01
"2020-10-05 13:39:54.4",5616721,-10,-10,-10,220,-0.003,-40.01
"2020-10-05 13:39:54.5",5616722,-10,-10,-10,220,-0.002,-40.01
"2020-10-05 13:39:54.6",5616723,-10,-10,-10,220,-0.003,-40.01
"2020-10-05 13:39:54.7",5616724,-10,-10,-10,220,-0.003,-40.01
"2020-10-05 13:39:54.8",5616725,-10,-10,-10,220,-0.003,-40.01
"2020-10-05 13:39:54.9",5616726,-10,-10,-10,220,-0.002,-40.01
"2020-10-05 13:39:55",5616727,-10,-10,-10,220,-0.003,-40.01
"2020-10-05 13:39:55.1",5616728,-10,-10,-10,220,-0.002,-40.01
"2020-10-05 13:39:55.2",5616729,-10,-10,-10,220,-0.002,-40.01
"2020-10-05 13:39:55.3",5616730,-10,-10,-10,220,-0.002,-40.01
"2020-10-05 13:39:55.4",5616731,-10,-10,-10,220,-0.003,-40.01
"2020-10-05 13:39:55.5",5616732,-10,-10,-10,220,-0.003,-40.01
"2020-10-05 13:39:55.6",5616733,-10,-10,-10,220,-0.002,-40.01
"2020-10-05 13:39:55.7",5616734,-10,-10,-10,220,-0.002,-40.01
"2020-10-05 13:39:55.8",5616735,-10,-10,-10,220,-0.002,-40.01
"2020-10-05 13:39:55.9",5616736,-10,-10,-10,220,-0.003,-40.01
"2020-10-05 13:39:56",5616737,-10,-10,-10,220,-0.003,-40.01
"2020-10-05 13:39:56.1",5616738,-10,-10,-10,220,-0.002,-40.01
"2020-10-05 13:39:56.2",5616739,-10,-10,-10,220,-0.002,-40.01
"2020-10-05 13:39:56.3",5616740,-10,-10,-10,220,-0.003,-40.01
"2020-10-05 13:39:56.4",5616741,-10,-10,-10,220,-0.003,-40.01
"2020-10-05 13:39:56.5",5616742,-10,-10,-10,220,-0.003,-40.01
"2020-10-05 13:39:56.6",5616743,-10,-10,-10,220,-0.003,-40.01
"2020-10-05 13:39:56.7",5616744,-10,-10,-10,220,-0.003,-40.01
"2020-10-05 13:39:56.8",5616745,-10,-10,-10,220,-0.002,-40.01
"2020-10-05 13:39:56.9",5616746,-10,-10,-10,220,-0.003,-40.01
"2020-10-05 13:39:57",5616747,-10,-10,-10,220,-0.003,-40.01
"2020-10-05 13:39:57.1",5616748,-10,-10,-10,220,-0.002,-40.01
"2020-10-05 13:39:57.2",5616749,-10,-10,-10,220,-0.002,-40.01
"2020-10-05 13:39:57.3",5616750,-10,-10,-10,220,-0.003,-40.01
"2020-10-05 13:39:57.4",5616751,-10,-10,-10,220,-0.003,-40.01
"2020-10-05 13:39:57.5",5616752,-10,-10,-10,220,-0.003,-40.01
"2020-10-05 13:39:57.6",5616753,-10,-10,-10,220,-0.003,-40.01
"2020-10-05 13:39:57.7",5616754,-10,-10,-10,220,-0.003,-40.01
"2020-10-05 13:39:57.8",5616755,-10,-10,-10,220,-0.003,-40.01
"2020-10-05 13:39:57.9",5616756,-10,-10,-10,220,-0.003,-40.01
"2020-10-05 13:39:58",5616757,-10,-10,-10,220,-0.003,-40.01
"2020-10-05 13:39:58.1",5616758,-10,-10,-10,220,-0.002,-40.01
"2020-10-05 13:39:58.2",5616759,-10,-10,-10,220,-0.002,-40.01
"2020-10-05 13:39:58.3",5616760,-10,-10,-10,220,-0.002,-40.01
"2020-10-05 13:39:58.4",5616761,-10,-10,-10,220,-0.003,-40.01
"2020-10-05 13:39:58.5",5616762,-10,-10,-10,220,-0.003,-40.01
"2020-10-05 13:39:58.6",5616763,-10,-10,-10,220,-0.003,-40.01
"2020-10-05 13:39:58.7",5616764,-10,-10,-10,220,-0.003,-40.01
"2020-10-05 13:39:58.8",5616765,-10,-10,-10,220,-0.003,-40.01
"2020-10-05 13:39:58.9",5616766,-10,-10,-10,220,-0.003,-40.01
"2020-10-05 13:39:59",5616767,-10,-10,-10,220,-0.003,-40.01
"2020-10-05 13:39:59.1",5616768,-10,-10,-10,220,-0.003,-40.01
"2020-10-05 13:39:59.2",5616769,-10,-10,-10,220,-0.003,-40.01
"2020-10-05 13:39:59.3",5616770,-10,-10,-10,220,-0.003,-40.01
"2020-10-05 13:39:59.4",5616771,-10,-10,-10,220,-0.003,-40.01
"2020-10-05 13:39:59.5",5616772,-10,-10,-10,220,-0.003,-40.01
"2020-10-05 13:39:59.6",5616773,-10,-10,-10,220,-0.003,-40.01
"2020-10-05 13:39:59.7",5616774,-10,-10,-10,220,-0.002,-40.01
"2020-10-05 13:39:59.8",5616775,-10,-10,-10,220,-0.003,-40.01
"2020-10-05 13:39:59.9",5616776,-10,-10,-10,220,-0.003,-40.01
"2020-10-05 13:40:00",5616777,-10,-10,-10,220,-0.002,-40.01
"2020-10-05 13:40:00.1",5616778,-10,-10,-10,220,-0.008,-40.02
"2020-10-05 13:40:00.2",5616779,-10,-10,-10,220,-0.008,-40.02
"2020-10-05 13:40:00.3",5616780,-10,-10,-10,220,-0.002,-40
"2020-10-05 13:40:00.4",5616781,-10,-10,-10,220,-0.003,-40.01
"2020-10-05 13:40:00.5",5616782,-10,-10,-10,220,-0.003,-40.01
"2020-10-05 13:40:00.6",5616783,-10,-10,-10,220,-0.003,-40.01
"2020-10-05 13:40:00.7",5616784,-10,-10,-10,220,-0.003,-40.01
"2020-10-05 13:40:00.8",5616785,-10,-10,-10,220,-0.003,-40.01
"2020-10-05 13:40:00.9",5616786,-10,-10,-10,220,-0.003,-40.01
"2020-10-05 13:40:01",5616787,-10,-10,-10,220,-0.003,-40.01
"2020-10-05 13:40:01.1",5616788,-10,-10,-10,220,-0.003,-40.01
"2020-10-05 13:40:01.2",5616789,-10,-10,-10,220,-0.003,-40.01
"2020-10-05 13:40:01.3",5616790,-10,-10,-10,220,-0.003,-40.01
"2020-10-05 13:40:01.4",5616791,-10,-10,-10,220,-0.003,-40.01
"2020-10-05 13:40:01.5",5616792,-10,-10,-10,220,-0.003,-40.01
"2020-10-05 13:40:01.6",5616793,-10,-10,-10,220,-0.003,-40.01
"2020-10-05 13:40:01.7",5616794,-10,-10,-10,220,-0.003,-40.01
"2020-10-05 13:40:01.8",5616795,-10,-10,-10,220,-0.003,-40.01
"2020-10-05 13:40:01.9",5616796,-10,-10,-10,220,-0.003,-40.01
"2020-10-05 13:40:02",5616797,-10,-10,-10,220,-0.003,-40.01
"2020-10-05 13:40:02.1",5616798,-10,-10,-10,220,-0.003,-40.01
"2020-10-05 13:40:02.2",5616799,-10,-10,-10,220,-0.003,-40.01
"2020-10-05 13:40:02.3",5616800,-10,-10,-10,220,-0.003,-40.01
"2020-10-05 13:40:02.4",5616801,-10,-10,-10,220,-0.003,-40.01
"2020-10-05 13:40:02.5",5616802,-10,-10,-10,220,-0.003,-40.01
"2020-10-05 13:40:02.6",5616803,-10,-10,-10,220,-0.003,-40.01
"2020-10-05 13:40:02.7",5616804,-10,-10,-10,220,-0.003,-40.01
"2020-10-05 13:40:02.8",5616805,-10,-10,-10,220,-0.003,-40.01
"2020-10-05 13:40:02.9",5616806,-10,-10,-10,220,-0.003,-40.01
"2020-10-05 13:40:03",5616807,-10,-10,-10,220,-0.003,-40.01
"2020-10-05 13:40:03.1",5616808,-10,-10,-10,220,-0.003,-40.01
"2020-10-05 13:40:03.2",5616809,-10,-10,-10,220,-0.003,-40.01
"2020-10-05 13:40:03.3",5616810,-10,-10,-10,220,-0.003,-40.01
"2020-10-05 13:40:03.4",5616811,-10,-10,-10,220,-0.003,-40.01
"2020-10-05 13:40:03.5",5616812,-10,-10,-10,220,-0.003,-40.01
"2020-10-05 13:40:03.6",5616813,-10,-10,-10,220,-0.003,-40.01
"2020-10-05 13:40:03.7",5616814,-10,-10,-10,220,-0.003,-40.01
"2020-10-05 13:40:03.8",5616815,-10,-10,-10,220,-0.003,-40.01
"2020-10-05 13:40:03.9",5616816,-10,-10,-10,220,-0.003,-40.01
"2020-10-05 13:40:04",5616817,-10,-10,-10,220,-0.003,-40.01
"2020-10-05 13:40:04.1",5616818,-10,-10,-10,220,-0.003,-40.01
"2020-10-05 13:40:04.2",5616819,-10,-10,-10,220,-0.003,-40.01
"2020-10-05 13:40:04.3",5616820,-10,-10,-10,220,-0.003,-40.01
"2020-10-05 13:40:04.4",5616821,-10,-10,-10,220,-0.003,-40.01
"2020-10-05 13:40:04.5",5616822,-10,-10,-10,220,-0.003,-40.01
"2020-10-05 13:40:04.6",5616823,-10,-10,-10,220,-0.003,-40.01
"2020-10-05 13:40:04.7",5616824,-10,-10,-10,220,-0.003,-40.01
"2020-10-05 13:40:04.8",5616825,-10,-10,-10,220,-0.003,-40.01
"2020-10-05 13:40:04.9",5616826,-10,-10,-10,220,-0.003,-40.01
"2020-10-05 13:40:05",5616827,-10,-10,-10,220,-0.003,-40.01
"2020-10-05 13:40:05.1",5616828,-10,-10,-10,220,-0.003,-40.01
"2020-10-05 13:40:05.2",5616829,-10,-10,-10,220,-0.003,-40.01
"2020-10-05 13:40:05.3",5616830,-10,-10,-10,220,-0.003,-40.01
"2020-10-05 13:40:05.4",5616831,-10,-10,-10,220,-0.003,-40.01
"2020-10-05 13:40:05.5",5616832,-10,-10,-10,220,-0.003,-40.01
"2020-10-05 13:40:05.6",5616833,-10,-10,-10,220,-0.003,-40.01
"2020-10-05 13:40:05.7",5616834,-10,-10,-10,220,-0.002,-40.01
"2020-10-05 13:40:05.8",5616835,-10,-10,-10,220,-0.003,-40.01
"2020-10-05 13:40:05.9",5616836,-10,-10,-10,220,-0.003,-40.01
"2020-10-05 13:40:06",5616837,-10,-10,-10,220,-0.003,-40.01
"2020-10-05 13:40:06.1",5616838,-10,-10,-10,220,-0.003,-40.01
"2020-10-05 13:40:06.2",5616839,-10,-10,-10,220,-0.002,-40.01
"2020-10-05 13:40:06.3",5616840,-10,-10,-10,220,-0.003,-40.01
"2020-10-05 13:40:06.4",5616841,-10,-10,-10,220,-0.002,-40.01
"2020-10-05 13:40:06.5",5616842,-10,-10,-10,220,-0.003,-40.01
"2020-10-05 13:40:06.6",5616843,-10,-10,-10,220,-0.002,-40.01
"2020-10-05 13:40:06.7",5616844,-10,-10,-10,220,-0.003,-40.01
"2020-10-05 13:40:06.8",5616845,-10,-10,-10,220,-0.003,-40.01
"2020-10-05 13:40:06.9",5616846,-10,-10,-10,220,-0.003,-40.01
"2020-10-05 13:40:07",5616847,-10,-10,-10,220,-0.003,-40.01
"2020-10-05 13:40:07.1",5616848,-10,-10,-10,220,-0.003,-40.01
"2020-10-05 13:40:07.2",5616849,-10,-10,-10,220,-0.003,-40.01
"2020-10-05 13:40:07.3",5616850,-10,-10,-10,220,-0.003,-40.01
"2020-10-05 13:40:07.4",5616851,-10,-10,-10,220,-0.003,-40.01
"2020-10-05 13:40:07.5",5616852,-10,-10,-10,220,-0.003,-40.01
"2020-10-05 13:40:07.6",5616853,-10,-10,-10,220,-0.003,-40.01
"2020-10-05 13:40:07.7",5616854,-10,-10,-10,220,-0.003,-40.01
"2020-10-05 13:40:07.8",5616855,-10,-10,-10,220,-0.003,-40.01
"2020-10-05 13:40:07.9",5616856,-10,-10,-10,220,-0.003,-40.01
"2020-10-05 13:40:08",5616857,-10,-10,-10,220,-0.003,-40.01
"2020-10-05 13:40:08.1",5616858,-10,-10,-10,220,-0.003,-40.01
"2020-10-05 13:40:08.2",5616859,-10,-10,-10,220,-0.003,-40.01
"2020-10-05 13:40:08.3",5616860,-10,-10,-10,220,-0.003,-40.01
"2020-10-05 13:40:08.4",5616861,-10,-10,-10,220,-0.003,-40.01
"2020-10-05 13:40:08.5",5616862,-10,-10,-10,220,-0.003,-40.01
"2020-10-05 13:40:08.6",5616863,-10,-10,-10,220,-0.003,-40.01
"2020-10-05 13:40:08.7",5616864,-10,-10,-10,220,-0.003,-40.01
"2020-10-05 13:40:08.8",5616865,-10,-10,-10,220,-0.003,-40.01
"2020-10-05 13:40:08.9",5616866,-10,-10,-10,220,-0.003,-40.01
"2020-10-05 13:40:09",5616867,-10,-10,-10,220,-0.003,-40.01
"2020-10-05 13:40:09.1",5616868,-10,-10,-10,220,-0.003,-40.01
"2020-10-05 13:40:09.2",5616869,-10,-10,-10,220,-0.003,-40.01
"2020-10-05 13:40:09.3",5616870,-10,-10,-10,220,-0.003,-40.01
"2020-10-05 13:40:09.4",5616871,-10,-10,-10,220,-0.003,-40.01
"2020-10-05 13:40:09.5",5616872,-10,-10,-10,220,-0.003,-40.01
"2020-10-05 13:40:09.6",5616873,-10,-10,-10,220,-0.003,-40.01
"2020-10-05 13:40:09.7",5616874,-10,-10,-10,220,-0.003,-40.01
"2020-10-05 13:40:09.8",5616875,-10,-10,-10,220,-0.002,-40.01
"2020-10-05 13:40:09.9",5616876,-10,-10,-10,220,-0.002,-40.01
"2020-10-05 13:40:10",5616877,-10,-10,-10,220,-0.003,-40.01
"2020-10-05 13:40:10.1",5616878,-10,-10,-10,220,-0.003,-40.01
"2020-10-05 13:40:10.2",5616879,-10,-10,-10,220,-0.002,-40.01
"2020-10-05 13:40:10.3",5616880,-10,-10,-10,220,-0.003,-40.01
"2020-10-05 13:40:10.4",5616881,-10,-10,-10,220,-0.002,-40.01
"2020-10-05 13:40:10.5",5616882,-10,-10,-10,220,-0.003,-40.01
"2020-10-05 13:40:10.6",5616883,-10,-10,-10,220,-0.002,-40.01
"2020-10-05 13:40:10.7",5616884,-10,-10,-10,220,-0.003,-40.01
"2020-10-05 13:40:10.8",5616885,-10,-10,-10,220,-0.002,-40.01
"2020-10-05 13:40:10.9",5616886,-10,-10,-10,220,-0.002,-40.01
"2020-10-05 13:40:11",5616887,-10,-10,-10,220,-0.002,-40.01
"2020-10-05 13:40:11.1",5616888,-10,-10,-10,220,-0.002,-40.01
"2020-10-05 13:40:11.2",5616889,-10,-10,-10,220,-0.003,-40.01
"2020-10-05 13:40:11.3",5616890,-10,-10,-10,220,-0.003,-40.01
"2020-10-05 13:40:11.4",5616891,-10,-10,-10,220,-0.003,-40.01
"2020-10-05 13:40:11.5",5616892,-10,-10,-10,220,-0.003,-40.01
"2020-10-05 13:40:11.6",5616893,-10,-10,-10,220,-0.003,-40.01
"2020-10-05 13:40:11.7",5616894,-10,-10,-10,220,-0.003,-40.01
"2020-10-05 13:40:11.8",5616895,-10,-10,-10,220,-0.003,-40.01
"2020-10-05 13:40:11.9",5616896,-10,-10,-10,220,-0.003,-40.01
"2020-10-05 13:40:12",5616897,-10,-10,-10,220,-0.003,-40.01
"2020-10-05 13:40:12.1",5616898,-10,-10,-10,220,-0.003,-40.01
"2020-10-05 13:40:12.2",5616899,-10,-10,-10,220,-0.003,-40.01
"2020-10-05 13:40:12.3",5616900,-10,-10,-10,220,-0.003,-40.01
"2020-10-05 13:40:12.4",5616901,-10,-10,-10,220,-0.003,-40.01
"2020-10-05 13:40:12.5",5616902,-10,-10,-10,220,-0.003,-40.01
"2020-10-05 13:40:12.6",5616903,-10,-10,-10,220,-0.003,-40.01
"2020-10-05 13:40:12.7",5616904,-10,-10,-10,220,-0.003,-40.01
"2020-10-05 13:40:12.8",5616905,-10,-10,-10,220,-0.003,-40.01
"2020-10-05 13:40:12.9",5616906,-10,-10,-10,220,-0.003,-40.01
"2020-10-05 13:40:13",5616907,-10,-10,-10,220,-0.003,-40.01
"2020-10-05 13:40:13.1",5616908,-10,-10,-10,220,-0.002,-40.01
"2020-10-05 13:40:13.2",5616909,-10,-10,-10,220,-0.003,-40.01
"2020-10-05 13:40:13.3",5616910,-10,-10,-10,220,-0.003,-40.01
"2020-10-05 13:40:13.4",5616911,-10,-10,-10,220,-0.003,-40.01
"2020-10-05 13:40:13.5",5616912,-10,-10,-10,220,-0.003,-40.01
"2020-10-05 13:40:13.6",5616913,-10,-10,-10,220,-0.003,-40.01
"2020-10-05 13:40:13.7",5616914,-10,-10,-10,220,-0.003,-40.01
"2020-10-05 13:40:13.8",5616915,-10,-10,-10,220,-0.003,-40.01
"2020-10-05 13:40:13.9",5616916,-10,-10,-10,220,-0.003,-40.01
"2020-10-05 13:40:14",5616917,-10,-10,-10,220,-0.003,-40.01
"2020-10-05 13:40:14.1",5616918,-10,-10,-10,220,-0.003,-40.01
"2020-10-05 13:40:14.2",5616919,-10,-10,-10,220,-0.003,-40.01
"2020-10-05 13:40:14.3",5616920,-10,-10,-10,220,-0.003,-40.01
"2020-10-05 13:40:14.4",5616921,-10,-10,-10,220,-0.003,-40.01
"2020-10-05 13:40:14.5",5616922,-10,-10,-10,220,-0.003,-40.01
"2020-10-05 13:40:14.6",5616923,-10,-10,-10,220,-0.003,-40.01
"2020-10-05 13:40:14.7",5616924,-10,-10,-10,220,-0.003,-40.01
"2020-10-05 13:40:14.8",5616925,-10,-10,-10,220,-0.003,-40.01
"2020-10-05 13:40:14.9",5616926,-10,-10,-10,220,-0.003,-40.01
"2020-10-05 13:40:15",5616927,-10,-10,-10,220,-0.003,-40.01
"2020-10-05 13:40:15.1",5616928,-10,-10,-10,220,-0.003,-40.01
"2020-10-05 13:40:15.2",5616929,-10,-10,-10,220,-0.003,-40.01
"2020-10-05 13:40:15.3",5616930,-10,-10,-10,220,-0.003,-40.01
"2020-10-05 13:40:15.4",5616931,-10,-10,-10,220,-0.003,-40.01
"2020-10-05 13:40:15.5",5616932,-10,-10,-10,220,-0.003,-40.01
"2020-10-05 13:40:15.6",5616933,-10,-10,-10,220,-0.003,-40.01
"2020-10-05 13:40:15.7",5616934,-10,-10,-10,220,-0.003,-40.01
"2020-10-05 13:40:15.8",5616935,-10,-10,-10,220,-0.003,-40.01
"2020-10-05 13:40:15.9",5616936,-10,-10,-10,220,-0.003,-40.01
"2020-10-05 13:40:16",5616937,-10,-10,-10,220,-0.003,-40.01
"2020-10-05 13:40:16.1",5616938,-10,-10,-10,220,-0.003,-40.01
"2020-10-05 13:40:16.2",5616939,-10,-10,-10,220,-0.003,-40.01
"2020-10-05 13:40:16.3",5616940,-10,-10,-10,220,-0.003,-40.01
"2020-10-05 13:40:16.4",5616941,-10,-10,-10,220,-0.003,-40.01
"2020-10-05 13:40:16.5",5616942,-10,-10,-10,220,-0.003,-40.01
"2020-10-05 13:40:16.6",5616943,-10,-10,-10,220,-0.003,-40.01
"2020-10-05 13:40:16.7",5616944,-10,-10,-10,220,-0.003,-40.01
"2020-10-05 13:40:16.8",5616945,-10,-10,-10,220,-0.003,-40.01
"2020-10-05 13:40:16.9",5616946,-10,-10,-10,220,-0.003,-40.01
"2020-10-05 13:40:17",5616947,-10,-10,-10,220,-0.003,-40.01
"2020-10-05 13:40:17.1",5616948,-10,-10,-10,220,-0.003,-40.01
"2020-10-05 13:40:17.2",5616949,-10,-10,-10,220,-0.003,-40.01
"2020-10-05 13:40:17.3",5616950,-10,-10,-10,220,-0.003,-40.01
"2020-10-05 13:40:17.4",5616951,-10,-10,-10,220,-0.003,-40.01
"2020-10-05 13:40:17.5",5616952,-10,-10,-10,220,-0.003,-40.01
"2020-10-05 13:40:17.6",5616953,-10,-10,-10,220,-0.003,-40.01
"2020-10-05 13:40:17.7",5616954,-10,-10,-10,220,-0.003,-40.01
"2020-10-05 13:40:17.8",5616955,-10,-10,-10,220,-0.003,-40.01
"2020-10-05 13:40:17.9",5616956,-10,-10,-10,220,-0.003,-40.01
"2020-10-05 13:40:18",5616957,-10,-10,-10,220,-0.003,-40.01
"2020-10-05 13:40:18.1",5616958,-10,-10,-10,220,-0.003,-40.01
"2020-10-05 13:40:18.2",5616959,-10,-10,-10,220,-0.003,-40.01
"2020-10-05 13:40:18.3",5616960,-10,-10,-10,220,-0.003,-40.01
"2020-10-05 13:40:18.4",5616961,-10,-10,-10,220,-0.003,-40.01
"2020-10-05 13:40:18.5",5616962,-10,-10,-10,220,-0.003,-40.01
"2020-10-05 13:40:18.6",5616963,-10,-10,-10,220,-0.003,-40.01
"2020-10-05 13:40:18.7",5616964,-10,-10,-10,220,-0.003,-40.01
"2020-10-05 13:40:18.8",5616965,-10,-10,-10,220,-0.003,-40.01
"2020-10-05 13:40:18.9",5616966,-10,-10,-10,220,-0.002,-40.01
"2020-10-05 13:40:19",5616967,-10,-10,-10,220,-0.003,-40.01
"2020-10-05 13:40:19.1",5616968,-10,-10,-10,220,-0.003,-40.01
"2020-10-05 13:40:19.2",5616969,-10,-10,-10,220,-0.003,-40.01
"2020-10-05 13:40:19.3",5616970,-10,-10,-10,220,-0.003,-40.01
"2020-10-05 13:40:19.4",5616971,-10,-10,-10,220,-0.003,-40.01
"2020-10-05 13:40:19.5",5616972,-10,-10,-10,220,-0.003,-40.01
"2020-10-05 13:40:19.6",5616973,-10,-10,-10,220,-0.003,-40.01
"2020-10-05 13:40:19.7",5616974,-10,-10,-10,220,-0.003,-40.01
"2020-10-05 13:40:19.8",5616975,-10,-10,-10,220,-0.003,-40.01
"2020-10-05 13:40:19.9",5616976,-10,-10,-10,220,-0.003,-40.01
"2020-10-05 13:40:20",5616977,-10,-10,-10,220,-0.003,-40.01
"2020-10-05 13:40:20.1",5616978,-10,-10,-10,220,-0.003,-40.01
"2020-10-05 13:40:20.2",5616979,-10,-10,-10,220,-0.003,-40.01
"2020-10-05 13:40:20.3",5616980,-10,-10,-10,220,-0.003,-40.01
"2020-10-05 13:40:20.4",5616981,-10,-10,-10,220,-0.003,-40.01
"2020-10-05 13:40:20.5",5616982,-10,-10,-10,220,-0.003,-40.01
"2020-10-05 13:40:20.6",5616983,-10,-10,-10,220,-0.003,-40.01
"2020-10-05 13:40:20.7",5616984,-10,-10,-10,220,-0.003,-40.01
"2020-10-05 13:40:20.8",5616985,-10,-10,-10,220,-0.003,-40.01
"2020-10-05 13:40:20.9",5616986,-10,-10,-10,220,-0.003,-40.01
"2020-10-05 13:40:21",5616987,-10,-10,-10,220,-0.003,-40.01
"2020-10-05 13:40:21.1",5616988,-10,-10,-10,220,-0.003,-40.01
"2020-10-05 13:40:21.2",5616989,-10,-10,-10,220,-0.003,-40.01
"2020-10-05 13:40:21.3",5616990,-10,-10,-10,220,-0.003,-40.01
"2020-10-05 13:40:21.4",5616991,-10,-10,-10,220,-0.003,-40.01
"2020-10-05 13:40:21.5",5616992,-10,-10,-10,220,-0.003,-40.01
"2020-10-05 13:40:21.6",5616993,-10,-10,-10,220,-0.003,-40.01
"2020-10-05 13:40:21.7",5616994,-10,-10,-10,220,-0.003,-40.01
"2020-10-05 13:40:21.8",5616995,-10,-10,-10,220,-0.003,-40.01
"2020-10-05 13:40:21.9",5616996,-10,-10,-10,220,-0.003,-40.01
"2020-10-05 13:40:22",5616997,-10,-10,-10,220,-0.003,-40.01
"2020-10-05 13:40:22.1",5616998,-10,-10,-10,220,-0.003,-40.01
"2020-10-05 13:40:22.2",5616999,-10,-10,-10,220,-0.003,-40.01
"2020-10-05 13:40:22.3",5617000,-10,-10,-10,220,-0.003,-40.01
"2020-10-05 13:40:22.4",5617001,-10,-10,-10,220,-0.003,-40.01
"2020-10-05 13:40:22.5",5617002,-10,-10,-10,220,-0.003,-40.01
"2020-10-05 13:40:22.6",5617003,-10,-10,-10,220,-0.003,-40.01
"2020-10-05 13:40:22.7",5617004,-10,-10,-10,220,-0.003,-40.01
"2020-10-05 13:40:22.8",5617005,-10,-10,-10,220,-0.003,-40.01
"2020-10-05 13:40:22.9",5617006,-10,-10,-10,220,-0.003,-40.01
"2020-10-05 13:40:23",5617007,-10,-10,-10,220,-0.003,-40.01
"2020-10-05 13:40:23.1",5617008,-10,-10,-10,220,-0.003,-40.01
"2020-10-05 13:40:23.2",5617009,-10,-10,-10,220,-0.003,-40.01
"2020-10-05 13:40:23.3",5617010,-10,-10,-10,220,-0.003,-40.01
"2020-10-05 13:40:23.4",5617011,-10,-10,-10,220,-0.003,-40.01
"2020-10-05 13:40:23.5",5617012,-10,-10,-10,220,-0.003,-40.01
"2020-10-05 13:40:23.6",5617013,-10,-10,-10,220,-0.003,-40.01
"2020-10-05 13:40:23.7",5617014,-10,-10,-10,220,-0.003,-40.01
"2020-10-05 13:40:23.8",5617015,-10,-10,-10,220,-0.003,-40.01
"2020-10-05 13:40:23.9",5617016,-10,-10,-10,220,-0.003,-40.01
"2020-10-05 13:40:24",5617017,-10,-10,-10,220,-0.003,-40.01
"2020-10-05 13:40:24.1",5617018,-10,-10,-10,220,-0.003,-40.01
"2020-10-05 13:40:24.2",5617019,-10,-10,-10,220,-0.003,-40.01
"2020-10-05 13:40:24.3",5617020,-10,-10,-10,220,-0.003,-40.01
"2020-10-05 13:40:24.4",5617021,-10,-10,-10,220,-0.003,-40.01
"2020-10-05 13:40:24.5",5617022,-10,-10,-10,220,-0.003,-40.01
"2020-10-05 13:40:24.6",5617023,-10,-10,-10,220,-0.003,-40.01
"2020-10-05 13:40:24.7",5617024,-10,-10,-10,220,-0.003,-40.01
"2020-10-05 13:40:24.8",5617025,-10,-10,-10,220,-0.003,-40.01
"2020-10-05 13:40:24.9",5617026,-10,-10,-10,220,-0.003,-40.01
"2020-10-05 13:40:25",5617027,-10,-10,-10,220,-0.003,-40.01
"2020-10-05 13:40:25.1",5617028,-10,-10,-10,220,-0.003,-40.01
"2020-10-05 13:40:25.2",5617029,-10,-10,-10,220,-0.003,-40.01
"2020-10-05 13:40:25.3",5617030,-10,-10,-10,220,-0.003,-40.01
"2020-10-05 13:40:25.4",5617031,-10,-10,-10,220,-0.003,-40.01
"2020-10-05 13:40:25.5",5617032,-10,-10,-10,220,-0.003,-40.01
"2020-10-05 13:40:25.6",5617033,-10,-10,-10,220,-0.003,-40.01
"2020-10-05 13:40:25.7",5617034,-10,-10,-10,220,-0.003,-40.01
"2020-10-05 13:40:25.8",5617035,-10,-10,-10,220,-0.003,-40.01
"2020-10-05 13:40:25.9",5617036,-10,-10,-10,220,-0.003,-40.01
"2020-10-05 13:40:26",5617037,-10,-10,-10,220,-0.003,-40.01
"2020-10-05 13:40:26.1",5617038,-10,-10,-10,220,-0.003,-40.01
"2020-10-05 13:40:26.2",5617039,-10,-10,-10,220,-0.003,-40.01
"2020-10-05 13:40:26.3",5617040,-10,-10,-10,220,-0.003,-40.01
"2020-10-05 13:40:26.4",5617041,-10,-10,-10,220,-0.003,-40.01
"2020-10-05 13:40:26.5",5617042,-10,-10,-10,220,-0.003,-40.01
"2020-10-05 13:40:26.6",5617043,-10,-10,-10,220,-0.002,-40.01
"2020-10-05 13:40:26.7",5617044,-10,-10,-10,220,-0.003,-40.01
"2020-10-05 13:40:26.8",5617045,-10,-10,-10,220,-0.003,-40.01
"2020-10-05 13:40:26.9",5617046,-10,-10,-10,220,-0.003,-40.01
"2020-10-05 13:40:27",5617047,-10,-10,-10,220,-0.003,-40.01
"2020-10-05 13:40:27.1",5617048,-10,-10,-10,220,-0.003,-40.01
"2020-10-05 13:40:27.2",5617049,-10,-10,-10,220,-0.003,-40.01
"2020-10-05 13:40:27.3",5617050,-10,-10,-10,220,-0.003,-40.01
"2020-10-05 13:40:27.4",5617051,-10,-10,-10,220,-0.003,-40.01
"2020-10-05 13:40:27.5",5617052,-10,-10,-10,220,-0.003,-40.01
"2020-10-05 13:40:27.6",5617053,-10,-10,-10,220,-0.003,-40.01
"2020-10-05 13:40:27.7",5617054,-10,-10,-10,220,-0.003,-40.01
"2020-10-05 13:40:27.8",5617055,-10,-10,-10,220,-0.003,-40.01
"2020-10-05 13:40:27.9",5617056,-10,-10,-10,220,-0.003,-40.01
"2020-10-05 13:40:28",5617057,-10,-10,-10,220,-0.003,-40.01
"2020-10-05 13:40:28.1",5617058,-10,-10,-10,220,-0.003,-40.01
"2020-10-05 13:40:28.2",5617059,-10,-10,-10,220,-0.003,-40.01
"2020-10-05 13:40:28.3",5617060,-10,-10,-10,220,-0.003,-40.01
"2020-10-05 13:40:28.4",5617061,-10,-10,-10,220,-0.003,-40.01
"2020-10-05 13:40:28.5",5617062,-10,-10,-10,220,-0.003,-40.01
"2020-10-05 13:40:28.6",5617063,-10,-10,-10,220,-0.003,-40.01
"2020-10-05 13:40:28.7",5617064,-10,-10,-10,220,-0.003,-40.01
"2020-10-05 13:40:28.8",5617065,-10,-10,-10,220,-0.003,-40.01
"2020-10-05 13:40:28.9",5617066,-10,-10,-10,220,-0.003,-40.01
"2020-10-05 13:40:29",5617067,-10,-10,-10,220,-0.003,-40.01
"2020-10-05 13:40:29.1",5617068,-10,-10,-10,220,-0.003,-40.01
"2020-10-05 13:40:29.2",5617069,-10,-10,-10,220,-0.003,-40.01
"2020-10-05 13:40:29.3",5617070,-10,-10,-10,220,-0.003,-40.01
"2020-10-05 13:40:29.4",5617071,-10,-10,-10,220,-0.003,-40.01
"2020-10-05 13:40:29.5",5617072,-10,-10,-10,220,-0.003,-40.01
"2020-10-05 13:40:29.6",5617073,-10,-10,-10,220,-0.003,-40.01
"2020-10-05 13:40:29.7",5617074,-10,-10,-10,220,-0.003,-40.01
"2020-10-05 13:40:29.8",5617075,-10,-10,-10,220,-0.002,-40.01
"2020-10-05 13:40:29.9",5617076,-10,-10,-10,220,-0.003,-40.01
"2020-10-05 13:40:30",5617077,-10,-10,-10,220,-0.003,-40.01
"2020-10-05 13:40:30.1",5617078,-10,-10,-10,220,-0.003,-40.01
"2020-10-05 13:40:30.2",5617079,-10,-10,-10,220,-0.003,-40.01
"2020-10-05 13:40:30.3",5617080,-10,-10,-10,220,-0.003,-40.01
"2020-10-05 13:40:30.4",5617081,-10,-10,-10,220,-0.003,-40.01
"2020-10-05 13:40:30.5",5617082,-10,-10,-10,220,-0.003,-40.01
"2020-10-05 13:40:30.6",5617083,-10,-10,-10,220,-0.003,-40.01
"2020-10-05 13:40:30.7",5617084,-10,-10,-10,220,-0.003,-40.01
"2020-10-05 13:40:30.8",5617085,-10,-10,-10,220,-0.003,-40.01
"2020-10-05 13:40:30.9",5617086,-10,-10,-10,220,-0.003,-40.01
"2020-10-05 13:40:31",5617087,-10,-10,-10,220,-0.003,-40.01
"2020-10-05 13:40:31.1",5617088,-10,-10,-10,220,-0.003,-40.01
"2020-10-05 13:40:31.2",5617089,-10,-10,-10,220,-0.003,-40.01
"2020-10-05 13:40:31.3",5617090,-10,-10,-10,220,-0.003,-40.01
"2020-10-05 13:40:31.4",5617091,-10,-10,-10,220,-0.003,-40.01
"2020-10-05 13:40:31.5",5617092,-10,-10,-10,220,-0.003,-40.01
"2020-10-05 13:40:31.6",5617093,-10,-10,-10,220,-0.003,-40.01
"2020-10-05 13:40:31.7",5617094,-10,-10,-10,220,-0.003,-40.01
"2020-10-05 13:40:31.8",5617095,-10,-10,-10,220,-0.003,-40.01
"2020-10-05 13:40:31.9",5617096,-10,-10,-10,220,-0.003,-40.01
"2020-10-05 13:40:32",5617097,-10,-10,-10,220,-0.003,-40.01
"2020-10-05 13:40:32.1",5617098,-10,-10,-10,220,-0.003,-40.01
"2020-10-05 13:40:32.2",5617099,-10,-10,-10,220,-0.003,-40.01
"2020-10-05 13:40:32.3",5617100,-10,-10,-10,220,-0.002,-40.01
"2020-10-05 13:40:32.4",5617101,-10,-10,-10,220,-0.003,-40.01
"2020-10-05 13:40:32.5",5617102,-10,-10,-10,220,-0.003,-40.01
"2020-10-05 13:40:32.6",5617103,-10,-10,-10,220,-0.003,-40.01
"2020-10-05 13:40:32.7",5617104,-10,-10,-10,220,-0.003,-40.01
"2020-10-05 13:40:32.8",5617105,-10,-10,-10,220,-0.003,-40.01
"2020-10-05 13:40:32.9",5617106,-10,-10,-10,220,-0.003,-40.01
"2020-10-05 13:40:33",5617107,-10,-10,-10,220,-0.003,-40.01
"2020-10-05 13:40:33.1",5617108,-10,-10,-10,220,-0.003,-40.01
"2020-10-05 13:40:33.2",5617109,-10,-10,-10,220,-0.003,-40.01
"2020-10-05 13:40:33.3",5617110,-10,-10,-10,220,-0.003,-40.01
"2020-10-05 13:40:33.4",5617111,-10,-10,-10,220,-0.003,-40.01
"2020-10-05 13:40:33.5",5617112,-10,-10,-10,220,-0.003,-40.01
"2020-10-05 13:40:33.6",5617113,-10,-10,-10,220,-0.003,-40.01
"2020-10-05 13:40:33.7",5617114,-10,-10,-10,220,-0.002,-40.01
"2020-10-05 13:40:33.8",5617115,-10,-10,-10,220,-0.003,-40.01
"2020-10-05 13:40:33.9",5617116,-10,-10,-10,220,-0.002,-40.01
"2020-10-05 13:40:34",5617117,-10,-10,-10,220,-0.003,-40.01
"2020-10-05 13:40:34.1",5617118,-10,-10,-10,220,-0.002,-40.01
"2020-10-05 13:40:34.2",5617119,-10,-10,-10,220,-0.003,-40.01
"2020-10-05 13:40:34.3",5617120,-10,-10,-10,220,-0.003,-40.01
"2020-10-05 13:40:34.4",5617121,-10,-10,-10,220,-0.003,-40.01
"2020-10-05 13:40:34.5",5617122,-10,-10,-10,220,-0.003,-40.01
"2020-10-05 13:40:34.6",5617123,-10,-10,-10,220,-0.003,-40.01
"2020-10-05 13:40:34.7",5617124,-10,-10,-10,220,-0.003,-40.01
"2020-10-05 13:40:34.8",5617125,-10,-10,-10,220,-0.003,-40.01
"2020-10-05 13:40:34.9",5617126,-10,-10,-10,220,-0.003,-40.01
"2020-10-05 13:40:35",5617127,-10,-10,-10,220,-0.002,-40.01
"2020-10-05 13:40:35.1",5617128,-10,-10,-10,220,-0.003,-40.01
"2020-10-05 13:40:35.2",5617129,-10,-10,-10,220,-0.003,-40.01
"2020-10-05 13:40:35.3",5617130,-10,-10,-10,220,-0.003,-40.01
"2020-10-05 13:40:35.4",5617131,-10,-10,-10,220,-0.003,-40.01
"2020-10-05 13:40:35.5",5617132,-10,-10,-10,220,-0.002,-40.01
"2020-10-05 13:40:35.6",5617133,-10,-10,-10,220,-0.003,-40.01
"2020-10-05 13:40:35.7",5617134,-10,-10,-10,220,-0.003,-40.01
"2020-10-05 13:40:35.8",5617135,-10,-10,-10,220,-0.002,-40.01
"2020-10-05 13:40:35.9",5617136,-10,-10,-10,220,-0.003,-40.01
"2020-10-05 13:40:36",5617137,-10,-10,-10,220,-0.003,-40.01
"2020-10-05 13:40:36.1",5617138,-10,-10,-10,220,-0.003,-40.01
"2020-10-05 13:40:36.2",5617139,-10,-10,-10,220,-0.003,-40.01
"2020-10-05 13:40:36.3",5617140,-10,-10,-10,220,-0.003,-40.01
"2020-10-05 13:40:36.4",5617141,-10,-10,-10,220,-0.003,-40.01
"2020-10-05 13:40:36.5",5617142,-10,-10,-10,220,-0.003,-40.01
"2020-10-05 13:40:36.6",5617143,-10,-10,-10,220,-0.002,-40.01
"2020-10-05 13:40:36.7",5617144,-10,-10,-10,220,-0.003,-40.01
"2020-10-05 13:40:36.8",5617145,-10,-10,-10,220,-0.003,-40.01
"2020-10-05 13:40:36.9",5617146,-10,-10,-10,220,-0.003,-40.01
"2020-10-05 13:40:37",5617147,-10,-10,-10,220,-0.003,-40.01
"2020-10-05 13:40:37.1",5617148,-10,-10,-10,220,-0.003,-40.01
"2020-10-05 13:40:37.2",5617149,-10,-10,-10,220,-0.002,-40.01
"2020-10-05 13:40:37.3",5617150,-10,-10,-10,220,-0.003,-40.01
"2020-10-05 13:40:37.4",5617151,-10,-10,-10,220,-0.002,-40.01
"2020-10-05 13:40:37.5",5617152,-10,-10,-10,220,-0.002,-40.01
"2020-10-05 13:40:37.6",5617153,-10,-10,-10,220,-0.002,-40.01
"2020-10-05 13:40:37.7",5617154,-10,-10,-10,220,-0.003,-40.01
"2020-10-05 13:40:37.8",5617155,-10,-10,-10,220,-0.003,-40.01
"2020-10-05 13:40:37.9",5617156,-10,-10,-10,220,-0.002,-40.01
"2020-10-05 13:40:38",5617157,-10,-10,-10,220,-0.003,-40.01
"2020-10-05 13:40:38.1",5617158,-10,-10,-10,220,-0.003,-40.01
"2020-10-05 13:40:38.2",5617159,-10,-10,-10,220,-0.003,-40.01
"2020-10-05 13:40:38.3",5617160,-10,-10,-10,220,-0.003,-40.01
"2020-10-05 13:40:38.4",5617161,-10,-10,-10,220,-0.002,-40.01
"2020-10-05 13:40:38.5",5617162,-10,-10,-10,220,-0.003,-40.01
"2020-10-05 13:40:38.6",5617163,-10,-10,-10,220,-0.003,-40.01
"2020-10-05 13:40:38.7",5617164,-10,-10,-10,220,-0.003,-40.01
"2020-10-05 13:40:38.8",5617165,-10,-10,-10,220,-0.003,-40.01
"2020-10-05 13:40:38.9",5617166,-10,-10,-10,220,-0.003,-40.01
"2020-10-05 13:40:39",5617167,-10,-10,-10,220,-0.003,-40.01
"2020-10-05 13:40:39.1",5617168,-10,-10,-10,220,-0.003,-40.01
"2020-10-05 13:40:39.2",5617169,-10,-10,-10,220,-0.002,-40.01
"2020-10-05 13:40:39.3",5617170,-10,-10,-10,220,-0.003,-40.01
"2020-10-05 13:40:39.4",5617171,-10,-10,-10,220,-0.003,-40.01
"2020-10-05 13:40:39.5",5617172,-10,-10,-10,220,-0.003,-40.01
"2020-10-05 13:40:39.6",5617173,-10,-10,-10,220,-0.003,-40.01
"2020-10-05 13:40:39.7",5617174,-10,-10,-10,220,-0.003,-40.01
"2020-10-05 13:40:39.8",5617175,-10,-10,-10,220,-0.003,-40.01
"2020-10-05 13:40:39.9",5617176,-10,-10,-10,220,-0.003,-40.01
"2020-10-05 13:40:40",5617177,-10,-10,-10,220,-0.003,-40.01
"2020-10-05 13:40:40.1",5617178,-10,-10,-10,220,-0.003,-40.01
"2020-10-05 13:40:40.2",5617179,-10,-10,-10,220,-0.002,-40.01
"2020-10-05 13:40:40.3",5617180,-10,-10,-10,220,-0.003,-40.01
"2020-10-05 13:40:40.4",5617181,-10,-10,-10,220,-0.003,-40.01
"2020-10-05 13:40:40.5",5617182,-10,-10,-10,220,-0.003,-40.01
"2020-10-05 13:40:40.6",5617183,-10,-10,-10,220,-0.003,-40.01
"2020-10-05 13:40:40.7",5617184,-10,-10,-10,220,-0.003,-40.01
"2020-10-05 13:40:40.8",5617185,-10,-10,-10,220,-0.003,-40.01
"2020-10-05 13:40:40.9",5617186,-10,-10,-10,220,-0.003,-40.01
"2020-10-05 13:40:41",5617187,-10,-10,-10,220,-0.002,-40.01
"2020-10-05 13:40:41.1",5617188,-10,-10,-10,220,-0.003,-40.01
"2020-10-05 13:40:41.2",5617189,-10,-10,-10,220,-0.003,-40.01
"2020-10-05 13:40:41.3",5617190,-10,-10,-10,220,-0.002,-40.01
"2020-10-05 13:40:41.4",5617191,-10,-10,-10,220,-0.003,-40.01
"2020-10-05 13:40:41.5",5617192,-10,-10,-10,220,-0.002,-40.01
"2020-10-05 13:40:41.6",5617193,-10,-10,-10,220,-0.003,-40.01
"2020-10-05 13:40:41.7",5617194,-10,-10,-10,220,-0.003,-40.01
"2020-10-05 13:40:41.8",5617195,-10,-10,-10,220,-0.003,-40.01
"2020-10-05 13:40:41.9",5617196,-10,-10,-10,220,-0.003,-40.01
"2020-10-05 13:40:42",5617197,-10,-10,-10,220,-0.003,-40.01
"2020-10-05 13:40:42.1",5617198,-10,-10,-10,220,-0.003,-40.01
"2020-10-05 13:40:42.2",5617199,-10,-10,-10,220,-0.003,-40.01
"2020-10-05 13:40:42.3",5617200,-10,-10,-10,220,-0.003,-40.01
"2020-10-05 13:40:42.4",5617201,-10,-10,-10,220,-0.003,-40.01
"2020-10-05 13:40:42.5",5617202,-10,-10,-10,220,-0.002,-40.01
"2020-10-05 13:40:42.6",5617203,-10,-10,-10,220,-0.003,-40.01
"2020-10-05 13:40:42.7",5617204,-10,-10,-10,220,-0.003,-40.01
"2020-10-05 13:40:42.8",5617205,-10,-10,-10,220,-0.003,-40.01
"2020-10-05 13:40:42.9",5617206,-10,-10,-10,220,-0.003,-40.01
"2020-10-05 13:40:43",5617207,-10,-10,-10,220,-0.003,-40.01
"2020-10-05 13:40:43.1",5617208,-10,-10,-10,220,-0.003,-40.01
"2020-10-05 13:40:43.2",5617209,-10,-10,-10,220,-0.003,-40.01
"2020-10-05 13:40:43.3",5617210,-10,-10,-10,220,-0.003,-40.01
"2020-10-05 13:40:43.4",5617211,-10,-10,-10,220,-0.003,-40.01
"2020-10-05 13:40:43.5",5617212,-10,-10,-10,220,-0.003,-40.01
"2020-10-05 13:40:43.6",5617213,-10,-10,-10,220,-0.002,-40.01
"2020-10-05 13:40:43.7",5617214,-10,-10,-10,220,-0.003,-40.01
"2020-10-05 13:40:43.8",5617215,-10,-10,-10,220,-0.003,-40.01
"2020-10-05 13:40:43.9",5617216,-10,-10,-10,220,-0.002,-40.01
"2020-10-05 13:40:44",5617217,-10,-10,-10,220,-0.003,-40.01
"2020-10-05 13:40:44.1",5617218,-10,-10,-10,220,-0.002,-40.01
"2020-10-05 13:40:44.2",5617219,-10,-10,-10,220,-0.003,-40.01
"2020-10-05 13:40:44.3",5617220,-10,-10,-10,220,-0.003,-40.01
"2020-10-05 13:40:44.4",5617221,-10,-10,-10,220,-0.003,-40.01
"2020-10-05 13:40:44.5",5617222,-10,-10,-10,220,-0.002,-40.01
"2020-10-05 13:40:44.6",5617223,-10,-10,-10,220,-0.003,-40.01
"2020-10-05 13:40:44.7",5617224,-10,-10,-10,220,-0.002,-40.01
"2020-10-05 13:40:44.8",5617225,-10,-10,-10,220,-0.003,-40.01
"2020-10-05 13:40:44.9",5617226,-10,-10,-10,220,-0.003,-40.01
"2020-10-05 13:40:45",5617227,-10,-10,-10,220,-0.003,-40.01
"2020-10-05 13:40:45.1",5617228,-10,-10,-10,220,-0.002,-40.01
"2020-10-05 13:40:45.2",5617229,-10,-10,-10,220,-0.002,-40.01
"2020-10-05 13:40:45.3",5617230,-10,-10,-10,220,-0.003,-40.01
"2020-10-05 13:40:45.4",5617231,-10,-10,-10,220,-0.003,-40.01
"2020-10-05 13:40:45.5",5617232,-10,-10,-10,220,-0.002,-40.01
"2020-10-05 13:40:45.6",5617233,-10,-10,-10,220,-0.003,-40.01
"2020-10-05 13:40:45.7",5617234,-10,-10,-10,220,-0.003,-40.01
"2020-10-05 13:40:45.8",5617235,-10,-10,-10,220,-0.003,-40.01
"2020-10-05 13:40:45.9",5617236,-10,-10,-10,220,-0.003,-40.01
"2020-10-05 13:40:46",5617237,-10,-10,-10,220,-0.002,-40.01
"2020-10-05 13:40:46.1",5617238,-10,-10,-10,220,-0.003,-40.01
"2020-10-05 13:40:46.2",5617239,-10,-10,-10,220,-0.003,-40.01
"2020-10-05 13:40:46.3",5617240,-10,-10,-10,220,-0.003,-40.01
"2020-10-05 13:40:46.4",5617241,-10,-10,-10,220,-0.003,-40.01
"2020-10-05 13:40:46.5",5617242,-10,-10,-10,220,-0.003,-40.01
"2020-10-05 13:40:46.6",5617243,-10,-10,-10,220,-0.003,-40.01
"2020-10-05 13:40:46.7",5617244,-10,-10,-10,220,-0.003,-40.01
"2020-10-05 13:40:46.8",5617245,-10,-10,-10,220,-0.003,-40.01
"2020-10-05 13:40:46.9",5617246,-10,-10,-10,220,-0.003,-40.01
"2020-10-05 13:40:47",5617247,-10,-10,-10,220,-0.003,-40.01
"2020-10-05 13:40:47.1",5617248,-10,-10,-10,220,-0.003,-40.01
"2020-10-05 13:40:47.2",5617249,-10,-10,-10,220,-0.003,-40.01
"2020-10-05 13:40:47.3",5617250,-10,-10,-10,220,-0.003,-40.01
"2020-10-05 13:40:47.4",5617251,-10,-10,-10,220,-0.003,-40.01
"2020-10-05 13:40:47.5",5617252,-10,-10,-10,220,-0.003,-40.01
"2020-10-05 13:40:47.6",5617253,-10,-10,-10,220,-0.003,-40.01
"2020-10-05 13:40:47.7",5617254,-10,-10,-10,220,-0.003,-40.01
"2020-10-05 13:40:47.8",5617255,-10,-10,-10,220,-0.003,-40.01
"2020-10-05 13:40:47.9",5617256,-10,-10,-10,220,-0.003,-40.01
"2020-10-05 13:40:48",5617257,-10,-10,-10,220,-0.003,-40.01
"2020-10-05 13:40:48.1",5617258,-10,-10,-10,220,-0.003,-40.01
"2020-10-05 13:40:48.2",5617259,-10,-10,-10,220,-0.003,-40.01
"2020-10-05 13:40:48.3",5617260,-10,-10,-10,220,-0.003,-40.01
"2020-10-05 13:40:48.4",5617261,-10,-10,-10,220,-0.003,-40.01
"2020-10-05 13:40:48.5",5617262,-10,-10,-10,220,-0.003,-40.01
"2020-10-05 13:40:48.6",5617263,-10,-10,-10,220,-0.003,-40.01
"2020-10-05 13:40:48.7",5617264,-10,-10,-10,220,-0.003,-40.01
"2020-10-05 13:40:48.8",5617265,-10,-10,-10,220,-0.003,-40.01
"2020-10-05 13:40:48.9",5617266,-10,-10,-10,220,-0.003,-40.01
"2020-10-05 13:40:49",5617267,-10,-10,-10,220,-0.003,-40.01
"2020-10-05 13:40:49.1",5617268,-10,-10,-10,220,-0.003,-40.01
"2020-10-05 13:40:49.2",5617269,-10,-10,-10,220,-0.003,-40.01
"2020-10-05 13:40:49.3",5617270,-10,-10,-10,220,-0.003,-40.01
"2020-10-05 13:40:49.4",5617271,-10,-10,-10,220,-0.003,-40.01
"2020-10-05 13:40:49.5",5617272,-10,-10,-10,220,-0.003,-40.01
"2020-10-05 13:40:49.6",5617273,-10,-10,-10,220,-0.003,-40.01
"2020-10-05 13:40:49.7",5617274,-10,-10,-10,220,-0.003,-40.01
"2020-10-05 13:40:49.8",5617275,-10,-10,-10,220,-0.003,-40.01
"2020-10-05 13:40:49.9",5617276,-10,-10,-10,220,-0.003,-40.01
"2020-10-05 13:40:50",5617277,-10,-10,-10,220,-0.003,-40.01
"2020-10-05 13:40:50.1",5617278,-10,-10,-10,220,-0.003,-40.01
"2020-10-05 13:40:50.2",5617279,-10,-10,-10,220,-0.003,-40.01
"2020-10-05 13:40:50.3",5617280,-10,-10,-10,220,-0.003,-40.01
"2020-10-05 13:40:50.4",5617281,-10,-10,-10,220,-0.003,-40.01
"2020-10-05 13:40:50.5",5617282,-10,-10,-10,220,-0.003,-40.01
"2020-10-05 13:40:50.6",5617283,-10,-10,-10,220,-0.003,-40.01
"2020-10-05 13:40:50.7",5617284,-10,-10,-10,220,-0.003,-40.01
"2020-10-05 13:40:50.8",5617285,-10,-10,-10,220,-0.003,-40.01
"2020-10-05 13:40:50.9",5617286,-10,-10,-10,220,-0.003,-40.01
