"TOA5","10329","CR6","10329","CR6.Std.09.01 CR6-WIFI.04.00.01","CPU:YOUNG81000_HMP60_10Hz.CR6","51185","Young10Hz_hmp"
"TIMESTAMP","RECORD","U","V","W","TSonic","RH","T_HMP60"
"TS","RN","mV","mV","mV","mV","%","Deg C"
"","","Smp","Smp","Smp","Smp","Smp","Smp"
"2020-10-03 02:28:00.4",3697421,-0.008,0.009,0.044,294,36.15,19.32
"2020-10-03 02:28:00.5",3697422,-0.008,0.009,0.044,294,36.14,19.32
"2020-10-03 02:28:00.6",3697423,-0.008,0.009,0.044,294,36.13,19.32
"2020-10-03 02:28:00.7",3697424,-0.008,0.009,0.044,294,36.12,19.32
"2020-10-03 02:28:00.8",3697425,-0.008,0.009,0.044,294,36.12,19.32
"2020-10-03 02:28:00.9",3697426,0.041,0.038,0.044,294.1,36.12,19.32
"2020-10-03 02:28:01",3697427,0.041,0.038,0.044,294.1,36.09,19.32
"2020-10-03 02:28:01.1",3697428,0.041,0.038,0.044,294.1,35.92,19.32
"2020-10-03 02:28:01.2",3697429,0.041,0.038,0.044,294.1,35.79,19.32
"2020-10-03 02:28:01.3",3697430,0.041,0.038,0.044,294.1,35.71,19.32
"2020-10-03 02:28:01.4",3697431,0.032,-0.002,0.044,294.2,35.65,19.32
"2020-10-03 02:28:01.5",3697432,0.032,-0.002,0.044,294.2,35.61,19.32
"2020-10-03 02:28:01.6",3697433,-0.008,-0.002,0.064,294.2,35.59,19.32
"2020-10-03 02:28:01.7",3697434,-0.008,-0.002,0.064,294.2,35.57,19.32
"2020-10-03 02:28:01.8",3697435,-0.008,-0.002,0.064,294.2,35.56,19.32
"2020-10-03 02:28:01.9",3697436,0.012,0.009,0.025,294.2,35.55,19.32
"2020-10-03 02:28:02",3697437,0.012,0.009,0.025,294.2,35.55,19.32
"2020-10-03 02:28:02.1",3697438,0.041,0.038,0.044,294.3,35.54,19.32
"2020-10-03 02:28:02.2",3697439,0.041,0.038,0.044,294.3,35.59,19.38
"2020-10-03 02:28:02.3",3697440,0.041,0.038,0.044,294.3,35.46,19.32
"2020-10-03 02:28:02.4",3697441,0.041,0.038,0.044,294.3,35.33,19.32
"2020-10-03 02:28:02.5",3697442,0.042,0.038,0.045,294.3,35.25,19.32
"2020-10-03 02:28:02.6",3697443,0.012,0.009,0.025,294.2,35.19,19.32
"2020-10-03 02:28:02.7",3697444,0.012,0.009,0.025,294.2,35.15,19.32
"2020-10-03 02:28:02.8",3697445,0.012,0.009,0.025,294.2,35.13,19.32
"2020-10-03 02:28:02.9",3697446,0.012,0.009,0.025,294.2,35.11,19.32
"2020-10-03 02:28:03",3697447,0.012,0.009,0.025,294.2,35.1,19.32
"2020-10-03 02:28:03.1",3697448,0.012,0.009,0.025,294.2,35.09,19.32
"2020-10-03 02:28:03.2",3697449,0.012,0.009,0.025,294.2,35.09,19.32
"2020-10-03 02:28:03.3",3697450,0.012,0.009,0.025,294.2,35.08,19.32
"2020-10-03 02:28:03.4",3697451,0.012,0.009,0.025,294.2,35.08,19.32
"2020-10-03 02:28:03.5",3697452,0.012,0.009,0.025,294.2,35.07,19.33
"2020-10-03 02:28:03.6",3697453,-0.008,0.009,0.044,294.3,35,19.32
"2020-10-03 02:28:03.7",3697454,-0.008,0.009,0.044,294.3,34.94,19.32
"2020-10-03 02:28:03.8",3697455,-0.008,0.009,0.044,294.3,34.9,19.32
"2020-10-03 02:28:03.9",3697456,-0.018,0.048,0.084,294.3,34.87,19.32
"2020-10-03 02:28:04",3697457,-0.018,0.048,0.084,294.3,34.85,19.32
"2020-10-03 02:28:04.1",3697458,-0.018,0.048,0.084,294.3,34.84,19.32
"2020-10-03 02:28:04.2",3697459,-0.018,0.048,0.084,294.3,34.83,19.32
"2020-10-03 02:28:04.3",3697460,-0.018,0.048,0.083,294.3,34.83,19.32
"2020-10-03 02:28:04.4",3697461,-0.008,0.048,0.074,294.3,34.82,19.32
"2020-10-03 02:28:04.5",3697462,-0.008,0.048,0.074,294.3,34.82,19.32
"2020-10-03 02:28:04.6",3697463,0.012,0.009,0.093,294.3,34.82,19.32
"2020-10-03 02:28:04.7",3697464,0.012,0.009,0.093,294.3,34.87,19.36
"2020-10-03 02:28:04.8",3697465,0.012,0.009,0.093,294.3,34.8,19.32
"2020-10-03 02:28:04.9",3697466,0.012,0.009,0.093,294.3,34.77,19.32
"2020-10-03 02:28:05",3697467,0.012,0.009,0.093,294.3,34.75,19.32
"2020-10-03 02:28:05.1",3697468,-0.008,0.048,0.074,294.3,34.74,19.32
"2020-10-03 02:28:05.2",3697469,-0.008,0.048,0.074,294.3,34.73,19.32
"2020-10-03 02:28:05.3",3697470,-0.008,0.047,0.074,294.3,34.73,19.32
"2020-10-03 02:28:05.4",3697471,0.012,0.009,0.025,294.2,34.72,19.32
"2020-10-03 02:28:05.5",3697472,0.012,0.009,0.025,294.2,34.72,19.32
"2020-10-03 02:28:05.6",3697473,-0.008,0.009,0.044,294.3,34.72,19.32
"2020-10-03 02:28:05.7",3697474,-0.008,0.009,0.044,294.3,34.72,19.32
"2020-10-03 02:28:05.8",3697475,-0.008,0.009,0.044,294.3,34.72,19.32
"2020-10-03 02:28:05.9",3697476,-0.008,0.009,0.044,294.3,34.71,19.32
"2020-10-03 02:28:06",3697477,-0.008,0.009,0.044,294.3,34.71,19.35
"2020-10-03 02:28:06.1",3697478,-0.028,0.048,0.025,294.3,34.7,19.32
"2020-10-03 02:28:06.2",3697479,-0.028,0.048,0.025,294.3,34.69,19.32
"2020-10-03 02:28:06.3",3697480,-0.028,0.048,0.025,294.3,34.69,19.32
"2020-10-03 02:28:06.4",3697481,-0.047,0.009,-0.006,294.3,34.68,19.32
"2020-10-03 02:28:06.5",3697482,-0.047,0.009,-0.006,294.3,34.68,19.32
"2020-10-03 02:28:06.6",3697483,-0.027,-0.002,0.025,294.3,34.68,19.32
"2020-10-03 02:28:06.7",3697484,-0.028,-0.002,0.025,294.3,34.68,19.32
"2020-10-03 02:28:06.8",3697485,-0.028,-0.002,0.025,294.3,34.68,19.32
"2020-10-03 02:28:06.9",3697486,-0.008,0.009,0.044,294.3,34.67,19.32
"2020-10-03 02:28:07",3697487,-0.008,0.009,0.044,294.3,34.68,19.32
"2020-10-03 02:28:07.1",3697488,-0.028,-0.002,0.025,294.3,34.68,19.32
"2020-10-03 02:28:07.2",3697489,-0.028,-0.002,0.025,294.3,34.73,19.33
"2020-10-03 02:28:07.3",3697490,-0.028,-0.002,0.025,294.3,34.73,19.32
"2020-10-03 02:28:07.4",3697491,-0.028,-0.002,0.025,294.3,34.86,19.32
"2020-10-03 02:28:07.5",3697492,-0.028,-0.002,0.025,294.3,34.96,19.32
"2020-10-03 02:28:07.6",3697493,-0.028,-0.002,0.025,294.3,35.02,19.32
"2020-10-03 02:28:07.7",3697494,-0.028,-0.002,0.025,294.3,35.07,19.32
"2020-10-03 02:28:07.8",3697495,-0.028,-0.002,0.025,294.3,35.1,19.32
"2020-10-03 02:28:07.9",3697496,-0.047,0.009,-0.006,294.3,35.11,19.32
"2020-10-03 02:28:08",3697497,-0.047,0.009,-0.006,294.3,35.13,19.32
"2020-10-03 02:28:08.1",3697498,-0.028,0.048,0.025,294.4,35.14,19.32
"2020-10-03 02:28:08.2",3697499,-0.027,0.048,0.025,294.4,35.14,19.32
"2020-10-03 02:28:08.3",3697500,-0.027,0.048,0.025,294.4,35.15,19.32
"2020-10-03 02:28:08.4",3697501,-0.067,-0.002,-0.016,294.4,35.15,19.32
"2020-10-03 02:28:08.5",3697502,-0.066,-0.002,-0.016,294.4,35.16,19.35
"2020-10-03 02:28:08.6",3697503,-0.008,0.009,-0.016,294.4,35.34,19.32
"2020-10-03 02:28:08.7",3697504,-0.008,0.009,-0.016,294.4,35.52,19.32
"2020-10-03 02:28:08.8",3697505,-0.008,0.009,-0.016,294.4,35.64,19.32
"2020-10-03 02:28:08.9",3697506,-0.008,0.038,-0.006,294.4,35.73,19.32
"2020-10-03 02:28:09",3697507,-0.008,0.038,-0.006,294.4,35.78,19.32
"2020-10-03 02:28:09.1",3697508,-0.008,0.038,-0.006,294.4,35.82,19.32
"2020-10-03 02:28:09.2",3697509,-0.008,0.038,-0.006,294.4,35.84,19.32
"2020-10-03 02:28:09.3",3697510,-0.008,0.038,-0.006,294.4,35.86,19.32
"2020-10-03 02:28:09.4",3697511,-0.008,0.087,-0.016,294.4,35.87,19.32
"2020-10-03 02:28:09.5",3697512,-0.008,0.087,-0.016,294.4,35.88,19.32
"2020-10-03 02:28:09.6",3697513,-0.008,0.038,-0.006,294.4,35.88,19.32
"2020-10-03 02:28:09.7",3697514,-0.008,0.038,-0.006,294.4,35.93,19.32
"2020-10-03 02:28:09.8",3697515,-0.008,0.038,-0.006,294.4,35.94,19.32
"2020-10-03 02:28:09.9",3697516,0.032,0.038,0.044,294.4,36.09,19.32
"2020-10-03 02:28:10",3697517,0.032,0.038,0.044,294.4,36.2,19.32
"2020-10-03 02:28:10.1",3697518,0.032,0.038,0.044,294.4,36.28,19.32
"2020-10-03 02:28:10.2",3697519,0.032,0.038,0.044,294.4,36.33,19.32
"2020-10-03 02:28:10.3",3697520,0.032,0.038,0.044,294.4,36.37,19.32
"2020-10-03 02:28:10.4",3697521,0.032,0.038,0.045,294.4,36.39,19.32
"2020-10-03 02:28:10.5",3697522,0.032,0.038,0.044,294.4,36.4,19.32
"2020-10-03 02:28:10.6",3697523,0.061,0.038,0.005,294.5,36.41,19.32
"2020-10-03 02:28:10.7",3697524,0.061,0.038,0.006,294.5,36.42,19.32
"2020-10-03 02:28:10.8",3697525,0.061,0.038,0.005,294.5,36.42,19.32
"2020-10-03 02:28:10.9",3697526,0.061,0.038,0.005,294.5,36.43,19.32
"2020-10-03 02:28:11",3697527,0.061,0.038,0.005,294.5,36.46,19.37
"2020-10-03 02:28:11.1",3697528,-0.008,0.077,0.044,294.5,36.4,19.32
"2020-10-03 02:28:11.2",3697529,-0.008,0.077,0.044,294.5,36.37,19.32
"2020-10-03 02:28:11.3",3697530,-0.008,0.077,0.044,294.5,36.36,19.32
"2020-10-03 02:28:11.4",3697531,-0.008,0.077,0.044,294.5,36.34,19.32
"2020-10-03 02:28:11.5",3697532,-0.008,0.077,0.044,294.5,36.33,19.32
"2020-10-03 02:28:11.6",3697533,-0.008,-0.002,0.044,294.5,36.33,19.32
"2020-10-03 02:28:11.7",3697534,-0.008,-0.002,0.044,294.5,36.32,19.32
"2020-10-03 02:28:11.8",3697535,-0.008,-0.002,0.044,294.5,36.32,19.32
"2020-10-03 02:28:11.9",3697536,-0.008,0.028,-0.006,294.5,36.32,19.32
"2020-10-03 02:28:12",3697537,-0.008,0.028,-0.006,294.5,36.32,19.32
"2020-10-03 02:28:12.1",3697538,-0.037,0.028,0.005,294.5,36.32,19.32
"2020-10-03 02:28:12.2",3697539,-0.037,0.028,0.005,294.5,36.34,19.32
"2020-10-03 02:28:12.3",3697540,-0.037,0.028,0.005,294.5,36.28,19.32
"2020-10-03 02:28:12.4",3697541,-0.008,-0.002,0.044,294.5,36.12,19.32
"2020-10-03 02:28:12.5",3697542,-0.008,-0.002,0.044,294.5,36.01,19.32
"2020-10-03 02:28:12.6",3697543,-0.008,-0.012,0.064,294.5,35.93,19.32
"2020-10-03 02:28:12.7",3697544,-0.008,-0.012,0.064,294.5,35.88,19.32
"2020-10-03 02:28:12.8",3697545,-0.008,-0.012,0.064,294.5,35.85,19.32
"2020-10-03 02:28:12.9",3697546,0.032,-0.012,0.044,294.5,35.82,19.32
"2020-10-03 02:28:13",3697547,0.032,-0.012,0.044,294.5,35.81,19.32
"2020-10-03 02:28:13.1",3697548,0.061,-0.012,0.006,294.5,35.8,19.32
"2020-10-03 02:28:13.2",3697549,0.061,-0.012,0.005,294.5,35.79,19.32
"2020-10-03 02:28:13.3",3697550,0.061,-0.012,0.005,294.5,35.78,19.32
"2020-10-03 02:28:13.4",3697551,0.061,-0.041,-0.006,294.5,35.78,19.32
"2020-10-03 02:28:13.5",3697552,0.061,-0.041,-0.006,294.5,35.81,19.38
"2020-10-03 02:28:13.6",3697553,0.032,-0.08,0.044,294.4,35.7,19.32
"2020-10-03 02:28:13.7",3697554,0.032,-0.08,0.044,294.4,35.61,19.32
"2020-10-03 02:28:13.8",3697555,0.032,-0.08,0.045,294.4,35.55,19.32
"2020-10-03 02:28:13.9",3697556,0.012,-0.041,0.025,294.4,35.5,19.32
"2020-10-03 02:28:14",3697557,0.012,-0.041,0.025,294.4,35.47,19.32
"2020-10-03 02:28:14.1",3697558,-0.008,-0.002,-0.006,294.4,35.45,19.32
"2020-10-03 02:28:14.2",3697559,-0.008,-0.002,-0.006,294.4,35.44,19.32
"2020-10-03 02:28:14.3",3697560,-0.008,-0.002,-0.006,294.4,35.43,19.32
"2020-10-03 02:28:14.4",3697561,-0.008,-0.002,-0.006,294.4,35.43,19.32
"2020-10-03 02:28:14.5",3697562,-0.008,-0.002,-0.006,294.4,35.42,19.32
"2020-10-03 02:28:14.6",3697563,-0.008,-0.002,-0.065,294.4,35.42,19.32
"2020-10-03 02:28:14.7",3697564,-0.008,-0.002,-0.064,294.4,35.42,19.32
"2020-10-03 02:28:14.8",3697565,-0.008,-0.002,-0.064,294.4,35.41,19.32
"2020-10-03 02:28:14.9",3697566,-0.008,-0.002,-0.065,294.4,35.38,19.32
"2020-10-03 02:28:15",3697567,-0.008,-0.002,-0.064,294.4,35.36,19.32
"2020-10-03 02:28:15.1",3697568,0.012,-0.041,-0.035,294.3,35.35,19.32
"2020-10-03 02:28:15.2",3697569,0.012,-0.041,-0.035,294.3,35.34,19.32
"2020-10-03 02:28:15.3",3697570,0.012,-0.041,-0.035,294.3,35.33,19.32
"2020-10-03 02:28:15.4",3697571,0.051,-0.051,-0.055,294.3,35.32,19.32
"2020-10-03 02:28:15.5",3697572,0.051,-0.051,-0.055,294.3,35.32,19.32
"2020-10-03 02:28:15.6",3697573,0.051,-0.051,-0.055,294.3,35.32,19.32
"2020-10-03 02:28:15.7",3697574,0.051,-0.051,-0.055,294.3,35.32,19.32
"2020-10-03 02:28:15.8",3697575,0.051,-0.051,-0.055,294.3,35.32,19.32
"2020-10-03 02:28:15.9",3697576,0.022,-0.002,-0.016,294.4,35.32,19.32
"2020-10-03 02:28:16",3697577,0.022,-0.002,-0.016,294.4,35.34,19.38
"2020-10-03 02:28:16.1",3697578,0.051,0.019,-0.006,294.3,35.3,19.32
"2020-10-03 02:28:16.2",3697579,0.051,0.018,-0.006,294.3,35.29,19.32
"2020-10-03 02:28:16.3",3697580,0.051,0.018,-0.006,294.3,35.28,19.32
"2020-10-03 02:28:16.4",3697581,0.051,0.019,-0.006,294.4,35.27,19.32
"2020-10-03 02:28:16.5",3697582,0.051,0.019,-0.006,294.4,35.26,19.32
"2020-10-03 02:28:16.6",3697583,0.124,-0.012,-0.006,294.4,35.26,19.32
"2020-10-03 02:28:16.7",3697584,0.124,-0.012,-0.006,294.4,35.26,19.32
"2020-10-03 02:28:16.8",3697585,0.124,-0.012,-0.006,294.4,35.26,19.32
"2020-10-03 02:28:16.9",3697586,0.022,-0.002,-0.016,294.5,35.26,19.32
"2020-10-03 02:28:17",3697587,0.022,-0.002,-0.016,294.5,35.26,19.32
"2020-10-03 02:28:17.1",3697588,0.061,-0.041,-0.006,294.6,35.26,19.32
"2020-10-03 02:28:17.2",3697589,0.061,-0.041,-0.006,294.6,35.26,19.32
"2020-10-03 02:28:17.3",3697590,0.061,-0.041,-0.006,294.6,35.25,19.32
"2020-10-03 02:28:17.4",3697591,0.061,-0.041,-0.006,294.5,35.25,19.32
"2020-10-03 02:28:17.5",3697592,0.061,-0.041,-0.006,294.5,35.24,19.32
"2020-10-03 02:28:17.6",3697593,0.061,-0.041,-0.006,294.4,35.24,19.32
"2020-10-03 02:28:17.7",3697594,0.061,-0.041,-0.006,294.4,35.24,19.32
"2020-10-03 02:28:17.8",3697595,0.061,-0.041,-0.006,294.4,35.24,19.32
"2020-10-03 02:28:17.9",3697596,0.071,-0.08,0.025,294.5,35.24,19.32
"2020-10-03 02:28:18",3697597,0.071,-0.08,0.025,294.4,35.24,19.32
"2020-10-03 02:28:18.1",3697598,0.071,-0.08,0.025,294.5,35.24,19.32
"2020-10-03 02:28:18.2",3697599,0.071,-0.08,0.025,294.5,35.24,19.32
"2020-10-03 02:28:18.3",3697600,0.071,-0.08,0.025,294.4,35.23,19.32
"2020-10-03 02:28:18.4",3697601,-0.008,-0.012,0.064,294.5,35.23,19.32
"2020-10-03 02:28:18.5",3697602,-0.008,-0.012,0.064,294.5,35.28,19.38
"2020-10-03 02:28:18.6",3697603,0.002,-0.002,0.083,294.5,35.23,19.32
"2020-10-03 02:28:18.7",3697604,0.002,-0.002,0.084,294.5,35.22,19.32
"2020-10-03 02:28:18.8",3697605,0.002,-0.002,0.084,294.5,35.21,19.32
"2020-10-03 02:28:18.9",3697606,0.032,-0.012,0.118,294.5,35.2,19.32
"2020-10-03 02:28:19",3697607,0.032,-0.012,0.118,294.5,35.2,19.32
"2020-10-03 02:28:19.1",3697608,0.032,0.038,0.118,294.6,35.2,19.32
"2020-10-03 02:28:19.2",3697609,0.032,0.038,0.118,294.6,35.2,19.32
"2020-10-03 02:28:19.3",3697610,0.031,0.038,0.117,294.6,35.2,19.32
"2020-10-03 02:28:19.4",3697611,0.032,-0.012,0.044,294.5,35.2,19.32
"2020-10-03 02:28:19.5",3697612,0.032,-0.012,0.044,294.5,35.2,19.32
"2020-10-03 02:28:19.6",3697613,0.032,-0.012,0.044,294.5,35.2,19.32
"2020-10-03 02:28:19.7",3697614,0.032,-0.012,0.044,294.5,35.19,19.32
"2020-10-03 02:28:19.8",3697615,0.032,-0.012,0.044,294.5,35.19,19.34
"2020-10-03 02:28:19.9",3697616,-0.008,-0.012,0.064,294.5,35.18,19.32
"2020-10-03 02:28:20",3697617,-0.008,-0.012,0.064,294.5,35.16,19.32
"2020-10-03 02:28:20.1",3697618,-0.018,-0.041,0.044,294.5,35.15,19.32
"2020-10-03 02:28:20.2",3697619,-0.018,-0.041,0.044,294.5,35.15,19.32
"2020-10-03 02:28:20.3",3697620,-0.018,-0.041,0.044,294.5,35.14,19.32
"2020-10-03 02:28:20.4",3697621,-0.018,-0.041,0.044,294.5,35.14,19.32
"2020-10-03 02:28:20.5",3697622,-0.018,-0.041,0.044,294.5,35.14,19.32
"2020-10-03 02:28:20.6",3697623,-0.027,-0.002,0.025,294.5,35.14,19.32
"2020-10-03 02:28:20.7",3697624,-0.028,-0.002,0.025,294.5,35.14,19.32
"2020-10-03 02:28:20.8",3697625,-0.028,-0.002,0.025,294.5,35.14,19.32
"2020-10-03 02:28:20.9",3697626,-0.027,-0.002,0.025,294.5,35.13,19.32
"2020-10-03 02:28:21",3697627,-0.027,-0.002,0.025,294.5,35.19,19.37
"2020-10-03 02:28:21.1",3697628,-0.028,-0.002,0.025,294.5,35.12,19.32
"2020-10-03 02:28:21.2",3697629,-0.027,-0.002,0.025,294.5,35.1,19.32
"2020-10-03 02:28:21.3",3697630,-0.028,-0.002,0.025,294.5,35.09,19.32
"2020-10-03 02:28:21.4",3697631,-0.028,-0.002,0.025,294.5,35.08,19.32
"2020-10-03 02:28:21.5",3697632,-0.028,-0.002,0.025,294.5,35.07,19.32
"2020-10-03 02:28:21.6",3697633,-0.008,-0.002,0.044,294.5,35.06,19.32
"2020-10-03 02:28:21.7",3697634,-0.008,-0.002,0.044,294.5,35.06,19.32
"2020-10-03 02:28:21.8",3697635,-0.008,-0.002,0.044,294.5,35.06,19.32
"2020-10-03 02:28:21.9",3697636,-0.008,-0.012,0.064,294.5,35.06,19.32
"2020-10-03 02:28:22",3697637,-0.008,-0.012,0.064,294.5,35.06,19.32
"2020-10-03 02:28:22.1",3697638,-0.028,-0.06,0.015,294.5,35.06,19.32
"2020-10-03 02:28:22.2",3697639,-0.028,-0.061,0.015,294.5,35.06,19.32
"2020-10-03 02:28:22.3",3697640,-0.028,-0.061,0.015,294.5,35.05,19.35
"2020-10-03 02:28:22.4",3697641,-0.027,-0.061,0.015,294.5,35.03,19.32
"2020-10-03 02:28:22.5",3697642,-0.027,-0.06,0.015,294.5,35.01,19.32
"2020-10-03 02:28:22.6",3697643,-0.018,-0.041,0.044,294.5,35,19.32
"2020-10-03 02:28:22.7",3697644,-0.018,-0.041,0.044,294.5,34.99,19.32
"2020-10-03 02:28:22.8",3697645,-0.018,-0.041,0.044,294.5,34.99,19.32
"2020-10-03 02:28:22.9",3697646,-0.027,-0.061,0.015,294.5,34.98,19.32
"2020-10-03 02:28:23",3697647,-0.028,-0.061,0.015,294.5,34.98,19.32
"2020-10-03 02:28:23.1",3697648,-0.018,-0.124,0.054,294.5,34.98,19.32
"2020-10-03 02:28:23.2",3697649,-0.018,-0.124,0.054,294.5,34.98,19.32
"2020-10-03 02:28:23.3",3697650,-0.018,-0.124,0.054,294.5,34.98,19.32
"2020-10-03 02:28:23.4",3697651,-0.018,-0.08,0.074,294.5,34.97,19.32
"2020-10-03 02:28:23.5",3697652,-0.018,-0.08,0.074,294.5,35.03,19.34
"2020-10-03 02:28:23.6",3697653,-0.018,-0.08,0.074,294.5,34.97,19.32
"2020-10-03 02:28:23.7",3697654,-0.018,-0.08,0.074,294.5,34.95,19.32
"2020-10-03 02:28:23.8",3697655,-0.018,-0.08,0.074,294.5,34.94,19.32
"2020-10-03 02:28:23.9",3697656,-0.018,-0.124,0.054,294.5,34.93,19.32
"2020-10-03 02:28:24",3697657,-0.018,-0.124,0.054,294.5,34.93,19.32
"2020-10-03 02:28:24.1",3697658,-0.018,-0.08,0.074,294.5,34.92,19.32
"2020-10-03 02:28:24.2",3697659,-0.018,-0.08,0.074,294.5,34.92,19.32
"2020-10-03 02:28:24.3",3697660,-0.018,-0.08,0.073,294.4,34.92,19.32
"2020-10-03 02:28:24.4",3697661,0.022,-0.114,0.025,294.5,34.92,19.32
"2020-10-03 02:28:24.5",3697662,0.022,-0.115,0.025,294.5,34.92,19.32
"2020-10-03 02:28:24.6",3697663,0.061,-0.114,-0.006,294.5,34.92,19.32
"2020-10-03 02:28:24.7",3697664,0.061,-0.114,-0.006,294.5,34.91,19.32
"2020-10-03 02:28:24.8",3697665,0.061,-0.114,-0.006,294.5,34.91,19.35
"2020-10-03 02:28:24.9",3697666,-0.018,-0.124,0.054,294.5,34.9,19.32
"2020-10-03 02:28:25",3697667,-0.018,-0.124,0.054,294.5,34.88,19.32
"2020-10-03 02:28:25.1",3697668,-0.018,-0.125,0.054,294.5,34.87,19.32
"2020-10-03 02:28:25.2",3697669,-0.018,-0.124,0.054,294.5,34.87,19.32
"2020-10-03 02:28:25.3",3697670,-0.018,-0.125,0.054,294.5,34.86,19.32
"2020-10-03 02:28:25.4",3697671,-0.018,-0.08,0.074,294.4,34.86,19.32
"2020-10-03 02:28:25.5",3697672,-0.018,-0.08,0.074,294.5,34.86,19.32
"2020-10-03 02:28:25.6",3697673,0.032,-0.08,0.045,294.4,34.86,19.32
"2020-10-03 02:28:25.7",3697674,0.032,-0.08,0.044,294.4,34.86,19.32
"2020-10-03 02:28:25.8",3697675,0.032,-0.08,0.044,294.4,34.85,19.32
"2020-10-03 02:28:25.9",3697676,-0.018,-0.08,0.074,294.5,34.85,19.32
"2020-10-03 02:28:26",3697677,-0.018,-0.08,0.074,294.5,34.9,19.32
"2020-10-03 02:28:26.1",3697678,-0.018,-0.08,0.074,294.5,34.85,19.32
"2020-10-03 02:28:26.2",3697679,-0.018,-0.08,0.074,294.5,34.84,19.32
"2020-10-03 02:28:26.3",3697680,-0.018,-0.08,0.074,294.4,34.83,19.32
"2020-10-03 02:28:26.4",3697681,0.022,-0.124,0.093,294.4,34.83,19.32
"2020-10-03 02:28:26.5",3697682,0.022,-0.124,0.093,294.4,34.82,19.32
"2020-10-03 02:28:26.6",3697683,0.032,-0.08,0.117,294.4,34.82,19.32
"2020-10-03 02:28:26.7",3697684,0.032,-0.08,0.118,294.4,34.82,19.32
"2020-10-03 02:28:26.8",3697685,0.032,-0.08,0.118,294.4,34.82,19.32
"2020-10-03 02:28:26.9",3697686,-0.008,-0.002,0.074,294.4,34.82,19.32
"2020-10-03 02:28:27",3697687,-0.008,-0.002,0.074,294.4,34.81,19.32
"2020-10-03 02:28:27.1",3697688,-0.018,-0.041,0.045,294.4,34.81,19.32
"2020-10-03 02:28:27.2",3697689,-0.018,-0.041,0.044,294.4,34.81,19.32
"2020-10-03 02:28:27.3",3697690,-0.018,-0.041,0.044,294.4,34.84,19.37
"2020-10-03 02:28:27.4",3697691,-0.018,-0.041,0.044,294.4,34.81,19.32
"2020-10-03 02:28:27.5",3697692,-0.018,-0.041,0.044,294.4,34.8,19.32
"2020-10-03 02:28:27.6",3697693,-0.008,-0.012,0.064,294.5,34.79,19.32
"2020-10-03 02:28:27.7",3697694,-0.008,-0.012,0.064,294.5,34.78,19.32
"2020-10-03 02:28:27.8",3697695,-0.008,-0.012,0.064,294.4,34.78,19.32
"2020-10-03 02:28:27.9",3697696,0.002,-0.051,0.083,294.5,34.78,19.32
"2020-10-03 02:28:28",3697697,0.003,-0.051,0.084,294.5,34.78,19.32
"2020-10-03 02:28:28.1",3697698,-0.008,-0.012,0.064,294.5,34.78,19.32
"2020-10-03 02:28:28.2",3697699,-0.008,-0.012,0.064,294.5,34.77,19.32
"2020-10-03 02:28:28.3",3697700,-0.008,-0.012,0.064,294.5,34.77,19.32
"2020-10-03 02:28:28.4",3697701,0.012,-0.041,0.025,294.4,34.77,19.32
"2020-10-03 02:28:28.5",3697702,0.012,-0.041,0.025,294.4,34.8,19.32
"2020-10-03 02:28:28.6",3697703,-0.018,-0.041,0.044,294.4,34.77,19.32
"2020-10-03 02:28:28.7",3697704,-0.018,-0.041,0.044,294.4,34.75,19.32
"2020-10-03 02:28:28.8",3697705,-0.018,-0.041,0.044,294.4,34.74,19.32
"2020-10-03 02:28:28.9",3697706,-0.018,-0.041,0.045,294.4,34.73,19.32
"2020-10-03 02:28:29",3697707,-0.018,-0.041,0.044,294.4,34.73,19.32
"2020-10-03 02:28:29.1",3697708,-0.018,-0.041,0.044,294.5,34.72,19.32
"2020-10-03 02:28:29.2",3697709,-0.018,-0.041,0.044,294.5,34.72,19.32
"2020-10-03 02:28:29.3",3697710,-0.018,-0.041,0.044,294.5,34.72,19.32
"2020-10-03 02:28:29.4",3697711,-0.018,-0.041,0.044,294.5,34.72,19.32
"2020-10-03 02:28:29.5",3697712,-0.018,-0.041,0.044,294.5,34.72,19.32
"2020-10-03 02:28:29.6",3697713,-0.028,-0.002,0.025,294.5,34.71,19.32
"2020-10-03 02:28:29.7",3697714,-0.028,-0.002,0.025,294.5,34.71,19.32
"2020-10-03 02:28:29.8",3697715,-0.028,-0.002,0.025,294.4,34.75,19.38
"2020-10-03 02:28:29.9",3697716,-0.027,-0.002,0.025,294.5,34.7,19.32
"2020-10-03 02:28:30",3697717,-0.028,-0.002,0.025,294.5,34.69,19.32
"2020-10-03 02:28:30.1",3697718,-0.028,-0.002,0.025,294.5,34.68,19.32
"2020-10-03 02:28:30.2",3697719,-0.028,-0.002,0.025,294.5,34.67,19.32
"2020-10-03 02:28:30.3",3697720,-0.028,-0.002,0.025,294.4,34.66,19.32
"2020-10-03 02:28:30.4",3697721,-0.028,-0.002,0.025,294.5,34.66,19.32
"2020-10-03 02:28:30.5",3697722,-0.027,-0.002,0.025,294.5,34.66,19.32
"2020-10-03 02:28:30.6",3697723,-0.028,-0.002,0.025,294.5,34.66,19.32
"2020-10-03 02:28:30.7",3697724,-0.028,-0.002,0.025,294.4,34.66,19.32
"2020-10-03 02:28:30.8",3697725,-0.028,-0.002,0.025,294.4,34.65,19.32
"2020-10-03 02:28:30.9",3697726,-0.027,-0.002,0.025,294.5,34.65,19.32
"2020-10-03 02:28:31",3697727,-0.028,-0.002,0.025,294.5,34.65,19.32
"2020-10-03 02:28:31.1",3697728,-0.027,-0.002,0.025,294.5,34.65,19.32
"2020-10-03 02:28:31.2",3697729,-0.028,-0.002,0.025,294.5,34.63,19.32
"2020-10-03 02:28:31.3",3697730,-0.028,-0.002,0.025,294.5,34.62,19.32
"2020-10-03 02:28:31.4",3697731,-0.028,-0.002,0.025,294.5,34.61,19.32
"2020-10-03 02:28:31.5",3697732,-0.028,-0.002,0.025,294.5,34.61,19.32
"2020-10-03 02:28:31.6",3697733,-0.028,-0.002,0.025,294.5,34.6,19.32
"2020-10-03 02:28:31.7",3697734,-0.027,-0.002,0.025,294.5,34.6,19.32
"2020-10-03 02:28:31.8",3697735,-0.028,-0.002,0.025,294.5,34.6,19.32
"2020-10-03 02:28:31.9",3697736,-0.028,-0.002,0.025,294.5,34.6,19.32
"2020-10-03 02:28:32",3697737,-0.028,-0.002,0.025,294.5,34.6,19.32
"2020-10-03 02:28:32.1",3697738,-0.028,-0.002,0.025,294.5,34.59,19.32
"2020-10-03 02:28:32.2",3697739,-0.028,-0.002,0.025,294.5,34.59,19.32
"2020-10-03 02:28:32.3",3697740,-0.028,-0.002,0.025,294.5,34.64,19.38
"2020-10-03 02:28:32.4",3697741,-0.028,-0.002,0.025,294.5,34.58,19.32
"2020-10-03 02:28:32.5",3697742,-0.027,-0.002,0.025,294.4,34.56,19.32
"2020-10-03 02:28:32.6",3697743,-0.028,-0.002,0.025,294.4,34.54,19.32
"2020-10-03 02:28:32.7",3697744,-0.027,-0.002,0.025,294.5,34.53,19.32
"2020-10-03 02:28:32.8",3697745,-0.027,-0.002,0.025,294.5,34.53,19.32
"2020-10-03 02:28:32.9",3697746,-0.028,-0.002,0.025,294.5,34.52,19.32
"2020-10-03 02:28:33",3697747,-0.028,-0.002,0.025,294.5,34.52,19.32
"2020-10-03 02:28:33.1",3697748,-0.028,-0.002,0.025,294.5,34.52,19.32
"2020-10-03 02:28:33.2",3697749,-0.028,-0.002,0.025,294.5,34.52,19.32
"2020-10-03 02:28:33.3",3697750,-0.028,-0.002,0.025,294.4,34.52,19.32
"2020-10-03 02:28:33.4",3697751,-0.008,-0.002,0.044,294.5,34.52,19.32
"2020-10-03 02:28:33.5",3697752,-0.008,-0.002,0.044,294.5,34.51,19.32
"2020-10-03 02:28:33.6",3697753,-0.008,-0.002,0.044,294.5,34.51,19.33
"2020-10-03 02:28:33.7",3697754,-0.008,-0.002,0.044,294.5,34.5,19.32
"2020-10-03 02:28:33.8",3697755,-0.008,-0.002,0.044,294.5,34.49,19.32
"2020-10-03 02:28:33.9",3697756,-0.008,-0.002,0.044,294.5,34.49,19.32
"2020-10-03 02:28:34",3697757,-0.008,-0.002,0.044,294.5,34.48,19.32
"2020-10-03 02:28:34.1",3697758,-0.008,-0.002,0.044,294.5,34.48,19.32
"2020-10-03 02:28:34.2",3697759,-0.008,-0.002,0.044,294.5,34.48,19.32
"2020-10-03 02:28:34.3",3697760,-0.008,-0.002,0.045,294.5,34.48,19.32
"2020-10-03 02:28:34.4",3697761,-0.028,-0.002,0.025,294.5,34.48,19.32
"2020-10-03 02:28:34.5",3697762,-0.028,-0.002,0.025,294.4,34.47,19.32
"2020-10-03 02:28:34.6",3697763,0.032,-0.012,0.044,294.5,34.47,19.32
"2020-10-03 02:28:34.7",3697764,0.032,-0.012,0.044,294.5,34.47,19.32
"2020-10-03 02:28:34.8",3697765,0.032,-0.012,0.044,294.5,34.53,19.36
"2020-10-03 02:28:34.9",3697766,0.012,-0.041,0.025,294.5,34.46,19.32
"2020-10-03 02:28:35",3697767,0.012,-0.041,0.025,294.5,34.45,19.32
"2020-10-03 02:28:35.1",3697768,0.012,-0.041,0.025,294.5,34.44,19.32
"2020-10-03 02:28:35.2",3697769,0.012,-0.041,0.025,294.5,34.43,19.32
"2020-10-03 02:28:35.3",3697770,0.012,-0.041,0.025,294.5,34.42,19.32
"2020-10-03 02:28:35.4",3697771,0.012,-0.041,0.025,294.5,34.42,19.32
"2020-10-03 02:28:35.5",3697772,0.012,-0.041,0.025,294.5,34.42,19.32
"2020-10-03 02:28:35.6",3697773,-0.018,-0.041,0.044,294.5,34.42,19.32
"2020-10-03 02:28:35.7",3697774,-0.018,-0.041,0.044,294.5,34.42,19.32
"2020-10-03 02:28:35.8",3697775,-0.018,-0.041,0.044,294.5,34.42,19.32
"2020-10-03 02:28:35.9",3697776,-0.008,-0.012,0.064,294.5,34.41,19.32
"2020-10-03 02:28:36",3697777,-0.008,-0.012,0.064,294.5,34.41,19.32
"2020-10-03 02:28:36.1",3697778,-0.008,-0.012,0.064,294.5,34.41,19.35
"2020-10-03 02:28:36.2",3697779,-0.008,-0.012,0.064,294.5,34.41,19.32
"2020-10-03 02:28:36.3",3697780,-0.008,-0.012,0.064,294.5,34.4,19.32
"2020-10-03 02:28:36.4",3697781,-0.008,-0.012,0.064,294.5,34.4,19.32
"2020-10-03 02:28:36.5",3697782,-0.008,-0.012,0.064,294.5,34.4,19.32
"2020-10-03 02:28:36.6",3697783,-0.008,-0.012,0.064,294.5,34.4,19.32
"2020-10-03 02:28:36.7",3697784,-0.008,-0.012,0.064,294.5,34.4,19.32
"2020-10-03 02:28:36.8",3697785,-0.008,-0.012,0.064,294.5,34.39,19.32
"2020-10-03 02:28:36.9",3697786,-0.008,-0.012,0.064,294.5,34.4,19.32
"2020-10-03 02:28:37",3697787,-0.008,-0.012,0.064,294.5,34.39,19.32
"2020-10-03 02:28:37.1",3697788,-0.018,-0.041,0.045,294.5,34.39,19.32
"2020-10-03 02:28:37.2",3697789,-0.018,-0.041,0.044,294.5,34.39,19.32
"2020-10-03 02:28:37.3",3697790,-0.018,-0.041,0.044,294.5,34.45,19.34
"2020-10-03 02:28:37.4",3697791,-0.018,-0.041,0.044,294.5,34.39,19.32
"2020-10-03 02:28:37.5",3697792,-0.018,-0.041,0.044,294.5,34.39,19.32
"2020-10-03 02:28:37.6",3697793,0.012,-0.041,0.025,294.5,34.38,19.32
"2020-10-03 02:28:37.7",3697794,0.012,-0.041,0.025,294.5,34.38,19.32
"2020-10-03 02:28:37.8",3697795,0.012,-0.041,0.025,294.5,34.38,19.32
"2020-10-03 02:28:37.9",3697796,0.012,-0.041,0.025,294.5,34.38,19.32
"2020-10-03 02:28:38",3697797,0.012,-0.041,0.025,294.5,34.38,19.32
"2020-10-03 02:28:38.1",3697798,-0.028,-0.002,0.025,294.4,34.37,19.32
"2020-10-03 02:28:38.2",3697799,-0.028,-0.002,0.025,294.5,34.37,19.32
"2020-10-03 02:28:38.3",3697800,-0.028,-0.002,0.025,294.4,34.37,19.32
"2020-10-03 02:28:38.4",3697801,-0.028,-0.002,0.025,294.4,34.37,19.32
"2020-10-03 02:28:38.5",3697802,-0.028,-0.002,0.025,294.5,34.37,19.32
"2020-10-03 02:28:38.6",3697803,-0.027,-0.002,0.025,294.4,34.37,19.36
"2020-10-03 02:28:38.7",3697804,-0.028,-0.002,0.025,294.5,34.37,19.32
"2020-10-03 02:28:38.8",3697805,-0.028,-0.002,0.025,294.5,34.36,19.32
"2020-10-03 02:28:38.9",3697806,-0.028,-0.002,0.025,294.5,34.36,19.32
"2020-10-03 02:28:39",3697807,-0.027,-0.002,0.025,294.5,34.36,19.32
"2020-10-03 02:28:39.1",3697808,-0.008,-0.002,-0.006,294.5,34.36,19.32
"2020-10-03 02:28:39.2",3697809,-0.008,-0.002,-0.006,294.5,34.35,19.32
"2020-10-03 02:28:39.3",3697810,-0.008,-0.002,-0.006,294.5,34.35,19.32
"2020-10-03 02:28:39.4",3697811,0.002,-0.002,0.015,294.5,34.35,19.32
"2020-10-03 02:28:39.5",3697812,0.002,-0.002,0.015,294.5,34.35,19.32
"2020-10-03 02:28:39.6",3697813,0.002,-0.002,0.015,294.5,34.35,19.32
"2020-10-03 02:28:39.7",3697814,0.002,-0.002,0.015,294.5,34.35,19.32
"2020-10-03 02:28:39.8",3697815,0.002,-0.002,0.015,294.5,34.4,19.32
"2020-10-03 02:28:39.9",3697816,0.002,-0.002,0.015,294.5,34.35,19.32
"2020-10-03 02:28:40",3697817,0.002,-0.002,0.015,294.5,34.35,19.32
"2020-10-03 02:28:40.1",3697818,0.002,-0.002,0.015,294.5,34.34,19.32
"2020-10-03 02:28:40.2",3697819,0.002,-0.002,0.015,294.5,34.34,19.32
"2020-10-03 02:28:40.3",3697820,0.002,-0.002,0.015,294.5,34.34,19.32
"2020-10-03 02:28:40.4",3697821,-0.008,-0.002,-0.006,294.5,34.34,19.32
"2020-10-03 02:28:40.5",3697822,-0.008,-0.002,-0.006,294.5,34.33,19.32
"2020-10-03 02:28:40.6",3697823,-0.008,-0.002,-0.006,294.5,34.33,19.32
"2020-10-03 02:28:40.7",3697824,-0.008,-0.002,-0.006,294.5,34.33,19.32
"2020-10-03 02:28:40.8",3697825,-0.008,-0.002,-0.006,294.5,34.33,19.32
"2020-10-03 02:28:40.9",3697826,-0.008,-0.002,-0.006,294.5,34.33,19.32
"2020-10-03 02:28:41",3697827,-0.008,-0.002,-0.006,294.5,34.33,19.32
"2020-10-03 02:28:41.1",3697828,-0.008,-0.002,0.044,294.5,34.36,19.36
"2020-10-03 02:28:41.2",3697829,-0.008,-0.002,0.044,294.5,34.33,19.32
"2020-10-03 02:28:41.3",3697830,-0.008,-0.002,0.044,294.5,34.33,19.32
"2020-10-03 02:28:41.4",3697831,-0.008,-0.002,0.044,294.5,34.33,19.32
"2020-10-03 02:28:41.5",3697832,-0.008,-0.002,0.044,294.5,34.33,19.32
"2020-10-03 02:28:41.6",3697833,-0.008,-0.002,-0.006,294.6,34.33,19.32
"2020-10-03 02:28:41.7",3697834,-0.008,-0.002,-0.006,294.6,34.33,19.32
"2020-10-03 02:28:41.8",3697835,-0.008,-0.002,-0.006,294.6,34.33,19.32
"2020-10-03 02:28:41.9",3697836,-0.008,-0.002,-0.006,294.6,34.33,19.32
"2020-10-03 02:28:42",3697837,-0.008,-0.002,-0.006,294.6,34.33,19.32
"2020-10-03 02:28:42.1",3697838,-0.008,-0.002,-0.006,294.6,34.33,19.32
"2020-10-03 02:28:42.2",3697839,-0.008,-0.002,-0.006,294.6,34.33,19.32
"2020-10-03 02:28:42.3",3697840,-0.008,-0.002,-0.006,294.6,34.36,19.32
"2020-10-03 02:28:42.4",3697841,-0.008,-0.002,-0.006,294.6,34.33,19.32
"2020-10-03 02:28:42.5",3697842,-0.008,-0.002,-0.006,294.6,34.33,19.32
"2020-10-03 02:28:42.6",3697843,-0.008,-0.002,-0.006,294.6,34.33,19.32
"2020-10-03 02:28:42.7",3697844,-0.008,-0.002,-0.006,294.6,34.33,19.32
"2020-10-03 02:28:42.8",3697845,-0.008,-0.002,-0.006,294.6,34.33,19.32
"2020-10-03 02:28:42.9",3697846,-0.008,-0.002,-0.006,294.6,34.33,19.32
"2020-10-03 02:28:43",3697847,-0.008,-0.002,-0.006,294.6,34.33,19.32
"2020-10-03 02:28:43.1",3697848,-0.008,-0.002,-0.006,294.6,34.33,19.32
"2020-10-03 02:28:43.2",3697849,-0.008,-0.002,-0.006,294.6,34.33,19.32
"2020-10-03 02:28:43.3",3697850,-0.008,-0.002,-0.006,294.6,34.33,19.32
"2020-10-03 02:28:43.4",3697851,-0.008,-0.002,-0.006,294.6,34.33,19.32
"2020-10-03 02:28:43.5",3697852,-0.008,-0.002,-0.006,294.6,34.33,19.32
"2020-10-03 02:28:43.6",3697853,-0.008,-0.002,-0.006,294.6,34.37,19.38
"2020-10-03 02:28:43.7",3697854,-0.008,-0.002,-0.006,294.6,34.33,19.32
"2020-10-03 02:28:43.8",3697855,-0.008,-0.002,-0.006,294.6,34.33,19.32
"2020-10-03 02:28:43.9",3697856,-0.008,-0.002,-0.006,294.6,34.33,19.32
"2020-10-03 02:28:44",3697857,-0.008,-0.002,-0.006,294.6,34.33,19.32
"2020-10-03 02:28:44.1",3697858,-0.008,-0.002,-0.006,294.6,34.33,19.32
"2020-10-03 02:28:44.2",3697859,-0.008,-0.002,-0.006,294.6,34.33,19.32
"2020-10-03 02:28:44.3",3697860,-0.008,-0.002,-0.006,294.6,34.33,19.32
"2020-10-03 02:28:44.4",3697861,-0.008,-0.002,-0.006,294.6,34.33,19.32
"2020-10-03 02:28:44.5",3697862,-0.008,-0.002,-0.006,294.6,34.33,19.32
"2020-10-03 02:28:44.6",3697863,-0.008,-0.002,-0.006,294.6,34.33,19.32
"2020-10-03 02:28:44.7",3697864,-0.008,-0.002,-0.006,294.6,34.33,19.32
"2020-10-03 02:28:44.8",3697865,-0.008,-0.002,-0.006,294.6,34.33,19.32
"2020-10-03 02:28:44.9",3697866,-0.008,-0.002,-0.006,294.6,34.33,19.32
"2020-10-03 02:28:45",3697867,-0.008,-0.002,-0.006,294.6,34.33,19.32
"2020-10-03 02:28:45.1",3697868,-0.008,-0.002,-0.006,294.6,34.33,19.32
"2020-10-03 02:28:45.2",3697869,-0.008,-0.002,-0.006,294.6,34.33,19.32
"2020-10-03 02:28:45.3",3697870,-0.008,-0.002,-0.006,294.6,34.33,19.32
"2020-10-03 02:28:45.4",3697871,-0.028,-0.002,0.025,294.6,34.33,19.32
"2020-10-03 02:28:45.5",3697872,-0.028,-0.002,0.025,294.6,34.33,19.32
"2020-10-03 02:28:45.6",3697873,-0.027,-0.002,0.025,294.6,34.33,19.32
"2020-10-03 02:28:45.7",3697874,-0.027,-0.002,0.025,294.6,34.33,19.32
"2020-10-03 02:28:45.8",3697875,-0.028,-0.002,0.025,294.6,34.33,19.32
"2020-10-03 02:28:45.9",3697876,-0.027,-0.002,0.025,294.6,34.33,19.32
"2020-10-03 02:28:46",3697877,-0.027,-0.002,0.025,294.6,34.33,19.32
"2020-10-03 02:28:46.1",3697878,-0.027,-0.002,0.025,294.6,34.37,19.38
"2020-10-03 02:28:46.2",3697879,-0.027,-0.002,0.025,294.6,34.33,19.32
"2020-10-03 02:28:46.3",3697880,-0.028,-0.002,0.025,294.6,34.33,19.32
"2020-10-03 02:28:46.4",3697881,-0.028,-0.002,0.025,294.6,34.33,19.32
"2020-10-03 02:28:46.5",3697882,-0.028,-0.002,0.025,294.6,34.33,19.32
"2020-10-03 02:28:46.6",3697883,-0.028,-0.002,0.025,294.6,34.33,19.32
"2020-10-03 02:28:46.7",3697884,-0.027,-0.002,0.025,294.6,34.33,19.32
"2020-10-03 02:28:46.8",3697885,-0.028,-0.002,0.025,294.6,34.33,19.32
"2020-10-03 02:28:46.9",3697886,-0.008,-0.002,-0.006,294.6,34.33,19.32
"2020-10-03 02:28:47",3697887,-0.008,-0.002,-0.006,294.6,34.33,19.32
"2020-10-03 02:28:47.1",3697888,-0.008,-0.002,-0.006,294.6,34.33,19.32
"2020-10-03 02:28:47.2",3697889,-0.008,-0.002,-0.006,294.6,34.33,19.32
"2020-10-03 02:28:47.3",3697890,-0.008,-0.002,-0.006,294.6,34.33,19.32
"2020-10-03 02:28:47.4",3697891,-0.008,-0.002,-0.006,294.6,34.33,19.32
"2020-10-03 02:28:47.5",3697892,-0.008,-0.002,-0.006,294.6,34.33,19.32
"2020-10-03 02:28:47.6",3697893,0.012,0.009,0.025,294.7,34.33,19.32
"2020-10-03 02:28:47.7",3697894,0.012,0.009,0.025,294.7,34.33,19.32
"2020-10-03 02:28:47.8",3697895,0.012,0.009,0.025,294.7,34.33,19.32
"2020-10-03 02:28:47.9",3697896,-0.008,0.009,0.045,294.6,34.33,19.32
"2020-10-03 02:28:48",3697897,-0.008,0.009,0.044,294.6,34.33,19.32
"2020-10-03 02:28:48.1",3697898,-0.008,0.009,0.044,294.6,34.33,19.32
"2020-10-03 02:28:48.2",3697899,-0.008,0.009,0.044,294.6,34.33,19.32
"2020-10-03 02:28:48.3",3697900,-0.008,0.008,0.044,294.6,34.33,19.32
"2020-10-03 02:28:48.4",3697901,-0.008,0.009,0.044,294.6,34.33,19.32
"2020-10-03 02:28:48.5",3697902,-0.008,0.009,0.044,294.6,34.33,19.32
"2020-10-03 02:28:48.6",3697903,-0.008,0.009,0.044,294.6,34.39,19.37
"2020-10-03 02:28:48.7",3697904,-0.008,0.009,0.045,294.6,34.33,19.32
"2020-10-03 02:28:48.8",3697905,-0.008,0.009,0.044,294.6,34.32,19.32
"2020-10-03 02:28:48.9",3697906,-0.008,0.009,0.044,294.6,34.32,19.32
"2020-10-03 02:28:49",3697907,-0.008,0.009,0.044,294.6,34.32,19.32
"2020-10-03 02:28:49.1",3697908,-0.008,0.009,0.044,294.6,34.32,19.32
"2020-10-03 02:28:49.2",3697909,-0.008,0.009,0.044,294.6,34.32,19.32
"2020-10-03 02:28:49.3",3697910,-0.008,0.008,0.044,294.6,34.31,19.32
"2020-10-03 02:28:49.4",3697911,0.012,0.009,0.025,294.7,34.31,19.32
"2020-10-03 02:28:49.5",3697912,0.012,0.009,0.025,294.7,34.31,19.32
"2020-10-03 02:28:49.6",3697913,-0.008,0.009,-0.016,294.7,34.31,19.32
"2020-10-03 02:28:49.7",3697914,-0.008,0.009,-0.016,294.7,34.31,19.32
"2020-10-03 02:28:49.8",3697915,-0.008,0.009,-0.016,294.7,34.31,19.32
"2020-10-03 02:28:49.9",3697916,-0.008,0.009,-0.016,294.7,34.31,19.35
"2020-10-03 02:28:50",3697917,-0.008,0.009,-0.016,294.7,34.31,19.32
"2020-10-03 02:28:50.1",3697918,-0.027,-0.002,0.025,294.6,34.31,19.32
"2020-10-03 02:28:50.2",3697919,-0.028,-0.002,0.025,294.6,34.31,19.32
"2020-10-03 02:28:50.3",3697920,-0.027,-0.002,0.025,294.6,34.31,19.32
"2020-10-03 02:28:50.4",3697921,-0.037,-0.031,-0.006,294.6,34.31,19.32
"2020-10-03 02:28:50.5",3697922,-0.037,-0.031,-0.006,294.6,34.31,19.32
"2020-10-03 02:28:50.6",3697923,-0.037,-0.031,-0.006,294.6,34.31,19.32
"2020-10-03 02:28:50.7",3697924,-0.037,-0.031,-0.006,294.6,34.31,19.32
"2020-10-03 02:28:50.8",3697925,-0.038,-0.031,-0.006,294.6,34.31,19.32
"2020-10-03 02:28:50.9",3697926,-0.028,-0.002,0.025,294.6,34.31,19.32
"2020-10-03 02:28:51",3697927,-0.028,-0.002,0.025,294.6,34.31,19.32
"2020-10-03 02:28:51.1",3697928,-0.027,-0.002,0.025,294.6,34.37,19.34
"2020-10-03 02:28:51.2",3697929,-0.028,-0.002,0.025,294.6,34.31,19.32
"2020-10-03 02:28:51.3",3697930,-0.028,-0.002,0.025,294.6,34.31,19.32
"2020-10-03 02:28:51.4",3697931,-0.028,-0.002,0.025,294.6,34.31,19.32
"2020-10-03 02:28:51.5",3697932,-0.027,-0.002,0.025,294.6,34.31,19.32
"2020-10-03 02:28:51.6",3697933,-0.028,-0.002,0.025,294.6,34.31,19.32
"2020-10-03 02:28:51.7",3697934,-0.028,-0.002,0.025,294.6,34.31,19.32
"2020-10-03 02:28:51.8",3697935,-0.028,-0.002,0.025,294.6,34.31,19.32
"2020-10-03 02:28:51.9",3697936,-0.028,-0.002,0.025,294.6,34.31,19.32
"2020-10-03 02:28:52",3697937,-0.028,-0.002,0.025,294.6,34.31,19.32
"2020-10-03 02:28:52.1",3697938,-0.028,-0.002,0.025,294.6,34.31,19.32
"2020-10-03 02:28:52.2",3697939,-0.028,-0.002,0.025,294.6,34.31,19.32
"2020-10-03 02:28:52.3",3697940,-0.028,-0.002,0.025,294.6,34.31,19.32
"2020-10-03 02:28:52.4",3697941,-0.027,-0.002,0.025,294.6,34.31,19.36
"2020-10-03 02:28:52.5",3697942,-0.028,-0.002,0.025,294.6,34.31,19.32
"2020-10-03 02:28:52.6",3697943,-0.028,-0.002,0.025,294.6,34.31,19.32
"2020-10-03 02:28:52.7",3697944,-0.028,-0.002,0.025,294.6,34.31,19.32
"2020-10-03 02:28:52.8",3697945,-0.028,-0.002,0.025,294.6,34.31,19.32
"2020-10-03 02:28:52.9",3697946,-0.027,-0.002,0.025,294.6,34.31,19.32
"2020-10-03 02:28:53",3697947,-0.027,-0.002,0.025,294.6,34.31,19.32
"2020-10-03 02:28:53.1",3697948,-0.008,-0.002,-0.006,294.6,34.31,19.32
"2020-10-03 02:28:53.2",3697949,-0.008,-0.002,-0.006,294.6,34.31,19.32
"2020-10-03 02:28:53.3",3697950,-0.008,-0.002,-0.006,294.6,34.31,19.32
"2020-10-03 02:28:53.4",3697951,-0.008,-0.002,-0.006,294.6,34.31,19.32
"2020-10-03 02:28:53.5",3697952,-0.008,-0.002,-0.006,294.6,34.31,19.32
"2020-10-03 02:28:53.6",3697953,-0.008,-0.002,-0.006,294.6,34.37,19.32
"2020-10-03 02:28:53.7",3697954,-0.008,-0.002,-0.006,294.6,34.31,19.32
"2020-10-03 02:28:53.8",3697955,-0.008,-0.002,-0.006,294.6,34.31,19.32
"2020-10-03 02:28:53.9",3697956,-0.008,-0.002,-0.006,294.6,34.31,19.32
"2020-10-03 02:28:54",3697957,-0.008,-0.002,-0.006,294.6,34.31,19.32
"2020-10-03 02:28:54.1",3697958,-0.027,-0.002,0.025,294.6,34.31,19.32
"2020-10-03 02:28:54.2",3697959,-0.027,-0.002,0.025,294.6,34.31,19.32
"2020-10-03 02:28:54.3",3697960,-0.028,-0.002,0.025,294.6,34.31,19.32
"2020-10-03 02:28:54.4",3697961,-0.028,-0.002,0.025,294.6,34.31,19.32
"2020-10-03 02:28:54.5",3697962,-0.028,-0.002,0.025,294.6,34.31,19.32
"2020-10-03 02:28:54.6",3697963,-0.008,-0.002,-0.006,294.6,34.31,19.32
"2020-10-03 02:28:54.7",3697964,-0.008,-0.002,-0.006,294.6,34.31,19.32
"2020-10-03 02:28:54.8",3697965,-0.008,-0.002,-0.006,294.6,34.31,19.32
"2020-10-03 02:28:54.9",3697966,0.002,-0.002,0.015,294.6,34.34,19.36
"2020-10-03 02:28:55",3697967,0.002,-0.002,0.015,294.6,34.31,19.32
"2020-10-03 02:28:55.1",3697968,0.002,-0.002,0.015,294.6,34.31,19.32
"2020-10-03 02:28:55.2",3697969,0.002,-0.002,0.015,294.6,34.31,19.32
"2020-10-03 02:28:55.3",3697970,0.002,-0.002,0.015,294.6,34.31,19.32
"2020-10-03 02:28:55.4",3697971,-0.008,-0.012,0.064,294.6,34.31,19.32
"2020-10-03 02:28:55.5",3697972,-0.008,-0.012,0.064,294.6,34.31,19.32
"2020-10-03 02:28:55.6",3697973,-0.008,-0.002,0.044,294.6,34.31,19.32
"2020-10-03 02:28:55.7",3697974,-0.008,-0.002,0.045,294.6,34.31,19.32
"2020-10-03 02:28:55.8",3697975,-0.008,-0.002,0.044,294.6,34.31,19.32
"2020-10-03 02:28:55.9",3697976,-0.008,-0.002,0.045,294.6,34.31,19.32
"2020-10-03 02:28:56",3697977,-0.008,-0.002,0.044,294.6,34.31,19.32
"2020-10-03 02:28:56.1",3697978,-0.057,-0.002,0.064,294.6,34.34,19.32
"2020-10-03 02:28:56.2",3697979,-0.057,-0.002,0.064,294.6,34.31,19.32
"2020-10-03 02:28:56.3",3697980,-0.057,-0.002,0.064,294.6,34.31,19.32
"2020-10-03 02:28:56.4",3697981,-0.057,-0.002,0.064,294.6,34.3,19.32
"2020-10-03 02:28:56.5",3697982,-0.057,-0.002,0.064,294.6,34.3,19.32
"2020-10-03 02:28:56.6",3697983,-0.106,0.087,0.084,294.5,34.3,19.32
"2020-10-03 02:28:56.7",3697984,-0.106,0.087,0.084,294.5,34.3,19.32
"2020-10-03 02:28:56.8",3697985,-0.106,0.087,0.083,294.5,34.29,19.32
"2020-10-03 02:28:56.9",3697986,-0.037,0.038,0.083,294.4,34.29,19.32
"2020-10-03 02:28:57",3697987,-0.037,0.038,0.083,294.4,34.29,19.32
"2020-10-03 02:28:57.1",3697988,-0.086,0.121,0.108,294.4,34.29,19.32
"2020-10-03 02:28:57.2",3697989,-0.086,0.121,0.108,294.4,34.29,19.32
"2020-10-03 02:28:57.3",3697990,-0.086,0.121,0.108,294.4,34.29,19.32
"2020-10-03 02:28:57.4",3697991,-0.047,0.077,0.137,294.3,34.32,19.38
"2020-10-03 02:28:57.5",3697992,-0.047,0.077,0.137,294.3,34.29,19.32
"2020-10-03 02:28:57.6",3697993,-0.086,0.087,0.157,294.5,34.29,19.32
"2020-10-03 02:28:57.7",3697994,-0.086,0.087,0.157,294.4,34.29,19.32
"2020-10-03 02:28:57.8",3697995,-0.086,0.087,0.156,294.4,34.29,19.32
"2020-10-03 02:28:57.9",3697996,-0.13,0.038,0.137,294.6,34.29,19.32
"2020-10-03 02:28:58",3697997,-0.13,0.038,0.137,294.6,34.29,19.32
"2020-10-03 02:28:58.1",3697998,-0.13,0.038,0.137,294.6,34.29,19.32
"2020-10-03 02:28:58.2",3697999,-0.13,0.038,0.137,294.6,34.29,19.32
"2020-10-03 02:28:58.3",3698000,-0.13,0.038,0.137,294.6,34.29,19.32
"2020-10-03 02:28:58.4",3698001,-0.076,0.038,0.118,294.6,34.29,19.32
"2020-10-03 02:28:58.5",3698002,-0.076,0.038,0.118,294.6,34.29,19.32
"2020-10-03 02:28:58.6",3698003,-0.106,-0.002,0.084,294.5,34.29,19.32
"2020-10-03 02:28:58.7",3698004,-0.106,-0.002,0.083,294.5,34.29,19.32
"2020-10-03 02:28:58.8",3698005,-0.106,-0.002,0.083,294.5,34.29,19.32
"2020-10-03 02:28:58.9",3698006,-0.057,-0.002,0.064,294.5,34.28,19.32
"2020-10-03 02:28:59",3698007,-0.057,-0.002,0.064,294.5,34.28,19.32
"2020-10-03 02:28:59.1",3698008,-0.057,0.077,0.064,294.5,34.28,19.32
"2020-10-03 02:28:59.2",3698009,-0.057,0.077,0.064,294.5,34.28,19.32
"2020-10-03 02:28:59.3",3698010,-0.057,0.077,0.064,294.5,34.27,19.32
"2020-10-03 02:28:59.4",3698011,-0.057,0.009,0.074,294.4,34.27,19.32
"2020-10-03 02:28:59.5",3698012,-0.057,0.009,0.074,294.4,34.27,19.32
"2020-10-03 02:28:59.6",3698013,-0.076,-0.002,0.044,294.4,34.27,19.32
"2020-10-03 02:28:59.7",3698014,-0.076,-0.002,0.044,294.4,34.27,19.32
"2020-10-03 02:28:59.8",3698015,-0.076,-0.002,0.044,294.4,34.27,19.32
"2020-10-03 02:28:59.9",3698016,-0.057,0.009,0.074,294.4,34.32,19.38
"2020-10-03 02:29:00",3698017,-0.057,0.009,0.074,294.4,34.27,19.32
"2020-10-03 02:29:00.1",3698018,-0.057,0.009,0.074,294.4,34.26,19.32
"2020-10-03 02:29:00.2",3698019,-0.057,0.009,0.074,294.4,34.26,19.32
"2020-10-03 02:29:00.3",3698020,-0.057,0.009,0.074,294.4,34.26,19.32
