"TOA5","10329","CR6","10329","CR6.Std.09.01 CR6-WIFI.04.00.01","CPU:YOUNG81000_HMP60_10Hz.CR6","51185","Young10Hz_hmp"
"TIMESTAMP","RECORD","U","V","W","TSonic","RH","T_HMP60"
"TS","RN","mV","mV","mV","mV","%","Deg C"
"","","Smp","Smp","Smp","Smp","Smp","Smp"
"2020-10-05 04:04:51",5271687,-10,-10,-10,220,-0.001,-40.01
"2020-10-05 04:04:51.1",5271688,-10,-10,-10,220,-0.001,-40.01
"2020-10-05 04:04:51.2",5271689,-10,-10,-10,220,-0.001,-40.01
"2020-10-05 04:04:51.3",5271690,-10,-10,-10,220,-0.001,-40.01
"2020-10-05 04:04:51.4",5271691,-10,-10,-10,220,-0.001,-40.01
"2020-10-05 04:04:51.5",5271692,-10,-10,-10,220,-0.001,-40.01
"2020-10-05 04:04:51.6",5271693,-10,-10,-10,220,-0.001,-40.01
"2020-10-05 04:04:51.7",5271694,-10,-10,-10,220,-0.001,-40.01
"2020-10-05 04:04:51.8",5271695,-10,-10,-10,220,-0.001,-40.01
"2020-10-05 04:04:51.9",5271696,-10,-10,-10,220,-0.001,-40.01
"2020-10-05 04:04:52",5271697,-10,-10,-10,220,-0.001,-40.01
"2020-10-05 04:04:52.1",5271698,-10,-10,-10,220,-0.001,-40.01
"2020-10-05 04:04:52.2",5271699,-10,-10,-10,220,-0.001,-40.01
"2020-10-05 04:04:52.3",5271700,-10,-10,-10,220,-0.001,-40.01
"2020-10-05 04:04:52.4",5271701,-10,-10,-10,220,-0.001,-40.01
"2020-10-05 04:04:52.5",5271702,-10,-10,-10,220,-0.001,-40.01
"2020-10-05 04:04:52.6",5271703,-10,-10,-10,220,-0.001,-40.01
"2020-10-05 04:04:52.7",5271704,-10,-10,-10,220,-0.001,-40.01
"2020-10-05 04:04:52.8",5271705,-10,-10,-10,220,-0.001,-40.01
"2020-10-05 04:04:52.9",5271706,-10,-10,-10,220,-0.001,-40.01
"2020-10-05 04:04:53",5271707,-10,-10,-10,220,-0.001,-40.01
"2020-10-05 04:04:53.1",5271708,-10,-10,-10,220,-0.001,-40.01
"2020-10-05 04:04:53.2",5271709,-10,-10,-10,220,-0.001,-40.01
"2020-10-05 04:04:53.3",5271710,-10,-10,-10,220,-0.001,-40.01
"2020-10-05 04:04:53.4",5271711,-10,-10,-10,220,-0.001,-40.01
"2020-10-05 04:04:53.5",5271712,-10,-10,-10,220,-0.001,-40.01
"2020-10-05 04:04:53.6",5271713,-10,-10,-10,220,-0.001,-40.01
"2020-10-05 04:04:53.7",5271714,-10,-10,-10,220,-0.001,-40.01
"2020-10-05 04:04:53.8",5271715,-10,-10,-10,220,-0.001,-40.01
"2020-10-05 04:04:53.9",5271716,-10,-10,-10,220,-0.001,-40.01
"2020-10-05 04:04:54",5271717,-10,-10,-10,220,-0.001,-40.01
"2020-10-05 04:04:54.1",5271718,-10,-10,-10,220,-0.001,-40.01
"2020-10-05 04:04:54.2",5271719,-10,-10,-10,220,-0.001,-40.01
"2020-10-05 04:04:54.3",5271720,-10,-10,-10,220,-0.001,-40.01
"2020-10-05 04:04:54.4",5271721,-10,-10,-10,220,-0.001,-40.01
"2020-10-05 04:04:54.5",5271722,-10,-10,-10,220,-0.001,-40.01
"2020-10-05 04:04:54.6",5271723,-10,-10,-10,220,-0.001,-40.01
"2020-10-05 04:04:54.7",5271724,-10,-10,-10,220,-0.001,-40.01
"2020-10-05 04:04:54.8",5271725,-10,-10,-10,220,-0.001,-40.01
"2020-10-05 04:04:54.9",5271726,-10,-10,-10,220,-0.001,-40.01
"2020-10-05 04:04:55",5271727,-10,-10,-10,220,-0.001,-40.01
"2020-10-05 04:04:55.1",5271728,-10,-10,-10,220,-0.001,-40.01
"2020-10-05 04:04:55.2",5271729,-10,-10,-10,220,-0.001,-40.01
"2020-10-05 04:04:55.3",5271730,-10,-10,-10,220,-0.001,-40.01
"2020-10-05 04:04:55.4",5271731,-10,-10,-10,220,-0.001,-40.01
"2020-10-05 04:04:55.5",5271732,-10,-10,-10,220,-0.001,-40.01
"2020-10-05 04:04:55.6",5271733,-10,-10,-10,220,-0.001,-40.01
"2020-10-05 04:04:55.7",5271734,-10,-10,-10,220,-0.001,-40.01
"2020-10-05 04:04:55.8",5271735,-10,-10,-10,220,-0.001,-40.01
"2020-10-05 04:04:55.9",5271736,-10,-10,-10,220,-0.001,-40.01
"2020-10-05 04:04:56",5271737,-10,-10,-10,220,-0.001,-40.01
"2020-10-05 04:04:56.1",5271738,-10,-10,-10,220,-0.001,-40.01
"2020-10-05 04:04:56.2",5271739,-10,-10,-10,220,-0.001,-40.01
"2020-10-05 04:04:56.3",5271740,-10,-10,-10,220,-0.001,-40.01
"2020-10-05 04:04:56.4",5271741,-10,-10,-10,220,-0.001,-40.01
"2020-10-05 04:04:56.5",5271742,-10,-10,-10,220,-0.001,-40.01
"2020-10-05 04:04:56.6",5271743,-10,-10,-10,220,-0.001,-40.01
"2020-10-05 04:04:56.7",5271744,-10,-10,-10,220,-0.001,-40.01
"2020-10-05 04:04:56.8",5271745,-10,-10,-10,220,-0.001,-40.01
"2020-10-05 04:04:56.9",5271746,-10,-10,-10,220,-0.001,-40.01
"2020-10-05 04:04:57",5271747,-10,-10,-10,220,-0.001,-40.01
"2020-10-05 04:04:57.1",5271748,-10,-10,-10,220,-0.001,-40.01
"2020-10-05 04:04:57.2",5271749,-10,-10,-10,220,-0.001,-40.01
"2020-10-05 04:04:57.3",5271750,-10,-10,-10,220,-0.001,-40.01
"2020-10-05 04:04:57.4",5271751,-10,-10,-10,220,-0.001,-40.01
"2020-10-05 04:04:57.5",5271752,-10,-10,-10,220,-0.001,-40.01
"2020-10-05 04:04:57.6",5271753,-10,-10,-10,220,-0.001,-40.01
"2020-10-05 04:04:57.7",5271754,-10,-10,-10,220,-0.001,-40.01
"2020-10-05 04:04:57.8",5271755,-10,-10,-10,220,-0.001,-40.01
"2020-10-05 04:04:57.9",5271756,-10,-10,-10,220,-0.001,-40.01
"2020-10-05 04:04:58",5271757,-10,-10,-10,220,-0.001,-40.01
"2020-10-05 04:04:58.1",5271758,-10,-10,-10,220,-0.001,-40.01
"2020-10-05 04:04:58.2",5271759,-10,-10,-10,220,-0.001,-40.01
"2020-10-05 04:04:58.3",5271760,-10,-10,-10,220,-0.001,-40.01
"2020-10-05 04:04:58.4",5271761,-10,-10,-10,220,-0.001,-40.01
"2020-10-05 04:04:58.5",5271762,-10,-10,-10,220,-0.001,-40.01
"2020-10-05 04:04:58.6",5271763,-10,-10,-10,220,-0.001,-40.01
"2020-10-05 04:04:58.7",5271764,-10,-10,-10,220,-0.001,-40.01
"2020-10-05 04:04:58.8",5271765,-10,-10,-10,220,-0.001,-40.01
"2020-10-05 04:04:58.9",5271766,-10,-10,-10,220,-0.001,-40.01
"2020-10-05 04:04:59",5271767,-10,-10,-10,220,-0.001,-40.01
"2020-10-05 04:04:59.1",5271768,-10,-10,-10,220,-0.001,-40.01
"2020-10-05 04:04:59.2",5271769,-10,-10,-10,220,-0.001,-40.01
"2020-10-05 04:04:59.3",5271770,-10,-10,-10,220,-0.001,-40.01
"2020-10-05 04:04:59.4",5271771,-10,-10,-10,220,-0.001,-40.01
"2020-10-05 04:04:59.5",5271772,-10,-10,-10,220,-0.001,-40.01
"2020-10-05 04:04:59.6",5271773,-10,-10,-10,220,-0.001,-40.01
"2020-10-05 04:04:59.7",5271774,-10,-10,-10,220,-0.001,-40.01
"2020-10-05 04:04:59.8",5271775,-10,-10,-10,220,-0.001,-40.01
"2020-10-05 04:04:59.9",5271776,-10,-10,-10,220,-0.001,-40.01
"2020-10-05 04:05:00",5271777,-10,-10,-10,220,-0.001,-40.01
"2020-10-05 04:05:00.1",5271778,-10,-10,-10,220,-0.008,-40.02
"2020-10-05 04:05:00.2",5271779,-10,-10,-10,220,-0.008,-40.02
"2020-10-05 04:05:00.3",5271780,-10,-10,-10,220,-0.001,-40.01
"2020-10-05 04:05:00.4",5271781,-10,-10,-10,220,-0.001,-40.01
"2020-10-05 04:05:00.5",5271782,-10,-10,-10,220,-0.001,-40.01
"2020-10-05 04:05:00.6",5271783,-10,-10,-10,220,-0.001,-40.01
"2020-10-05 04:05:00.7",5271784,-10,-10,-10,220,-0.001,-40.01
"2020-10-05 04:05:00.8",5271785,-10,-10,-10,220,-0.001,-40.01
"2020-10-05 04:05:00.9",5271786,-10,-10,-10,220,-0.001,-40.01
"2020-10-05 04:05:01",5271787,-10,-10,-10,220,-0.001,-40.01
"2020-10-05 04:05:01.1",5271788,-10,-10,-10,220,-0.001,-40.01
"2020-10-05 04:05:01.2",5271789,-10,-10,-10,220,-0.001,-40.01
"2020-10-05 04:05:01.3",5271790,-10,-10,-10,220,-0.001,-40.01
"2020-10-05 04:05:01.4",5271791,-10,-10,-10,220,-0.001,-40.01
"2020-10-05 04:05:01.5",5271792,-10,-10,-10,220,-0.001,-40.01
"2020-10-05 04:05:01.6",5271793,-10,-10,-10,220,-0.001,-40.01
"2020-10-05 04:05:01.7",5271794,-10,-10,-10,220,-0.001,-40.01
"2020-10-05 04:05:01.8",5271795,-10,-10,-10,220,-0.001,-40.01
"2020-10-05 04:05:01.9",5271796,-10,-10,-10,220,-0.001,-40.01
"2020-10-05 04:05:02",5271797,-10,-10,-10,220,-0.001,-40.01
"2020-10-05 04:05:02.1",5271798,-10,-10,-10,220,-0.001,-40.01
"2020-10-05 04:05:02.2",5271799,-10,-10,-10,220,-0.001,-40.01
"2020-10-05 04:05:02.3",5271800,-10,-10,-10,220,-0.001,-40.01
"2020-10-05 04:05:02.4",5271801,-10,-10,-10,220,-0.001,-40.01
"2020-10-05 04:05:02.5",5271802,-10,-10,-10,220,-0.001,-40.01
"2020-10-05 04:05:02.6",5271803,-10,-10,-10,220,-0.001,-40.01
"2020-10-05 04:05:02.7",5271804,-10,-10,-10,220,-0.001,-40.01
"2020-10-05 04:05:02.8",5271805,-10,-10,-10,220,-0.001,-40.01
"2020-10-05 04:05:02.9",5271806,-10,-10,-10,220,-0.001,-40.01
"2020-10-05 04:05:03",5271807,-10,-10,-10,220,-0.001,-40.01
"2020-10-05 04:05:03.1",5271808,-10,-10,-10,220,-0.001,-40.01
"2020-10-05 04:05:03.2",5271809,-10,-10,-10,220,-0.001,-40.01
"2020-10-05 04:05:03.3",5271810,-10,-10,-10,220,-0.001,-40.01
"2020-10-05 04:05:03.4",5271811,-10,-10,-10,220,-0.001,-40.01
"2020-10-05 04:05:03.5",5271812,-10,-10,-10,220,-0.001,-40.01
"2020-10-05 04:05:03.6",5271813,-10,-10,-10,220,-0.001,-40.01
"2020-10-05 04:05:03.7",5271814,-10,-10,-10,220,-0.001,-40.01
"2020-10-05 04:05:03.8",5271815,-10,-10,-10,220,-0.001,-40.01
"2020-10-05 04:05:03.9",5271816,-10,-10,-10,220,-0.001,-40.01
"2020-10-05 04:05:04",5271817,-10,-10,-10,220,-0.001,-40.01
"2020-10-05 04:05:04.1",5271818,-10,-10,-10,220,-0.001,-40.01
"2020-10-05 04:05:04.2",5271819,-10,-10,-10,220,-0.001,-40.01
"2020-10-05 04:05:04.3",5271820,-10,-10,-10,220,-0.001,-40.01
"2020-10-05 04:05:04.4",5271821,-10,-10,-10,220,-0.001,-40.01
"2020-10-05 04:05:04.5",5271822,-10,-10,-10,220,-0.001,-40.01
"2020-10-05 04:05:04.6",5271823,-10,-10,-10,220,-0.001,-40.01
"2020-10-05 04:05:04.7",5271824,-10,-10,-10,220,-0.001,-40.01
"2020-10-05 04:05:04.8",5271825,-10,-10,-10,220,-0.001,-40.01
"2020-10-05 04:05:04.9",5271826,-10,-10,-10,220,-0.001,-40.01
"2020-10-05 04:05:05",5271827,-10,-10,-10,220,-0.001,-40.01
"2020-10-05 04:05:05.1",5271828,-10,-10,-10,220,-0.001,-40.01
"2020-10-05 04:05:05.2",5271829,-10,-10,-10,220,-0.001,-40.01
"2020-10-05 04:05:05.3",5271830,-10,-10,-10,220,-0.001,-40.01
"2020-10-05 04:05:05.4",5271831,-10,-10,-10,220,-0.001,-40.01
"2020-10-05 04:05:05.5",5271832,-10,-10,-10,220,-0.001,-40.01
"2020-10-05 04:05:05.6",5271833,-10,-10,-10,220,-0.001,-40.01
"2020-10-05 04:05:05.7",5271834,-10,-10,-10,220,-0.001,-40.01
"2020-10-05 04:05:05.8",5271835,-10,-10,-10,220,-0.001,-40.01
"2020-10-05 04:05:05.9",5271836,-10,-10,-10,220,-0.001,-40.01
"2020-10-05 04:05:06",5271837,-10,-10,-10,220,-0.001,-40.01
"2020-10-05 04:05:06.1",5271838,-10,-10,-10,220,-0.001,-40.01
"2020-10-05 04:05:06.2",5271839,-10,-10,-10,220,-0.001,-40.01
"2020-10-05 04:05:06.3",5271840,-10,-10,-10,220,-0.001,-40.01
"2020-10-05 04:05:06.4",5271841,-10,-10,-10,220,-0.001,-40.01
"2020-10-05 04:05:06.5",5271842,-10,-10,-10,220,-0.001,-40.01
"2020-10-05 04:05:06.6",5271843,-10,-10,-10,220,-0.001,-40.01
"2020-10-05 04:05:06.7",5271844,-10,-10,-10,220,-0.001,-40.01
"2020-10-05 04:05:06.8",5271845,-10,-10,-10,220,-0.001,-40.01
"2020-10-05 04:05:06.9",5271846,-10,-10,-10,220,-0.001,-40.01
"2020-10-05 04:05:07",5271847,-10,-10,-10,220,-0.001,-40.01
"2020-10-05 04:05:07.1",5271848,-10,-10,-10,220,-0.001,-40.01
"2020-10-05 04:05:07.2",5271849,-10,-10,-10,220,-0.001,-40.01
"2020-10-05 04:05:07.3",5271850,-10,-10,-10,220,-0.001,-40.01
"2020-10-05 04:05:07.4",5271851,-10,-10,-10,220,-0.001,-40.01
"2020-10-05 04:05:07.5",5271852,-10,-10,-10,220,-0.001,-40.01
"2020-10-05 04:05:07.6",5271853,-10,-10,-10,220,-0.001,-40.01
"2020-10-05 04:05:07.7",5271854,-10,-10,-10,220,-0.001,-40.01
"2020-10-05 04:05:07.8",5271855,-10,-10,-10,220,-0.001,-40.01
"2020-10-05 04:05:07.9",5271856,-10,-10,-10,220,-0.001,-40.01
"2020-10-05 04:05:08",5271857,-10,-10,-10,220,-0.001,-40.01
"2020-10-05 04:05:08.1",5271858,-10,-10,-10,220,-0.001,-40.01
"2020-10-05 04:05:08.2",5271859,-10,-10,-10,220,-0.001,-40.01
"2020-10-05 04:05:08.3",5271860,-10,-10,-10,220,-0.001,-40.01
"2020-10-05 04:05:08.4",5271861,-10,-10,-10,220,-0.001,-40.01
"2020-10-05 04:05:08.5",5271862,-10,-10,-10,220,-0.001,-40.01
"2020-10-05 04:05:08.6",5271863,-10,-10,-10,220,-0.001,-40.01
"2020-10-05 04:05:08.7",5271864,-10,-10,-10,220,-0.001,-40.01
"2020-10-05 04:05:08.8",5271865,-10,-10,-10,220,-0.001,-40.01
"2020-10-05 04:05:08.9",5271866,-10,-10,-10,220,-0.001,-40.01
"2020-10-05 04:05:09",5271867,-10,-10,-10,220,-0.001,-40.01
"2020-10-05 04:05:09.1",5271868,-10,-10,-10,220,-0.001,-40.01
"2020-10-05 04:05:09.2",5271869,-10,-10,-10,220,-0.001,-40.01
"2020-10-05 04:05:09.3",5271870,-10,-10,-10,220,-0.001,-40.01
"2020-10-05 04:05:09.4",5271871,-10,-10,-10,220,-0.001,-40.01
"2020-10-05 04:05:09.5",5271872,-10,-10,-10,220,-0.001,-40.01
"2020-10-05 04:05:09.6",5271873,-10,-10,-10,220,-0.001,-40.01
"2020-10-05 04:05:09.7",5271874,-10,-10,-10,220,-0.001,-40.01
"2020-10-05 04:05:09.8",5271875,-10,-10,-10,220,-0.001,-40.01
"2020-10-05 04:05:09.9",5271876,-10,-10,-10,220,-0.001,-40.01
"2020-10-05 04:05:10",5271877,-10,-10,-10,220,-0.001,-40.01
"2020-10-05 04:05:10.1",5271878,-10,-10,-10,220,-0.001,-40.01
"2020-10-05 04:05:10.2",5271879,-10,-10,-10,220,-0.001,-40.01
"2020-10-05 04:05:10.3",5271880,-10,-10,-10,220,-0.001,-40.01
"2020-10-05 04:05:10.4",5271881,-10,-10,-10,220,-0.001,-40.01
"2020-10-05 04:05:10.5",5271882,-10,-10,-10,220,-0.001,-40.01
"2020-10-05 04:05:10.6",5271883,-10,-10,-10,220,-0.001,-40.01
"2020-10-05 04:05:10.7",5271884,-10,-10,-10,220,-0.001,-40.01
"2020-10-05 04:05:10.8",5271885,-10,-10,-10,220,-0.001,-40.01
"2020-10-05 04:05:10.9",5271886,-10,-10,-10,220,-0.001,-40.01
"2020-10-05 04:05:11",5271887,-10,-10,-10,220,-0.001,-40.01
"2020-10-05 04:05:11.1",5271888,-10,-10,-10,220,-0.001,-40.01
"2020-10-05 04:05:11.2",5271889,-10,-10,-10,220,-0.001,-40.01
"2020-10-05 04:05:11.3",5271890,-10,-10,-10,220,-0.001,-40.01
"2020-10-05 04:05:11.4",5271891,-10,-10,-10,220,-0.001,-40.01
"2020-10-05 04:05:11.5",5271892,-10,-10,-10,220,-0.001,-40.01
"2020-10-05 04:05:11.6",5271893,-10,-10,-10,220,-0.001,-40.01
"2020-10-05 04:05:11.7",5271894,-10,-10,-10,220,-0.001,-40.01
"2020-10-05 04:05:11.8",5271895,-10,-10,-10,220,-0.001,-40.01
"2020-10-05 04:05:11.9",5271896,-10,-10,-10,220,-0.001,-40.01
"2020-10-05 04:05:12",5271897,-10,-10,-10,220,-0.001,-40.01
"2020-10-05 04:05:12.1",5271898,-10,-10,-10,220,-0.001,-40.01
"2020-10-05 04:05:12.2",5271899,-10,-10,-10,220,-0.001,-40.01
"2020-10-05 04:05:12.3",5271900,-10,-10,-10,220,-0.001,-40.01
"2020-10-05 04:05:12.4",5271901,-10,-10,-10,220,-0.001,-40.01
"2020-10-05 04:05:12.5",5271902,-10,-10,-10,220,-0.001,-40.01
"2020-10-05 04:05:12.6",5271903,-10,-10,-10,220,-0.001,-40.01
"2020-10-05 04:05:12.7",5271904,-10,-10,-10,220,-0.001,-40.01
"2020-10-05 04:05:12.8",5271905,-10,-10,-10,220,-0.001,-40.01
"2020-10-05 04:05:12.9",5271906,-10,-10,-10,220,-0.001,-40.01
"2020-10-05 04:05:13",5271907,-10,-10,-10,220,-0.001,-40.01
"2020-10-05 04:05:13.1",5271908,-10,-10,-10,220,-0.001,-40.01
"2020-10-05 04:05:13.2",5271909,-10,-10,-10,220,-0.001,-40.01
"2020-10-05 04:05:13.3",5271910,-10,-10,-10,220,-0.001,-40.01
"2020-10-05 04:05:13.4",5271911,-10,-10,-10,220,-0.001,-40.01
"2020-10-05 04:05:13.5",5271912,-10,-10,-10,220,-0.001,-40.01
"2020-10-05 04:05:13.6",5271913,-10,-10,-10,220,-0.001,-40.01
"2020-10-05 04:05:13.7",5271914,-10,-10,-10,220,-0.001,-40.01
"2020-10-05 04:05:13.8",5271915,-10,-10,-10,220,-0.001,-40.01
"2020-10-05 04:05:13.9",5271916,-10,-10,-10,220,-0.001,-40.01
"2020-10-05 04:05:14",5271917,-10,-10,-10,220,-0.001,-40.01
"2020-10-05 04:05:14.1",5271918,-10,-10,-10,220,-0.001,-40.01
"2020-10-05 04:05:14.2",5271919,-10,-10,-10,220,-0.001,-40.01
"2020-10-05 04:05:14.3",5271920,-10,-10,-10,220,-0.001,-40.01
"2020-10-05 04:05:14.4",5271921,-10,-10,-10,220,-0.001,-40.01
"2020-10-05 04:05:14.5",5271922,-10,-10,-10,220,-0.001,-40.01
"2020-10-05 04:05:14.6",5271923,-10,-10,-10,220,-0.001,-40.01
"2020-10-05 04:05:14.7",5271924,-10,-10,-10,220,-0.001,-40.01
"2020-10-05 04:05:14.8",5271925,-10,-10,-10,220,-0.001,-40.01
"2020-10-05 04:05:14.9",5271926,-10,-10,-10,220,-0.001,-40.01
"2020-10-05 04:05:15",5271927,-10,-10,-10,220,-0.001,-40.01
"2020-10-05 04:05:15.1",5271928,-10,-10,-10,220,-0.001,-40.01
"2020-10-05 04:05:15.2",5271929,-10,-10,-10,220,-0.001,-40.01
"2020-10-05 04:05:15.3",5271930,-10,-10,-10,220,-0.001,-40.01
"2020-10-05 04:05:15.4",5271931,-10,-10,-10,220,-0.001,-40.01
"2020-10-05 04:05:15.5",5271932,-10,-10,-10,220,-0.001,-40.01
"2020-10-05 04:05:15.6",5271933,-10,-10,-10,220,-0.001,-40.01
"2020-10-05 04:05:15.7",5271934,-10,-10,-10,220,-0.001,-40.01
"2020-10-05 04:05:15.8",5271935,-10,-10,-10,220,-0.001,-40.01
"2020-10-05 04:05:15.9",5271936,-10,-10,-10,220,-0.001,-40.01
"2020-10-05 04:05:16",5271937,-10,-10,-10,220,-0.001,-40.01
"2020-10-05 04:05:16.1",5271938,-10,-10,-10,220,-0.001,-40.01
"2020-10-05 04:05:16.2",5271939,-10,-10,-10,220,-0.001,-40.01
"2020-10-05 04:05:16.3",5271940,-10,-10,-10,220,-0.001,-40.01
"2020-10-05 04:05:16.4",5271941,-10,-10,-10,220,-0.001,-40.01
"2020-10-05 04:05:16.5",5271942,-10,-10,-10,220,-0.001,-40.01
"2020-10-05 04:05:16.6",5271943,-10,-10,-10,220,-0.001,-40.01
"2020-10-05 04:05:16.7",5271944,-10,-10,-10,220,-0.001,-40.01
"2020-10-05 04:05:16.8",5271945,-10,-10,-10,220,-0.001,-40.01
"2020-10-05 04:05:16.9",5271946,-10,-10,-10,220,-0.001,-40.01
"2020-10-05 04:05:17",5271947,-10,-10,-10,220,-0.001,-40.01
"2020-10-05 04:05:17.1",5271948,-10,-10,-10,220,-0.001,-40.01
"2020-10-05 04:05:17.2",5271949,-10,-10,-10,220,-0.001,-40.01
"2020-10-05 04:05:17.3",5271950,-10,-10,-10,220,-0.001,-40.01
"2020-10-05 04:05:17.4",5271951,-10,-10,-10,220,-0.001,-40.01
"2020-10-05 04:05:17.5",5271952,-10,-10,-10,220,-0.001,-40.01
"2020-10-05 04:05:17.6",5271953,-10,-10,-10,220,-0.001,-40.01
"2020-10-05 04:05:17.7",5271954,-10,-10,-10,220,-0.001,-40.01
"2020-10-05 04:05:17.8",5271955,-10,-10,-10,220,-0.001,-40.01
"2020-10-05 04:05:17.9",5271956,-10,-10,-10,220,-0.001,-40.01
"2020-10-05 04:05:18",5271957,-10,-10,-10,220,-0.001,-40.01
"2020-10-05 04:05:18.1",5271958,-10,-10,-10,220,-0.001,-40.01
"2020-10-05 04:05:18.2",5271959,-10,-10,-10,220,-0.001,-40.01
"2020-10-05 04:05:18.3",5271960,-10,-10,-10,220,-0.001,-40.01
"2020-10-05 04:05:18.4",5271961,-10,-10,-10,220,-0.001,-40.01
"2020-10-05 04:05:18.5",5271962,-10,-10,-10,220,-0.001,-40.01
"2020-10-05 04:05:18.6",5271963,-10,-10,-10,220,-0.001,-40.01
"2020-10-05 04:05:18.7",5271964,-10,-10,-10,220,-0.001,-40.01
"2020-10-05 04:05:18.8",5271965,-10,-10,-10,220,-0.001,-40.01
"2020-10-05 04:05:18.9",5271966,-10,-10,-10,220,-0.001,-40.01
"2020-10-05 04:05:19",5271967,-10,-10,-10,220,-0.001,-40.01
"2020-10-05 04:05:19.1",5271968,-10,-10,-10,220,-0.001,-40.01
"2020-10-05 04:05:19.2",5271969,-10,-10,-10,220,-0.001,-40.01
"2020-10-05 04:05:19.3",5271970,-10,-10,-10,220,-0.001,-40.01
"2020-10-05 04:05:19.4",5271971,-10,-10,-10,220,-0.001,-40.01
"2020-10-05 04:05:19.5",5271972,-10,-10,-10,220,-0.001,-40.01
"2020-10-05 04:05:19.6",5271973,-10,-10,-10,220,-0.001,-40.01
"2020-10-05 04:05:19.7",5271974,-10,-10,-10,220,-0.001,-40.01
"2020-10-05 04:05:19.8",5271975,-10,-10,-10,220,-0.001,-40.01
"2020-10-05 04:05:19.9",5271976,-10,-10,-10,220,-0.001,-40.01
"2020-10-05 04:05:20",5271977,-10,-10,-10,220,-0.001,-40.01
"2020-10-05 04:05:20.1",5271978,-10,-10,-10,220,-0.001,-40.01
"2020-10-05 04:05:20.2",5271979,-10,-10,-10,220,-0.001,-40.01
"2020-10-05 04:05:20.3",5271980,-10,-10,-10,220,-0.001,-40.01
"2020-10-05 04:05:20.4",5271981,-10,-10,-10,220,-0.001,-40.01
"2020-10-05 04:05:20.5",5271982,-10,-10,-10,220,-0.001,-40.01
"2020-10-05 04:05:20.6",5271983,-10,-10,-10,220,-0.001,-40.01
"2020-10-05 04:05:20.7",5271984,-10,-10,-10,220,-0.001,-40.01
"2020-10-05 04:05:20.8",5271985,-10,-10,-10,220,-0.001,-40.01
"2020-10-05 04:05:20.9",5271986,-10,-10,-10,220,-0.001,-40.01
"2020-10-05 04:05:21",5271987,-10,-10,-10,220,-0.001,-40.01
"2020-10-05 04:05:21.1",5271988,-10,-10,-10,220,-0.001,-40.01
"2020-10-05 04:05:21.2",5271989,-10,-10,-10,220,-0.001,-40.01
"2020-10-05 04:05:21.3",5271990,-10,-10,-10,220,-0.001,-40.01
"2020-10-05 04:05:21.4",5271991,-10,-10,-10,220,-0.001,-40.01
"2020-10-05 04:05:21.5",5271992,-10,-10,-10,220,-0.001,-40.01
"2020-10-05 04:05:21.6",5271993,-10,-10,-10,220,-0.001,-40.01
"2020-10-05 04:05:21.7",5271994,-10,-10,-10,220,-0.001,-40.01
"2020-10-05 04:05:21.8",5271995,-10,-10,-10,220,-0.001,-40.01
"2020-10-05 04:05:21.9",5271996,-10,-10,-10,220,-0.001,-40.01
"2020-10-05 04:05:22",5271997,-10,-10,-10,220,-0.001,-40.01
"2020-10-05 04:05:22.1",5271998,-10,-10,-10,220,-0.001,-40.01
"2020-10-05 04:05:22.2",5271999,-10,-10,-10,220,-0.001,-40.01
"2020-10-05 04:05:22.3",5272000,-10,-10,-10,220,-0.001,-40.01
"2020-10-05 04:05:22.4",5272001,-10,-10,-10,220,-0.001,-40.01
"2020-10-05 04:05:22.5",5272002,-10,-10,-10,220,-0.001,-40.01
"2020-10-05 04:05:22.6",5272003,-10,-10,-10,220,-0.001,-40.01
"2020-10-05 04:05:22.7",5272004,-10,-10,-10,220,-0.001,-40.01
"2020-10-05 04:05:22.8",5272005,-10,-10,-10,220,-0.001,-40.01
"2020-10-05 04:05:22.9",5272006,-10,-10,-10,220,-0.001,-40.01
"2020-10-05 04:05:23",5272007,-10,-10,-10,220,-0.001,-40.01
"2020-10-05 04:05:23.1",5272008,-10,-10,-10,220,-0.001,-40.01
"2020-10-05 04:05:23.2",5272009,-10,-10,-10,220,-0.001,-40.01
"2020-10-05 04:05:23.3",5272010,-10,-10,-10,220,-0.001,-40.01
"2020-10-05 04:05:23.4",5272011,-10,-10,-10,220,-0.001,-40.01
"2020-10-05 04:05:23.5",5272012,-10,-10,-10,220,-0.001,-40.01
"2020-10-05 04:05:23.6",5272013,-10,-10,-10,220,-0.001,-40.01
"2020-10-05 04:05:23.7",5272014,-10,-10,-10,220,-0.001,-40.01
"2020-10-05 04:05:23.8",5272015,-10,-10,-10,220,-0.001,-40.01
"2020-10-05 04:05:23.9",5272016,-10,-10,-10,220,-0.001,-40.01
"2020-10-05 04:05:24",5272017,-10,-10,-10,220,-0.001,-40.01
"2020-10-05 04:05:24.1",5272018,-10,-10,-10,220,-0.001,-40.01
"2020-10-05 04:05:24.2",5272019,-10,-10,-10,220,-0.001,-40.01
"2020-10-05 04:05:24.3",5272020,-10,-10,-10,220,-0.001,-40.01
"2020-10-05 04:05:24.4",5272021,-10,-10,-10,220,-0.001,-40.01
"2020-10-05 04:05:24.5",5272022,-10,-10,-10,220,-0.001,-40.01
"2020-10-05 04:05:24.6",5272023,-10,-10,-10,220,-0.001,-40.01
"2020-10-05 04:05:24.7",5272024,-10,-10,-10,220,-0.001,-40.01
"2020-10-05 04:05:24.8",5272025,-10,-10,-10,220,-0.001,-40.01
"2020-10-05 04:05:24.9",5272026,-10,-10,-10,220,-0.001,-40.01
"2020-10-05 04:05:25",5272027,-10,-10,-10,220,-0.001,-40.01
"2020-10-05 04:05:25.1",5272028,-10,-10,-10,220,-0.001,-40.01
"2020-10-05 04:05:25.2",5272029,-10,-10,-10,220,-0.001,-40.01
"2020-10-05 04:05:25.3",5272030,-10,-10,-10,220,-0.001,-40.01
"2020-10-05 04:05:25.4",5272031,-10,-10,-10,220,-0.001,-40.01
"2020-10-05 04:05:25.5",5272032,-10,-10,-10,220,-0.001,-40.01
"2020-10-05 04:05:25.6",5272033,-10,-10,-10,220,-0.001,-40.01
"2020-10-05 04:05:25.7",5272034,-10,-10,-10,220,-0.001,-40.01
"2020-10-05 04:05:25.8",5272035,-10,-10,-10,220,-0.001,-40.01
"2020-10-05 04:05:25.9",5272036,-10,-10,-10,220,-0.001,-40.01
"2020-10-05 04:05:26",5272037,-10,-10,-10,220,-0.001,-40.01
"2020-10-05 04:05:26.1",5272038,-10,-10,-10,220,-0.001,-40.01
"2020-10-05 04:05:26.2",5272039,-10,-10,-10,220,-0.001,-40.01
"2020-10-05 04:05:26.3",5272040,-10,-10,-10,220,-0.001,-40.01
"2020-10-05 04:05:26.4",5272041,-10,-10,-10,220,-0.001,-40.01
"2020-10-05 04:05:26.5",5272042,-10,-10,-10,220,-0.001,-40.01
"2020-10-05 04:05:26.6",5272043,-10,-10,-10,220,-0.001,-40.01
"2020-10-05 04:05:26.7",5272044,-10,-10,-10,220,-0.001,-40.01
"2020-10-05 04:05:26.8",5272045,-10,-10,-10,220,-0.001,-40.01
"2020-10-05 04:05:26.9",5272046,-10,-10,-10,220,-0.001,-40.01
"2020-10-05 04:05:27",5272047,-10,-10,-10,220,-0.001,-40.01
"2020-10-05 04:05:27.1",5272048,-10,-10,-10,220,-0.001,-40.01
"2020-10-05 04:05:27.2",5272049,-10,-10,-10,220,-0.001,-40.01
"2020-10-05 04:05:27.3",5272050,-10,-10,-10,220,-0.001,-40.01
"2020-10-05 04:05:27.4",5272051,-10,-10,-10,220,-0.001,-40.01
"2020-10-05 04:05:27.5",5272052,-10,-10,-10,220,-0.001,-40.01
"2020-10-05 04:05:27.6",5272053,-10,-10,-10,220,-0.001,-40.01
"2020-10-05 04:05:27.7",5272054,-10,-10,-10,220,-0.001,-40.01
"2020-10-05 04:05:27.8",5272055,-10,-10,-10,220,-0.001,-40.01
"2020-10-05 04:05:27.9",5272056,-10,-10,-10,220,-0.001,-40.01
"2020-10-05 04:05:28",5272057,-10,-10,-10,220,-0.001,-40.01
"2020-10-05 04:05:28.1",5272058,-10,-10,-10,220,-0.001,-40.01
"2020-10-05 04:05:28.2",5272059,-10,-10,-10,220,-0.001,-40.01
"2020-10-05 04:05:28.3",5272060,-10,-10,-10,220,-0.001,-40.01
"2020-10-05 04:05:28.4",5272061,-10,-10,-10,220,-0.001,-40.01
"2020-10-05 04:05:28.5",5272062,-10,-10,-10,220,-0.001,-40.01
"2020-10-05 04:05:28.6",5272063,-10,-10,-10,220,-0.001,-40.01
"2020-10-05 04:05:28.7",5272064,-10,-10,-10,220,-0.001,-40.01
"2020-10-05 04:05:28.8",5272065,-10,-10,-10,220,-0.001,-40.01
"2020-10-05 04:05:28.9",5272066,-10,-10,-10,220,-0.001,-40.01
"2020-10-05 04:05:29",5272067,-10,-10,-10,220,-0.001,-40.01
"2020-10-05 04:05:29.1",5272068,-10,-10,-10,220,-0.001,-40.01
"2020-10-05 04:05:29.2",5272069,-10,-10,-10,220,-0.001,-40.01
"2020-10-05 04:05:29.3",5272070,-10,-10,-10,220,-0.001,-40.01
"2020-10-05 04:05:29.4",5272071,-10,-10,-10,220,-0.001,-40.01
"2020-10-05 04:05:29.5",5272072,-10,-10,-10,220,-0.001,-40.01
"2020-10-05 04:05:29.6",5272073,-10,-10,-10,220,-0.001,-40.01
"2020-10-05 04:05:29.7",5272074,-10,-10,-10,220,-0.001,-40.01
"2020-10-05 04:05:29.8",5272075,-10,-10,-10,220,-0.001,-40.01
"2020-10-05 04:05:29.9",5272076,-10,-10,-10,220,-0.001,-40.01
"2020-10-05 04:05:30",5272077,-10,-10,-10,220,-0.001,-40.01
"2020-10-05 04:05:30.1",5272078,-10,-10,-10,220,-0.001,-40.01
"2020-10-05 04:05:30.2",5272079,-10,-10,-10,220,-0.001,-40.01
"2020-10-05 04:05:30.3",5272080,-10,-10,-10,220,-0.001,-40.01
"2020-10-05 04:05:30.4",5272081,-10,-10,-10,220,-0.001,-40.01
"2020-10-05 04:05:30.5",5272082,-10,-10,-10,220,-0.001,-40.01
"2020-10-05 04:05:30.6",5272083,-10,-10,-10,220,-0.001,-40.01
"2020-10-05 04:05:30.7",5272084,-10,-10,-10,220,-0.001,-40.01
"2020-10-05 04:05:30.8",5272085,-10,-10,-10,220,-0.001,-40.01
"2020-10-05 04:05:30.9",5272086,-10,-10,-10,220,-0.001,-40.01
"2020-10-05 04:05:31",5272087,-10,-10,-10,220,-0.001,-40.01
"2020-10-05 04:05:31.1",5272088,-10,-10,-10,220,-0.001,-40.01
"2020-10-05 04:05:31.2",5272089,-10,-10,-10,220,-0.001,-40.01
"2020-10-05 04:05:31.3",5272090,-10,-10,-10,220,-0.001,-40.01
"2020-10-05 04:05:31.4",5272091,-10,-10,-10,220,-0.001,-40.01
"2020-10-05 04:05:31.5",5272092,-10,-10,-10,220,-0.001,-40.01
"2020-10-05 04:05:31.6",5272093,-10,-10,-10,220,-0.001,-40.01
"2020-10-05 04:05:31.7",5272094,-10,-10,-10,220,-0.001,-40.01
"2020-10-05 04:05:31.8",5272095,-10,-10,-10,220,-0.001,-40.01
"2020-10-05 04:05:31.9",5272096,-10,-10,-10,220,-0.001,-40.01
"2020-10-05 04:05:32",5272097,-10,-10,-10,220,-0.001,-40.01
"2020-10-05 04:05:32.1",5272098,-10,-10,-10,220,-0.001,-40.01
"2020-10-05 04:05:32.2",5272099,-10,-10,-10,220,-0.001,-40.01
"2020-10-05 04:05:32.3",5272100,-10,-10,-10,220,-0.001,-40.01
"2020-10-05 04:05:32.4",5272101,-10,-10,-10,220,-0.001,-40.01
"2020-10-05 04:05:32.5",5272102,-10,-10,-10,220,-0.001,-40.01
"2020-10-05 04:05:32.6",5272103,-10,-10,-10,220,-0.001,-40.01
"2020-10-05 04:05:32.7",5272104,-10,-10,-10,220,-0.001,-40.01
"2020-10-05 04:05:32.8",5272105,-10,-10,-10,220,-0.001,-40.01
"2020-10-05 04:05:32.9",5272106,-10,-10,-10,220,-0.001,-40.01
"2020-10-05 04:05:33",5272107,-10,-10,-10,220,-0.001,-40.01
"2020-10-05 04:05:33.1",5272108,-10,-10,-10,220,-0.001,-40.01
"2020-10-05 04:05:33.2",5272109,-10,-10,-10,220,-0.001,-40.01
"2020-10-05 04:05:33.3",5272110,-10,-10,-10,220,-0.001,-40.01
"2020-10-05 04:05:33.4",5272111,-10,-10,-10,220,-0.001,-40.01
"2020-10-05 04:05:33.5",5272112,-10,-10,-10,220,-0.001,-40.01
"2020-10-05 04:05:33.6",5272113,-10,-10,-10,220,-0.001,-40.01
"2020-10-05 04:05:33.7",5272114,-10,-10,-10,220,-0.001,-40.01
"2020-10-05 04:05:33.8",5272115,-10,-10,-10,220,-0.001,-40.01
"2020-10-05 04:05:33.9",5272116,-10,-10,-10,220,-0.001,-40.01
"2020-10-05 04:05:34",5272117,-10,-10,-10,220,-0.001,-40.01
"2020-10-05 04:05:34.1",5272118,-10,-10,-10,220,-0.001,-40.01
"2020-10-05 04:05:34.2",5272119,-10,-10,-10,220,-0.001,-40.01
"2020-10-05 04:05:34.3",5272120,-10,-10,-10,220,-0.001,-40.01
"2020-10-05 04:05:34.4",5272121,-10,-10,-10,220,-0.001,-40.01
"2020-10-05 04:05:34.5",5272122,-10,-10,-10,220,-0.001,-40.01
"2020-10-05 04:05:34.6",5272123,-10,-10,-10,220,-0.001,-40.01
"2020-10-05 04:05:34.7",5272124,-10,-10,-10,220,-0.001,-40.01
"2020-10-05 04:05:34.8",5272125,-10,-10,-10,220,-0.001,-40.01
"2020-10-05 04:05:34.9",5272126,-10,-10,-10,220,-0.001,-40.01
"2020-10-05 04:05:35",5272127,-10,-10,-10,220,-0.001,-40.01
"2020-10-05 04:05:35.1",5272128,-10,-10,-10,220,-0.001,-40.01
"2020-10-05 04:05:35.2",5272129,-10,-10,-10,220,-0.001,-40.01
"2020-10-05 04:05:35.3",5272130,-10,-10,-10,220,-0.001,-40.01
"2020-10-05 04:05:35.4",5272131,-10,-10,-10,220,-0.001,-40.01
"2020-10-05 04:05:35.5",5272132,-10,-10,-10,220,-0.001,-40.01
"2020-10-05 04:05:35.6",5272133,-10,-10,-10,220,-0.001,-40.01
"2020-10-05 04:05:35.7",5272134,-10,-10,-10,220,-0.001,-40.01
"2020-10-05 04:05:35.8",5272135,-10,-10,-10,220,-0.001,-40.01
"2020-10-05 04:05:35.9",5272136,-10,-10,-10,220,-0.001,-40.01
"2020-10-05 04:05:36",5272137,-10,-10,-10,220,-0.001,-40.01
"2020-10-05 04:05:36.1",5272138,-10,-10,-10,220,-0.001,-40.01
"2020-10-05 04:05:36.2",5272139,-10,-10,-10,220,-0.001,-40.01
"2020-10-05 04:05:36.3",5272140,-10,-10,-10,220,-0.001,-40.01
"2020-10-05 04:05:36.4",5272141,-10,-10,-10,220,-0.001,-40.01
"2020-10-05 04:05:36.5",5272142,-10,-10,-10,220,-0.001,-40.01
"2020-10-05 04:05:36.6",5272143,-10,-10,-10,220,-0.001,-40.01
"2020-10-05 04:05:36.7",5272144,-10,-10,-10,220,-0.001,-40.01
"2020-10-05 04:05:36.8",5272145,-10,-10,-10,220,-0.001,-40.01
"2020-10-05 04:05:36.9",5272146,-10,-10,-10,220,-0.001,-40.01
"2020-10-05 04:05:37",5272147,-10,-10,-10,220,-0.001,-40.01
"2020-10-05 04:05:37.1",5272148,-10,-10,-10,220,-0.001,-40.01
"2020-10-05 04:05:37.2",5272149,-10,-10,-10,220,-0.001,-40.01
"2020-10-05 04:05:37.3",5272150,-10,-10,-10,220,-0.001,-40.01
"2020-10-05 04:05:37.4",5272151,-10,-10,-10,220,-0.001,-40.01
"2020-10-05 04:05:37.5",5272152,-10,-10,-10,220,-0.001,-40.01
"2020-10-05 04:05:37.6",5272153,-10,-10,-10,220,-0.001,-40.01
"2020-10-05 04:05:37.7",5272154,-10,-10,-10,220,-0.001,-40.01
"2020-10-05 04:05:37.8",5272155,-10,-10,-10,220,-0.001,-40.01
"2020-10-05 04:05:37.9",5272156,-10,-10,-10,220,-0.001,-40.01
"2020-10-05 04:05:38",5272157,-10,-10,-10,220,-0.001,-40.01
"2020-10-05 04:05:38.1",5272158,-10,-10,-10,220,-0.001,-40.01
"2020-10-05 04:05:38.2",5272159,-10,-10,-10,220,-0.001,-40.01
"2020-10-05 04:05:38.3",5272160,-10,-10,-10,220,-0.001,-40.01
"2020-10-05 04:05:38.4",5272161,-10,-10,-10,220,-0.001,-40.01
"2020-10-05 04:05:38.5",5272162,-10,-10,-10,220,-0.001,-40.01
"2020-10-05 04:05:38.6",5272163,-10,-10,-10,220,-0.001,-40.01
"2020-10-05 04:05:38.7",5272164,-10,-10,-10,220,-0.001,-40.01
"2020-10-05 04:05:38.8",5272165,-10,-10,-10,220,-0.001,-40.01
"2020-10-05 04:05:38.9",5272166,-10,-10,-10,220,-0.001,-40.01
"2020-10-05 04:05:39",5272167,-10,-10,-10,220,-0.001,-40.01
"2020-10-05 04:05:39.1",5272168,-10,-10,-10,220,-0.001,-40.01
"2020-10-05 04:05:39.2",5272169,-10,-10,-10,220,-0.001,-40.01
"2020-10-05 04:05:39.3",5272170,-10,-10,-10,220,-0.001,-40.01
"2020-10-05 04:05:39.4",5272171,-10,-10,-10,220,-0.001,-40.01
"2020-10-05 04:05:39.5",5272172,-10,-10,-10,220,-0.001,-40.01
"2020-10-05 04:05:39.6",5272173,-10,-10,-10,220,-0.001,-40.01
"2020-10-05 04:05:39.7",5272174,-10,-10,-10,220,-0.001,-40.01
"2020-10-05 04:05:39.8",5272175,-10,-10,-10,220,-0.001,-40.01
"2020-10-05 04:05:39.9",5272176,-10,-10,-10,220,-0.001,-40.01
"2020-10-05 04:05:40",5272177,-10,-10,-10,220,-0.001,-40.01
"2020-10-05 04:05:40.1",5272178,-10,-10,-10,220,-0.001,-40.01
"2020-10-05 04:05:40.2",5272179,-10,-10,-10,220,-0.001,-40.01
"2020-10-05 04:05:40.3",5272180,-10,-10,-10,220,-0.001,-40.01
"2020-10-05 04:05:40.4",5272181,-10,-10,-10,220,-0.001,-40.01
"2020-10-05 04:05:40.5",5272182,-10,-10,-10,220,-0.001,-40.01
"2020-10-05 04:05:40.6",5272183,-10,-10,-10,220,-0.001,-40.01
"2020-10-05 04:05:40.7",5272184,-10,-10,-10,220,-0.001,-40.01
"2020-10-05 04:05:40.8",5272185,-10,-10,-10,220,-0.001,-40.01
"2020-10-05 04:05:40.9",5272186,-10,-10,-10,220,-0.001,-40.01
"2020-10-05 04:05:41",5272187,-10,-10,-10,220,-0.001,-40.01
"2020-10-05 04:05:41.1",5272188,-10,-10,-10,220,-0.001,-40.01
"2020-10-05 04:05:41.2",5272189,-10,-10,-10,220,-0.001,-40.01
"2020-10-05 04:05:41.3",5272190,-10,-10,-10,220,-0.001,-40.01
"2020-10-05 04:05:41.4",5272191,-10,-10,-10,220,-0.001,-40.01
"2020-10-05 04:05:41.5",5272192,-10,-10,-10,220,-0.001,-40.01
"2020-10-05 04:05:41.6",5272193,-10,-10,-10,220,-0.001,-40.01
"2020-10-05 04:05:41.7",5272194,-10,-10,-10,220,-0.001,-40.01
"2020-10-05 04:05:41.8",5272195,-10,-10,-10,220,-0.001,-40.01
"2020-10-05 04:05:41.9",5272196,-10,-10,-10,220,-0.001,-40.01
"2020-10-05 04:05:42",5272197,-10,-10,-10,220,-0.001,-40.01
"2020-10-05 04:05:42.1",5272198,-10,-10,-10,220,-0.001,-40.01
"2020-10-05 04:05:42.2",5272199,-10,-10,-10,220,-0.001,-40.01
"2020-10-05 04:05:42.3",5272200,-10,-10,-10,220,-0.001,-40.01
"2020-10-05 04:05:42.4",5272201,-10,-10,-10,220,-0.001,-40.01
"2020-10-05 04:05:42.5",5272202,-10,-10,-10,220,-0.001,-40.01
"2020-10-05 04:05:42.6",5272203,-10,-10,-10,220,-0.001,-40.01
"2020-10-05 04:05:42.7",5272204,-10,-10,-10,220,-0.001,-40.01
"2020-10-05 04:05:42.8",5272205,-10,-10,-10,220,-0.001,-40.01
"2020-10-05 04:05:42.9",5272206,-10,-10,-10,220,-0.001,-40.01
"2020-10-05 04:05:43",5272207,-10,-10,-10,220,-0.001,-40.01
"2020-10-05 04:05:43.1",5272208,-10,-10,-10,220,-0.001,-40.01
"2020-10-05 04:05:43.2",5272209,-10,-10,-10,220,-0.001,-40.01
"2020-10-05 04:05:43.3",5272210,-10,-10,-10,220,-0.001,-40.01
"2020-10-05 04:05:43.4",5272211,-10,-10,-10,220,-0.001,-40.01
"2020-10-05 04:05:43.5",5272212,-10,-10,-10,220,-0.001,-40.01
"2020-10-05 04:05:43.6",5272213,-10,-10,-10,220,-0.001,-40.01
"2020-10-05 04:05:43.7",5272214,-10,-10,-10,220,-0.001,-40.01
"2020-10-05 04:05:43.8",5272215,-10,-10,-10,220,-0.001,-40.01
"2020-10-05 04:05:43.9",5272216,-10,-10,-10,220,-0.001,-40.01
"2020-10-05 04:05:44",5272217,-10,-10,-10,220,-0.001,-40.01
"2020-10-05 04:05:44.1",5272218,-10,-10,-10,220,-0.001,-40.01
"2020-10-05 04:05:44.2",5272219,-10,-10,-10,220,-0.001,-40.01
"2020-10-05 04:05:44.3",5272220,-10,-10,-10,220,-0.001,-40.01
"2020-10-05 04:05:44.4",5272221,-10,-10,-10,220,-0.001,-40.01
"2020-10-05 04:05:44.5",5272222,-10,-10,-10,220,-0.001,-40.01
"2020-10-05 04:05:44.6",5272223,-10,-10,-10,220,-0.001,-40.01
"2020-10-05 04:05:44.7",5272224,-10,-10,-10,220,-0.001,-40.01
"2020-10-05 04:05:44.8",5272225,-10,-10,-10,220,-0.001,-40.01
"2020-10-05 04:05:44.9",5272226,-10,-10,-10,220,-0.001,-40.01
"2020-10-05 04:05:45",5272227,-10,-10,-10,220,-0.001,-40.01
"2020-10-05 04:05:45.1",5272228,-10,-10,-10,220,-0.001,-40.01
"2020-10-05 04:05:45.2",5272229,-10,-10,-10,220,-0.001,-40.01
"2020-10-05 04:05:45.3",5272230,-10,-10,-10,220,-0.001,-40.01
"2020-10-05 04:05:45.4",5272231,-10,-10,-10,220,-0.001,-40.01
"2020-10-05 04:05:45.5",5272232,-10,-10,-10,220,-0.001,-40.01
"2020-10-05 04:05:45.6",5272233,-10,-10,-10,220,-0.001,-40.01
"2020-10-05 04:05:45.7",5272234,-10,-10,-10,220,-0.001,-40.01
"2020-10-05 04:05:45.8",5272235,-10,-10,-10,220,-0.001,-40.01
"2020-10-05 04:05:45.9",5272236,-10,-10,-10,220,-0.001,-40.01
"2020-10-05 04:05:46",5272237,-10,-10,-10,220,-0.001,-40.01
"2020-10-05 04:05:46.1",5272238,-10,-10,-10,220,-0.001,-40.01
"2020-10-05 04:05:46.2",5272239,-10,-10,-10,220,-0.001,-40.01
"2020-10-05 04:05:46.3",5272240,-10,-10,-10,220,-0.001,-40.01
"2020-10-05 04:05:46.4",5272241,-10,-10,-10,220,-0.001,-40.01
"2020-10-05 04:05:46.5",5272242,-10,-10,-10,220,-0.001,-40.01
"2020-10-05 04:05:46.6",5272243,-10,-10,-10,220,-0.001,-40.01
"2020-10-05 04:05:46.7",5272244,-10,-10,-10,220,-0.001,-40.01
"2020-10-05 04:05:46.8",5272245,-10,-10,-10,220,-0.001,-40.01
"2020-10-05 04:05:46.9",5272246,-10,-10,-10,220,-0.001,-40.01
"2020-10-05 04:05:47",5272247,-10,-10,-10,220,-0.001,-40.01
"2020-10-05 04:05:47.1",5272248,-10,-10,-10,220,-0.001,-40.01
"2020-10-05 04:05:47.2",5272249,-10,-10,-10,220,-0.001,-40.01
"2020-10-05 04:05:47.3",5272250,-10,-10,-10,220,-0.001,-40.01
"2020-10-05 04:05:47.4",5272251,-10,-10,-10,220,-0.001,-40.01
"2020-10-05 04:05:47.5",5272252,-10,-10,-10,220,-0.001,-40.01
"2020-10-05 04:05:47.6",5272253,-10,-10,-10,220,-0.001,-40.01
"2020-10-05 04:05:47.7",5272254,-10,-10,-10,220,-0.001,-40.01
"2020-10-05 04:05:47.8",5272255,-10,-10,-10,220,-0.001,-40.01
"2020-10-05 04:05:47.9",5272256,-10,-10,-10,220,-0.001,-40.01
"2020-10-05 04:05:48",5272257,-10,-10,-10,220,-0.001,-40.01
"2020-10-05 04:05:48.1",5272258,-10,-10,-10,220,-0.001,-40.01
"2020-10-05 04:05:48.2",5272259,-10,-10,-10,220,-0.001,-40.01
"2020-10-05 04:05:48.3",5272260,-10,-10,-10,220,-0.001,-40.01
"2020-10-05 04:05:48.4",5272261,-10,-10,-10,220,-0.001,-40.01
"2020-10-05 04:05:48.5",5272262,-10,-10,-10,220,-0.001,-40.01
"2020-10-05 04:05:48.6",5272263,-10,-10,-10,220,-0.001,-40.01
"2020-10-05 04:05:48.7",5272264,-10,-10,-10,220,-0.001,-40.01
"2020-10-05 04:05:48.8",5272265,-10,-10,-10,220,-0.001,-40.01
"2020-10-05 04:05:48.9",5272266,-10,-10,-10,220,-0.001,-40.01
"2020-10-05 04:05:49",5272267,-10,-10,-10,220,-0.001,-40.01
"2020-10-05 04:05:49.1",5272268,-10,-10,-10,220,-0.001,-40.01
"2020-10-05 04:05:49.2",5272269,-10,-10,-10,220,-0.001,-40.01
"2020-10-05 04:05:49.3",5272270,-10,-10,-10,220,-0.001,-40.01
"2020-10-05 04:05:49.4",5272271,-10,-10,-10,220,-0.001,-40.01
"2020-10-05 04:05:49.5",5272272,-10,-10,-10,220,-0.001,-40.01
"2020-10-05 04:05:49.6",5272273,-10,-10,-10,220,-0.001,-40.01
"2020-10-05 04:05:49.7",5272274,-10,-10,-10,220,-0.001,-40.01
"2020-10-05 04:05:49.8",5272275,-10,-10,-10,220,-0.001,-40.01
"2020-10-05 04:05:49.9",5272276,-10,-10,-10,220,-0.001,-40.01
"2020-10-05 04:05:50",5272277,-10,-10,-10,220,-0.001,-40.01
"2020-10-05 04:05:50.1",5272278,-10,-10,-10,220,-0.001,-40.01
"2020-10-05 04:05:50.2",5272279,-10,-10,-10,220,-0.001,-40.01
"2020-10-05 04:05:50.3",5272280,-10,-10,-10,220,-0.001,-40.01
"2020-10-05 04:05:50.4",5272281,-10,-10,-10,220,-0.001,-40.01
"2020-10-05 04:05:50.5",5272282,-10,-10,-10,220,-0.001,-40.01
"2020-10-05 04:05:50.6",5272283,-10,-10,-10,220,-0.001,-40.01
"2020-10-05 04:05:50.7",5272284,-10,-10,-10,220,-0.001,-40.01
"2020-10-05 04:05:50.8",5272285,-10,-10,-10,220,-0.001,-40.01
"2020-10-05 04:05:50.9",5272286,-10,-10,-10,220,-0.001,-40.01
