"TOA5","10329","CR6","10329","CR6.Std.09.01 CR6-WIFI.04.00.01","CPU:YOUNG81000_HMP60_10Hz.CR6","51185","Young10Hz_hmp"
"TIMESTAMP","RECORD","U","V","W","TSonic","RH","T_HMP60"
"TS","RN","mV","mV","mV","mV","%","Deg C"
"","","Smp","Smp","Smp","Smp","Smp","Smp"
"2020-10-04 01:53:51",4329087,-10,-10,-10,220,-0.001,-40.01
"2020-10-04 01:53:51.1",4329088,-10,-10,-10,220,-0.001,-40.01
"2020-10-04 01:53:51.2",4329089,-10,-10,-10,220,-0.001,-40.01
"2020-10-04 01:53:51.3",4329090,-10,-10,-10,220,-0.001,-40.01
"2020-10-04 01:53:51.4",4329091,-10,-10,-10,220,-0.001,-40.01
"2020-10-04 01:53:51.5",4329092,-10,-10,-10,220,-0.001,-40.01
"2020-10-04 01:53:51.6",4329093,-10,-10,-10,220,-0.001,-40.01
"2020-10-04 01:53:51.7",4329094,-10,-10,-10,220,-0.001,-40.01
"2020-10-04 01:53:51.8",4329095,-10,-10,-10,220,-0.001,-40.01
"2020-10-04 01:53:51.9",4329096,-10,-10,-10,220,-0.001,-40.01
"2020-10-04 01:53:52",4329097,-10,-10,-10,220,-0.001,-40.01
"2020-10-04 01:53:52.1",4329098,-10,-10,-10,220,-0.001,-40.01
"2020-10-04 01:53:52.2",4329099,-10,-10,-10,220,-0.002,-40.01
"2020-10-04 01:53:52.3",4329100,-10,-10,-10,220,-0.001,-40.01
"2020-10-04 01:53:52.4",4329101,-10,-10,-10,220,-0.001,-40.01
"2020-10-04 01:53:52.5",4329102,-10,-10,-10,220,-0.001,-40.01
"2020-10-04 01:53:52.6",4329103,-10,-10,-10,220,-0.001,-40.01
"2020-10-04 01:53:52.7",4329104,-10,-10,-10,220,-0.002,-40.01
"2020-10-04 01:53:52.8",4329105,-10,-10,-10,220,-0.001,-40.01
"2020-10-04 01:53:52.9",4329106,-10,-10,-10,220,-0.001,-40.01
"2020-10-04 01:53:53",4329107,-10,-10,-10,220,-0.001,-40.01
"2020-10-04 01:53:53.1",4329108,-10,-10,-10,220,-0.001,-40.01
"2020-10-04 01:53:53.2",4329109,-10,-10,-10,220,-0.001,-40.01
"2020-10-04 01:53:53.3",4329110,-10,-10,-10,220,-0.001,-40.01
"2020-10-04 01:53:53.4",4329111,-10,-10,-10,220,-0.001,-40.01
"2020-10-04 01:53:53.5",4329112,-10,-10,-10,220,-0.001,-40.01
"2020-10-04 01:53:53.6",4329113,-10,-10,-10,220,-0.001,-40.01
"2020-10-04 01:53:53.7",4329114,-10,-10,-10,220,-0.001,-40.01
"2020-10-04 01:53:53.8",4329115,-10,-10,-10,220,-0.001,-40.01
"2020-10-04 01:53:53.9",4329116,-10,-10,-10,220,-0.001,-40.01
"2020-10-04 01:53:54",4329117,-10,-10,-10,220,-0.001,-40.01
"2020-10-04 01:53:54.1",4329118,-10,-10,-10,220,-0.001,-40.01
"2020-10-04 01:53:54.2",4329119,-10,-10,-10,220,-0.001,-40.01
"2020-10-04 01:53:54.3",4329120,-10,-10,-10,220,-0.001,-40.01
"2020-10-04 01:53:54.4",4329121,-10,-10,-10,220,-0.001,-40.01
"2020-10-04 01:53:54.5",4329122,-10,-10,-10,220,-0.001,-40.01
"2020-10-04 01:53:54.6",4329123,-10,-10,-10,220,-0.001,-40.01
"2020-10-04 01:53:54.7",4329124,-10,-10,-10,220,-0.001,-40.01
"2020-10-04 01:53:54.8",4329125,-10,-10,-10,220,-0.001,-40.01
"2020-10-04 01:53:54.9",4329126,-10,-10,-10,220,-0.001,-40.01
"2020-10-04 01:53:55",4329127,-10,-10,-10,220,-0.001,-40.01
"2020-10-04 01:53:55.1",4329128,-10,-10,-10,220,-0.001,-40.01
"2020-10-04 01:53:55.2",4329129,-10,-10,-10,220,-0.001,-40.01
"2020-10-04 01:53:55.3",4329130,-10,-10,-10,220,-0.001,-40.01
"2020-10-04 01:53:55.4",4329131,-10,-10,-10,220,-0.001,-40.01
"2020-10-04 01:53:55.5",4329132,-10,-10,-10,220,-0.001,-40.01
"2020-10-04 01:53:55.6",4329133,-10,-10,-10,220,-0.001,-40.01
"2020-10-04 01:53:55.7",4329134,-10,-10,-10,220,-0.001,-40.01
"2020-10-04 01:53:55.8",4329135,-10,-10,-10,220,-0.001,-40.01
"2020-10-04 01:53:55.9",4329136,-10,-10,-10,220,-0.001,-40.01
"2020-10-04 01:53:56",4329137,-10,-10,-10,220,-0.001,-40.01
"2020-10-04 01:53:56.1",4329138,-10,-10,-10,220,-0.001,-40.01
"2020-10-04 01:53:56.2",4329139,-10,-10,-10,220,-0.001,-40.01
"2020-10-04 01:53:56.3",4329140,-10,-10,-10,220,-0.001,-40.01
"2020-10-04 01:53:56.4",4329141,-10,-10,-10,220,-0.001,-40.01
"2020-10-04 01:53:56.5",4329142,-10,-10,-10,220,-0.001,-40.01
"2020-10-04 01:53:56.6",4329143,-10,-10,-10,220,-0.001,-40.01
"2020-10-04 01:53:56.7",4329144,-10,-10,-10,220,-0.002,-40.01
"2020-10-04 01:53:56.8",4329145,-10,-10,-10,220,-0.001,-40.01
"2020-10-04 01:53:56.9",4329146,-10,-10,-10,220,-0.002,-40.01
"2020-10-04 01:53:57",4329147,-10,-10,-10,220,-0.001,-40.01
"2020-10-04 01:53:57.1",4329148,-10,-10,-10,220,-0.001,-40.01
"2020-10-04 01:53:57.2",4329149,-10,-10,-10,220,-0.001,-40.01
"2020-10-04 01:53:57.3",4329150,-10,-10,-10,220,-0.001,-40.01
"2020-10-04 01:53:57.4",4329151,-10,-10,-10,220,-0.001,-40.01
"2020-10-04 01:53:57.5",4329152,-10,-10,-10,220,-0.001,-40.01
"2020-10-04 01:53:57.6",4329153,-10,-10,-10,220,-0.001,-40.01
"2020-10-04 01:53:57.7",4329154,-10,-10,-10,220,-0.002,-40.01
"2020-10-04 01:53:57.8",4329155,-10,-10,-10,220,-0.001,-40.01
"2020-10-04 01:53:57.9",4329156,-10,-10,-10,220,-0.001,-40.01
"2020-10-04 01:53:58",4329157,-10,-10,-10,220,-0.001,-40.01
"2020-10-04 01:53:58.1",4329158,-10,-10,-10,220,-0.002,-40.01
"2020-10-04 01:53:58.2",4329159,-10,-10,-10,220,-0.001,-40.01
"2020-10-04 01:53:58.3",4329160,-10,-10,-10,220,-0.001,-40.01
"2020-10-04 01:53:58.4",4329161,-10,-10,-10,220,-0.001,-40.01
"2020-10-04 01:53:58.5",4329162,-10,-10,-10,220,-0.001,-40.01
"2020-10-04 01:53:58.6",4329163,-10,-10,-10,220,-0.001,-40.01
"2020-10-04 01:53:58.7",4329164,-10,-10,-10,220,-0.001,-40.01
"2020-10-04 01:53:58.8",4329165,-10,-10,-10,220,-0.001,-40.01
"2020-10-04 01:53:58.9",4329166,-10,-10,-10,220,-0.001,-40.01
"2020-10-04 01:53:59",4329167,-10,-10,-10,220,-0.001,-40.01
"2020-10-04 01:53:59.1",4329168,-10,-10,-10,220,-0.001,-40.01
"2020-10-04 01:53:59.2",4329169,-10,-10,-10,220,-0.001,-40.01
"2020-10-04 01:53:59.3",4329170,-10,-10,-10,220,-0.002,-40.01
"2020-10-04 01:53:59.4",4329171,-10,-10,-10,220,-0.001,-40.01
"2020-10-04 01:53:59.5",4329172,-10,-10,-10,220,-0.001,-40.01
"2020-10-04 01:53:59.6",4329173,-10,-10,-10,220,-0.001,-40.01
"2020-10-04 01:53:59.7",4329174,-10,-10,-10,220,-0.001,-40.01
"2020-10-04 01:53:59.8",4329175,-10,-10,-10,220,-0.001,-40.01
"2020-10-04 01:53:59.9",4329176,-10,-10,-10,220,-0.001,-40.01
"2020-10-04 01:54:00",4329177,-10,-10,-10,220,-0.001,-40.01
"2020-10-04 01:54:00.1",4329178,-10,-10,-10,220,-0.008,-40.02
"2020-10-04 01:54:00.2",4329179,-10,-10,-10,220,-0.008,-40.02
"2020-10-04 01:54:00.3",4329180,-10,-10,-10,220,-0.001,-40.01
"2020-10-04 01:54:00.4",4329181,-10,-10,-10,220,-0.002,-40.01
"2020-10-04 01:54:00.5",4329182,-10,-10,-10,220,-0.001,-40.01
"2020-10-04 01:54:00.6",4329183,-10,-10,-10,220,-0.001,-40.01
"2020-10-04 01:54:00.7",4329184,-10,-10,-10,220,-0.001,-40.01
"2020-10-04 01:54:00.8",4329185,-10,-10,-10,220,-0.001,-40.01
"2020-10-04 01:54:00.9",4329186,-10,-10,-10,220,-0.002,-40.01
"2020-10-04 01:54:01",4329187,-10,-10,-10,220,-0.002,-40.01
"2020-10-04 01:54:01.1",4329188,-10,-10,-10,220,-0.001,-40.01
"2020-10-04 01:54:01.2",4329189,-10,-10,-10,220,-0.002,-40.01
"2020-10-04 01:54:01.3",4329190,-10,-10,-10,220,-0.001,-40.01
"2020-10-04 01:54:01.4",4329191,-10,-10,-10,220,-0.001,-40.01
"2020-10-04 01:54:01.5",4329192,-10,-10,-10,220,-0.001,-40.01
"2020-10-04 01:54:01.6",4329193,-10,-10,-10,220,-0.001,-40.01
"2020-10-04 01:54:01.7",4329194,-10,-10,-10,220,-0.001,-40.01
"2020-10-04 01:54:01.8",4329195,-10,-10,-10,220,-0.001,-40.01
"2020-10-04 01:54:01.9",4329196,-10,-10,-10,220,-0.001,-40.01
"2020-10-04 01:54:02",4329197,-10,-10,-10,220,-0.001,-40.01
"2020-10-04 01:54:02.1",4329198,-10,-10,-10,220,-0.001,-40.01
"2020-10-04 01:54:02.2",4329199,-10,-10,-10,220,-0.001,-40.01
"2020-10-04 01:54:02.3",4329200,-10,-10,-10,220,-0.001,-40.01
"2020-10-04 01:54:02.4",4329201,-10,-10,-10,220,-0.001,-40.01
"2020-10-04 01:54:02.5",4329202,-10,-10,-10,220,-0.001,-40.01
"2020-10-04 01:54:02.6",4329203,-10,-10,-10,220,-0.001,-40.01
"2020-10-04 01:54:02.7",4329204,-10,-10,-10,220,-0.001,-40.01
"2020-10-04 01:54:02.8",4329205,-10,-10,-10,220,-0.001,-40.01
"2020-10-04 01:54:02.9",4329206,-10,-10,-10,220,-0.002,-40.01
"2020-10-04 01:54:03",4329207,-10,-10,-10,220,-0.002,-40.01
"2020-10-04 01:54:03.1",4329208,-10,-10,-10,220,-0.001,-40.01
"2020-10-04 01:54:03.2",4329209,-10,-10,-10,220,-0.001,-40.01
"2020-10-04 01:54:03.3",4329210,-10,-10,-10,220,-0.001,-40.01
"2020-10-04 01:54:03.4",4329211,-10,-10,-10,220,-0.001,-40.01
"2020-10-04 01:54:03.5",4329212,-10,-10,-10,220,-0.001,-40.01
"2020-10-04 01:54:03.6",4329213,-10,-10,-10,220,-0.001,-40.01
"2020-10-04 01:54:03.7",4329214,-10,-10,-10,220,-0.001,-40.01
"2020-10-04 01:54:03.8",4329215,-10,-10,-10,220,-0.001,-40.01
"2020-10-04 01:54:03.9",4329216,-10,-10,-10,220,-0.001,-40.01
"2020-10-04 01:54:04",4329217,-10,-10,-10,220,-0.001,-40.01
"2020-10-04 01:54:04.1",4329218,-10,-10,-10,220,-0.001,-40.01
"2020-10-04 01:54:04.2",4329219,-10,-10,-10,220,-0.001,-40.01
"2020-10-04 01:54:04.3",4329220,-10,-10,-10,220,-0.001,-40.01
"2020-10-04 01:54:04.4",4329221,-10,-10,-10,220,-0.002,-40.01
"2020-10-04 01:54:04.5",4329222,-10,-10,-10,220,-0.001,-40.01
"2020-10-04 01:54:04.6",4329223,-10,-10,-10,220,-0.001,-40.01
"2020-10-04 01:54:04.7",4329224,-10,-10,-10,220,-0.001,-40.01
"2020-10-04 01:54:04.8",4329225,-10,-10,-10,220,-0.001,-40.01
"2020-10-04 01:54:04.9",4329226,-10,-10,-10,220,-0.001,-40.01
"2020-10-04 01:54:05",4329227,-10,-10,-10,220,-0.001,-40.01
"2020-10-04 01:54:05.1",4329228,-10,-10,-10,220,-0.002,-40.01
"2020-10-04 01:54:05.2",4329229,-10,-10,-10,220,-0.001,-40.01
"2020-10-04 01:54:05.3",4329230,-10,-10,-10,220,-0.001,-40.01
"2020-10-04 01:54:05.4",4329231,-10,-10,-10,220,-0.002,-40.01
"2020-10-04 01:54:05.5",4329232,-10,-10,-10,220,-0.001,-40.01
"2020-10-04 01:54:05.6",4329233,-10,-10,-10,220,-0.001,-40.01
"2020-10-04 01:54:05.7",4329234,-10,-10,-10,220,-0.001,-40.01
"2020-10-04 01:54:05.8",4329235,-10,-10,-10,220,-0.001,-40.01
"2020-10-04 01:54:05.9",4329236,-10,-10,-10,220,-0.001,-40.01
"2020-10-04 01:54:06",4329237,-10,-10,-10,220,-0.001,-40.01
"2020-10-04 01:54:06.1",4329238,-10,-10,-10,220,-0.001,-40.01
"2020-10-04 01:54:06.2",4329239,-10,-10,-10,220,-0.001,-40.01
"2020-10-04 01:54:06.3",4329240,-10,-10,-10,220,-0.001,-40.01
"2020-10-04 01:54:06.4",4329241,-10,-10,-10,220,-0.001,-40.01
"2020-10-04 01:54:06.5",4329242,-10,-10,-10,220,-0.001,-40.01
"2020-10-04 01:54:06.6",4329243,-10,-10,-10,220,-0.001,-40.01
"2020-10-04 01:54:06.7",4329244,-10,-10,-10,220,-0.001,-40.01
"2020-10-04 01:54:06.8",4329245,-10,-10,-10,220,-0.001,-40.01
"2020-10-04 01:54:06.9",4329246,-10,-10,-10,220,-0.001,-40.01
"2020-10-04 01:54:07",4329247,-10,-10,-10,220,-0.001,-40.01
"2020-10-04 01:54:07.1",4329248,-10,-10,-10,220,-0.001,-40.01
"2020-10-04 01:54:07.2",4329249,-10,-10,-10,220,-0.001,-40.01
"2020-10-04 01:54:07.3",4329250,-10,-10,-10,220,-0.001,-40.01
"2020-10-04 01:54:07.4",4329251,-10,-10,-10,220,-0.001,-40.01
"2020-10-04 01:54:07.5",4329252,-10,-10,-10,220,-0.001,-40.01
"2020-10-04 01:54:07.6",4329253,-10,-10,-10,220,-0.002,-40.01
"2020-10-04 01:54:07.7",4329254,-10,-10,-10,220,-0.001,-40.01
"2020-10-04 01:54:07.8",4329255,-10,-10,-10,220,-0.001,-40.01
"2020-10-04 01:54:07.9",4329256,-10,-10,-10,220,-0.002,-40.01
"2020-10-04 01:54:08",4329257,-10,-10,-10,220,-0.001,-40.01
"2020-10-04 01:54:08.1",4329258,-10,-10,-10,220,-0.001,-40.01
"2020-10-04 01:54:08.2",4329259,-10,-10,-10,220,-0.001,-40.01
"2020-10-04 01:54:08.3",4329260,-10,-10,-10,220,-0.001,-40.01
"2020-10-04 01:54:08.4",4329261,-10,-10,-10,220,-0.001,-40.01
"2020-10-04 01:54:08.5",4329262,-10,-10,-10,220,-0.001,-40.01
"2020-10-04 01:54:08.6",4329263,-10,-10,-10,220,-0.001,-40.01
"2020-10-04 01:54:08.7",4329264,-10,-10,-10,220,-0.001,-40.01
"2020-10-04 01:54:08.8",4329265,-10,-10,-10,220,-0.001,-40.01
"2020-10-04 01:54:08.9",4329266,-10,-10,-10,220,-0.001,-40.01
"2020-10-04 01:54:09",4329267,-10,-10,-10,220,-0.001,-40.01
"2020-10-04 01:54:09.1",4329268,-10,-10,-10,220,-0.001,-40.01
"2020-10-04 01:54:09.2",4329269,-10,-10,-10,220,-0.001,-40.01
"2020-10-04 01:54:09.3",4329270,-10,-10,-10,220,-0.001,-40.01
"2020-10-04 01:54:09.4",4329271,-10,-10,-10,220,-0.001,-40.01
"2020-10-04 01:54:09.5",4329272,-10,-10,-10,220,-0.001,-40.01
"2020-10-04 01:54:09.6",4329273,-10,-10,-10,220,-0.001,-40.01
"2020-10-04 01:54:09.7",4329274,-10,-10,-10,220,-0.001,-40.01
"2020-10-04 01:54:09.8",4329275,-10,-10,-10,220,-0.001,-40.01
"2020-10-04 01:54:09.9",4329276,-10,-10,-10,220,-0.001,-40.01
"2020-10-04 01:54:10",4329277,-10,-10,-10,220,-0.001,-40.01
"2020-10-04 01:54:10.1",4329278,-10,-10,-10,220,-0.001,-40.01
"2020-10-04 01:54:10.2",4329279,-10,-10,-10,220,-0.001,-40.01
"2020-10-04 01:54:10.3",4329280,-10,-10,-10,220,-0.001,-40.01
"2020-10-04 01:54:10.4",4329281,-10,-10,-10,220,-0.001,-40.01
"2020-10-04 01:54:10.5",4329282,-10,-10,-10,220,-0.001,-40.01
"2020-10-04 01:54:10.6",4329283,-10,-10,-10,220,-0.001,-40.01
"2020-10-04 01:54:10.7",4329284,-10,-10,-10,220,-0.001,-40.01
"2020-10-04 01:54:10.8",4329285,-10,-10,-10,220,-0.001,-40.01
"2020-10-04 01:54:10.9",4329286,-10,-10,-10,220,-0.001,-40.01
"2020-10-04 01:54:11",4329287,-10,-10,-10,220,-0.001,-40.01
"2020-10-04 01:54:11.1",4329288,-10,-10,-10,220,-0.001,-40.01
"2020-10-04 01:54:11.2",4329289,-10,-10,-10,220,-0.001,-40.01
"2020-10-04 01:54:11.3",4329290,-10,-10,-10,220,-0.001,-40.01
"2020-10-04 01:54:11.4",4329291,-10,-10,-10,220,-0.001,-40.01
"2020-10-04 01:54:11.5",4329292,-10,-10,-10,220,-0.001,-40.01
"2020-10-04 01:54:11.6",4329293,-10,-10,-10,220,-0.001,-40.01
"2020-10-04 01:54:11.7",4329294,-10,-10,-10,220,-0.001,-40.01
"2020-10-04 01:54:11.8",4329295,-10,-10,-10,220,-0.001,-40.01
"2020-10-04 01:54:11.9",4329296,-10,-10,-10,220,-0.001,-40.01
"2020-10-04 01:54:12",4329297,-10,-10,-10,220,-0.001,-40.01
"2020-10-04 01:54:12.1",4329298,-10,-10,-10,220,-0.001,-40.01
"2020-10-04 01:54:12.2",4329299,-10,-10,-10,220,-0.001,-40.01
"2020-10-04 01:54:12.3",4329300,-10,-10,-10,220,-0.001,-40.01
"2020-10-04 01:54:12.4",4329301,-10,-10,-10,220,-0.001,-40.01
"2020-10-04 01:54:12.5",4329302,-10,-10,-10,220,-0.001,-40.01
"2020-10-04 01:54:12.6",4329303,-10,-10,-10,220,-0.001,-40.01
"2020-10-04 01:54:12.7",4329304,-10,-10,-10,220,-0.001,-40.01
"2020-10-04 01:54:12.8",4329305,-10,-10,-10,220,-0.001,-40.01
"2020-10-04 01:54:12.9",4329306,-10,-10,-10,220,-0.001,-40.01
"2020-10-04 01:54:13",4329307,-10,-10,-10,220,-0.001,-40.01
"2020-10-04 01:54:13.1",4329308,-10,-10,-10,220,-0.001,-40.01
"2020-10-04 01:54:13.2",4329309,-10,-10,-10,220,-0.001,-40.01
"2020-10-04 01:54:13.3",4329310,-10,-10,-10,220,-0.001,-40.01
"2020-10-04 01:54:13.4",4329311,-10,-10,-10,220,-0.001,-40.01
"2020-10-04 01:54:13.5",4329312,-10,-10,-10,220,-0.001,-40.01
"2020-10-04 01:54:13.6",4329313,-10,-10,-10,220,-0.001,-40.01
"2020-10-04 01:54:13.7",4329314,-10,-10,-10,220,-0.001,-40.01
"2020-10-04 01:54:13.8",4329315,-10,-10,-10,220,-0.001,-40.01
"2020-10-04 01:54:13.9",4329316,-10,-10,-10,220,-0.001,-40.01
"2020-10-04 01:54:14",4329317,-10,-10,-10,220,-0.001,-40.01
"2020-10-04 01:54:14.1",4329318,-10,-10,-10,220,-0.001,-40.01
"2020-10-04 01:54:14.2",4329319,-10,-10,-10,220,-0.001,-40.01
"2020-10-04 01:54:14.3",4329320,-10,-10,-10,220,-0.001,-40.01
"2020-10-04 01:54:14.4",4329321,-10,-10,-10,220,-0.001,-40.01
"2020-10-04 01:54:14.5",4329322,-10,-10,-10,220,-0.001,-40.01
"2020-10-04 01:54:14.6",4329323,-10,-10,-10,220,-0.001,-40.01
"2020-10-04 01:54:14.7",4329324,-10,-10,-10,220,-0.001,-40.01
"2020-10-04 01:54:14.8",4329325,-10,-10,-10,220,-0.001,-40.01
"2020-10-04 01:54:14.9",4329326,-10,-10,-10,220,-0.001,-40.01
"2020-10-04 01:54:15",4329327,-10,-10,-10,220,-0.001,-40.01
"2020-10-04 01:54:15.1",4329328,-10,-10,-10,220,-0.001,-40.01
"2020-10-04 01:54:15.2",4329329,-10,-10,-10,220,-0.001,-40.01
"2020-10-04 01:54:15.3",4329330,-10,-10,-10,220,-0.001,-40.01
"2020-10-04 01:54:15.4",4329331,-10,-10,-10,220,-0.002,-40.01
"2020-10-04 01:54:15.5",4329332,-10,-10,-10,220,-0.001,-40.01
"2020-10-04 01:54:15.6",4329333,-10,-10,-10,220,-0.002,-40.01
"2020-10-04 01:54:15.7",4329334,-10,-10,-10,220,-0.001,-40.01
"2020-10-04 01:54:15.8",4329335,-10,-10,-10,220,-0.001,-40.01
"2020-10-04 01:54:15.9",4329336,-10,-10,-10,220,-0.001,-40.01
"2020-10-04 01:54:16",4329337,-10,-10,-10,220,-0.001,-40.01
"2020-10-04 01:54:16.1",4329338,-10,-10,-10,220,-0.001,-40.01
"2020-10-04 01:54:16.2",4329339,-10,-10,-10,220,-0.001,-40.01
"2020-10-04 01:54:16.3",4329340,-10,-10,-10,220,-0.001,-40.01
"2020-10-04 01:54:16.4",4329341,-10,-10,-10,220,-0.001,-40.01
"2020-10-04 01:54:16.5",4329342,-10,-10,-10,220,-0.001,-40.01
"2020-10-04 01:54:16.6",4329343,-10,-10,-10,220,-0.001,-40.01
"2020-10-04 01:54:16.7",4329344,-10,-10,-10,220,-0.001,-40.01
"2020-10-04 01:54:16.8",4329345,-10,-10,-10,220,-0.001,-40.01
"2020-10-04 01:54:16.9",4329346,-10,-10,-10,220,-0.001,-40.01
"2020-10-04 01:54:17",4329347,-10,-10,-10,220,-0.001,-40.01
"2020-10-04 01:54:17.1",4329348,-10,-10,-10,220,-0.001,-40.01
"2020-10-04 01:54:17.2",4329349,-10,-10,-10,220,-0.001,-40.01
"2020-10-04 01:54:17.3",4329350,-10,-10,-10,220,-0.001,-40.01
"2020-10-04 01:54:17.4",4329351,-10,-10,-10,220,-0.001,-40.01
"2020-10-04 01:54:17.5",4329352,-10,-10,-10,220,-0.001,-40.01
"2020-10-04 01:54:17.6",4329353,-10,-10,-10,220,-0.001,-40.01
"2020-10-04 01:54:17.7",4329354,-10,-10,-10,220,-0.001,-40.01
"2020-10-04 01:54:17.8",4329355,-10,-10,-10,220,-0.001,-40.01
"2020-10-04 01:54:17.9",4329356,-10,-10,-10,220,-0.001,-40.01
"2020-10-04 01:54:18",4329357,-10,-10,-10,220,-0.001,-40.01
"2020-10-04 01:54:18.1",4329358,-10,-10,-10,220,-0.001,-40.01
"2020-10-04 01:54:18.2",4329359,-10,-10,-10,220,-0.001,-40.01
"2020-10-04 01:54:18.3",4329360,-10,-10,-10,220,-0.001,-40.01
"2020-10-04 01:54:18.4",4329361,-10,-10,-10,220,-0.001,-40.01
"2020-10-04 01:54:18.5",4329362,-10,-10,-10,220,-0.001,-40.01
"2020-10-04 01:54:18.6",4329363,-10,-10,-10,220,-0.001,-40.01
"2020-10-04 01:54:18.7",4329364,-10,-10,-10,220,-0.002,-40.01
"2020-10-04 01:54:18.8",4329365,-10,-10,-10,220,-0.001,-40.01
"2020-10-04 01:54:18.9",4329366,-10,-10,-10,220,-0.001,-40.01
"2020-10-04 01:54:19",4329367,-10,-10,-10,220,-0.001,-40.01
"2020-10-04 01:54:19.1",4329368,-10,-10,-10,220,-0.001,-40.01
"2020-10-04 01:54:19.2",4329369,-10,-10,-10,220,-0.001,-40.01
"2020-10-04 01:54:19.3",4329370,-10,-10,-10,220,-0.001,-40.01
"2020-10-04 01:54:19.4",4329371,-10,-10,-10,220,-0.001,-40.01
"2020-10-04 01:54:19.5",4329372,-10,-10,-10,220,-0.001,-40.01
"2020-10-04 01:54:19.6",4329373,-10,-10,-10,220,-0.001,-40.01
"2020-10-04 01:54:19.7",4329374,-10,-10,-10,220,-0.001,-40.01
"2020-10-04 01:54:19.8",4329375,-10,-10,-10,220,-0.001,-40.01
"2020-10-04 01:54:19.9",4329376,-10,-10,-10,220,-0.001,-40.01
"2020-10-04 01:54:20",4329377,-10,-10,-10,220,-0.001,-40.01
"2020-10-04 01:54:20.1",4329378,-10,-10,-10,220,-0.001,-40.01
"2020-10-04 01:54:20.2",4329379,-10,-10,-10,220,-0.001,-40.01
"2020-10-04 01:54:20.3",4329380,-10,-10,-10,220,-0.001,-40.01
"2020-10-04 01:54:20.4",4329381,-10,-10,-10,220,-0.001,-40.01
"2020-10-04 01:54:20.5",4329382,-10,-10,-10,220,-0.001,-40.01
"2020-10-04 01:54:20.6",4329383,-10,-10,-10,220,-0.001,-40.01
"2020-10-04 01:54:20.7",4329384,-10,-10,-10,220,-0.001,-40.01
"2020-10-04 01:54:20.8",4329385,-10,-10,-10,220,-0.001,-40.01
"2020-10-04 01:54:20.9",4329386,-10,-10,-10,220,-0.001,-40.01
"2020-10-04 01:54:21",4329387,-10,-10,-10,220,-0.001,-40.01
"2020-10-04 01:54:21.1",4329388,-10,-10,-10,220,-0.001,-40.01
"2020-10-04 01:54:21.2",4329389,-10,-10,-10,220,-0.001,-40.01
"2020-10-04 01:54:21.3",4329390,-10,-10,-10,220,-0.001,-40.01
"2020-10-04 01:54:21.4",4329391,-10,-10,-10,220,-0.001,-40.01
"2020-10-04 01:54:21.5",4329392,-10,-10,-10,220,-0.001,-40.01
"2020-10-04 01:54:21.6",4329393,-10,-10,-10,220,-0.001,-40.01
"2020-10-04 01:54:21.7",4329394,-10,-10,-10,220,-0.001,-40.01
"2020-10-04 01:54:21.8",4329395,-10,-10,-10,220,-0.001,-40.01
"2020-10-04 01:54:21.9",4329396,-10,-10,-10,220,-0.001,-40.01
"2020-10-04 01:54:22",4329397,-10,-10,-10,220,-0.001,-40.01
"2020-10-04 01:54:22.1",4329398,-10,-10,-10,220,-0.001,-40.01
"2020-10-04 01:54:22.2",4329399,-10,-10,-10,220,-0.001,-40.01
"2020-10-04 01:54:22.3",4329400,-10,-10,-10,220,-0.001,-40.01
"2020-10-04 01:54:22.4",4329401,-10,-10,-10,220,-0.001,-40.01
"2020-10-04 01:54:22.5",4329402,-10,-10,-10,220,-0.001,-40.01
"2020-10-04 01:54:22.6",4329403,-10,-10,-10,220,-0.001,-40.01
"2020-10-04 01:54:22.7",4329404,-10,-10,-10,220,-0.001,-40.01
"2020-10-04 01:54:22.8",4329405,-10,-10,-10,220,-0.001,-40.01
"2020-10-04 01:54:22.9",4329406,-10,-10,-10,220,-0.001,-40.01
"2020-10-04 01:54:23",4329407,-10,-10,-10,220,-0.001,-40.01
"2020-10-04 01:54:23.1",4329408,-10,-10,-10,220,-0.001,-40.01
"2020-10-04 01:54:23.2",4329409,-10,-10,-10,220,-0.001,-40.01
"2020-10-04 01:54:23.3",4329410,-10,-10,-10,220,-0.001,-40.01
"2020-10-04 01:54:23.4",4329411,-10,-10,-10,220,-0.001,-40.01
"2020-10-04 01:54:23.5",4329412,-10,-10,-10,220,-0.001,-40.01
"2020-10-04 01:54:23.6",4329413,-10,-10,-10,220,-0.001,-40.01
"2020-10-04 01:54:23.7",4329414,-10,-10,-10,220,-0.001,-40.01
"2020-10-04 01:54:23.8",4329415,-10,-10,-10,220,-0.001,-40.01
"2020-10-04 01:54:23.9",4329416,-10,-10,-10,220,-0.001,-40.01
"2020-10-04 01:54:24",4329417,-10,-10,-10,220,-0.001,-40.01
"2020-10-04 01:54:24.1",4329418,-10,-10,-10,220,-0.001,-40.01
"2020-10-04 01:54:24.2",4329419,-10,-10,-10,220,-0.001,-40.01
"2020-10-04 01:54:24.3",4329420,-10,-10,-10,220,-0.001,-40.01
"2020-10-04 01:54:24.4",4329421,-10,-10,-10,220,-0.001,-40.01
"2020-10-04 01:54:24.5",4329422,-10,-10,-10,220,-0.001,-40.01
"2020-10-04 01:54:24.6",4329423,-10,-10,-10,220,-0.001,-40.01
"2020-10-04 01:54:24.7",4329424,-10,-10,-10,220,-0.001,-40.01
"2020-10-04 01:54:24.8",4329425,-10,-10,-10,220,-0.001,-40.01
"2020-10-04 01:54:24.9",4329426,-10,-10,-10,220,-0.001,-40.01
"2020-10-04 01:54:25",4329427,-10,-10,-10,220,-0.001,-40.01
"2020-10-04 01:54:25.1",4329428,-10,-10,-10,220,-0.001,-40.01
"2020-10-04 01:54:25.2",4329429,-10,-10,-10,220,-0.001,-40.01
"2020-10-04 01:54:25.3",4329430,-10,-10,-10,220,-0.001,-40.01
"2020-10-04 01:54:25.4",4329431,-10,-10,-10,220,-0.001,-40.01
"2020-10-04 01:54:25.5",4329432,-10,-10,-10,220,-0.001,-40.01
"2020-10-04 01:54:25.6",4329433,-10,-10,-10,220,-0.001,-40.01
"2020-10-04 01:54:25.7",4329434,-10,-10,-10,220,-0.001,-40.01
"2020-10-04 01:54:25.8",4329435,-10,-10,-10,220,-0.001,-40.01
"2020-10-04 01:54:25.9",4329436,-10,-10,-10,220,-0.001,-40.01
"2020-10-04 01:54:26",4329437,-10,-10,-10,220,-0.001,-40.01
"2020-10-04 01:54:26.1",4329438,-10,-10,-10,220,-0.001,-40.01
"2020-10-04 01:54:26.2",4329439,-10,-10,-10,220,-0.001,-40.01
"2020-10-04 01:54:26.3",4329440,-10,-10,-10,220,-0.001,-40.01
"2020-10-04 01:54:26.4",4329441,-10,-10,-10,220,-0.001,-40.01
"2020-10-04 01:54:26.5",4329442,-10,-10,-10,220,-0.001,-40.01
"2020-10-04 01:54:26.6",4329443,-10,-10,-10,220,-0.001,-40.01
"2020-10-04 01:54:26.7",4329444,-10,-10,-10,220,-0.001,-40.01
"2020-10-04 01:54:26.8",4329445,-10,-10,-10,220,-0.001,-40.01
"2020-10-04 01:54:26.9",4329446,-10,-10,-10,220,-0.001,-40.01
"2020-10-04 01:54:27",4329447,-10,-10,-10,220,-0.001,-40.01
"2020-10-04 01:54:27.1",4329448,-10,-10,-10,220,-0.001,-40.01
"2020-10-04 01:54:27.2",4329449,-10,-10,-10,220,-0.001,-40.01
"2020-10-04 01:54:27.3",4329450,-10,-10,-10,220,-0.001,-40.01
"2020-10-04 01:54:27.4",4329451,-10,-10,-10,220,-0.001,-40.01
"2020-10-04 01:54:27.5",4329452,-10,-10,-10,220,-0.001,-40.01
"2020-10-04 01:54:27.6",4329453,-10,-10,-10,220,-0.001,-40.01
"2020-10-04 01:54:27.7",4329454,-10,-10,-10,220,-0.001,-40.01
"2020-10-04 01:54:27.8",4329455,-10,-10,-10,220,-0.001,-40.01
"2020-10-04 01:54:27.9",4329456,-10,-10,-10,220,-0.001,-40.01
"2020-10-04 01:54:28",4329457,-10,-10,-10,220,-0.001,-40.01
"2020-10-04 01:54:28.1",4329458,-10,-10,-10,220,-0.001,-40.01
"2020-10-04 01:54:28.2",4329459,-10,-10,-10,220,-0.001,-40.01
"2020-10-04 01:54:28.3",4329460,-10,-10,-10,220,-0.001,-40.01
"2020-10-04 01:54:28.4",4329461,-10,-10,-10,220,-0.001,-40.01
"2020-10-04 01:54:28.5",4329462,-10,-10,-10,220,-0.001,-40.01
"2020-10-04 01:54:28.6",4329463,-10,-10,-10,220,-0.001,-40.01
"2020-10-04 01:54:28.7",4329464,-10,-10,-10,220,-0.001,-40.01
"2020-10-04 01:54:28.8",4329465,-10,-10,-10,220,-0.001,-40.01
"2020-10-04 01:54:28.9",4329466,-10,-10,-10,220,-0.001,-40.01
"2020-10-04 01:54:29",4329467,-10,-10,-10,220,-0.001,-40.01
"2020-10-04 01:54:29.1",4329468,-10,-10,-10,220,-0.001,-40.01
"2020-10-04 01:54:29.2",4329469,-10,-10,-10,220,-0.001,-40.01
"2020-10-04 01:54:29.3",4329470,-10,-10,-10,220,-0.001,-40.01
"2020-10-04 01:54:29.4",4329471,-10,-10,-10,220,-0.001,-40.01
"2020-10-04 01:54:29.5",4329472,-10,-10,-10,220,-0.001,-40.01
"2020-10-04 01:54:29.6",4329473,-10,-10,-10,220,-0.001,-40.01
"2020-10-04 01:54:29.7",4329474,-10,-10,-10,220,-0.001,-40.01
"2020-10-04 01:54:29.8",4329475,-10,-10,-10,220,-0.001,-40.01
"2020-10-04 01:54:29.9",4329476,-10,-10,-10,220,-0.001,-40.01
"2020-10-04 01:54:30",4329477,-10,-10,-10,220,-0.001,-40.01
"2020-10-04 01:54:30.1",4329478,-10,-10,-10,220,-0.001,-40.01
"2020-10-04 01:54:30.2",4329479,-10,-10,-10,220,-0.001,-40.01
"2020-10-04 01:54:30.3",4329480,-10,-10,-10,220,-0.001,-40.01
"2020-10-04 01:54:30.4",4329481,-10,-10,-10,220,-0.001,-40.01
"2020-10-04 01:54:30.5",4329482,-10,-10,-10,220,-0.001,-40.01
"2020-10-04 01:54:30.6",4329483,-10,-10,-10,220,-0.001,-40.01
"2020-10-04 01:54:30.7",4329484,-10,-10,-10,220,-0.001,-40.01
"2020-10-04 01:54:30.8",4329485,-10,-10,-10,220,-0.001,-40.01
"2020-10-04 01:54:30.9",4329486,-10,-10,-10,220,-0.001,-40.01
"2020-10-04 01:54:31",4329487,-10,-10,-10,220,-0.001,-40.01
"2020-10-04 01:54:31.1",4329488,-10,-10,-10,220,-0.001,-40.01
"2020-10-04 01:54:31.2",4329489,-10,-10,-10,220,-0.001,-40.01
"2020-10-04 01:54:31.3",4329490,-10,-10,-10,220,-0.001,-40.01
"2020-10-04 01:54:31.4",4329491,-10,-10,-10,220,-0.001,-40.01
"2020-10-04 01:54:31.5",4329492,-10,-10,-10,220,-0.001,-40.01
"2020-10-04 01:54:31.6",4329493,-10,-10,-10,220,-0.001,-40.01
"2020-10-04 01:54:31.7",4329494,-10,-10,-10,220,-0.001,-40.01
"2020-10-04 01:54:31.8",4329495,-10,-10,-10,220,-0.001,-40.01
"2020-10-04 01:54:31.9",4329496,-10,-10,-10,220,-0.001,-40.01
"2020-10-04 01:54:32",4329497,-10,-10,-10,220,-0.001,-40.01
"2020-10-04 01:54:32.1",4329498,-10,-10,-10,220,-0.001,-40.01
"2020-10-04 01:54:32.2",4329499,-10,-10,-10,220,-0.001,-40.01
"2020-10-04 01:54:32.3",4329500,-10,-10,-10,220,-0.001,-40.01
"2020-10-04 01:54:32.4",4329501,-10,-10,-10,220,-0.001,-40.01
"2020-10-04 01:54:32.5",4329502,-10,-10,-10,220,-0.001,-40.01
"2020-10-04 01:54:32.6",4329503,-10,-10,-10,220,-0.001,-40.01
"2020-10-04 01:54:32.7",4329504,-10,-10,-10,220,-0.001,-40.01
"2020-10-04 01:54:32.8",4329505,-10,-10,-10,220,-0.001,-40.01
"2020-10-04 01:54:32.9",4329506,-10,-10,-10,220,-0.001,-40.01
"2020-10-04 01:54:33",4329507,-10,-10,-10,220,-0.001,-40.01
"2020-10-04 01:54:33.1",4329508,-10,-10,-10,220,-0.001,-40.01
"2020-10-04 01:54:33.2",4329509,-10,-10,-10,220,-0.001,-40.01
"2020-10-04 01:54:33.3",4329510,-10,-10,-10,220,-0.001,-40.01
"2020-10-04 01:54:33.4",4329511,-10,-10,-10,220,-0.001,-40.01
"2020-10-04 01:54:33.5",4329512,-10,-10,-10,220,-0.001,-40.01
"2020-10-04 01:54:33.6",4329513,-10,-10,-10,220,-0.001,-40.01
"2020-10-04 01:54:33.7",4329514,-10,-10,-10,220,-0.001,-40.01
"2020-10-04 01:54:33.8",4329515,-10,-10,-10,220,-0.001,-40.01
"2020-10-04 01:54:33.9",4329516,-10,-10,-10,220,-0.001,-40.01
"2020-10-04 01:54:34",4329517,-10,-10,-10,220,-0.001,-40.01
"2020-10-04 01:54:34.1",4329518,-10,-10,-10,220,-0.001,-40.01
"2020-10-04 01:54:34.2",4329519,-10,-10,-10,220,-0.001,-40.01
"2020-10-04 01:54:34.3",4329520,-10,-10,-10,220,-0.001,-40.01
"2020-10-04 01:54:34.4",4329521,-10,-10,-10,220,-0.001,-40.01
"2020-10-04 01:54:34.5",4329522,-10,-10,-10,220,-0.001,-40.01
"2020-10-04 01:54:34.6",4329523,-10,-10,-10,220,-0.001,-40.01
"2020-10-04 01:54:34.7",4329524,-10,-10,-10,220,-0.001,-40.01
"2020-10-04 01:54:34.8",4329525,-10,-10,-10,220,-0.001,-40.01
"2020-10-04 01:54:34.9",4329526,-10,-10,-10,220,-0.001,-40.01
"2020-10-04 01:54:35",4329527,-10,-10,-10,220,-0.001,-40.01
"2020-10-04 01:54:35.1",4329528,-10,-10,-10,220,-0.001,-40.01
"2020-10-04 01:54:35.2",4329529,-10,-10,-10,220,-0.002,-40.01
"2020-10-04 01:54:35.3",4329530,-10,-10,-10,220,-0.001,-40.01
"2020-10-04 01:54:35.4",4329531,-10,-10,-10,220,-0.001,-40.01
"2020-10-04 01:54:35.5",4329532,-10,-10,-10,220,-0.001,-40.01
"2020-10-04 01:54:35.6",4329533,-10,-10,-10,220,-0.001,-40.01
"2020-10-04 01:54:35.7",4329534,-10,-10,-10,220,-0.001,-40.01
"2020-10-04 01:54:35.8",4329535,-10,-10,-10,220,-0.001,-40.01
"2020-10-04 01:54:35.9",4329536,-10,-10,-10,220,-0.001,-40.01
"2020-10-04 01:54:36",4329537,-10,-10,-10,220,-0.001,-40.01
"2020-10-04 01:54:36.1",4329538,-10,-10,-10,220,-0.001,-40.01
"2020-10-04 01:54:36.2",4329539,-10,-10,-10,220,-0.001,-40.01
"2020-10-04 01:54:36.3",4329540,-10,-10,-10,220,-0.001,-40.01
"2020-10-04 01:54:36.4",4329541,-10,-10,-10,220,-0.001,-40.01
"2020-10-04 01:54:36.5",4329542,-10,-10,-10,220,-0.001,-40.01
"2020-10-04 01:54:36.6",4329543,-10,-10,-10,220,-0.001,-40.01
"2020-10-04 01:54:36.7",4329544,-10,-10,-10,220,-0.001,-40.01
"2020-10-04 01:54:36.8",4329545,-10,-10,-10,220,-0.001,-40.01
"2020-10-04 01:54:36.9",4329546,-10,-10,-10,220,-0.001,-40.01
"2020-10-04 01:54:37",4329547,-10,-10,-10,220,-0.001,-40.01
"2020-10-04 01:54:37.1",4329548,-10,-10,-10,220,-0.001,-40.01
"2020-10-04 01:54:37.2",4329549,-10,-10,-10,220,-0.001,-40.01
"2020-10-04 01:54:37.3",4329550,-10,-10,-10,220,-0.001,-40.01
"2020-10-04 01:54:37.4",4329551,-10,-10,-10,220,-0.002,-40.01
"2020-10-04 01:54:37.5",4329552,-10,-10,-10,220,-0.001,-40.01
"2020-10-04 01:54:37.6",4329553,-10,-10,-10,220,-0.001,-40.01
"2020-10-04 01:54:37.7",4329554,-10,-10,-10,220,-0.001,-40.01
"2020-10-04 01:54:37.8",4329555,-10,-10,-10,220,-0.001,-40.01
"2020-10-04 01:54:37.9",4329556,-10,-10,-10,220,-0.001,-40.01
"2020-10-04 01:54:38",4329557,-10,-10,-10,220,-0.001,-40.01
"2020-10-04 01:54:38.1",4329558,-10,-10,-10,220,-0.001,-40.01
"2020-10-04 01:54:38.2",4329559,-10,-10,-10,220,-0.001,-40.01
"2020-10-04 01:54:38.3",4329560,-10,-10,-10,220,-0.001,-40.01
"2020-10-04 01:54:38.4",4329561,-10,-10,-10,220,-0.001,-40.01
"2020-10-04 01:54:38.5",4329562,-10,-10,-10,220,-0.001,-40.01
"2020-10-04 01:54:38.6",4329563,-10,-10,-10,220,-0.001,-40.01
"2020-10-04 01:54:38.7",4329564,-10,-10,-10,220,-0.001,-40.01
"2020-10-04 01:54:38.8",4329565,-10,-10,-10,220,-0.001,-40.01
"2020-10-04 01:54:38.9",4329566,-10,-10,-10,220,-0.001,-40.01
"2020-10-04 01:54:39",4329567,-10,-10,-10,220,-0.001,-40.01
"2020-10-04 01:54:39.1",4329568,-10,-10,-10,220,-0.001,-40.01
"2020-10-04 01:54:39.2",4329569,-10,-10,-10,220,-0.001,-40.01
"2020-10-04 01:54:39.3",4329570,-10,-10,-10,220,-0.001,-40.01
"2020-10-04 01:54:39.4",4329571,-10,-10,-10,220,-0.001,-40.01
"2020-10-04 01:54:39.5",4329572,-10,-10,-10,220,-0.001,-40.01
"2020-10-04 01:54:39.6",4329573,-10,-10,-10,220,-0.001,-40.01
"2020-10-04 01:54:39.7",4329574,-10,-10,-10,220,-0.001,-40.01
"2020-10-04 01:54:39.8",4329575,-10,-10,-10,220,-0.001,-40.01
"2020-10-04 01:54:39.9",4329576,-10,-10,-10,220,-0.001,-40.01
"2020-10-04 01:54:40",4329577,-10,-10,-10,220,-0.001,-40.01
"2020-10-04 01:54:40.1",4329578,-10,-10,-10,220,-0.002,-40.01
"2020-10-04 01:54:40.2",4329579,-10,-10,-10,220,-0.001,-40.01
"2020-10-04 01:54:40.3",4329580,-10,-10,-10,220,-0.001,-40.01
"2020-10-04 01:54:40.4",4329581,-10,-10,-10,220,-0.001,-40.01
"2020-10-04 01:54:40.5",4329582,-10,-10,-10,220,-0.001,-40.01
"2020-10-04 01:54:40.6",4329583,-10,-10,-10,220,-0.001,-40.01
"2020-10-04 01:54:40.7",4329584,-10,-10,-10,220,-0.001,-40.01
"2020-10-04 01:54:40.8",4329585,-10,-10,-10,220,-0.001,-40.01
"2020-10-04 01:54:40.9",4329586,-10,-10,-10,220,-0.001,-40.01
"2020-10-04 01:54:41",4329587,-10,-10,-10,220,-0.001,-40.01
"2020-10-04 01:54:41.1",4329588,-10,-10,-10,220,-0.001,-40.01
"2020-10-04 01:54:41.2",4329589,-10,-10,-10,220,-0.001,-40.01
"2020-10-04 01:54:41.3",4329590,-10,-10,-10,220,-0.001,-40.01
"2020-10-04 01:54:41.4",4329591,-10,-10,-10,220,-0.001,-40.01
"2020-10-04 01:54:41.5",4329592,-10,-10,-10,220,-0.001,-40.01
"2020-10-04 01:54:41.6",4329593,-10,-10,-10,220,-0.001,-40.01
"2020-10-04 01:54:41.7",4329594,-10,-10,-10,220,-0.001,-40.01
"2020-10-04 01:54:41.8",4329595,-10,-10,-10,220,-0.001,-40.01
"2020-10-04 01:54:41.9",4329596,-10,-10,-10,220,-0.001,-40.01
"2020-10-04 01:54:42",4329597,-10,-10,-10,220,-0.001,-40.01
"2020-10-04 01:54:42.1",4329598,-10,-10,-10,220,-0.001,-40.01
"2020-10-04 01:54:42.2",4329599,-10,-10,-10,220,-0.001,-40.01
"2020-10-04 01:54:42.3",4329600,-10,-10,-10,220,-0.001,-40.01
"2020-10-04 01:54:42.4",4329601,-10,-10,-10,220,-0.001,-40.01
"2020-10-04 01:54:42.5",4329602,-10,-10,-10,220,-0.001,-40.01
"2020-10-04 01:54:42.6",4329603,-10,-10,-10,220,-0.001,-40.01
"2020-10-04 01:54:42.7",4329604,-10,-10,-10,220,-0.001,-40.01
"2020-10-04 01:54:42.8",4329605,-10,-10,-10,220,-0.001,-40.01
"2020-10-04 01:54:42.9",4329606,-10,-10,-10,220,-0.001,-40.01
"2020-10-04 01:54:43",4329607,-10,-10,-10,220,-0.001,-40.01
"2020-10-04 01:54:43.1",4329608,-10,-10,-10,220,-0.001,-40.01
"2020-10-04 01:54:43.2",4329609,-10,-10,-10,220,-0.001,-40.01
"2020-10-04 01:54:43.3",4329610,-10,-10,-10,220,-0.001,-40.01
"2020-10-04 01:54:43.4",4329611,-10,-10,-10,220,-0.001,-40.01
"2020-10-04 01:54:43.5",4329612,-10,-10,-10,220,-0.001,-40.01
"2020-10-04 01:54:43.6",4329613,-10,-10,-10,220,-0.001,-40.01
"2020-10-04 01:54:43.7",4329614,-10,-10,-10,220,-0.001,-40.01
"2020-10-04 01:54:43.8",4329615,-10,-10,-10,220,-0.001,-40.01
"2020-10-04 01:54:43.9",4329616,-10,-10,-10,220,-0.001,-40.01
"2020-10-04 01:54:44",4329617,-10,-10,-10,220,-0.001,-40.01
"2020-10-04 01:54:44.1",4329618,-10,-10,-10,220,-0.001,-40.01
"2020-10-04 01:54:44.2",4329619,-10,-10,-10,220,-0.001,-40.01
"2020-10-04 01:54:44.3",4329620,-10,-10,-10,220,-0.001,-40.01
"2020-10-04 01:54:44.4",4329621,-10,-10,-10,220,-0.001,-40.01
"2020-10-04 01:54:44.5",4329622,-10,-10,-10,220,-0.001,-40.01
"2020-10-04 01:54:44.6",4329623,-10,-10,-10,220,-0.001,-40.01
"2020-10-04 01:54:44.7",4329624,-10,-10,-10,220,-0.002,-40.01
"2020-10-04 01:54:44.8",4329625,-10,-10,-10,220,-0.001,-40.01
"2020-10-04 01:54:44.9",4329626,-10,-10,-10,220,-0.001,-40.01
"2020-10-04 01:54:45",4329627,-10,-10,-10,220,-0.001,-40.01
"2020-10-04 01:54:45.1",4329628,-10,-10,-10,220,-0.001,-40.01
"2020-10-04 01:54:45.2",4329629,-10,-10,-10,220,-0.001,-40.01
"2020-10-04 01:54:45.3",4329630,-10,-10,-10,220,-0.001,-40.01
"2020-10-04 01:54:45.4",4329631,-10,-10,-10,220,-0.001,-40.01
"2020-10-04 01:54:45.5",4329632,-10,-10,-10,220,-0.001,-40.01
"2020-10-04 01:54:45.6",4329633,-10,-10,-10,220,-0.001,-40.01
"2020-10-04 01:54:45.7",4329634,-10,-10,-10,220,-0.001,-40.01
"2020-10-04 01:54:45.8",4329635,-10,-10,-10,220,-0.001,-40.01
"2020-10-04 01:54:45.9",4329636,-10,-10,-10,220,-0.001,-40.01
"2020-10-04 01:54:46",4329637,-10,-10,-10,220,-0.001,-40.01
"2020-10-04 01:54:46.1",4329638,-10,-10,-10,220,-0.001,-40.01
"2020-10-04 01:54:46.2",4329639,-10,-10,-10,220,-0.001,-40.01
"2020-10-04 01:54:46.3",4329640,-10,-10,-10,220,-0.001,-40.01
"2020-10-04 01:54:46.4",4329641,-10,-10,-10,220,-0.001,-40.01
"2020-10-04 01:54:46.5",4329642,-10,-10,-10,220,-0.001,-40.01
"2020-10-04 01:54:46.6",4329643,-10,-10,-10,220,-0.001,-40.01
"2020-10-04 01:54:46.7",4329644,-10,-10,-10,220,-0.001,-40.01
"2020-10-04 01:54:46.8",4329645,-10,-10,-10,220,-0.001,-40.01
"2020-10-04 01:54:46.9",4329646,-10,-10,-10,220,-0.001,-40.01
"2020-10-04 01:54:47",4329647,-10,-10,-10,220,-0.001,-40.01
"2020-10-04 01:54:47.1",4329648,-10,-10,-10,220,-0.001,-40.01
"2020-10-04 01:54:47.2",4329649,-10,-10,-10,220,-0.001,-40.01
"2020-10-04 01:54:47.3",4329650,-10,-10,-10,220,-0.001,-40.01
"2020-10-04 01:54:47.4",4329651,-10,-10,-10,220,-0.001,-40.01
"2020-10-04 01:54:47.5",4329652,-10,-10,-10,220,-0.002,-40.01
"2020-10-04 01:54:47.6",4329653,-10,-10,-10,220,-0.001,-40.01
"2020-10-04 01:54:47.7",4329654,-10,-10,-10,220,-0.001,-40.01
"2020-10-04 01:54:47.8",4329655,-10,-10,-10,220,-0.001,-40.01
"2020-10-04 01:54:47.9",4329656,-10,-10,-10,220,-0.001,-40.01
"2020-10-04 01:54:48",4329657,-10,-10,-10,220,-0.001,-40.01
"2020-10-04 01:54:48.1",4329658,-10,-10,-10,220,-0.001,-40.01
"2020-10-04 01:54:48.2",4329659,-10,-10,-10,220,-0.001,-40.01
"2020-10-04 01:54:48.3",4329660,-10,-10,-10,220,-0.001,-40.01
"2020-10-04 01:54:48.4",4329661,-10,-10,-10,220,-0.001,-40.01
"2020-10-04 01:54:48.5",4329662,-10,-10,-10,220,-0.001,-40.01
"2020-10-04 01:54:48.6",4329663,-10,-10,-10,220,-0.001,-40.01
"2020-10-04 01:54:48.7",4329664,-10,-10,-10,220,-0.001,-40.01
"2020-10-04 01:54:48.8",4329665,-10,-10,-10,220,-0.001,-40.01
"2020-10-04 01:54:48.9",4329666,-10,-10,-10,220,-0.001,-40.01
"2020-10-04 01:54:49",4329667,-10,-10,-10,220,-0.001,-40.01
"2020-10-04 01:54:49.1",4329668,-10,-10,-10,220,-0.001,-40.01
"2020-10-04 01:54:49.2",4329669,-10,-10,-10,220,-0.001,-40.01
"2020-10-04 01:54:49.3",4329670,-10,-10,-10,220,-0.001,-40.01
"2020-10-04 01:54:49.4",4329671,-10,-10,-10,220,-0.001,-40.01
"2020-10-04 01:54:49.5",4329672,-10,-10,-10,220,-0.001,-40.01
"2020-10-04 01:54:49.6",4329673,-10,-10,-10,220,-0.001,-40.01
"2020-10-04 01:54:49.7",4329674,-10,-10,-10,220,-0.001,-40.01
"2020-10-04 01:54:49.8",4329675,-10,-10,-10,220,-0.001,-40.01
"2020-10-04 01:54:49.9",4329676,-10,-10,-10,220,-0.001,-40.01
"2020-10-04 01:54:50",4329677,-10,-10,-10,220,-0.001,-40.01
"2020-10-04 01:54:50.1",4329678,-10,-10,-10,220,-0.001,-40.01
"2020-10-04 01:54:50.2",4329679,-10,-10,-10,220,-0.001,-40.01
"2020-10-04 01:54:50.3",4329680,-10,-10,-10,220,-0.001,-40.01
"2020-10-04 01:54:50.4",4329681,-10,-10,-10,220,-0.001,-40.01
"2020-10-04 01:54:50.5",4329682,-10,-10,-10,220,-0.001,-40.01
"2020-10-04 01:54:50.6",4329683,-10,-10,-10,220,-0.001,-40.01
"2020-10-04 01:54:50.7",4329684,-10,-10,-10,220,-0.001,-40.01
"2020-10-04 01:54:50.8",4329685,-10,-10,-10,220,-0.001,-40.01
"2020-10-04 01:54:50.9",4329686,-10,-10,-10,220,-0.001,-40.01
