"TOA5","10329","CR6","10329","CR6.Std.09.01 CR6-WIFI.04.00.01","CPU:YOUNG81000_HMP60_10Hz.CR6","51185","Young10Hz_hmp"
"TIMESTAMP","RECORD","U","V","W","TSonic","RH","T_HMP60"
"TS","RN","mV","mV","mV","mV","%","Deg C"
"","","Smp","Smp","Smp","Smp","Smp","Smp"
"2020-10-06 10:53:51",6381087,-10,-10,-10,220,-0.002,-40.01
"2020-10-06 10:53:51.1",6381088,-10,-10,-10,220,-0.002,-40.01
"2020-10-06 10:53:51.2",6381089,-10,-10,-10,220,-0.002,-40.01
"2020-10-06 10:53:51.3",6381090,-10,-10,-10,220,-0.002,-40.01
"2020-10-06 10:53:51.4",6381091,-10,-10,-10,220,-0.002,-40.01
"2020-10-06 10:53:51.5",6381092,-10,-10,-10,220,-0.002,-40.01
"2020-10-06 10:53:51.6",6381093,-10,-10,-10,220,-0.002,-40.01
"2020-10-06 10:53:51.7",6381094,-10,-10,-10,220,-0.002,-40.01
"2020-10-06 10:53:51.8",6381095,-10,-10,-10,220,-0.002,-40.01
"2020-10-06 10:53:51.9",6381096,-10,-10,-10,220,-0.002,-40.01
"2020-10-06 10:53:52",6381097,-10,-10,-10,220,-0.002,-40.01
"2020-10-06 10:53:52.1",6381098,-10,-10,-10,220,-0.002,-40.01
"2020-10-06 10:53:52.2",6381099,-10,-10,-10,220,-0.002,-40.01
"2020-10-06 10:53:52.3",6381100,-10,-10,-10,220,-0.002,-40.01
"2020-10-06 10:53:52.4",6381101,-10,-10,-10,220,-0.002,-40.01
"2020-10-06 10:53:52.5",6381102,-10,-10,-10,220,-0.002,-40.01
"2020-10-06 10:53:52.6",6381103,-10,-10,-10,220,-0.002,-40.01
"2020-10-06 10:53:52.7",6381104,-10,-10,-10,220,-0.002,-40.01
"2020-10-06 10:53:52.8",6381105,-10,-10,-10,220,-0.002,-40.01
"2020-10-06 10:53:52.9",6381106,-10,-10,-10,220,-0.002,-40.01
"2020-10-06 10:53:53",6381107,-10,-10,-10,220,-0.002,-40.01
"2020-10-06 10:53:53.1",6381108,-10,-10,-10,220,-0.002,-40.01
"2020-10-06 10:53:53.2",6381109,-10,-10,-10,220,-0.002,-40.01
"2020-10-06 10:53:53.3",6381110,-10,-10,-10,220,-0.002,-40.01
"2020-10-06 10:53:53.4",6381111,-10,-10,-10,220,-0.002,-40.01
"2020-10-06 10:53:53.5",6381112,-10,-10,-10,220,-0.002,-40.01
"2020-10-06 10:53:53.6",6381113,-10,-10,-10,220,-0.002,-40.01
"2020-10-06 10:53:53.7",6381114,-10,-10,-10,220,-0.002,-40.01
"2020-10-06 10:53:53.8",6381115,-10,-10,-10,220,-0.002,-40.01
"2020-10-06 10:53:53.9",6381116,-10,-10,-10,220,-0.002,-40.01
"2020-10-06 10:53:54",6381117,-10,-10,-10,220,-0.002,-40.01
"2020-10-06 10:53:54.1",6381118,-10,-10,-10,220,-0.002,-40.01
"2020-10-06 10:53:54.2",6381119,-10,-10,-10,220,-0.002,-40.01
"2020-10-06 10:53:54.3",6381120,-10,-10,-10,220,-0.002,-40.01
"2020-10-06 10:53:54.4",6381121,-10,-10,-10,220,-0.002,-40.01
"2020-10-06 10:53:54.5",6381122,-10,-10,-10,220,-0.002,-40.01
"2020-10-06 10:53:54.6",6381123,-10,-10,-10,220,-0.002,-40.01
"2020-10-06 10:53:54.7",6381124,-10,-10,-10,220,-0.002,-40.01
"2020-10-06 10:53:54.8",6381125,-10,-10,-10,220,-0.002,-40.01
"2020-10-06 10:53:54.9",6381126,-10,-10,-10,220,-0.002,-40.01
"2020-10-06 10:53:55",6381127,-10,-10,-10,220,-0.002,-40.01
"2020-10-06 10:53:55.1",6381128,-10,-10,-10,220,-0.002,-40.01
"2020-10-06 10:53:55.2",6381129,-10,-10,-10,220,-0.002,-40.01
"2020-10-06 10:53:55.3",6381130,-10,-10,-10,220,-0.002,-40.01
"2020-10-06 10:53:55.4",6381131,-10,-10,-10,220,-0.002,-40.01
"2020-10-06 10:53:55.5",6381132,-10,-10,-10,220,-0.002,-40.01
"2020-10-06 10:53:55.6",6381133,-10,-10,-10,220,-0.002,-40.01
"2020-10-06 10:53:55.7",6381134,-10,-10,-10,220,-0.002,-40.01
"2020-10-06 10:53:55.8",6381135,-10,-10,-10,220,-0.002,-40.01
"2020-10-06 10:53:55.9",6381136,-10,-10,-10,220,-0.002,-40.01
"2020-10-06 10:53:56",6381137,-10,-10,-10,220,-0.002,-40.01
"2020-10-06 10:53:56.1",6381138,-10,-10,-10,220,-0.002,-40.01
"2020-10-06 10:53:56.2",6381139,-10,-10,-10,220,-0.002,-40.01
"2020-10-06 10:53:56.3",6381140,-10,-10,-10,220,-0.002,-40.01
"2020-10-06 10:53:56.4",6381141,-10,-10,-10,220,-0.002,-40.01
"2020-10-06 10:53:56.5",6381142,-10,-10,-10,220,-0.002,-40.01
"2020-10-06 10:53:56.6",6381143,-10,-10,-10,220,-0.002,-40.01
"2020-10-06 10:53:56.7",6381144,-10,-10,-10,220,-0.002,-40.01
"2020-10-06 10:53:56.8",6381145,-10,-10,-10,220,-0.002,-40.01
"2020-10-06 10:53:56.9",6381146,-10,-10,-10,220,-0.002,-40.01
"2020-10-06 10:53:57",6381147,-10,-10,-10,220,-0.002,-40.01
"2020-10-06 10:53:57.1",6381148,-10,-10,-10,220,-0.002,-40.01
"2020-10-06 10:53:57.2",6381149,-10,-10,-10,220,-0.002,-40.01
"2020-10-06 10:53:57.3",6381150,-10,-10,-10,220,-0.002,-40.01
"2020-10-06 10:53:57.4",6381151,-10,-10,-10,220,-0.002,-40.01
"2020-10-06 10:53:57.5",6381152,-10,-10,-10,220,-0.002,-40.01
"2020-10-06 10:53:57.6",6381153,-10,-10,-10,220,-0.002,-40.01
"2020-10-06 10:53:57.7",6381154,-10,-10,-10,220,-0.002,-40.01
"2020-10-06 10:53:57.8",6381155,-10,-10,-10,220,-0.002,-40.01
"2020-10-06 10:53:57.9",6381156,-10,-10,-10,220,-0.002,-40.01
"2020-10-06 10:53:58",6381157,-10,-10,-10,220,-0.002,-40.01
"2020-10-06 10:53:58.1",6381158,-10,-10,-10,220,-0.002,-40.01
"2020-10-06 10:53:58.2",6381159,-10,-10,-10,220,-0.002,-40.01
"2020-10-06 10:53:58.3",6381160,-10,-10,-10,220,-0.002,-40.01
"2020-10-06 10:53:58.4",6381161,-10,-10,-10,220,-0.002,-40.01
"2020-10-06 10:53:58.5",6381162,-10,-10,-10,220,-0.002,-40.01
"2020-10-06 10:53:58.6",6381163,-10,-10,-10,220,-0.002,-40.01
"2020-10-06 10:53:58.7",6381164,-10,-10,-10,220,-0.002,-40.01
"2020-10-06 10:53:58.8",6381165,-10,-10,-10,220,-0.002,-40.01
"2020-10-06 10:53:58.9",6381166,-10,-10,-10,220,-0.002,-40.01
"2020-10-06 10:53:59",6381167,-10,-10,-10,220,-0.002,-40.01
"2020-10-06 10:53:59.1",6381168,-10,-10,-10,220,-0.002,-40.01
"2020-10-06 10:53:59.2",6381169,-10,-10,-10,220,-0.002,-40.01
"2020-10-06 10:53:59.3",6381170,-10,-10,-10,220,-0.002,-40.01
"2020-10-06 10:53:59.4",6381171,-10,-10,-10,220,-0.002,-40.01
"2020-10-06 10:53:59.5",6381172,-10,-10,-10,220,-0.002,-40.01
"2020-10-06 10:53:59.6",6381173,-10,-10,-10,220,-0.002,-40.01
"2020-10-06 10:53:59.7",6381174,-10,-10,-10,220,-0.002,-40.01
"2020-10-06 10:53:59.8",6381175,-10,-10,-10,220,-0.002,-40.01
"2020-10-06 10:53:59.9",6381176,-10,-10,-10,220,-0.002,-40.01
"2020-10-06 10:54:00",6381177,-10,-10,-10,220,-0.002,-40.01
"2020-10-06 10:54:00.1",6381178,-10,-10,-10,220,-0.008,-40.02
"2020-10-06 10:54:00.2",6381179,-10,-10,-10,220,-0.008,-40.02
"2020-10-06 10:54:00.3",6381180,-10,-10,-10,220,-0.002,-40
"2020-10-06 10:54:00.4",6381181,-10,-10,-10,220,-0.002,-40.01
"2020-10-06 10:54:00.5",6381182,-10,-10,-10,220,-0.002,-40.01
"2020-10-06 10:54:00.6",6381183,-10,-10,-10,220,-0.002,-40.01
"2020-10-06 10:54:00.7",6381184,-10,-10,-10,220,-0.002,-40.01
"2020-10-06 10:54:00.8",6381185,-10,-10,-10,220,-0.002,-40.01
"2020-10-06 10:54:00.9",6381186,-10,-10,-10,220,-0.002,-40.01
"2020-10-06 10:54:01",6381187,-10,-10,-10,220,-0.002,-40.01
"2020-10-06 10:54:01.1",6381188,-10,-10,-10,220,-0.002,-40.01
"2020-10-06 10:54:01.2",6381189,-10,-10,-10,220,-0.002,-40.01
"2020-10-06 10:54:01.3",6381190,-10,-10,-10,220,-0.002,-40.01
"2020-10-06 10:54:01.4",6381191,-10,-10,-10,220,-0.002,-40.01
"2020-10-06 10:54:01.5",6381192,-10,-10,-10,220,-0.002,-40.01
"2020-10-06 10:54:01.6",6381193,-10,-10,-10,220,-0.002,-40.01
"2020-10-06 10:54:01.7",6381194,-10,-10,-10,220,-0.002,-40.01
"2020-10-06 10:54:01.8",6381195,-10,-10,-10,220,-0.002,-40.01
"2020-10-06 10:54:01.9",6381196,-10,-10,-10,220,-0.002,-40.01
"2020-10-06 10:54:02",6381197,-10,-10,-10,220,-0.002,-40.01
"2020-10-06 10:54:02.1",6381198,-10,-10,-10,220,-0.002,-40.01
"2020-10-06 10:54:02.2",6381199,-10,-10,-10,220,-0.002,-40.01
"2020-10-06 10:54:02.3",6381200,-10,-10,-10,220,-0.002,-40.01
"2020-10-06 10:54:02.4",6381201,-10,-10,-10,220,-0.002,-40.01
"2020-10-06 10:54:02.5",6381202,-10,-10,-10,220,-0.002,-40.01
"2020-10-06 10:54:02.6",6381203,-10,-10,-10,220,-0.002,-40.01
"2020-10-06 10:54:02.7",6381204,-10,-10,-10,220,-0.002,-40.01
"2020-10-06 10:54:02.8",6381205,-10,-10,-10,220,-0.002,-40.01
"2020-10-06 10:54:02.9",6381206,-10,-10,-10,220,-0.002,-40.01
"2020-10-06 10:54:03",6381207,-10,-10,-10,220,-0.002,-40.01
"2020-10-06 10:54:03.1",6381208,-10,-10,-10,220,-0.002,-40.01
"2020-10-06 10:54:03.2",6381209,-10,-10,-10,220,-0.002,-40.01
"2020-10-06 10:54:03.3",6381210,-10,-10,-10,220,-0.002,-40.01
"2020-10-06 10:54:03.4",6381211,-10,-10,-10,220,-0.002,-40.01
"2020-10-06 10:54:03.5",6381212,-10,-10,-10,220,-0.002,-40.01
"2020-10-06 10:54:03.6",6381213,-10,-10,-10,220,-0.002,-40.01
"2020-10-06 10:54:03.7",6381214,-10,-10,-10,220,-0.002,-40.01
"2020-10-06 10:54:03.8",6381215,-10,-10,-10,220,-0.002,-40.01
"2020-10-06 10:54:03.9",6381216,-10,-10,-10,220,-0.002,-40.01
"2020-10-06 10:54:04",6381217,-10,-10,-10,220,-0.002,-40.01
"2020-10-06 10:54:04.1",6381218,-10,-10,-10,220,-0.002,-40.01
"2020-10-06 10:54:04.2",6381219,-10,-10,-10,220,-0.002,-40.01
"2020-10-06 10:54:04.3",6381220,-10,-10,-10,220,-0.002,-40.01
"2020-10-06 10:54:04.4",6381221,-10,-10,-10,220,-0.002,-40.01
"2020-10-06 10:54:04.5",6381222,-10,-10,-10,220,-0.002,-40.01
"2020-10-06 10:54:04.6",6381223,-10,-10,-10,220,-0.002,-40.01
"2020-10-06 10:54:04.7",6381224,-10,-10,-10,220,-0.002,-40.01
"2020-10-06 10:54:04.8",6381225,-10,-10,-10,220,-0.002,-40.01
"2020-10-06 10:54:04.9",6381226,-10,-10,-10,220,-0.002,-40.01
"2020-10-06 10:54:05",6381227,-10,-10,-10,220,-0.002,-40.01
"2020-10-06 10:54:05.1",6381228,-10,-10,-10,220,-0.002,-40.01
"2020-10-06 10:54:05.2",6381229,-10,-10,-10,220,-0.002,-40.01
"2020-10-06 10:54:05.3",6381230,-10,-10,-10,220,-0.002,-40.01
"2020-10-06 10:54:05.4",6381231,-10,-10,-10,220,-0.002,-40.01
"2020-10-06 10:54:05.5",6381232,-10,-10,-10,220,-0.002,-40.01
"2020-10-06 10:54:05.6",6381233,-10,-10,-10,220,-0.002,-40.01
"2020-10-06 10:54:05.7",6381234,-10,-10,-10,220,-0.002,-40.01
"2020-10-06 10:54:05.8",6381235,-10,-10,-10,220,-0.002,-40.01
"2020-10-06 10:54:05.9",6381236,-10,-10,-10,220,-0.002,-40.01
"2020-10-06 10:54:06",6381237,-10,-10,-10,220,-0.002,-40.01
"2020-10-06 10:54:06.1",6381238,-10,-10,-10,220,-0.002,-40.01
"2020-10-06 10:54:06.2",6381239,-10,-10,-10,220,-0.002,-40.01
"2020-10-06 10:54:06.3",6381240,-10,-10,-10,220,-0.002,-40.01
"2020-10-06 10:54:06.4",6381241,-10,-10,-10,220,-0.002,-40.01
"2020-10-06 10:54:06.5",6381242,-10,-10,-10,220,-0.002,-40.01
"2020-10-06 10:54:06.6",6381243,-10,-10,-10,220,-0.002,-40.01
"2020-10-06 10:54:06.7",6381244,-10,-10,-10,220,-0.002,-40.01
"2020-10-06 10:54:06.8",6381245,-10,-10,-10,220,-0.002,-40.01
"2020-10-06 10:54:06.9",6381246,-10,-10,-10,220,-0.002,-40.01
"2020-10-06 10:54:07",6381247,-10,-10,-10,220,-0.002,-40.01
"2020-10-06 10:54:07.1",6381248,-10,-10,-10,220,-0.002,-40.01
"2020-10-06 10:54:07.2",6381249,-10,-10,-10,220,-0.002,-40.01
"2020-10-06 10:54:07.3",6381250,-10,-10,-10,220,-0.002,-40.01
"2020-10-06 10:54:07.4",6381251,-10,-10,-10,220,-0.002,-40.01
"2020-10-06 10:54:07.5",6381252,-10,-10,-10,220,-0.002,-40.01
"2020-10-06 10:54:07.6",6381253,-10,-10,-10,220,-0.002,-40.01
"2020-10-06 10:54:07.7",6381254,-10,-10,-10,220,-0.002,-40.01
"2020-10-06 10:54:07.8",6381255,-10,-10,-10,220,-0.002,-40.01
"2020-10-06 10:54:07.9",6381256,-10,-10,-10,220,-0.002,-40.01
"2020-10-06 10:54:08",6381257,-10,-10,-10,220,-0.002,-40.01
"2020-10-06 10:54:08.1",6381258,-10,-10,-10,220,-0.002,-40.01
"2020-10-06 10:54:08.2",6381259,-10,-10,-10,220,-0.002,-40.01
"2020-10-06 10:54:08.3",6381260,-10,-10,-10,220,-0.002,-40.01
"2020-10-06 10:54:08.4",6381261,-10,-10,-10,220,-0.002,-40.01
"2020-10-06 10:54:08.5",6381262,-10,-10,-10,220,-0.002,-40.01
"2020-10-06 10:54:08.6",6381263,-10,-10,-10,220,-0.002,-40.01
"2020-10-06 10:54:08.7",6381264,-10,-10,-10,220,-0.002,-40.01
"2020-10-06 10:54:08.8",6381265,-10,-10,-10,220,-0.002,-40.01
"2020-10-06 10:54:08.9",6381266,-10,-10,-10,220,-0.002,-40.01
"2020-10-06 10:54:09",6381267,-10,-10,-10,220,-0.002,-40.01
"2020-10-06 10:54:09.1",6381268,-10,-10,-10,220,-0.002,-40.01
"2020-10-06 10:54:09.2",6381269,-10,-10,-10,220,-0.002,-40.01
"2020-10-06 10:54:09.3",6381270,-10,-10,-10,220,-0.002,-40.01
"2020-10-06 10:54:09.4",6381271,-10,-10,-10,220,-0.002,-40.01
"2020-10-06 10:54:09.5",6381272,-10,-10,-10,220,-0.002,-40.01
"2020-10-06 10:54:09.6",6381273,-10,-10,-10,220,-0.002,-40.01
"2020-10-06 10:54:09.7",6381274,-10,-10,-10,220,-0.002,-40.01
"2020-10-06 10:54:09.8",6381275,-10,-10,-10,220,-0.002,-40.01
"2020-10-06 10:54:09.9",6381276,-10,-10,-10,220,-0.002,-40.01
"2020-10-06 10:54:10",6381277,-10,-10,-10,220,-0.002,-40.01
"2020-10-06 10:54:10.1",6381278,-10,-10,-10,220,-0.002,-40.01
"2020-10-06 10:54:10.2",6381279,-10,-10,-10,220,-0.002,-40.01
"2020-10-06 10:54:10.3",6381280,-10,-10,-10,220,-0.002,-40.01
"2020-10-06 10:54:10.4",6381281,-10,-10,-10,220,-0.002,-40.01
"2020-10-06 10:54:10.5",6381282,-10,-10,-10,220,-0.002,-40.01
"2020-10-06 10:54:10.6",6381283,-10,-10,-10,220,-0.002,-40.01
"2020-10-06 10:54:10.7",6381284,-10,-10,-10,220,-0.002,-40.01
"2020-10-06 10:54:10.8",6381285,-10,-10,-10,220,-0.002,-40.01
"2020-10-06 10:54:10.9",6381286,-10,-10,-10,220,-0.002,-40.01
"2020-10-06 10:54:11",6381287,-10,-10,-10,220,-0.002,-40.01
"2020-10-06 10:54:11.1",6381288,-10,-10,-10,220,-0.002,-40.01
"2020-10-06 10:54:11.2",6381289,-10,-10,-10,220,-0.002,-40.01
"2020-10-06 10:54:11.3",6381290,-10,-10,-10,220,-0.002,-40.01
"2020-10-06 10:54:11.4",6381291,-10,-10,-10,220,-0.002,-40.01
"2020-10-06 10:54:11.5",6381292,-10,-10,-10,220,-0.002,-40.01
"2020-10-06 10:54:11.6",6381293,-10,-10,-10,220,-0.002,-40.01
"2020-10-06 10:54:11.7",6381294,-10,-10,-10,220,-0.002,-40.01
"2020-10-06 10:54:11.8",6381295,-10,-10,-10,220,-0.002,-40.01
"2020-10-06 10:54:11.9",6381296,-10,-10,-10,220,-0.002,-40.01
"2020-10-06 10:54:12",6381297,-10,-10,-10,220,-0.002,-40.01
"2020-10-06 10:54:12.1",6381298,-10,-10,-10,220,-0.002,-40.01
"2020-10-06 10:54:12.2",6381299,-10,-10,-10,220,-0.002,-40.01
"2020-10-06 10:54:12.3",6381300,-10,-10,-10,220,-0.002,-40.01
"2020-10-06 10:54:12.4",6381301,-10,-10,-10,220,-0.002,-40.01
"2020-10-06 10:54:12.5",6381302,-10,-10,-10,220,-0.002,-40.01
"2020-10-06 10:54:12.6",6381303,-10,-10,-10,220,-0.002,-40.01
"2020-10-06 10:54:12.7",6381304,-10,-10,-10,220,-0.002,-40.01
"2020-10-06 10:54:12.8",6381305,-10,-10,-10,220,-0.002,-40.01
"2020-10-06 10:54:12.9",6381306,-10,-10,-10,220,-0.002,-40.01
"2020-10-06 10:54:13",6381307,-10,-10,-10,220,-0.002,-40.01
"2020-10-06 10:54:13.1",6381308,-10,-10,-10,220,-0.002,-40.01
"2020-10-06 10:54:13.2",6381309,-10,-10,-10,220,-0.002,-40.01
"2020-10-06 10:54:13.3",6381310,-10,-10,-10,220,-0.002,-40.01
"2020-10-06 10:54:13.4",6381311,-10,-10,-10,220,-0.002,-40.01
"2020-10-06 10:54:13.5",6381312,-10,-10,-10,220,-0.002,-40.01
"2020-10-06 10:54:13.6",6381313,-10,-10,-10,220,-0.002,-40.01
"2020-10-06 10:54:13.7",6381314,-10,-10,-10,220,-0.002,-40.01
"2020-10-06 10:54:13.8",6381315,-10,-10,-10,220,-0.002,-40.01
"2020-10-06 10:54:13.9",6381316,-10,-10,-10,220,-0.002,-40.01
"2020-10-06 10:54:14",6381317,-10,-10,-10,220,-0.002,-40.01
"2020-10-06 10:54:14.1",6381318,-10,-10,-10,220,-0.002,-40.01
"2020-10-06 10:54:14.2",6381319,-10,-10,-10,220,-0.002,-40.01
"2020-10-06 10:54:14.3",6381320,-10,-10,-10,220,-0.002,-40.01
"2020-10-06 10:54:14.4",6381321,-10,-10,-10,220,-0.002,-40.01
"2020-10-06 10:54:14.5",6381322,-10,-10,-10,220,-0.002,-40.01
"2020-10-06 10:54:14.6",6381323,-10,-10,-10,220,-0.002,-40.01
"2020-10-06 10:54:14.7",6381324,-10,-10,-10,220,-0.002,-40.01
"2020-10-06 10:54:14.8",6381325,-10,-10,-10,220,-0.002,-40.01
"2020-10-06 10:54:14.9",6381326,-10,-10,-10,220,-0.002,-40.01
"2020-10-06 10:54:15",6381327,-10,-10,-10,220,-0.002,-40.01
"2020-10-06 10:54:15.1",6381328,-10,-10,-10,220,-0.002,-40.01
"2020-10-06 10:54:15.2",6381329,-10,-10,-10,220,-0.002,-40.01
"2020-10-06 10:54:15.3",6381330,-10,-10,-10,220,-0.002,-40.01
"2020-10-06 10:54:15.4",6381331,-10,-10,-10,220,-0.002,-40.01
"2020-10-06 10:54:15.5",6381332,-10,-10,-10,220,-0.002,-40.01
"2020-10-06 10:54:15.6",6381333,-10,-10,-10,220,-0.002,-40.01
"2020-10-06 10:54:15.7",6381334,-10,-10,-10,220,-0.002,-40.01
"2020-10-06 10:54:15.8",6381335,-10,-10,-10,220,-0.002,-40.01
"2020-10-06 10:54:15.9",6381336,-10,-10,-10,220,-0.002,-40.01
"2020-10-06 10:54:16",6381337,-10,-10,-10,220,-0.002,-40.01
"2020-10-06 10:54:16.1",6381338,-10,-10,-10,220,-0.002,-40.01
"2020-10-06 10:54:16.2",6381339,-10,-10,-10,220,-0.002,-40.01
"2020-10-06 10:54:16.3",6381340,-10,-10,-10,220,-0.002,-40.01
"2020-10-06 10:54:16.4",6381341,-10,-10,-10,220,-0.002,-40.01
"2020-10-06 10:54:16.5",6381342,-10,-10,-10,220,-0.002,-40.01
"2020-10-06 10:54:16.6",6381343,-10,-10,-10,220,-0.002,-40.01
"2020-10-06 10:54:16.7",6381344,-10,-10,-10,220,-0.002,-40.01
"2020-10-06 10:54:16.8",6381345,-10,-10,-10,220,-0.002,-40.01
"2020-10-06 10:54:16.9",6381346,-10,-10,-10,220,-0.002,-40.01
"2020-10-06 10:54:17",6381347,-10,-10,-10,220,-0.002,-40.01
"2020-10-06 10:54:17.1",6381348,-10,-10,-10,220,-0.002,-40.01
"2020-10-06 10:54:17.2",6381349,-10,-10,-10,220,-0.002,-40.01
"2020-10-06 10:54:17.3",6381350,-10,-10,-10,220,-0.002,-40.01
"2020-10-06 10:54:17.4",6381351,-10,-10,-10,220,-0.002,-40.01
"2020-10-06 10:54:17.5",6381352,-10,-10,-10,220,-0.002,-40.01
"2020-10-06 10:54:17.6",6381353,-10,-10,-10,220,-0.002,-40.01
"2020-10-06 10:54:17.7",6381354,-10,-10,-10,220,-0.002,-40.01
"2020-10-06 10:54:17.8",6381355,-10,-10,-10,220,-0.002,-40.01
"2020-10-06 10:54:17.9",6381356,-10,-10,-10,220,-0.002,-40.01
"2020-10-06 10:54:18",6381357,-10,-10,-10,220,-0.002,-40.01
"2020-10-06 10:54:18.1",6381358,-10,-10,-10,220,-0.002,-40.01
"2020-10-06 10:54:18.2",6381359,-10,-10,-10,220,-0.002,-40.01
"2020-10-06 10:54:18.3",6381360,-10,-10,-10,220,-0.002,-40.01
"2020-10-06 10:54:18.4",6381361,-10,-10,-10,220,-0.002,-40.01
"2020-10-06 10:54:18.5",6381362,-10,-10,-10,220,-0.002,-40.01
"2020-10-06 10:54:18.6",6381363,-10,-10,-10,220,-0.002,-40.01
"2020-10-06 10:54:18.7",6381364,-10,-10,-10,220,-0.002,-40.01
"2020-10-06 10:54:18.8",6381365,-10,-10,-10,220,-0.002,-40.01
"2020-10-06 10:54:18.9",6381366,-10,-10,-10,220,-0.002,-40.01
"2020-10-06 10:54:19",6381367,-10,-10,-10,220,-0.002,-40.01
"2020-10-06 10:54:19.1",6381368,-10,-10,-10,220,-0.002,-40.01
"2020-10-06 10:54:19.2",6381369,-10,-10,-10,220,-0.002,-40.01
"2020-10-06 10:54:19.3",6381370,-10,-10,-10,220,-0.002,-40.01
"2020-10-06 10:54:19.4",6381371,-10,-10,-10,220,-0.002,-40.01
"2020-10-06 10:54:19.5",6381372,-10,-10,-10,220,-0.002,-40.01
"2020-10-06 10:54:19.6",6381373,-10,-10,-10,220,-0.002,-40.01
"2020-10-06 10:54:19.7",6381374,-10,-10,-10,220,-0.002,-40.01
"2020-10-06 10:54:19.8",6381375,-10,-10,-10,220,-0.002,-40.01
"2020-10-06 10:54:19.9",6381376,-10,-10,-10,220,-0.002,-40.01
"2020-10-06 10:54:20",6381377,-10,-10,-10,220,-0.002,-40.01
"2020-10-06 10:54:20.1",6381378,-10,-10,-10,220,-0.002,-40.01
"2020-10-06 10:54:20.2",6381379,-10,-10,-10,220,-0.002,-40.01
"2020-10-06 10:54:20.3",6381380,-10,-10,-10,220,-0.002,-40.01
"2020-10-06 10:54:20.4",6381381,-10,-10,-10,220,-0.002,-40.01
"2020-10-06 10:54:20.5",6381382,-10,-10,-10,220,-0.002,-40.01
"2020-10-06 10:54:20.6",6381383,-10,-10,-10,220,-0.002,-40.01
"2020-10-06 10:54:20.7",6381384,-10,-10,-10,220,-0.002,-40.01
"2020-10-06 10:54:20.8",6381385,-10,-10,-10,220,-0.002,-40.01
"2020-10-06 10:54:20.9",6381386,-10,-10,-10,220,-0.002,-40.01
"2020-10-06 10:54:21",6381387,-10,-10,-10,220,-0.002,-40.01
"2020-10-06 10:54:21.1",6381388,-10,-10,-10,220,-0.002,-40.01
"2020-10-06 10:54:21.2",6381389,-10,-10,-10,220,-0.002,-40.01
"2020-10-06 10:54:21.3",6381390,-10,-10,-10,220,-0.002,-40.01
"2020-10-06 10:54:21.4",6381391,-10,-10,-10,220,-0.002,-40.01
"2020-10-06 10:54:21.5",6381392,-10,-10,-10,220,-0.002,-40.01
"2020-10-06 10:54:21.6",6381393,-10,-10,-10,220,-0.002,-40.01
"2020-10-06 10:54:21.7",6381394,-10,-10,-10,220,-0.002,-40.01
"2020-10-06 10:54:21.8",6381395,-10,-10,-10,220,-0.002,-40.01
"2020-10-06 10:54:21.9",6381396,-10,-10,-10,220,-0.002,-40.01
"2020-10-06 10:54:22",6381397,-10,-10,-10,220,-0.002,-40.01
"2020-10-06 10:54:22.1",6381398,-10,-10,-10,220,-0.002,-40.01
"2020-10-06 10:54:22.2",6381399,-10,-10,-10,220,-0.002,-40.01
"2020-10-06 10:54:22.3",6381400,-10,-10,-10,220,-0.002,-40.01
"2020-10-06 10:54:22.4",6381401,-10,-10,-10,220,-0.002,-40.01
"2020-10-06 10:54:22.5",6381402,-10,-10,-10,220,-0.002,-40.01
"2020-10-06 10:54:22.6",6381403,-10,-10,-10,220,-0.002,-40.01
"2020-10-06 10:54:22.7",6381404,-10,-10,-10,220,-0.002,-40.01
"2020-10-06 10:54:22.8",6381405,-10,-10,-10,220,-0.002,-40.01
"2020-10-06 10:54:22.9",6381406,-10,-10,-10,220,-0.002,-40.01
"2020-10-06 10:54:23",6381407,-10,-10,-10,220,-0.002,-40.01
"2020-10-06 10:54:23.1",6381408,-10,-10,-10,220,-0.002,-40.01
"2020-10-06 10:54:23.2",6381409,-10,-10,-10,220,-0.002,-40.01
"2020-10-06 10:54:23.3",6381410,-10,-10,-10,220,-0.002,-40.01
"2020-10-06 10:54:23.4",6381411,-10,-10,-10,220,-0.002,-40.01
"2020-10-06 10:54:23.5",6381412,-10,-10,-10,220,-0.002,-40.01
"2020-10-06 10:54:23.6",6381413,-10,-10,-10,220,-0.002,-40.01
"2020-10-06 10:54:23.7",6381414,-10,-10,-10,220,-0.002,-40.01
"2020-10-06 10:54:23.8",6381415,-10,-10,-10,220,-0.002,-40.01
"2020-10-06 10:54:23.9",6381416,-10,-10,-10,220,-0.002,-40.01
"2020-10-06 10:54:24",6381417,-10,-10,-10,220,-0.002,-40.01
"2020-10-06 10:54:24.1",6381418,-10,-10,-10,220,-0.002,-40.01
"2020-10-06 10:54:24.2",6381419,-10,-10,-10,220,-0.002,-40.01
"2020-10-06 10:54:24.3",6381420,-10,-10,-10,220,-0.002,-40.01
"2020-10-06 10:54:24.4",6381421,-10,-10,-10,220,-0.002,-40.01
"2020-10-06 10:54:24.5",6381422,-10,-10,-10,220,-0.002,-40.01
"2020-10-06 10:54:24.6",6381423,-10,-10,-10,220,-0.002,-40.01
"2020-10-06 10:54:24.7",6381424,-10,-10,-10,220,-0.002,-40.01
"2020-10-06 10:54:24.8",6381425,-10,-10,-10,220,-0.002,-40.01
"2020-10-06 10:54:24.9",6381426,-10,-10,-10,220,-0.002,-40.01
"2020-10-06 10:54:25",6381427,-10,-10,-10,220,-0.002,-40.01
"2020-10-06 10:54:25.1",6381428,-10,-10,-10,220,-0.002,-40.01
"2020-10-06 10:54:25.2",6381429,-10,-10,-10,220,-0.002,-40.01
"2020-10-06 10:54:25.3",6381430,-10,-10,-10,220,-0.002,-40.01
"2020-10-06 10:54:25.4",6381431,-10,-10,-10,220,-0.002,-40.01
"2020-10-06 10:54:25.5",6381432,-10,-10,-10,220,-0.002,-40.01
"2020-10-06 10:54:25.6",6381433,-10,-10,-10,220,-0.002,-40.01
"2020-10-06 10:54:25.7",6381434,-10,-10,-10,220,-0.002,-40.01
"2020-10-06 10:54:25.8",6381435,-10,-10,-10,220,-0.002,-40.01
"2020-10-06 10:54:25.9",6381436,-10,-10,-10,220,-0.002,-40.01
"2020-10-06 10:54:26",6381437,-10,-10,-10,220,-0.002,-40.01
"2020-10-06 10:54:26.1",6381438,-10,-10,-10,220,-0.002,-40.01
"2020-10-06 10:54:26.2",6381439,-10,-10,-10,220,-0.002,-40.01
"2020-10-06 10:54:26.3",6381440,-10,-10,-10,220,-0.002,-40.01
"2020-10-06 10:54:26.4",6381441,-10,-10,-10,220,-0.002,-40.01
"2020-10-06 10:54:26.5",6381442,-10,-10,-10,220,-0.002,-40.01
"2020-10-06 10:54:26.6",6381443,-10,-10,-10,220,-0.002,-40.01
"2020-10-06 10:54:26.7",6381444,-10,-10,-10,220,-0.002,-40.01
"2020-10-06 10:54:26.8",6381445,-10,-10,-10,220,-0.002,-40.01
"2020-10-06 10:54:26.9",6381446,-10,-10,-10,220,-0.002,-40.01
"2020-10-06 10:54:27",6381447,-10,-10,-10,220,-0.002,-40.01
"2020-10-06 10:54:27.1",6381448,-10,-10,-10,220,-0.002,-40.01
"2020-10-06 10:54:27.2",6381449,-10,-10,-10,220,-0.002,-40.01
"2020-10-06 10:54:27.3",6381450,-10,-10,-10,220,-0.002,-40.01
"2020-10-06 10:54:27.4",6381451,-10,-10,-10,220,-0.002,-40.01
"2020-10-06 10:54:27.5",6381452,-10,-10,-10,220,-0.002,-40.01
"2020-10-06 10:54:27.6",6381453,-10,-10,-10,220,-0.002,-40.01
"2020-10-06 10:54:27.7",6381454,-10,-10,-10,220,-0.002,-40.01
"2020-10-06 10:54:27.8",6381455,-10,-10,-10,220,-0.002,-40.01
"2020-10-06 10:54:27.9",6381456,-10,-10,-10,220,-0.002,-40.01
"2020-10-06 10:54:28",6381457,-10,-10,-10,220,-0.002,-40.01
"2020-10-06 10:54:28.1",6381458,-10,-10,-10,220,-0.002,-40.01
"2020-10-06 10:54:28.2",6381459,-10,-10,-10,220,-0.002,-40.01
"2020-10-06 10:54:28.3",6381460,-10,-10,-10,220,-0.002,-40.01
"2020-10-06 10:54:28.4",6381461,-10,-10,-10,220,-0.002,-40.01
"2020-10-06 10:54:28.5",6381462,-10,-10,-10,220,-0.002,-40.01
"2020-10-06 10:54:28.6",6381463,-10,-10,-10,220,-0.002,-40.01
"2020-10-06 10:54:28.7",6381464,-10,-10,-10,220,-0.002,-40.01
"2020-10-06 10:54:28.8",6381465,-10,-10,-10,220,-0.002,-40.01
"2020-10-06 10:54:28.9",6381466,-10,-10,-10,220,-0.002,-40.01
"2020-10-06 10:54:29",6381467,-10,-10,-10,220,-0.002,-40.01
"2020-10-06 10:54:29.1",6381468,-10,-10,-10,220,-0.002,-40.01
"2020-10-06 10:54:29.2",6381469,-10,-10,-10,220,-0.002,-40.01
"2020-10-06 10:54:29.3",6381470,-10,-10,-10,220,-0.002,-40.01
"2020-10-06 10:54:29.4",6381471,-10,-10,-10,220,-0.002,-40.01
"2020-10-06 10:54:29.5",6381472,-10,-10,-10,220,-0.002,-40.01
"2020-10-06 10:54:29.6",6381473,-10,-10,-10,220,-0.002,-40.01
"2020-10-06 10:54:29.7",6381474,-10,-10,-10,220,-0.002,-40.01
"2020-10-06 10:54:29.8",6381475,-10,-10,-10,220,-0.002,-40.01
"2020-10-06 10:54:29.9",6381476,-10,-10,-10,220,-0.002,-40.01
"2020-10-06 10:54:30",6381477,-10,-10,-10,220,-0.002,-40.01
"2020-10-06 10:54:30.1",6381478,-10,-10,-10,220,-0.002,-40.01
"2020-10-06 10:54:30.2",6381479,-10,-10,-10,220,-0.002,-40.01
"2020-10-06 10:54:30.3",6381480,-10,-10,-10,220,-0.002,-40.01
"2020-10-06 10:54:30.4",6381481,-10,-10,-10,220,-0.002,-40.01
"2020-10-06 10:54:30.5",6381482,-10,-10,-10,220,-0.002,-40.01
"2020-10-06 10:54:30.6",6381483,-10,-10,-10,220,-0.002,-40.01
"2020-10-06 10:54:30.7",6381484,-10,-10,-10,220,-0.002,-40.01
"2020-10-06 10:54:30.8",6381485,-10,-10,-10,220,-0.002,-40.01
"2020-10-06 10:54:30.9",6381486,-10,-10,-10,220,-0.002,-40.01
"2020-10-06 10:54:31",6381487,-10,-10,-10,220,-0.002,-40.01
"2020-10-06 10:54:31.1",6381488,-10,-10,-10,220,-0.002,-40.01
"2020-10-06 10:54:31.2",6381489,-10,-10,-10,220,-0.002,-40.01
"2020-10-06 10:54:31.3",6381490,-10,-10,-10,220,-0.002,-40.01
"2020-10-06 10:54:31.4",6381491,-10,-10,-10,220,-0.002,-40.01
"2020-10-06 10:54:31.5",6381492,-10,-10,-10,220,-0.002,-40.01
"2020-10-06 10:54:31.6",6381493,-10,-10,-10,220,-0.002,-40.01
"2020-10-06 10:54:31.7",6381494,-10,-10,-10,220,-0.002,-40.01
"2020-10-06 10:54:31.8",6381495,-10,-10,-10,220,-0.002,-40.01
"2020-10-06 10:54:31.9",6381496,-10,-10,-10,220,-0.002,-40.01
"2020-10-06 10:54:32",6381497,-10,-10,-10,220,-0.002,-40.01
"2020-10-06 10:54:32.1",6381498,-10,-10,-10,220,-0.002,-40.01
"2020-10-06 10:54:32.2",6381499,-10,-10,-10,220,-0.002,-40.01
"2020-10-06 10:54:32.3",6381500,-10,-10,-10,220,-0.002,-40.01
"2020-10-06 10:54:32.4",6381501,-10,-10,-10,220,-0.002,-40.01
"2020-10-06 10:54:32.5",6381502,-10,-10,-10,220,-0.002,-40.01
"2020-10-06 10:54:32.6",6381503,-10,-10,-10,220,-0.002,-40.01
"2020-10-06 10:54:32.7",6381504,-10,-10,-10,220,-0.002,-40.01
"2020-10-06 10:54:32.8",6381505,-10,-10,-10,220,-0.002,-40.01
"2020-10-06 10:54:32.9",6381506,-10,-10,-10,220,-0.002,-40.01
"2020-10-06 10:54:33",6381507,-10,-10,-10,220,-0.002,-40.01
"2020-10-06 10:54:33.1",6381508,-10,-10,-10,220,-0.002,-40.01
"2020-10-06 10:54:33.2",6381509,-10,-10,-10,220,-0.002,-40.01
"2020-10-06 10:54:33.3",6381510,-10,-10,-10,220,-0.002,-40.01
"2020-10-06 10:54:33.4",6381511,-10,-10,-10,220,-0.002,-40.01
"2020-10-06 10:54:33.5",6381512,-10,-10,-10,220,-0.002,-40.01
"2020-10-06 10:54:33.6",6381513,-10,-10,-10,220,-0.002,-40.01
"2020-10-06 10:54:33.7",6381514,-10,-10,-10,220,-0.002,-40.01
"2020-10-06 10:54:33.8",6381515,-10,-10,-10,220,-0.002,-40.01
"2020-10-06 10:54:33.9",6381516,-10,-10,-10,220,-0.002,-40.01
"2020-10-06 10:54:34",6381517,-10,-10,-10,220,-0.002,-40.01
"2020-10-06 10:54:34.1",6381518,-10,-10,-10,220,-0.002,-40.01
"2020-10-06 10:54:34.2",6381519,-10,-10,-10,220,-0.002,-40.01
"2020-10-06 10:54:34.3",6381520,-10,-10,-10,220,-0.002,-40.01
"2020-10-06 10:54:34.4",6381521,-10,-10,-10,220,-0.002,-40.01
"2020-10-06 10:54:34.5",6381522,-10,-10,-10,220,-0.002,-40.01
"2020-10-06 10:54:34.6",6381523,-10,-10,-10,220,-0.002,-40.01
"2020-10-06 10:54:34.7",6381524,-10,-10,-10,220,-0.002,-40.01
"2020-10-06 10:54:34.8",6381525,-10,-10,-10,220,-0.002,-40.01
"2020-10-06 10:54:34.9",6381526,-10,-10,-10,220,-0.002,-40.01
"2020-10-06 10:54:35",6381527,-10,-10,-10,220,-0.002,-40.01
"2020-10-06 10:54:35.1",6381528,-10,-10,-10,220,-0.002,-40.01
"2020-10-06 10:54:35.2",6381529,-10,-10,-10,220,-0.002,-40.01
"2020-10-06 10:54:35.3",6381530,-10,-10,-10,220,-0.002,-40.01
"2020-10-06 10:54:35.4",6381531,-10,-10,-10,220,-0.002,-40.01
"2020-10-06 10:54:35.5",6381532,-10,-10,-10,220,-0.002,-40.01
"2020-10-06 10:54:35.6",6381533,-10,-10,-10,220,-0.002,-40.01
"2020-10-06 10:54:35.7",6381534,-10,-10,-10,220,-0.002,-40.01
"2020-10-06 10:54:35.8",6381535,-10,-10,-10,220,-0.002,-40.01
"2020-10-06 10:54:35.9",6381536,-10,-10,-10,220,-0.002,-40.01
"2020-10-06 10:54:36",6381537,-10,-10,-10,220,-0.002,-40.01
"2020-10-06 10:54:36.1",6381538,-10,-10,-10,220,-0.002,-40.01
"2020-10-06 10:54:36.2",6381539,-10,-10,-10,220,-0.002,-40.01
"2020-10-06 10:54:36.3",6381540,-10,-10,-10,220,-0.002,-40.01
"2020-10-06 10:54:36.4",6381541,-10,-10,-10,220,-0.002,-40.01
"2020-10-06 10:54:36.5",6381542,-10,-10,-10,220,-0.002,-40.01
"2020-10-06 10:54:36.6",6381543,-10,-10,-10,220,-0.002,-40.01
"2020-10-06 10:54:36.7",6381544,-10,-10,-10,220,-0.002,-40.01
"2020-10-06 10:54:36.8",6381545,-10,-10,-10,220,-0.002,-40.01
"2020-10-06 10:54:36.9",6381546,-10,-10,-10,220,-0.002,-40.01
"2020-10-06 10:54:37",6381547,-10,-10,-10,220,-0.002,-40.01
"2020-10-06 10:54:37.1",6381548,-10,-10,-10,220,-0.002,-40.01
"2020-10-06 10:54:37.2",6381549,-10,-10,-10,220,-0.002,-40.01
"2020-10-06 10:54:37.3",6381550,-10,-10,-10,220,-0.002,-40.01
"2020-10-06 10:54:37.4",6381551,-10,-10,-10,220,-0.002,-40.01
"2020-10-06 10:54:37.5",6381552,-10,-10,-10,220,-0.002,-40.01
"2020-10-06 10:54:37.6",6381553,-10,-10,-10,220,-0.002,-40.01
"2020-10-06 10:54:37.7",6381554,-10,-10,-10,220,-0.002,-40.01
"2020-10-06 10:54:37.8",6381555,-10,-10,-10,220,-0.002,-40.01
"2020-10-06 10:54:37.9",6381556,-10,-10,-10,220,-0.002,-40.01
"2020-10-06 10:54:38",6381557,-10,-10,-10,220,-0.002,-40.01
"2020-10-06 10:54:38.1",6381558,-10,-10,-10,220,-0.002,-40.01
"2020-10-06 10:54:38.2",6381559,-10,-10,-10,220,-0.002,-40.01
"2020-10-06 10:54:38.3",6381560,-10,-10,-10,220,-0.002,-40.01
"2020-10-06 10:54:38.4",6381561,-10,-10,-10,220,-0.002,-40.01
"2020-10-06 10:54:38.5",6381562,-10,-10,-10,220,-0.002,-40.01
"2020-10-06 10:54:38.6",6381563,-10,-10,-10,220,-0.002,-40.01
"2020-10-06 10:54:38.7",6381564,-10,-10,-10,220,-0.002,-40.01
"2020-10-06 10:54:38.8",6381565,-10,-10,-10,220,-0.002,-40.01
"2020-10-06 10:54:38.9",6381566,-10,-10,-10,220,-0.002,-40.01
"2020-10-06 10:54:39",6381567,-10,-10,-10,220,-0.002,-40.01
"2020-10-06 10:54:39.1",6381568,-10,-10,-10,220,-0.002,-40.01
"2020-10-06 10:54:39.2",6381569,-10,-10,-10,220,-0.002,-40.01
"2020-10-06 10:54:39.3",6381570,-10,-10,-10,220,-0.002,-40.01
"2020-10-06 10:54:39.4",6381571,-10,-10,-10,220,-0.002,-40.01
"2020-10-06 10:54:39.5",6381572,-10,-10,-10,220,-0.002,-40.01
"2020-10-06 10:54:39.6",6381573,-10,-10,-10,220,-0.002,-40.01
"2020-10-06 10:54:39.7",6381574,-10,-10,-10,220,-0.002,-40.01
"2020-10-06 10:54:39.8",6381575,-10,-10,-10,220,-0.002,-40.01
"2020-10-06 10:54:39.9",6381576,-10,-10,-10,220,-0.002,-40.01
"2020-10-06 10:54:40",6381577,-10,-10,-10,220,-0.002,-40.01
"2020-10-06 10:54:40.1",6381578,-10,-10,-10,220,-0.002,-40.01
"2020-10-06 10:54:40.2",6381579,-10,-10,-10,220,-0.002,-40.01
"2020-10-06 10:54:40.3",6381580,-10,-10,-10,220,-0.002,-40.01
"2020-10-06 10:54:40.4",6381581,-10,-10,-10,220,-0.002,-40.01
"2020-10-06 10:54:40.5",6381582,-10,-10,-10,220,-0.002,-40.01
"2020-10-06 10:54:40.6",6381583,-10,-10,-10,220,-0.002,-40.01
"2020-10-06 10:54:40.7",6381584,-10,-10,-10,220,-0.002,-40.01
"2020-10-06 10:54:40.8",6381585,-10,-10,-10,220,-0.002,-40.01
"2020-10-06 10:54:40.9",6381586,-10,-10,-10,220,-0.002,-40.01
"2020-10-06 10:54:41",6381587,-10,-10,-10,220,-0.002,-40.01
"2020-10-06 10:54:41.1",6381588,-10,-10,-10,220,-0.002,-40.01
"2020-10-06 10:54:41.2",6381589,-10,-10,-10,220,-0.002,-40.01
"2020-10-06 10:54:41.3",6381590,-10,-10,-10,220,-0.002,-40.01
"2020-10-06 10:54:41.4",6381591,-10,-10,-10,220,-0.002,-40.01
"2020-10-06 10:54:41.5",6381592,-10,-10,-10,220,-0.002,-40.01
"2020-10-06 10:54:41.6",6381593,-10,-10,-10,220,-0.002,-40.01
"2020-10-06 10:54:41.7",6381594,-10,-10,-10,220,-0.002,-40.01
"2020-10-06 10:54:41.8",6381595,-10,-10,-10,220,-0.002,-40.01
"2020-10-06 10:54:41.9",6381596,-10,-10,-10,220,-0.002,-40.01
"2020-10-06 10:54:42",6381597,-10,-10,-10,220,-0.002,-40.01
"2020-10-06 10:54:42.1",6381598,-10,-10,-10,220,-0.002,-40.01
"2020-10-06 10:54:42.2",6381599,-10,-10,-10,220,-0.002,-40.01
"2020-10-06 10:54:42.3",6381600,-10,-10,-10,220,-0.002,-40.01
"2020-10-06 10:54:42.4",6381601,-10,-10,-10,220,-0.002,-40.01
"2020-10-06 10:54:42.5",6381602,-10,-10,-10,220,-0.002,-40.01
"2020-10-06 10:54:42.6",6381603,-10,-10,-10,220,-0.002,-40.01
"2020-10-06 10:54:42.7",6381604,-10,-10,-10,220,-0.002,-40.01
"2020-10-06 10:54:42.8",6381605,-10,-10,-10,220,-0.002,-40.01
"2020-10-06 10:54:42.9",6381606,-10,-10,-10,220,-0.002,-40.01
"2020-10-06 10:54:43",6381607,-10,-10,-10,220,-0.002,-40.01
"2020-10-06 10:54:43.1",6381608,-10,-10,-10,220,-0.002,-40.01
"2020-10-06 10:54:43.2",6381609,-10,-10,-10,220,-0.002,-40.01
"2020-10-06 10:54:43.3",6381610,-10,-10,-10,220,-0.002,-40.01
"2020-10-06 10:54:43.4",6381611,-10,-10,-10,220,-0.002,-40.01
"2020-10-06 10:54:43.5",6381612,-10,-10,-10,220,-0.002,-40.01
"2020-10-06 10:54:43.6",6381613,-10,-10,-10,220,-0.002,-40.01
"2020-10-06 10:54:43.7",6381614,-10,-10,-10,220,-0.002,-40.01
"2020-10-06 10:54:43.8",6381615,-10,-10,-10,220,-0.002,-40.01
"2020-10-06 10:54:43.9",6381616,-10,-10,-10,220,-0.002,-40.01
"2020-10-06 10:54:44",6381617,-10,-10,-10,220,-0.002,-40.01
"2020-10-06 10:54:44.1",6381618,-10,-10,-10,220,-0.002,-40.01
"2020-10-06 10:54:44.2",6381619,-10,-10,-10,220,-0.002,-40.01
"2020-10-06 10:54:44.3",6381620,-10,-10,-10,220,-0.002,-40.01
"2020-10-06 10:54:44.4",6381621,-10,-10,-10,220,-0.002,-40.01
"2020-10-06 10:54:44.5",6381622,-10,-10,-10,220,-0.002,-40.01
"2020-10-06 10:54:44.6",6381623,-10,-10,-10,220,-0.002,-40.01
"2020-10-06 10:54:44.7",6381624,-10,-10,-10,220,-0.002,-40.01
"2020-10-06 10:54:44.8",6381625,-10,-10,-10,220,-0.002,-40.01
"2020-10-06 10:54:44.9",6381626,-10,-10,-10,220,-0.002,-40.01
"2020-10-06 10:54:45",6381627,-10,-10,-10,220,-0.002,-40.01
"2020-10-06 10:54:45.1",6381628,-10,-10,-10,220,-0.002,-40.01
"2020-10-06 10:54:45.2",6381629,-10,-10,-10,220,-0.002,-40.01
"2020-10-06 10:54:45.3",6381630,-10,-10,-10,220,-0.002,-40.01
"2020-10-06 10:54:45.4",6381631,-10,-10,-10,220,-0.002,-40.01
"2020-10-06 10:54:45.5",6381632,-10,-10,-10,220,-0.002,-40.01
"2020-10-06 10:54:45.6",6381633,-10,-10,-10,220,-0.002,-40.01
"2020-10-06 10:54:45.7",6381634,-10,-10,-10,220,-0.002,-40.01
"2020-10-06 10:54:45.8",6381635,-10,-10,-10,220,-0.002,-40.01
"2020-10-06 10:54:45.9",6381636,-10,-10,-10,220,-0.002,-40.01
"2020-10-06 10:54:46",6381637,-10,-10,-10,220,-0.002,-40.01
"2020-10-06 10:54:46.1",6381638,-10,-10,-10,220,-0.002,-40.01
"2020-10-06 10:54:46.2",6381639,-10,-10,-10,220,-0.002,-40.01
"2020-10-06 10:54:46.3",6381640,-10,-10,-10,220,-0.002,-40.01
"2020-10-06 10:54:46.4",6381641,-10,-10,-10,220,-0.002,-40.01
"2020-10-06 10:54:46.5",6381642,-10,-10,-10,220,-0.002,-40.01
"2020-10-06 10:54:46.6",6381643,-10,-10,-10,220,-0.002,-40.01
"2020-10-06 10:54:46.7",6381644,-10,-10,-10,220,-0.002,-40.01
"2020-10-06 10:54:46.8",6381645,-10,-10,-10,220,-0.002,-40.01
"2020-10-06 10:54:46.9",6381646,-10,-10,-10,220,-0.002,-40.01
"2020-10-06 10:54:47",6381647,-10,-10,-10,220,-0.002,-40.01
"2020-10-06 10:54:47.1",6381648,-10,-10,-10,220,-0.002,-40.01
"2020-10-06 10:54:47.2",6381649,-10,-10,-10,220,-0.002,-40.01
"2020-10-06 10:54:47.3",6381650,-10,-10,-10,220,-0.002,-40.01
"2020-10-06 10:54:47.4",6381651,-10,-10,-10,220,-0.002,-40.01
"2020-10-06 10:54:47.5",6381652,-10,-10,-10,220,-0.002,-40.01
"2020-10-06 10:54:47.6",6381653,-10,-10,-10,220,-0.002,-40.01
"2020-10-06 10:54:47.7",6381654,-10,-10,-10,220,-0.002,-40.01
"2020-10-06 10:54:47.8",6381655,-10,-10,-10,220,-0.002,-40.01
"2020-10-06 10:54:47.9",6381656,-10,-10,-10,220,-0.002,-40.01
"2020-10-06 10:54:48",6381657,-10,-10,-10,220,-0.002,-40.01
"2020-10-06 10:54:48.1",6381658,-10,-10,-10,220,-0.002,-40.01
"2020-10-06 10:54:48.2",6381659,-10,-10,-10,220,-0.002,-40.01
"2020-10-06 10:54:48.3",6381660,-10,-10,-10,220,-0.002,-40.01
"2020-10-06 10:54:48.4",6381661,-10,-10,-10,220,-0.002,-40.01
"2020-10-06 10:54:48.5",6381662,-10,-10,-10,220,-0.002,-40.01
"2020-10-06 10:54:48.6",6381663,-10,-10,-10,220,-0.002,-40.01
"2020-10-06 10:54:48.7",6381664,-10,-10,-10,220,-0.002,-40.01
"2020-10-06 10:54:48.8",6381665,-10,-10,-10,220,-0.002,-40.01
"2020-10-06 10:54:48.9",6381666,-10,-10,-10,220,-0.002,-40.01
"2020-10-06 10:54:49",6381667,-10,-10,-10,220,-0.002,-40.01
"2020-10-06 10:54:49.1",6381668,-10,-10,-10,220,-0.002,-40.01
"2020-10-06 10:54:49.2",6381669,-10,-10,-10,220,-0.002,-40.01
"2020-10-06 10:54:49.3",6381670,-10,-10,-10,220,-0.002,-40.01
"2020-10-06 10:54:49.4",6381671,-10,-10,-10,220,-0.002,-40.01
"2020-10-06 10:54:49.5",6381672,-10,-10,-10,220,-0.002,-40.01
"2020-10-06 10:54:49.6",6381673,-10,-10,-10,220,-0.002,-40.01
"2020-10-06 10:54:49.7",6381674,-10,-10,-10,220,-0.002,-40.01
"2020-10-06 10:54:49.8",6381675,-10,-10,-10,220,-0.002,-40.01
"2020-10-06 10:54:49.9",6381676,-10,-10,-10,220,-0.002,-40.01
"2020-10-06 10:54:50",6381677,-10,-10,-10,220,-0.002,-40.01
"2020-10-06 10:54:50.1",6381678,-10,-10,-10,220,-0.002,-40.01
"2020-10-06 10:54:50.2",6381679,-10,-10,-10,220,-0.002,-40.01
"2020-10-06 10:54:50.3",6381680,-10,-10,-10,220,-0.002,-40.01
"2020-10-06 10:54:50.4",6381681,-10,-10,-10,220,-0.002,-40.01
"2020-10-06 10:54:50.5",6381682,-10,-10,-10,220,-0.002,-40.01
"2020-10-06 10:54:50.6",6381683,-10,-10,-10,220,-0.002,-40.01
"2020-10-06 10:54:50.7",6381684,-10,-10,-10,220,-0.002,-40.01
"2020-10-06 10:54:50.8",6381685,-10,-10,-10,220,-0.002,-40.01
"2020-10-06 10:54:50.9",6381686,-10,-10,-10,220,-0.002,-40.01
