"TOA5","10329","CR6","10329","CR6.Std.09.01 CR6-WIFI.04.00.01","CPU:YOUNG81000_HMP60_10Hz.CR6","51185","Young10Hz_hmp"
"TIMESTAMP","RECORD","U","V","W","TSonic","RH","T_HMP60"
"TS","RN","mV","mV","mV","mV","%","Deg C"
"","","Smp","Smp","Smp","Smp","Smp","Smp"
"2020-10-03 18:23:51",4059087,-10,-10,-10,220,-0.002,-40.01
"2020-10-03 18:23:51.1",4059088,-10,-10,-10,220,-0.002,-40.01
"2020-10-03 18:23:51.2",4059089,-10,-10,-10,220,-0.002,-40.01
"2020-10-03 18:23:51.3",4059090,-10,-10,-10,220,-0.002,-40.01
"2020-10-03 18:23:51.4",4059091,-10,-10,-10,220,-0.002,-40.01
"2020-10-03 18:23:51.5",4059092,-10,-10,-10,220,-0.002,-40.01
"2020-10-03 18:23:51.6",4059093,-10,-10,-10,220,-0.002,-40.01
"2020-10-03 18:23:51.7",4059094,-10,-10,-10,220,-0.002,-40.01
"2020-10-03 18:23:51.8",4059095,-10,-10,-10,220,-0.002,-40.01
"2020-10-03 18:23:51.9",4059096,-10,-10,-10,220,-0.002,-40.01
"2020-10-03 18:23:52",4059097,-10,-10,-10,220,-0.002,-40.01
"2020-10-03 18:23:52.1",4059098,-10,-10,-10,220,-0.002,-40.01
"2020-10-03 18:23:52.2",4059099,-10,-10,-10,220,-0.002,-40.01
"2020-10-03 18:23:52.3",4059100,-10,-10,-10,220,-0.002,-40.01
"2020-10-03 18:23:52.4",4059101,-10,-10,-10,220,-0.002,-40.01
"2020-10-03 18:23:52.5",4059102,-10,-10,-10,220,-0.002,-40.01
"2020-10-03 18:23:52.6",4059103,-10,-10,-10,220,-0.002,-40.01
"2020-10-03 18:23:52.7",4059104,-10,-10,-10,220,-0.002,-40.01
"2020-10-03 18:23:52.8",4059105,-10,-10,-10,220,-0.002,-40.01
"2020-10-03 18:23:52.9",4059106,-10,-10,-10,220,-0.002,-40.01
"2020-10-03 18:23:53",4059107,-10,-10,-10,220,-0.002,-40.01
"2020-10-03 18:23:53.1",4059108,-10,-10,-10,220,-0.002,-40.01
"2020-10-03 18:23:53.2",4059109,-10,-10,-10,220,-0.002,-40.01
"2020-10-03 18:23:53.3",4059110,-10,-10,-10,220,-0.002,-40.01
"2020-10-03 18:23:53.4",4059111,-10,-10,-10,220,-0.002,-40.01
"2020-10-03 18:23:53.5",4059112,-10,-10,-10,220,-0.002,-40.01
"2020-10-03 18:23:53.6",4059113,-10,-10,-10,220,-0.001,-40.01
"2020-10-03 18:23:53.7",4059114,-10,-10,-10,220,-0.002,-40.01
"2020-10-03 18:23:53.8",4059115,-10,-10,-10,220,-0.001,-40.01
"2020-10-03 18:23:53.9",4059116,-10,-10,-10,220,-0.002,-40.01
"2020-10-03 18:23:54",4059117,-10,-10,-10,220,-0.002,-40.01
"2020-10-03 18:23:54.1",4059118,-10,-10,-10,220,-0.002,-40.01
"2020-10-03 18:23:54.2",4059119,-10,-10,-10,220,-0.002,-40.01
"2020-10-03 18:23:54.3",4059120,-10,-10,-10,220,-0.002,-40.01
"2020-10-03 18:23:54.4",4059121,-10,-10,-10,220,-0.002,-40.01
"2020-10-03 18:23:54.5",4059122,-10,-10,-10,220,-0.001,-40.01
"2020-10-03 18:23:54.6",4059123,-10,-10,-10,220,-0.002,-40.01
"2020-10-03 18:23:54.7",4059124,-10,-10,-10,220,-0.002,-40.01
"2020-10-03 18:23:54.8",4059125,-10,-10,-10,220,-0.002,-40.01
"2020-10-03 18:23:54.9",4059126,-10,-10,-10,220,-0.002,-40.01
"2020-10-03 18:23:55",4059127,-10,-10,-10,220,-0.002,-40.01
"2020-10-03 18:23:55.1",4059128,-10,-10,-10,220,-0.002,-40.01
"2020-10-03 18:23:55.2",4059129,-10,-10,-10,220,-0.002,-40.01
"2020-10-03 18:23:55.3",4059130,-10,-10,-10,220,-0.002,-40.01
"2020-10-03 18:23:55.4",4059131,-10,-10,-10,220,-0.002,-40.01
"2020-10-03 18:23:55.5",4059132,-10,-10,-10,220,-0.001,-40.01
"2020-10-03 18:23:55.6",4059133,-10,-10,-10,220,-0.002,-40.01
"2020-10-03 18:23:55.7",4059134,-10,-10,-10,220,-0.002,-40.01
"2020-10-03 18:23:55.8",4059135,-10,-10,-10,220,-0.002,-40.01
"2020-10-03 18:23:55.9",4059136,-10,-10,-10,220,-0.002,-40.01
"2020-10-03 18:23:56",4059137,-10,-10,-10,220,-0.002,-40.01
"2020-10-03 18:23:56.1",4059138,-10,-10,-10,220,-0.002,-40.01
"2020-10-03 18:23:56.2",4059139,-10,-10,-10,220,-0.002,-40.01
"2020-10-03 18:23:56.3",4059140,-10,-10,-10,220,-0.001,-40.01
"2020-10-03 18:23:56.4",4059141,-10,-10,-10,220,-0.002,-40.01
"2020-10-03 18:23:56.5",4059142,-10,-10,-10,220,-0.002,-40.01
"2020-10-03 18:23:56.6",4059143,-10,-10,-10,220,-0.002,-40.01
"2020-10-03 18:23:56.7",4059144,-10,-10,-10,220,-0.002,-40.01
"2020-10-03 18:23:56.8",4059145,-10,-10,-10,220,-0.002,-40.01
"2020-10-03 18:23:56.9",4059146,-10,-10,-10,220,-0.002,-40.01
"2020-10-03 18:23:57",4059147,-10,-10,-10,220,-0.002,-40.01
"2020-10-03 18:23:57.1",4059148,-10,-10,-10,220,-0.001,-40.01
"2020-10-03 18:23:57.2",4059149,-10,-10,-10,220,-0.002,-40.01
"2020-10-03 18:23:57.3",4059150,-10,-10,-10,220,-0.002,-40.01
"2020-10-03 18:23:57.4",4059151,-10,-10,-10,220,-0.002,-40.01
"2020-10-03 18:23:57.5",4059152,-10,-10,-10,220,-0.002,-40.01
"2020-10-03 18:23:57.6",4059153,-10,-10,-10,220,-0.002,-40.01
"2020-10-03 18:23:57.7",4059154,-10,-10,-10,220,-0.002,-40.01
"2020-10-03 18:23:57.8",4059155,-10,-10,-10,220,-0.002,-40.01
"2020-10-03 18:23:57.9",4059156,-10,-10,-10,220,-0.002,-40.01
"2020-10-03 18:23:58",4059157,-10,-10,-10,220,-0.001,-40.01
"2020-10-03 18:23:58.1",4059158,-10,-10,-10,220,-0.002,-40.01
"2020-10-03 18:23:58.2",4059159,-10,-10,-10,220,-0.001,-40.01
"2020-10-03 18:23:58.3",4059160,-10,-10,-10,220,-0.002,-40.01
"2020-10-03 18:23:58.4",4059161,-10,-10,-10,220,-0.002,-40.01
"2020-10-03 18:23:58.5",4059162,-10,-10,-10,220,-0.002,-40.01
"2020-10-03 18:23:58.6",4059163,-10,-10,-10,220,-0.002,-40.01
"2020-10-03 18:23:58.7",4059164,-10,-10,-10,220,-0.002,-40.01
"2020-10-03 18:23:58.8",4059165,-10,-10,-10,220,-0.002,-40.01
"2020-10-03 18:23:58.9",4059166,-10,-10,-10,220,-0.002,-40.01
"2020-10-03 18:23:59",4059167,-10,-10,-10,220,-0.002,-40.01
"2020-10-03 18:23:59.1",4059168,-10,-10,-10,220,-0.002,-40.01
"2020-10-03 18:23:59.2",4059169,-10,-10,-10,220,-0.002,-40.01
"2020-10-03 18:23:59.3",4059170,-10,-10,-10,220,-0.002,-40.01
"2020-10-03 18:23:59.4",4059171,-10,-10,-10,220,-0.002,-40.01
"2020-10-03 18:23:59.5",4059172,-10,-10,-10,220,-0.002,-40.01
"2020-10-03 18:23:59.6",4059173,-10,-10,-10,220,-0.002,-40.01
"2020-10-03 18:23:59.7",4059174,-10,-10,-10,220,-0.002,-40.01
"2020-10-03 18:23:59.8",4059175,-10,-10,-10,220,-0.002,-40.01
"2020-10-03 18:23:59.9",4059176,-10,-10,-10,220,-0.001,-40.01
"2020-10-03 18:24:00",4059177,-10,-10,-10,220,-0.002,-40.01
"2020-10-03 18:24:00.1",4059178,-10,-10,-10,220,-0.008,-40.02
"2020-10-03 18:24:00.2",4059179,-10,-10,-10,220,-0.008,-40.02
"2020-10-03 18:24:00.3",4059180,-10,-10,-10,220,-0.001,-40.01
"2020-10-03 18:24:00.4",4059181,-10,-10,-10,220,-0.002,-40.01
"2020-10-03 18:24:00.5",4059182,-10,-10,-10,220,-0.002,-40.01
"2020-10-03 18:24:00.6",4059183,-10,-10,-10,220,-0.002,-40.01
"2020-10-03 18:24:00.7",4059184,-10,-10,-10,220,-0.002,-40.01
"2020-10-03 18:24:00.8",4059185,-10,-10,-10,220,-0.002,-40.01
"2020-10-03 18:24:00.9",4059186,-10,-10,-10,220,-0.002,-40.01
"2020-10-03 18:24:01",4059187,-10,-10,-10,220,-0.002,-40.01
"2020-10-03 18:24:01.1",4059188,-10,-10,-10,220,-0.002,-40.01
"2020-10-03 18:24:01.2",4059189,-10,-10,-10,220,-0.002,-40.01
"2020-10-03 18:24:01.3",4059190,-10,-10,-10,220,-0.002,-40.01
"2020-10-03 18:24:01.4",4059191,-10,-10,-10,220,-0.002,-40.01
"2020-10-03 18:24:01.5",4059192,-10,-10,-10,220,-0.002,-40.01
"2020-10-03 18:24:01.6",4059193,-10,-10,-10,220,-0.002,-40.01
"2020-10-03 18:24:01.7",4059194,-10,-10,-10,220,-0.002,-40.01
"2020-10-03 18:24:01.8",4059195,-10,-10,-10,220,-0.002,-40.01
"2020-10-03 18:24:01.9",4059196,-10,-10,-10,220,-0.002,-40.01
"2020-10-03 18:24:02",4059197,-10,-10,-10,220,-0.002,-40.01
"2020-10-03 18:24:02.1",4059198,-10,-10,-10,220,-0.002,-40.01
"2020-10-03 18:24:02.2",4059199,-10,-10,-10,220,-0.002,-40.01
"2020-10-03 18:24:02.3",4059200,-10,-10,-10,220,-0.002,-40.01
"2020-10-03 18:24:02.4",4059201,-10,-10,-10,220,-0.002,-40.01
"2020-10-03 18:24:02.5",4059202,-10,-10,-10,220,-0.002,-40.01
"2020-10-03 18:24:02.6",4059203,-10,-10,-10,220,-0.002,-40.01
"2020-10-03 18:24:02.7",4059204,-10,-10,-10,220,-0.002,-40.01
"2020-10-03 18:24:02.8",4059205,-10,-10,-10,220,-0.002,-40.01
"2020-10-03 18:24:02.9",4059206,-10,-10,-10,220,-0.002,-40.01
"2020-10-03 18:24:03",4059207,-10,-10,-10,220,-0.002,-40.01
"2020-10-03 18:24:03.1",4059208,-10,-10,-10,220,-0.002,-40.01
"2020-10-03 18:24:03.2",4059209,-10,-10,-10,220,-0.002,-40.01
"2020-10-03 18:24:03.3",4059210,-10,-10,-10,220,-0.002,-40.01
"2020-10-03 18:24:03.4",4059211,-10,-10,-10,220,-0.001,-40.01
"2020-10-03 18:24:03.5",4059212,-10,-10,-10,220,-0.002,-40.01
"2020-10-03 18:24:03.6",4059213,-10,-10,-10,220,-0.001,-40.01
"2020-10-03 18:24:03.7",4059214,-10,-10,-10,220,-0.002,-40.01
"2020-10-03 18:24:03.8",4059215,-10,-10,-10,220,-0.002,-40.01
"2020-10-03 18:24:03.9",4059216,-10,-10,-10,220,-0.002,-40.01
"2020-10-03 18:24:04",4059217,-10,-10,-10,220,-0.002,-40.01
"2020-10-03 18:24:04.1",4059218,-10,-10,-10,220,-0.002,-40.01
"2020-10-03 18:24:04.2",4059219,-10,-10,-10,220,-0.002,-40.01
"2020-10-03 18:24:04.3",4059220,-10,-10,-10,220,-0.002,-40.01
"2020-10-03 18:24:04.4",4059221,-10,-10,-10,220,-0.002,-40.01
"2020-10-03 18:24:04.5",4059222,-10,-10,-10,220,-0.002,-40.01
"2020-10-03 18:24:04.6",4059223,-10,-10,-10,220,-0.002,-40.01
"2020-10-03 18:24:04.7",4059224,-10,-10,-10,220,-0.002,-40.01
"2020-10-03 18:24:04.8",4059225,-10,-10,-10,220,-0.002,-40.01
"2020-10-03 18:24:04.9",4059226,-10,-10,-10,220,-0.002,-40.01
"2020-10-03 18:24:05",4059227,-10,-10,-10,220,-0.002,-40.01
"2020-10-03 18:24:05.1",4059228,-10,-10,-10,220,-0.002,-40.01
"2020-10-03 18:24:05.2",4059229,-10,-10,-10,220,-0.002,-40.01
"2020-10-03 18:24:05.3",4059230,-10,-10,-10,220,-0.001,-40.01
"2020-10-03 18:24:05.4",4059231,-10,-10,-10,220,-0.002,-40.01
"2020-10-03 18:24:05.5",4059232,-10,-10,-10,220,-0.002,-40.01
"2020-10-03 18:24:05.6",4059233,-10,-10,-10,220,-0.002,-40.01
"2020-10-03 18:24:05.7",4059234,-10,-10,-10,220,-0.002,-40.01
"2020-10-03 18:24:05.8",4059235,-10,-10,-10,220,-0.002,-40.01
"2020-10-03 18:24:05.9",4059236,-10,-10,-10,220,-0.002,-40.01
"2020-10-03 18:24:06",4059237,-10,-10,-10,220,-0.002,-40.01
"2020-10-03 18:24:06.1",4059238,-10,-10,-10,220,-0.002,-40.01
"2020-10-03 18:24:06.2",4059239,-10,-10,-10,220,-0.002,-40.01
"2020-10-03 18:24:06.3",4059240,-10,-10,-10,220,-0.002,-40.01
"2020-10-03 18:24:06.4",4059241,-10,-10,-10,220,-0.002,-40.01
"2020-10-03 18:24:06.5",4059242,-10,-10,-10,220,-0.002,-40.01
"2020-10-03 18:24:06.6",4059243,-10,-10,-10,220,-0.002,-40.01
"2020-10-03 18:24:06.7",4059244,-10,-10,-10,220,-0.002,-40.01
"2020-10-03 18:24:06.8",4059245,-10,-10,-10,220,-0.002,-40.01
"2020-10-03 18:24:06.9",4059246,-10,-10,-10,220,-0.002,-40.01
"2020-10-03 18:24:07",4059247,-10,-10,-10,220,-0.002,-40.01
"2020-10-03 18:24:07.1",4059248,-10,-10,-10,220,-0.002,-40.01
"2020-10-03 18:24:07.2",4059249,-10,-10,-10,220,-0.002,-40.01
"2020-10-03 18:24:07.3",4059250,-10,-10,-10,220,-0.002,-40.01
"2020-10-03 18:24:07.4",4059251,-10,-10,-10,220,-0.002,-40.01
"2020-10-03 18:24:07.5",4059252,-10,-10,-10,220,-0.002,-40.01
"2020-10-03 18:24:07.6",4059253,-10,-10,-10,220,-0.002,-40.01
"2020-10-03 18:24:07.7",4059254,-10,-10,-10,220,-0.002,-40.01
"2020-10-03 18:24:07.8",4059255,-10,-10,-10,220,-0.001,-40.01
"2020-10-03 18:24:07.9",4059256,-10,-10,-10,220,-0.002,-40.01
"2020-10-03 18:24:08",4059257,-10,-10,-10,220,-0.002,-40.01
"2020-10-03 18:24:08.1",4059258,-10,-10,-10,220,-0.002,-40.01
"2020-10-03 18:24:08.2",4059259,-10,-10,-10,220,-0.002,-40.01
"2020-10-03 18:24:08.3",4059260,-10,-10,-10,220,-0.002,-40.01
"2020-10-03 18:24:08.4",4059261,-10,-10,-10,220,-0.002,-40.01
"2020-10-03 18:24:08.5",4059262,-10,-10,-10,220,-0.002,-40.01
"2020-10-03 18:24:08.6",4059263,-10,-10,-10,220,-0.002,-40.01
"2020-10-03 18:24:08.7",4059264,-10,-10,-10,220,-0.001,-40.01
"2020-10-03 18:24:08.8",4059265,-10,-10,-10,220,-0.002,-40.01
"2020-10-03 18:24:08.9",4059266,-10,-10,-10,220,-0.002,-40.01
"2020-10-03 18:24:09",4059267,-10,-10,-10,220,-0.002,-40.01
"2020-10-03 18:24:09.1",4059268,-10,-10,-10,220,-0.002,-40.01
"2020-10-03 18:24:09.2",4059269,-10,-10,-10,220,-0.002,-40.01
"2020-10-03 18:24:09.3",4059270,-10,-10,-10,220,-0.002,-40.01
"2020-10-03 18:24:09.4",4059271,-10,-10,-10,220,-0.002,-40.01
"2020-10-03 18:24:09.5",4059272,-10,-10,-10,220,-0.002,-40.01
"2020-10-03 18:24:09.6",4059273,-10,-10,-10,220,-0.002,-40.01
"2020-10-03 18:24:09.7",4059274,-10,-10,-10,220,-0.002,-40.01
"2020-10-03 18:24:09.8",4059275,-10,-10,-10,220,-0.002,-40.01
"2020-10-03 18:24:09.9",4059276,-10,-10,-10,220,-0.002,-40.01
"2020-10-03 18:24:10",4059277,-10,-10,-10,220,-0.002,-40.01
"2020-10-03 18:24:10.1",4059278,-10,-10,-10,220,-0.002,-40.01
"2020-10-03 18:24:10.2",4059279,-10,-10,-10,220,-0.002,-40.01
"2020-10-03 18:24:10.3",4059280,-10,-10,-10,220,-0.002,-40.01
"2020-10-03 18:24:10.4",4059281,-10,-10,-10,220,-0.002,-40.01
"2020-10-03 18:24:10.5",4059282,-10,-10,-10,220,-0.002,-40.01
"2020-10-03 18:24:10.6",4059283,-10,-10,-10,220,-0.002,-40.01
"2020-10-03 18:24:10.7",4059284,-10,-10,-10,220,-0.002,-40.01
"2020-10-03 18:24:10.8",4059285,-10,-10,-10,220,-0.002,-40.01
"2020-10-03 18:24:10.9",4059286,-10,-10,-10,220,-0.002,-40.01
"2020-10-03 18:24:11",4059287,-10,-10,-10,220,-0.002,-40.01
"2020-10-03 18:24:11.1",4059288,-10,-10,-10,220,-0.002,-40.01
"2020-10-03 18:24:11.2",4059289,-10,-10,-10,220,-0.002,-40.01
"2020-10-03 18:24:11.3",4059290,-10,-10,-10,220,-0.002,-40.01
"2020-10-03 18:24:11.4",4059291,-10,-10,-10,220,-0.002,-40.01
"2020-10-03 18:24:11.5",4059292,-10,-10,-10,220,-0.002,-40.01
"2020-10-03 18:24:11.6",4059293,-10,-10,-10,220,-0.002,-40.01
"2020-10-03 18:24:11.7",4059294,-10,-10,-10,220,-0.002,-40.01
"2020-10-03 18:24:11.8",4059295,-10,-10,-10,220,-0.002,-40.01
"2020-10-03 18:24:11.9",4059296,-10,-10,-10,220,-0.002,-40.01
"2020-10-03 18:24:12",4059297,-10,-10,-10,220,-0.002,-40.01
"2020-10-03 18:24:12.1",4059298,-10,-10,-10,220,-0.002,-40.01
"2020-10-03 18:24:12.2",4059299,-10,-10,-10,220,-0.002,-40.01
"2020-10-03 18:24:12.3",4059300,-10,-10,-10,220,-0.002,-40.01
"2020-10-03 18:24:12.4",4059301,-10,-10,-10,220,-0.002,-40.01
"2020-10-03 18:24:12.5",4059302,-10,-10,-10,220,-0.002,-40.01
"2020-10-03 18:24:12.6",4059303,-10,-10,-10,220,-0.002,-40.01
"2020-10-03 18:24:12.7",4059304,-10,-10,-10,220,-0.002,-40.01
"2020-10-03 18:24:12.8",4059305,-10,-10,-10,220,-0.002,-40.01
"2020-10-03 18:24:12.9",4059306,-10,-10,-10,220,-0.002,-40.01
"2020-10-03 18:24:13",4059307,-10,-10,-10,220,-0.002,-40.01
"2020-10-03 18:24:13.1",4059308,-10,-10,-10,220,-0.002,-40.01
"2020-10-03 18:24:13.2",4059309,-10,-10,-10,220,-0.002,-40.01
"2020-10-03 18:24:13.3",4059310,-10,-10,-10,220,-0.002,-40.01
"2020-10-03 18:24:13.4",4059311,-10,-10,-10,220,-0.002,-40.01
"2020-10-03 18:24:13.5",4059312,-10,-10,-10,220,-0.002,-40.01
"2020-10-03 18:24:13.6",4059313,-10,-10,-10,220,-0.002,-40.01
"2020-10-03 18:24:13.7",4059314,-10,-10,-10,220,-0.002,-40.01
"2020-10-03 18:24:13.8",4059315,-10,-10,-10,220,-0.002,-40.01
"2020-10-03 18:24:13.9",4059316,-10,-10,-10,220,-0.002,-40.01
"2020-10-03 18:24:14",4059317,-10,-10,-10,220,-0.002,-40.01
"2020-10-03 18:24:14.1",4059318,-10,-10,-10,220,-0.002,-40.01
"2020-10-03 18:24:14.2",4059319,-10,-10,-10,220,-0.002,-40.01
"2020-10-03 18:24:14.3",4059320,-10,-10,-10,220,-0.002,-40.01
"2020-10-03 18:24:14.4",4059321,-10,-10,-10,220,-0.002,-40.01
"2020-10-03 18:24:14.5",4059322,-10,-10,-10,220,-0.002,-40.01
"2020-10-03 18:24:14.6",4059323,-10,-10,-10,220,-0.002,-40.01
"2020-10-03 18:24:14.7",4059324,-10,-10,-10,220,-0.002,-40.01
"2020-10-03 18:24:14.8",4059325,-10,-10,-10,220,-0.002,-40.01
"2020-10-03 18:24:14.9",4059326,-10,-10,-10,220,-0.002,-40.01
"2020-10-03 18:24:15",4059327,-10,-10,-10,220,-0.002,-40.01
"2020-10-03 18:24:15.1",4059328,-10,-10,-10,220,-0.002,-40.01
"2020-10-03 18:24:15.2",4059329,-10,-10,-10,220,-0.002,-40.01
"2020-10-03 18:24:15.3",4059330,-10,-10,-10,220,-0.002,-40.01
"2020-10-03 18:24:15.4",4059331,-10,-10,-10,220,-0.002,-40.01
"2020-10-03 18:24:15.5",4059332,-10,-10,-10,220,-0.002,-40.01
"2020-10-03 18:24:15.6",4059333,-10,-10,-10,220,-0.002,-40.01
"2020-10-03 18:24:15.7",4059334,-10,-10,-10,220,-0.002,-40.01
"2020-10-03 18:24:15.8",4059335,-10,-10,-10,220,-0.002,-40.01
"2020-10-03 18:24:15.9",4059336,-10,-10,-10,220,-0.002,-40.01
"2020-10-03 18:24:16",4059337,-10,-10,-10,220,-0.002,-40.01
"2020-10-03 18:24:16.1",4059338,-10,-10,-10,220,-0.002,-40.01
"2020-10-03 18:24:16.2",4059339,-10,-10,-10,220,-0.002,-40.01
"2020-10-03 18:24:16.3",4059340,-10,-10,-10,220,-0.002,-40.01
"2020-10-03 18:24:16.4",4059341,-10,-10,-10,220,-0.002,-40.01
"2020-10-03 18:24:16.5",4059342,-10,-10,-10,220,-0.002,-40.01
"2020-10-03 18:24:16.6",4059343,-10,-10,-10,220,-0.002,-40.01
"2020-10-03 18:24:16.7",4059344,-10,-10,-10,220,-0.002,-40.01
"2020-10-03 18:24:16.8",4059345,-10,-10,-10,220,-0.002,-40.01
"2020-10-03 18:24:16.9",4059346,-10,-10,-10,220,-0.002,-40.01
"2020-10-03 18:24:17",4059347,-10,-10,-10,220,-0.002,-40.01
"2020-10-03 18:24:17.1",4059348,-10,-10,-10,220,-0.002,-40.01
"2020-10-03 18:24:17.2",4059349,-10,-10,-10,220,-0.002,-40.01
"2020-10-03 18:24:17.3",4059350,-10,-10,-10,220,-0.002,-40.01
"2020-10-03 18:24:17.4",4059351,-10,-10,-10,220,-0.002,-40.01
"2020-10-03 18:24:17.5",4059352,-10,-10,-10,220,-0.002,-40.01
"2020-10-03 18:24:17.6",4059353,-10,-10,-10,220,-0.001,-40.01
"2020-10-03 18:24:17.7",4059354,-10,-10,-10,220,-0.002,-40.01
"2020-10-03 18:24:17.8",4059355,-10,-10,-10,220,-0.002,-40.01
"2020-10-03 18:24:17.9",4059356,-10,-10,-10,220,-0.002,-40.01
"2020-10-03 18:24:18",4059357,-10,-10,-10,220,-0.002,-40.01
"2020-10-03 18:24:18.1",4059358,-10,-10,-10,220,-0.002,-40.01
"2020-10-03 18:24:18.2",4059359,-10,-10,-10,220,-0.002,-40.01
"2020-10-03 18:24:18.3",4059360,-10,-10,-10,220,-0.002,-40.01
"2020-10-03 18:24:18.4",4059361,-10,-10,-10,220,-0.002,-40.01
"2020-10-03 18:24:18.5",4059362,-10,-10,-10,220,-0.002,-40.01
"2020-10-03 18:24:18.6",4059363,-10,-10,-10,220,-0.002,-40.01
"2020-10-03 18:24:18.7",4059364,-10,-10,-10,220,-0.002,-40.01
"2020-10-03 18:24:18.8",4059365,-10,-10,-10,220,-0.002,-40.01
"2020-10-03 18:24:18.9",4059366,-10,-10,-10,220,-0.002,-40.01
"2020-10-03 18:24:19",4059367,-10,-10,-10,220,-0.002,-40.01
"2020-10-03 18:24:19.1",4059368,-10,-10,-10,220,-0.001,-40.01
"2020-10-03 18:24:19.2",4059369,-10,-10,-10,220,-0.002,-40.01
"2020-10-03 18:24:19.3",4059370,-10,-10,-10,220,-0.002,-40.01
"2020-10-03 18:24:19.4",4059371,-10,-10,-10,220,-0.002,-40.01
"2020-10-03 18:24:19.5",4059372,-10,-10,-10,220,-0.002,-40.01
"2020-10-03 18:24:19.6",4059373,-10,-10,-10,220,-0.002,-40.01
"2020-10-03 18:24:19.7",4059374,-10,-10,-10,220,-0.002,-40.01
"2020-10-03 18:24:19.8",4059375,-10,-10,-10,220,-0.002,-40.01
"2020-10-03 18:24:19.9",4059376,-10,-10,-10,220,-0.002,-40.01
"2020-10-03 18:24:20",4059377,-10,-10,-10,220,-0.002,-40.01
"2020-10-03 18:24:20.1",4059378,-10,-10,-10,220,-0.002,-40.01
"2020-10-03 18:24:20.2",4059379,-10,-10,-10,220,-0.002,-40.01
"2020-10-03 18:24:20.3",4059380,-10,-10,-10,220,-0.002,-40.01
"2020-10-03 18:24:20.4",4059381,-10,-10,-10,220,-0.002,-40.01
"2020-10-03 18:24:20.5",4059382,-10,-10,-10,220,-0.002,-40.01
"2020-10-03 18:24:20.6",4059383,-10,-10,-10,220,-0.002,-40.01
"2020-10-03 18:24:20.7",4059384,-10,-10,-10,220,-0.002,-40.01
"2020-10-03 18:24:20.8",4059385,-10,-10,-10,220,-0.002,-40.01
"2020-10-03 18:24:20.9",4059386,-10,-10,-10,220,-0.002,-40.01
"2020-10-03 18:24:21",4059387,-10,-10,-10,220,-0.002,-40.01
"2020-10-03 18:24:21.1",4059388,-10,-10,-10,220,-0.002,-40.01
"2020-10-03 18:24:21.2",4059389,-10,-10,-10,220,-0.002,-40.01
"2020-10-03 18:24:21.3",4059390,-10,-10,-10,220,-0.002,-40.01
"2020-10-03 18:24:21.4",4059391,-10,-10,-10,220,-0.002,-40.01
"2020-10-03 18:24:21.5",4059392,-10,-10,-10,220,-0.002,-40.01
"2020-10-03 18:24:21.6",4059393,-10,-10,-10,220,-0.002,-40.01
"2020-10-03 18:24:21.7",4059394,-10,-10,-10,220,-0.002,-40.01
"2020-10-03 18:24:21.8",4059395,-10,-10,-10,220,-0.002,-40.01
"2020-10-03 18:24:21.9",4059396,-10,-10,-10,220,-0.002,-40.01
"2020-10-03 18:24:22",4059397,-10,-10,-10,220,-0.002,-40.01
"2020-10-03 18:24:22.1",4059398,-10,-10,-10,220,-0.002,-40.01
"2020-10-03 18:24:22.2",4059399,-10,-10,-10,220,-0.002,-40.01
"2020-10-03 18:24:22.3",4059400,-10,-10,-10,220,-0.002,-40.01
"2020-10-03 18:24:22.4",4059401,-10,-10,-10,220,-0.002,-40.01
"2020-10-03 18:24:22.5",4059402,-10,-10,-10,220,-0.002,-40.01
"2020-10-03 18:24:22.6",4059403,-10,-10,-10,220,-0.002,-40.01
"2020-10-03 18:24:22.7",4059404,-10,-10,-10,220,-0.002,-40.01
"2020-10-03 18:24:22.8",4059405,-10,-10,-10,220,-0.002,-40.01
"2020-10-03 18:24:22.9",4059406,-10,-10,-10,220,-0.002,-40.01
"2020-10-03 18:24:23",4059407,-10,-10,-10,220,-0.002,-40.01
"2020-10-03 18:24:23.1",4059408,-10,-10,-10,220,-0.002,-40.01
"2020-10-03 18:24:23.2",4059409,-10,-10,-10,220,-0.002,-40.01
"2020-10-03 18:24:23.3",4059410,-10,-10,-10,220,-0.002,-40.01
"2020-10-03 18:24:23.4",4059411,-10,-10,-10,220,-0.002,-40.01
"2020-10-03 18:24:23.5",4059412,-10,-10,-10,220,-0.002,-40.01
"2020-10-03 18:24:23.6",4059413,-10,-10,-10,220,-0.002,-40.01
"2020-10-03 18:24:23.7",4059414,-10,-10,-10,220,-0.002,-40.01
"2020-10-03 18:24:23.8",4059415,-10,-10,-10,220,-0.002,-40.01
"2020-10-03 18:24:23.9",4059416,-10,-10,-10,220,-0.002,-40.01
"2020-10-03 18:24:24",4059417,-10,-10,-10,220,-0.002,-40.01
"2020-10-03 18:24:24.1",4059418,-10,-10,-10,220,-0.002,-40.01
"2020-10-03 18:24:24.2",4059419,-10,-10,-10,220,-0.002,-40.01
"2020-10-03 18:24:24.3",4059420,-10,-10,-10,220,-0.002,-40.01
"2020-10-03 18:24:24.4",4059421,-10,-10,-10,220,-0.002,-40.01
"2020-10-03 18:24:24.5",4059422,-10,-10,-10,220,-0.002,-40.01
"2020-10-03 18:24:24.6",4059423,-10,-10,-10,220,-0.002,-40.01
"2020-10-03 18:24:24.7",4059424,-10,-10,-10,220,-0.002,-40.01
"2020-10-03 18:24:24.8",4059425,-10,-10,-10,220,-0.002,-40.01
"2020-10-03 18:24:24.9",4059426,-10,-10,-10,220,-0.002,-40.01
"2020-10-03 18:24:25",4059427,-10,-10,-10,220,-0.002,-40.01
"2020-10-03 18:24:25.1",4059428,-10,-10,-10,220,-0.002,-40.01
"2020-10-03 18:24:25.2",4059429,-10,-10,-10,220,-0.002,-40.01
"2020-10-03 18:24:25.3",4059430,-10,-10,-10,220,-0.002,-40.01
"2020-10-03 18:24:25.4",4059431,-10,-10,-10,220,-0.002,-40.01
"2020-10-03 18:24:25.5",4059432,-10,-10,-10,220,-0.002,-40.01
"2020-10-03 18:24:25.6",4059433,-10,-10,-10,220,-0.002,-40.01
"2020-10-03 18:24:25.7",4059434,-10,-10,-10,220,-0.002,-40.01
"2020-10-03 18:24:25.8",4059435,-10,-10,-10,220,-0.002,-40.01
"2020-10-03 18:24:25.9",4059436,-10,-10,-10,220,-0.002,-40.01
"2020-10-03 18:24:26",4059437,-10,-10,-10,220,-0.002,-40.01
"2020-10-03 18:24:26.1",4059438,-10,-10,-10,220,-0.002,-40.01
"2020-10-03 18:24:26.2",4059439,-10,-10,-10,220,-0.002,-40.01
"2020-10-03 18:24:26.3",4059440,-10,-10,-10,220,-0.002,-40.01
"2020-10-03 18:24:26.4",4059441,-10,-10,-10,220,-0.002,-40.01
"2020-10-03 18:24:26.5",4059442,-10,-10,-10,220,-0.002,-40.01
"2020-10-03 18:24:26.6",4059443,-10,-10,-10,220,-0.002,-40.01
"2020-10-03 18:24:26.7",4059444,-10,-10,-10,220,-0.002,-40.01
"2020-10-03 18:24:26.8",4059445,-10,-10,-10,220,-0.002,-40.01
"2020-10-03 18:24:26.9",4059446,-10,-10,-10,220,-0.002,-40.01
"2020-10-03 18:24:27",4059447,-10,-10,-10,220,-0.002,-40.01
"2020-10-03 18:24:27.1",4059448,-10,-10,-10,220,-0.002,-40.01
"2020-10-03 18:24:27.2",4059449,-10,-10,-10,220,-0.002,-40.01
"2020-10-03 18:24:27.3",4059450,-10,-10,-10,220,-0.002,-40.01
"2020-10-03 18:24:27.4",4059451,-10,-10,-10,220,-0.002,-40.01
"2020-10-03 18:24:27.5",4059452,-10,-10,-10,220,-0.002,-40.01
"2020-10-03 18:24:27.6",4059453,-10,-10,-10,220,-0.002,-40.01
"2020-10-03 18:24:27.7",4059454,-10,-10,-10,220,-0.002,-40.01
"2020-10-03 18:24:27.8",4059455,-10,-10,-10,220,-0.002,-40.01
"2020-10-03 18:24:27.9",4059456,-10,-10,-10,220,-0.002,-40.01
"2020-10-03 18:24:28",4059457,-10,-10,-10,220,-0.002,-40.01
"2020-10-03 18:24:28.1",4059458,-10,-10,-10,220,-0.002,-40.01
"2020-10-03 18:24:28.2",4059459,-10,-10,-10,220,-0.002,-40.01
"2020-10-03 18:24:28.3",4059460,-10,-10,-10,220,-0.002,-40.01
"2020-10-03 18:24:28.4",4059461,-10,-10,-10,220,-0.002,-40.01
"2020-10-03 18:24:28.5",4059462,-10,-10,-10,220,-0.002,-40.01
"2020-10-03 18:24:28.6",4059463,-10,-10,-10,220,-0.002,-40.01
"2020-10-03 18:24:28.7",4059464,-10,-10,-10,220,-0.002,-40.01
"2020-10-03 18:24:28.8",4059465,-10,-10,-10,220,-0.002,-40.01
"2020-10-03 18:24:28.9",4059466,-10,-10,-10,220,-0.002,-40.01
"2020-10-03 18:24:29",4059467,-10,-10,-10,220,-0.002,-40.01
"2020-10-03 18:24:29.1",4059468,-10,-10,-10,220,-0.002,-40.01
"2020-10-03 18:24:29.2",4059469,-10,-10,-10,220,-0.002,-40.01
"2020-10-03 18:24:29.3",4059470,-10,-10,-10,220,-0.002,-40.01
"2020-10-03 18:24:29.4",4059471,-10,-10,-10,220,-0.002,-40.01
"2020-10-03 18:24:29.5",4059472,-10,-10,-10,220,-0.002,-40.01
"2020-10-03 18:24:29.6",4059473,-10,-10,-10,220,-0.002,-40.01
"2020-10-03 18:24:29.7",4059474,-10,-10,-10,220,-0.002,-40.01
"2020-10-03 18:24:29.8",4059475,-10,-10,-10,220,-0.002,-40.01
"2020-10-03 18:24:29.9",4059476,-10,-10,-10,220,-0.002,-40.01
"2020-10-03 18:24:30",4059477,-10,-10,-10,220,-0.002,-40.01
"2020-10-03 18:24:30.1",4059478,-10,-10,-10,220,-0.002,-40.01
"2020-10-03 18:24:30.2",4059479,-10,-10,-10,220,-0.002,-40.01
"2020-10-03 18:24:30.3",4059480,-10,-10,-10,220,-0.002,-40.01
"2020-10-03 18:24:30.4",4059481,-10,-10,-10,220,-0.002,-40.01
"2020-10-03 18:24:30.5",4059482,-10,-10,-10,220,-0.002,-40.01
"2020-10-03 18:24:30.6",4059483,-10,-10,-10,220,-0.002,-40.01
"2020-10-03 18:24:30.7",4059484,-10,-10,-10,220,-0.002,-40.01
"2020-10-03 18:24:30.8",4059485,-10,-10,-10,220,-0.002,-40.01
"2020-10-03 18:24:30.9",4059486,-10,-10,-10,220,-0.002,-40.01
"2020-10-03 18:24:31",4059487,-10,-10,-10,220,-0.002,-40.01
"2020-10-03 18:24:31.1",4059488,-10,-10,-10,220,-0.002,-40.01
"2020-10-03 18:24:31.2",4059489,-10,-10,-10,220,-0.002,-40.01
"2020-10-03 18:24:31.3",4059490,-10,-10,-10,220,-0.002,-40.01
"2020-10-03 18:24:31.4",4059491,-10,-10,-10,220,-0.002,-40.01
"2020-10-03 18:24:31.5",4059492,-10,-10,-10,220,-0.002,-40.01
"2020-10-03 18:24:31.6",4059493,-10,-10,-10,220,-0.002,-40.01
"2020-10-03 18:24:31.7",4059494,-10,-10,-10,220,-0.002,-40.01
"2020-10-03 18:24:31.8",4059495,-10,-10,-10,220,-0.002,-40.01
"2020-10-03 18:24:31.9",4059496,-10,-10,-10,220,-0.002,-40.01
"2020-10-03 18:24:32",4059497,-10,-10,-10,220,-0.002,-40.01
"2020-10-03 18:24:32.1",4059498,-10,-10,-10,220,-0.002,-40.01
"2020-10-03 18:24:32.2",4059499,-10,-10,-10,220,-0.002,-40.01
"2020-10-03 18:24:32.3",4059500,-10,-10,-10,220,-0.002,-40.01
"2020-10-03 18:24:32.4",4059501,-10,-10,-10,220,-0.002,-40.01
"2020-10-03 18:24:32.5",4059502,-10,-10,-10,220,-0.002,-40.01
"2020-10-03 18:24:32.6",4059503,-10,-10,-10,220,-0.002,-40.01
"2020-10-03 18:24:32.7",4059504,-10,-10,-10,220,-0.002,-40.01
"2020-10-03 18:24:32.8",4059505,-10,-10,-10,220,-0.002,-40.01
"2020-10-03 18:24:32.9",4059506,-10,-10,-10,220,-0.002,-40.01
"2020-10-03 18:24:33",4059507,-10,-10,-10,220,-0.002,-40.01
"2020-10-03 18:24:33.1",4059508,-10,-10,-10,220,-0.002,-40.01
"2020-10-03 18:24:33.2",4059509,-10,-10,-10,220,-0.002,-40.01
"2020-10-03 18:24:33.3",4059510,-10,-10,-10,220,-0.002,-40.01
"2020-10-03 18:24:33.4",4059511,-10,-10,-10,220,-0.002,-40.01
"2020-10-03 18:24:33.5",4059512,-10,-10,-10,220,-0.001,-40.01
"2020-10-03 18:24:33.6",4059513,-10,-10,-10,220,-0.002,-40.01
"2020-10-03 18:24:33.7",4059514,-10,-10,-10,220,-0.001,-40.01
"2020-10-03 18:24:33.8",4059515,-10,-10,-10,220,-0.002,-40.01
"2020-10-03 18:24:33.9",4059516,-10,-10,-10,220,-0.002,-40.01
"2020-10-03 18:24:34",4059517,-10,-10,-10,220,-0.002,-40.01
"2020-10-03 18:24:34.1",4059518,-10,-10,-10,220,-0.002,-40.01
"2020-10-03 18:24:34.2",4059519,-10,-10,-10,220,-0.002,-40.01
"2020-10-03 18:24:34.3",4059520,-10,-10,-10,220,-0.002,-40.01
"2020-10-03 18:24:34.4",4059521,-10,-10,-10,220,-0.002,-40.01
"2020-10-03 18:24:34.5",4059522,-10,-10,-10,220,-0.002,-40.01
"2020-10-03 18:24:34.6",4059523,-10,-10,-10,220,-0.002,-40.01
"2020-10-03 18:24:34.7",4059524,-10,-10,-10,220,-0.002,-40.01
"2020-10-03 18:24:34.8",4059525,-10,-10,-10,220,-0.002,-40.01
"2020-10-03 18:24:34.9",4059526,-10,-10,-10,220,-0.002,-40.01
"2020-10-03 18:24:35",4059527,-10,-10,-10,220,-0.002,-40.01
"2020-10-03 18:24:35.1",4059528,-10,-10,-10,220,-0.002,-40.01
"2020-10-03 18:24:35.2",4059529,-10,-10,-10,220,-0.002,-40.01
"2020-10-03 18:24:35.3",4059530,-10,-10,-10,220,-0.002,-40.01
"2020-10-03 18:24:35.4",4059531,-10,-10,-10,220,-0.002,-40.01
"2020-10-03 18:24:35.5",4059532,-10,-10,-10,220,-0.002,-40.01
"2020-10-03 18:24:35.6",4059533,-10,-10,-10,220,-0.002,-40.01
"2020-10-03 18:24:35.7",4059534,-10,-10,-10,220,-0.002,-40.01
"2020-10-03 18:24:35.8",4059535,-10,-10,-10,220,-0.002,-40.01
"2020-10-03 18:24:35.9",4059536,-10,-10,-10,220,-0.002,-40.01
"2020-10-03 18:24:36",4059537,-10,-10,-10,220,-0.002,-40.01
"2020-10-03 18:24:36.1",4059538,-10,-10,-10,220,-0.002,-40.01
"2020-10-03 18:24:36.2",4059539,-10,-10,-10,220,-0.002,-40.01
"2020-10-03 18:24:36.3",4059540,-10,-10,-10,220,-0.002,-40.01
"2020-10-03 18:24:36.4",4059541,-10,-10,-10,220,-0.002,-40.01
"2020-10-03 18:24:36.5",4059542,-10,-10,-10,220,-0.002,-40.01
"2020-10-03 18:24:36.6",4059543,-10,-10,-10,220,-0.002,-40.01
"2020-10-03 18:24:36.7",4059544,-10,-10,-10,220,-0.002,-40.01
"2020-10-03 18:24:36.8",4059545,-10,-10,-10,220,-0.002,-40.01
"2020-10-03 18:24:36.9",4059546,-10,-10,-10,220,-0.002,-40.01
"2020-10-03 18:24:37",4059547,-10,-10,-10,220,-0.002,-40.01
"2020-10-03 18:24:37.1",4059548,-10,-10,-10,220,-0.002,-40.01
"2020-10-03 18:24:37.2",4059549,-10,-10,-10,220,-0.002,-40.01
"2020-10-03 18:24:37.3",4059550,-10,-10,-10,220,-0.002,-40.01
"2020-10-03 18:24:37.4",4059551,-10,-10,-10,220,-0.001,-40.01
"2020-10-03 18:24:37.5",4059552,-10,-10,-10,220,-0.002,-40.01
"2020-10-03 18:24:37.6",4059553,-10,-10,-10,220,-0.002,-40.01
"2020-10-03 18:24:37.7",4059554,-10,-10,-10,220,-0.002,-40.01
"2020-10-03 18:24:37.8",4059555,-10,-10,-10,220,-0.002,-40.01
"2020-10-03 18:24:37.9",4059556,-10,-10,-10,220,-0.002,-40.01
"2020-10-03 18:24:38",4059557,-10,-10,-10,220,-0.002,-40.01
"2020-10-03 18:24:38.1",4059558,-10,-10,-10,220,-0.002,-40.01
"2020-10-03 18:24:38.2",4059559,-10,-10,-10,220,-0.002,-40.01
"2020-10-03 18:24:38.3",4059560,-10,-10,-10,220,-0.002,-40.01
"2020-10-03 18:24:38.4",4059561,-10,-10,-10,220,-0.002,-40.01
"2020-10-03 18:24:38.5",4059562,-10,-10,-10,220,-0.002,-40.01
"2020-10-03 18:24:38.6",4059563,-10,-10,-10,220,-0.002,-40.01
"2020-10-03 18:24:38.7",4059564,-10,-10,-10,220,-0.002,-40.01
"2020-10-03 18:24:38.8",4059565,-10,-10,-10,220,-0.002,-40.01
"2020-10-03 18:24:38.9",4059566,-10,-10,-10,220,-0.002,-40.01
"2020-10-03 18:24:39",4059567,-10,-10,-10,220,-0.002,-40.01
"2020-10-03 18:24:39.1",4059568,-10,-10,-10,220,-0.002,-40.01
"2020-10-03 18:24:39.2",4059569,-10,-10,-10,220,-0.002,-40.01
"2020-10-03 18:24:39.3",4059570,-10,-10,-10,220,-0.002,-40.01
"2020-10-03 18:24:39.4",4059571,-10,-10,-10,220,-0.002,-40.01
"2020-10-03 18:24:39.5",4059572,-10,-10,-10,220,-0.002,-40.01
"2020-10-03 18:24:39.6",4059573,-10,-10,-10,220,-0.002,-40.01
"2020-10-03 18:24:39.7",4059574,-10,-10,-10,220,-0.002,-40.01
"2020-10-03 18:24:39.8",4059575,-10,-10,-10,220,-0.002,-40.01
"2020-10-03 18:24:39.9",4059576,-10,-10,-10,220,-0.002,-40.01
"2020-10-03 18:24:40",4059577,-10,-10,-10,220,-0.002,-40.01
"2020-10-03 18:24:40.1",4059578,-10,-10,-10,220,-0.002,-40.01
"2020-10-03 18:24:40.2",4059579,-10,-10,-10,220,-0.002,-40.01
"2020-10-03 18:24:40.3",4059580,-10,-10,-10,220,-0.002,-40.01
"2020-10-03 18:24:40.4",4059581,-10,-10,-10,220,-0.002,-40.01
"2020-10-03 18:24:40.5",4059582,-10,-10,-10,220,-0.002,-40.01
"2020-10-03 18:24:40.6",4059583,-10,-10,-10,220,-0.002,-40.01
"2020-10-03 18:24:40.7",4059584,-10,-10,-10,220,-0.002,-40.01
"2020-10-03 18:24:40.8",4059585,-10,-10,-10,220,-0.002,-40.01
"2020-10-03 18:24:40.9",4059586,-10,-10,-10,220,-0.002,-40.01
"2020-10-03 18:24:41",4059587,-10,-10,-10,220,-0.002,-40.01
"2020-10-03 18:24:41.1",4059588,-10,-10,-10,220,-0.002,-40.01
"2020-10-03 18:24:41.2",4059589,-10,-10,-10,220,-0.002,-40.01
"2020-10-03 18:24:41.3",4059590,-10,-10,-10,220,-0.002,-40.01
"2020-10-03 18:24:41.4",4059591,-10,-10,-10,220,-0.002,-40.01
"2020-10-03 18:24:41.5",4059592,-10,-10,-10,220,-0.002,-40.01
"2020-10-03 18:24:41.6",4059593,-10,-10,-10,220,-0.002,-40.01
"2020-10-03 18:24:41.7",4059594,-10,-10,-10,220,-0.002,-40.01
"2020-10-03 18:24:41.8",4059595,-10,-10,-10,220,-0.002,-40.01
"2020-10-03 18:24:41.9",4059596,-10,-10,-10,220,-0.002,-40.01
"2020-10-03 18:24:42",4059597,-10,-10,-10,220,-0.002,-40.01
"2020-10-03 18:24:42.1",4059598,-10,-10,-10,220,-0.002,-40.01
"2020-10-03 18:24:42.2",4059599,-10,-10,-10,220,-0.002,-40.01
"2020-10-03 18:24:42.3",4059600,-10,-10,-10,220,-0.002,-40.01
"2020-10-03 18:24:42.4",4059601,-10,-10,-10,220,-0.002,-40.01
"2020-10-03 18:24:42.5",4059602,-10,-10,-10,220,-0.002,-40.01
"2020-10-03 18:24:42.6",4059603,-10,-10,-10,220,-0.002,-40.01
"2020-10-03 18:24:42.7",4059604,-10,-10,-10,220,-0.002,-40.01
"2020-10-03 18:24:42.8",4059605,-10,-10,-10,220,-0.002,-40.01
"2020-10-03 18:24:42.9",4059606,-10,-10,-10,220,-0.002,-40.01
"2020-10-03 18:24:43",4059607,-10,-10,-10,220,-0.002,-40.01
"2020-10-03 18:24:43.1",4059608,-10,-10,-10,220,-0.002,-40.01
"2020-10-03 18:24:43.2",4059609,-10,-10,-10,220,-0.002,-40.01
"2020-10-03 18:24:43.3",4059610,-10,-10,-10,220,-0.002,-40.01
"2020-10-03 18:24:43.4",4059611,-10,-10,-10,220,-0.002,-40.01
"2020-10-03 18:24:43.5",4059612,-10,-10,-10,220,-0.002,-40.01
"2020-10-03 18:24:43.6",4059613,-10,-10,-10,220,-0.002,-40.01
"2020-10-03 18:24:43.7",4059614,-10,-10,-10,220,-0.002,-40.01
"2020-10-03 18:24:43.8",4059615,-10,-10,-10,220,-0.002,-40.01
"2020-10-03 18:24:43.9",4059616,-10,-10,-10,220,-0.002,-40.01
"2020-10-03 18:24:44",4059617,-10,-10,-10,220,-0.002,-40.01
"2020-10-03 18:24:44.1",4059618,-10,-10,-10,220,-0.002,-40.01
"2020-10-03 18:24:44.2",4059619,-10,-10,-10,220,-0.002,-40.01
"2020-10-03 18:24:44.3",4059620,-10,-10,-10,220,-0.002,-40.01
"2020-10-03 18:24:44.4",4059621,-10,-10,-10,220,-0.002,-40.01
"2020-10-03 18:24:44.5",4059622,-10,-10,-10,220,-0.002,-40.01
"2020-10-03 18:24:44.6",4059623,-10,-10,-10,220,-0.002,-40.01
"2020-10-03 18:24:44.7",4059624,-10,-10,-10,220,-0.002,-40.01
"2020-10-03 18:24:44.8",4059625,-10,-10,-10,220,-0.002,-40.01
"2020-10-03 18:24:44.9",4059626,-10,-10,-10,220,-0.002,-40.01
"2020-10-03 18:24:45",4059627,-10,-10,-10,220,-0.002,-40.01
"2020-10-03 18:24:45.1",4059628,-10,-10,-10,220,-0.002,-40.01
"2020-10-03 18:24:45.2",4059629,-10,-10,-10,220,-0.002,-40.01
"2020-10-03 18:24:45.3",4059630,-10,-10,-10,220,-0.002,-40.01
"2020-10-03 18:24:45.4",4059631,-10,-10,-10,220,-0.002,-40.01
"2020-10-03 18:24:45.5",4059632,-10,-10,-10,220,-0.002,-40.01
"2020-10-03 18:24:45.6",4059633,-10,-10,-10,220,-0.002,-40.01
"2020-10-03 18:24:45.7",4059634,-10,-10,-10,220,-0.002,-40.01
"2020-10-03 18:24:45.8",4059635,-10,-10,-10,220,-0.002,-40.01
"2020-10-03 18:24:45.9",4059636,-10,-10,-10,220,-0.002,-40.01
"2020-10-03 18:24:46",4059637,-10,-10,-10,220,-0.002,-40.01
"2020-10-03 18:24:46.1",4059638,-10,-10,-10,220,-0.002,-40.01
"2020-10-03 18:24:46.2",4059639,-10,-10,-10,220,-0.002,-40.01
"2020-10-03 18:24:46.3",4059640,-10,-10,-10,220,-0.002,-40.01
"2020-10-03 18:24:46.4",4059641,-10,-10,-10,220,-0.002,-40.01
"2020-10-03 18:24:46.5",4059642,-10,-10,-10,220,-0.002,-40.01
"2020-10-03 18:24:46.6",4059643,-10,-10,-10,220,-0.002,-40.01
"2020-10-03 18:24:46.7",4059644,-10,-10,-10,220,-0.002,-40.01
"2020-10-03 18:24:46.8",4059645,-10,-10,-10,220,-0.002,-40.01
"2020-10-03 18:24:46.9",4059646,-10,-10,-10,220,-0.002,-40.01
"2020-10-03 18:24:47",4059647,-10,-10,-10,220,-0.002,-40.01
"2020-10-03 18:24:47.1",4059648,-10,-10,-10,220,-0.002,-40.01
"2020-10-03 18:24:47.2",4059649,-10,-10,-10,220,-0.002,-40.01
"2020-10-03 18:24:47.3",4059650,-10,-10,-10,220,-0.002,-40.01
"2020-10-03 18:24:47.4",4059651,-10,-10,-10,220,-0.002,-40.01
"2020-10-03 18:24:47.5",4059652,-10,-10,-10,220,-0.002,-40.01
"2020-10-03 18:24:47.6",4059653,-10,-10,-10,220,-0.002,-40.01
"2020-10-03 18:24:47.7",4059654,-10,-10,-10,220,-0.002,-40.01
"2020-10-03 18:24:47.8",4059655,-10,-10,-10,220,-0.002,-40.01
"2020-10-03 18:24:47.9",4059656,-10,-10,-10,220,-0.002,-40.01
"2020-10-03 18:24:48",4059657,-10,-10,-10,220,-0.002,-40.01
"2020-10-03 18:24:48.1",4059658,-10,-10,-10,220,-0.002,-40.01
"2020-10-03 18:24:48.2",4059659,-10,-10,-10,220,-0.002,-40.01
"2020-10-03 18:24:48.3",4059660,-10,-10,-10,220,-0.002,-40.01
"2020-10-03 18:24:48.4",4059661,-10,-10,-10,220,-0.002,-40.01
"2020-10-03 18:24:48.5",4059662,-10,-10,-10,220,-0.002,-40.01
"2020-10-03 18:24:48.6",4059663,-10,-10,-10,220,-0.002,-40.01
"2020-10-03 18:24:48.7",4059664,-10,-10,-10,220,-0.002,-40.01
"2020-10-03 18:24:48.8",4059665,-10,-10,-10,220,-0.002,-40.01
"2020-10-03 18:24:48.9",4059666,-10,-10,-10,220,-0.002,-40.01
"2020-10-03 18:24:49",4059667,-10,-10,-10,220,-0.002,-40.01
"2020-10-03 18:24:49.1",4059668,-10,-10,-10,220,-0.002,-40.01
"2020-10-03 18:24:49.2",4059669,-10,-10,-10,220,-0.002,-40.01
"2020-10-03 18:24:49.3",4059670,-10,-10,-10,220,-0.002,-40.01
"2020-10-03 18:24:49.4",4059671,-10,-10,-10,220,-0.002,-40.01
"2020-10-03 18:24:49.5",4059672,-10,-10,-10,220,-0.002,-40.01
"2020-10-03 18:24:49.6",4059673,-10,-10,-10,220,-0.002,-40.01
"2020-10-03 18:24:49.7",4059674,-10,-10,-10,220,-0.002,-40.01
"2020-10-03 18:24:49.8",4059675,-10,-10,-10,220,-0.002,-40.01
"2020-10-03 18:24:49.9",4059676,-10,-10,-10,220,-0.002,-40.01
"2020-10-03 18:24:50",4059677,-10,-10,-10,220,-0.002,-40.01
"2020-10-03 18:24:50.1",4059678,-10,-10,-10,220,-0.002,-40.01
"2020-10-03 18:24:50.2",4059679,-10,-10,-10,220,-0.002,-40.01
"2020-10-03 18:24:50.3",4059680,-10,-10,-10,220,-0.002,-40.01
"2020-10-03 18:24:50.4",4059681,-10,-10,-10,220,-0.002,-40.01
"2020-10-03 18:24:50.5",4059682,-10,-10,-10,220,-0.002,-40.01
"2020-10-03 18:24:50.6",4059683,-10,-10,-10,220,-0.002,-40.01
"2020-10-03 18:24:50.7",4059684,-10,-10,-10,220,-0.002,-40.01
"2020-10-03 18:24:50.8",4059685,-10,-10,-10,220,-0.002,-40.01
"2020-10-03 18:24:50.9",4059686,-10,-10,-10,220,-0.002,-40.01
