"TOA5","10329","CR6","10329","CR6.Std.09.01 CR6-WIFI.04.00.01","CPU:YOUNG81000_HMP60_10Hz.CR6","51185","Young10Hz_hmp"
"TIMESTAMP","RECORD","U","V","W","TSonic","RH","T_HMP60"
"TS","RN","mV","mV","mV","mV","%","Deg C"
"","","Smp","Smp","Smp","Smp","Smp","Smp"
"2020-10-02 20:33:36",3489644,0.012,0.009,-0.035,295.3,33.21,20.9
"2020-10-02 20:33:36.1",3489645,0.012,0.009,-0.035,295.3,33.21,20.9
"2020-10-02 20:33:36.2",3489646,-0.008,-0.002,-0.006,295.2,33.21,20.9
"2020-10-02 20:33:36.3",3489647,-0.008,-0.002,-0.006,295.2,33.21,20.9
"2020-10-02 20:33:36.4",3489648,-0.008,-0.002,-0.035,295.1,33.21,20.9
"2020-10-02 20:33:36.5",3489649,-0.027,-0.002,-0.035,295.1,33.21,20.9
"2020-10-02 20:33:36.6",3489650,-0.027,-0.002,-0.035,295.1,33.21,20.9
"2020-10-02 20:33:36.7",3489651,-0.028,-0.002,-0.035,295.1,33.21,20.9
"2020-10-02 20:33:36.8",3489652,-0.027,-0.002,-0.035,295.1,33.21,20.9
"2020-10-02 20:33:36.9",3489653,-0.028,0.008,-0.016,295.1,33.21,20.9
"2020-10-02 20:33:37",3489654,-0.008,0.009,-0.016,295.1,33.21,20.9
"2020-10-02 20:33:37.1",3489655,-0.008,0.009,-0.016,295.1,33.21,20.9
"2020-10-02 20:33:37.2",3489656,-0.008,0.009,-0.016,295.1,33.21,20.9
"2020-10-02 20:33:37.3",3489657,-0.008,0.009,-0.016,295.1,33.21,20.9
"2020-10-02 20:33:37.4",3489658,-0.008,0.009,-0.016,295.1,33.21,20.9
"2020-10-02 20:33:37.5",3489659,-0.008,0.009,-0.016,295.1,33.21,20.9
"2020-10-02 20:33:37.6",3489660,-0.008,0.009,-0.016,295.1,33.24,20.96
"2020-10-02 20:33:37.7",3489661,0.012,0.018,-0.035,295,33.21,20.9
"2020-10-02 20:33:37.8",3489662,0.012,0.018,-0.035,295,33.21,20.9
"2020-10-02 20:33:37.9",3489663,0.012,0.009,-0.016,295,33.21,20.9
"2020-10-02 20:33:38",3489664,-0.008,0.009,-0.016,295,33.21,20.9
"2020-10-02 20:33:38.1",3489665,-0.008,0.008,-0.016,295,33.21,20.9
"2020-10-02 20:33:38.2",3489666,-0.008,0.008,-0.015,295,33.21,20.9
"2020-10-02 20:33:38.3",3489667,-0.008,0.009,-0.016,295,33.21,20.9
"2020-10-02 20:33:38.4",3489668,-0.008,0.008,-0.016,295,33.21,20.9
"2020-10-02 20:33:38.5",3489669,-0.008,0.009,-0.016,295,33.21,20.9
"2020-10-02 20:33:38.6",3489670,-0.008,0.009,-0.016,295,33.21,20.9
"2020-10-02 20:33:38.7",3489671,-0.008,0.009,-0.016,295,33.21,20.9
"2020-10-02 20:33:38.8",3489672,-0.008,0.009,-0.016,295,33.21,20.9
"2020-10-02 20:33:38.9",3489673,-0.008,0.009,-0.016,295,33.21,20.9
"2020-10-02 20:33:39",3489674,-0.008,0.009,-0.016,295,33.21,20.9
"2020-10-02 20:33:39.1",3489675,-0.008,0.008,-0.016,295,33.21,20.9
"2020-10-02 20:33:39.2",3489676,-0.028,-0.002,-0.035,295,33.21,20.9
"2020-10-02 20:33:39.3",3489677,-0.028,-0.002,-0.035,295,33.21,20.9
"2020-10-02 20:33:39.4",3489678,-0.028,-0.002,-0.016,295.1,33.21,20.9
"2020-10-02 20:33:39.5",3489679,-0.008,0.009,-0.016,295.1,33.21,20.9
"2020-10-02 20:33:39.6",3489680,-0.008,0.009,-0.016,295.1,33.21,20.9
"2020-10-02 20:33:39.7",3489681,-0.008,0.009,-0.016,295.1,33.21,20.9
"2020-10-02 20:33:39.8",3489682,-0.008,0.009,-0.016,295.1,33.21,20.9
"2020-10-02 20:33:39.9",3489683,-0.008,0.008,-0.016,295.2,33.21,20.9
"2020-10-02 20:33:40",3489684,-0.008,0.009,-0.016,295.2,33.21,20.9
"2020-10-02 20:33:40.1",3489685,-0.008,0.009,-0.016,295.2,33.25,20.96
"2020-10-02 20:33:40.2",3489686,-0.047,0.009,-0.006,295.2,33.21,20.9
"2020-10-02 20:33:40.3",3489687,-0.047,0.009,-0.006,295.2,33.21,20.9
"2020-10-02 20:33:40.4",3489688,-0.047,0.008,-0.035,295.3,33.21,20.9
"2020-10-02 20:33:40.5",3489689,-0.027,-0.002,-0.035,295.3,33.21,20.9
"2020-10-02 20:33:40.6",3489690,-0.028,-0.002,-0.035,295.3,33.21,20.9
"2020-10-02 20:33:40.7",3489691,-0.008,0.009,-0.016,295.3,33.21,20.9
"2020-10-02 20:33:40.8",3489692,-0.008,0.009,-0.016,295.3,33.21,20.9
"2020-10-02 20:33:40.9",3489693,-0.008,0.008,-0.016,295.3,33.21,20.9
"2020-10-02 20:33:41",3489694,-0.008,0.009,-0.016,295.3,33.21,20.9
"2020-10-02 20:33:41.1",3489695,-0.008,0.009,-0.016,295.3,33.21,20.9
"2020-10-02 20:33:41.2",3489696,-0.008,0.009,-0.016,295.3,33.21,20.9
"2020-10-02 20:33:41.3",3489697,-0.008,0.008,-0.016,295.3,33.21,20.9
"2020-10-02 20:33:41.4",3489698,-0.008,0.008,-0.006,295.3,33.21,20.91
"2020-10-02 20:33:41.5",3489699,-0.008,-0.002,-0.006,295.3,33.21,20.9
"2020-10-02 20:33:41.6",3489700,-0.008,-0.002,-0.006,295.3,33.21,20.9
"2020-10-02 20:33:41.7",3489701,-0.008,-0.002,-0.006,295.3,33.21,20.9
"2020-10-02 20:33:41.8",3489702,-0.008,-0.002,-0.006,295.3,33.21,20.9
"2020-10-02 20:33:41.9",3489703,-0.008,-0.002,-0.006,295.3,33.21,20.9
"2020-10-02 20:33:42",3489704,-0.047,0.009,-0.006,295.3,33.21,20.9
"2020-10-02 20:33:42.1",3489705,-0.047,0.009,-0.006,295.3,33.21,20.9
"2020-10-02 20:33:42.2",3489706,-0.047,0.009,-0.006,295.2,33.21,20.9
"2020-10-02 20:33:42.3",3489707,-0.047,0.008,-0.006,295.2,33.21,20.9
"2020-10-02 20:33:42.4",3489708,-0.047,0.008,-0.016,295.2,33.21,20.9
"2020-10-02 20:33:42.5",3489709,-0.008,0.009,-0.016,295.2,33.21,20.9
"2020-10-02 20:33:42.6",3489710,-0.008,0.009,-0.016,295.2,33.27,20.96
"2020-10-02 20:33:42.7",3489711,-0.008,0.009,-0.016,295.2,33.21,20.9
"2020-10-02 20:33:42.8",3489712,-0.008,0.009,-0.016,295.2,33.21,20.9
"2020-10-02 20:33:42.9",3489713,-0.008,0.009,-0.016,295.2,33.21,20.9
"2020-10-02 20:33:43",3489714,-0.008,0.008,-0.016,295.2,33.21,20.9
"2020-10-02 20:33:43.1",3489715,-0.008,0.009,-0.016,295.2,33.21,20.9
"2020-10-02 20:33:43.2",3489716,-0.008,0.009,-0.016,295.2,33.21,20.9
"2020-10-02 20:33:43.3",3489717,-0.008,0.009,-0.016,295.2,33.21,20.9
"2020-10-02 20:33:43.4",3489718,-0.008,0.008,-0.016,295.3,33.21,20.9
"2020-10-02 20:33:43.5",3489719,-0.008,-0.002,-0.006,295.3,33.21,20.9
"2020-10-02 20:33:43.6",3489720,-0.008,-0.002,-0.006,295.3,33.21,20.9
"2020-10-02 20:33:43.7",3489721,-0.028,-0.002,0.025,295.3,33.21,20.9
"2020-10-02 20:33:43.8",3489722,-0.028,-0.002,0.025,295.3,33.21,20.9
"2020-10-02 20:33:43.9",3489723,-0.028,-0.002,-0.006,295.3,33.21,20.93
"2020-10-02 20:33:44",3489724,-0.008,-0.002,-0.006,295.3,33.21,20.9
"2020-10-02 20:33:44.1",3489725,-0.008,-0.002,-0.006,295.3,33.21,20.9
"2020-10-02 20:33:44.2",3489726,-0.047,0.009,-0.006,295.4,33.21,20.9
"2020-10-02 20:33:44.3",3489727,-0.047,0.009,-0.006,295.4,33.21,20.9
"2020-10-02 20:33:44.4",3489728,-0.011,0.009,-0.016,295.3,33.21,20.9
"2020-10-02 20:33:44.5",3489729,-0.008,0.009,-0.016,295.3,33.21,20.9
"2020-10-02 20:33:44.6",3489730,-0.008,0.009,-0.016,295.3,33.21,20.9
"2020-10-02 20:33:44.7",3489731,-0.008,0.009,-0.016,295.3,33.21,20.9
"2020-10-02 20:33:44.8",3489732,-0.008,0.009,-0.015,295.3,33.21,20.9
"2020-10-02 20:33:44.9",3489733,-0.008,0.008,-0.006,295.3,33.21,20.9
"2020-10-02 20:33:45",3489734,-0.047,0.009,-0.006,295.3,33.21,20.9
"2020-10-02 20:33:45.1",3489735,-0.047,0.009,-0.006,295.3,33.27,20.92
"2020-10-02 20:33:45.2",3489736,-0.028,-0.002,0.025,295.3,33.21,20.9
"2020-10-02 20:33:45.3",3489737,-0.028,-0.002,0.025,295.3,33.21,20.9
"2020-10-02 20:33:45.4",3489738,-0.028,0.009,-0.006,295.4,33.21,20.9
"2020-10-02 20:33:45.5",3489739,-0.047,0.009,-0.006,295.4,33.21,20.9
"2020-10-02 20:33:45.6",3489740,-0.047,0.009,-0.006,295.4,33.21,20.9
"2020-10-02 20:33:45.7",3489741,-0.008,0.009,-0.016,295.4,33.21,20.9
"2020-10-02 20:33:45.8",3489742,-0.008,0.009,-0.016,295.4,33.21,20.9
"2020-10-02 20:33:45.9",3489743,-0.008,0.009,-0.006,295.4,33.21,20.9
"2020-10-02 20:33:46",3489744,-0.008,-0.002,-0.006,295.4,33.21,20.9
"2020-10-02 20:33:46.1",3489745,-0.008,-0.002,-0.006,295.4,33.21,20.9
"2020-10-02 20:33:46.2",3489746,-0.028,-0.002,0.025,295.4,33.21,20.9
"2020-10-02 20:33:46.3",3489747,-0.028,-0.002,0.025,295.4,33.21,20.9
"2020-10-02 20:33:46.4",3489748,-0.028,-0.002,0.025,295.4,33.23,20.93
"2020-10-02 20:33:46.5",3489749,-0.028,-0.002,0.025,295.4,33.21,20.9
"2020-10-02 20:33:46.6",3489750,-0.027,-0.002,0.025,295.4,33.21,20.9
"2020-10-02 20:33:46.7",3489751,-0.028,-0.002,0.025,295.5,33.21,20.9
"2020-10-02 20:33:46.8",3489752,-0.027,-0.002,0.025,295.5,33.21,20.9
"2020-10-02 20:33:46.9",3489753,-0.028,-0.002,-0.006,295.4,33.21,20.9
"2020-10-02 20:33:47",3489754,-0.008,-0.002,-0.006,295.4,33.21,20.9
"2020-10-02 20:33:47.1",3489755,-0.008,-0.002,-0.006,295.4,33.21,20.9
"2020-10-02 20:33:47.2",3489756,-0.008,-0.002,-0.006,295.4,33.21,20.9
"2020-10-02 20:33:47.3",3489757,-0.008,-0.002,-0.006,295.4,33.21,20.9
"2020-10-02 20:33:47.4",3489758,-0.008,0.009,-0.006,295.4,33.21,20.9
"2020-10-02 20:33:47.5",3489759,-0.047,0.009,-0.006,295.4,33.21,20.9
"2020-10-02 20:33:47.6",3489760,-0.047,0.009,-0.006,295.4,33.26,20.9
"2020-10-02 20:33:47.7",3489761,-0.008,-0.002,-0.006,295.3,33.21,20.9
"2020-10-02 20:33:47.8",3489762,-0.008,-0.002,-0.006,295.3,33.21,20.9
"2020-10-02 20:33:47.9",3489763,-0.008,-0.002,-0.006,295.3,33.21,20.9
"2020-10-02 20:33:48",3489764,-0.008,-0.002,-0.006,295.3,33.21,20.9
"2020-10-02 20:33:48.1",3489765,-0.008,-0.002,-0.006,295.3,33.21,20.9
"2020-10-02 20:33:48.2",3489766,-0.008,-0.002,-0.006,295.3,33.21,20.9
"2020-10-02 20:33:48.3",3489767,-0.008,-0.002,-0.006,295.3,33.21,20.9
"2020-10-02 20:33:48.4",3489768,-0.008,-0.002,-0.006,295.3,33.21,20.9
"2020-10-02 20:33:48.5",3489769,-0.008,-0.002,-0.006,295.3,33.21,20.9
"2020-10-02 20:33:48.6",3489770,-0.008,-0.002,-0.006,295.3,33.21,20.9
"2020-10-02 20:33:48.7",3489771,-0.008,-0.002,-0.006,295.3,33.21,20.9
"2020-10-02 20:33:48.8",3489772,-0.008,-0.002,-0.006,295.3,33.21,20.9
"2020-10-02 20:33:48.9",3489773,0.005,-0.041,0.025,295.3,33.24,20.94
"2020-10-02 20:33:49",3489774,0.012,-0.041,0.025,295.3,33.21,20.9
"2020-10-02 20:33:49.1",3489775,0.012,-0.041,0.025,295.3,33.21,20.9
"2020-10-02 20:33:49.2",3489776,-0.008,-0.002,-0.006,295.3,33.21,20.9
"2020-10-02 20:33:49.3",3489777,-0.008,-0.002,-0.006,295.3,33.21,20.9
"2020-10-02 20:33:49.4",3489778,-0.028,-0.002,0.025,295.2,33.21,20.9
"2020-10-02 20:33:49.5",3489779,-0.028,-0.002,0.025,295.2,33.21,20.9
"2020-10-02 20:33:49.6",3489780,-0.028,-0.002,0.025,295.2,33.21,20.9
"2020-10-02 20:33:49.7",3489781,-0.008,0.009,0.044,295.2,33.21,20.9
"2020-10-02 20:33:49.8",3489782,-0.008,0.009,0.044,295.2,33.21,20.9
"2020-10-02 20:33:49.9",3489783,0.012,0.009,0.025,295.2,33.21,20.9
"2020-10-02 20:33:50",3489784,0.012,0.009,0.025,295.2,33.21,20.9
"2020-10-02 20:33:50.1",3489785,0.012,0.009,0.025,295.2,33.24,20.9
"2020-10-02 20:33:50.2",3489786,-0.008,-0.002,-0.006,295.1,33.21,20.9
"2020-10-02 20:33:50.3",3489787,-0.008,-0.002,-0.006,295.1,33.21,20.9
"2020-10-02 20:33:50.4",3489788,-0.008,-0.002,-0.006,295.1,33.21,20.9
"2020-10-02 20:33:50.5",3489789,-0.008,-0.002,-0.006,295.1,33.21,20.9
"2020-10-02 20:33:50.6",3489790,-0.008,-0.002,-0.006,295.1,33.21,20.9
"2020-10-02 20:33:50.7",3489791,-0.008,-0.002,-0.006,295.1,33.21,20.9
"2020-10-02 20:33:50.8",3489792,-0.008,-0.002,-0.006,295.1,33.21,20.9
"2020-10-02 20:33:50.9",3489793,-0.008,-0.002,-0.006,295.1,33.21,20.9
"2020-10-02 20:33:51",3489794,-0.008,-0.002,-0.006,295.1,33.21,20.9
"2020-10-02 20:33:51.1",3489795,-0.008,-0.002,-0.006,295.1,33.21,20.9
"2020-10-02 20:33:51.2",3489796,-0.008,-0.002,-0.006,295.1,33.21,20.9
"2020-10-02 20:33:51.3",3489797,-0.008,-0.002,-0.006,295.1,33.21,20.9
"2020-10-02 20:33:51.4",3489798,-0.008,-0.002,-0.006,295,33.24,20.96
"2020-10-02 20:33:51.5",3489799,-0.008,-0.002,-0.006,295,33.21,20.9
"2020-10-02 20:33:51.6",3489800,-0.008,-0.002,-0.006,295,33.21,20.9
"2020-10-02 20:33:51.7",3489801,-0.008,-0.002,-0.006,295,33.21,20.9
"2020-10-02 20:33:51.8",3489802,-0.008,-0.002,-0.006,295,33.21,20.9
"2020-10-02 20:33:51.9",3489803,-0.028,-0.002,0.015,295,33.21,20.9
"2020-10-02 20:33:52",3489804,-0.028,-0.002,0.015,295,33.21,20.9
"2020-10-02 20:33:52.1",3489805,-0.028,-0.002,0.015,295,33.21,20.9
"2020-10-02 20:33:52.2",3489806,-0.008,-0.002,-0.006,295,33.21,20.9
"2020-10-02 20:33:52.3",3489807,-0.008,-0.002,-0.006,295,33.21,20.9
"2020-10-02 20:33:52.4",3489808,-0.008,-0.002,-0.006,295,33.21,20.9
"2020-10-02 20:33:52.5",3489809,-0.008,-0.002,-0.006,295,33.21,20.9
"2020-10-02 20:33:52.6",3489810,-0.008,-0.002,-0.006,295,33.22,20.9
"2020-10-02 20:33:52.7",3489811,0.012,-0.002,-0.006,295,33.21,20.9
"2020-10-02 20:33:52.8",3489812,0.012,-0.002,-0.006,295,33.21,20.9
"2020-10-02 20:33:52.9",3489813,-0.008,-0.002,-0.006,295,33.21,20.9
"2020-10-02 20:33:53",3489814,-0.008,-0.002,-0.006,295,33.21,20.9
"2020-10-02 20:33:53.1",3489815,-0.008,-0.002,-0.006,295,33.21,20.9
"2020-10-02 20:33:53.2",3489816,-0.008,-0.002,-0.006,295,33.21,20.9
"2020-10-02 20:33:53.3",3489817,-0.008,-0.002,-0.006,295,33.21,20.9
"2020-10-02 20:33:53.4",3489818,-0.008,-0.002,-0.006,295,33.21,20.9
"2020-10-02 20:33:53.5",3489819,-0.008,-0.002,-0.006,295,33.21,20.9
"2020-10-02 20:33:53.6",3489820,-0.008,-0.002,-0.006,295,33.21,20.9
"2020-10-02 20:33:53.7",3489821,-0.008,-0.002,-0.006,295,33.21,20.9
"2020-10-02 20:33:53.8",3489822,-0.008,-0.002,-0.006,295,33.21,20.9
"2020-10-02 20:33:53.9",3489823,-0.008,0.038,-0.006,295,33.24,20.96
"2020-10-02 20:33:54",3489824,-0.008,0.038,-0.006,295,33.21,20.9
"2020-10-02 20:33:54.1",3489825,-0.008,0.038,-0.006,295,33.21,20.9
"2020-10-02 20:33:54.2",3489826,0.022,0.038,-0.006,295,33.21,20.9
"2020-10-02 20:33:54.3",3489827,0.022,0.038,-0.006,295,33.21,20.9
"2020-10-02 20:33:54.4",3489828,0.002,0.018,0.015,295,33.21,20.9
"2020-10-02 20:33:54.5",3489829,0.002,0.018,0.015,295,33.21,20.9
"2020-10-02 20:33:54.6",3489830,0.002,0.018,0.015,295,33.21,20.9
"2020-10-02 20:33:54.7",3489831,-0.008,0.038,-0.006,295,33.21,20.9
"2020-10-02 20:33:54.8",3489832,-0.008,0.038,-0.006,295,33.21,20.9
"2020-10-02 20:33:54.9",3489833,0.027,0.009,-0.006,295,33.21,20.9
"2020-10-02 20:33:55",3489834,0.041,0.009,-0.006,295,33.21,20.9
"2020-10-02 20:33:55.1",3489835,0.041,0.009,-0.006,295,33.21,20.9
"2020-10-02 20:33:55.2",3489836,-0.008,-0.002,-0.006,295.1,33.21,20.9
"2020-10-02 20:33:55.3",3489837,-0.008,-0.002,-0.006,295.1,33.22,20.9
"2020-10-02 20:33:55.4",3489838,-0.008,-0.002,-0.006,295.1,33.22,20.9
"2020-10-02 20:33:55.5",3489839,-0.008,-0.002,-0.006,295.1,33.22,20.9
"2020-10-02 20:33:55.6",3489840,-0.008,-0.002,-0.006,295.1,33.23,20.9
"2020-10-02 20:33:55.7",3489841,-0.008,-0.002,-0.006,295.1,33.23,20.9
"2020-10-02 20:33:55.8",3489842,-0.008,-0.002,-0.006,295.1,33.23,20.9
"2020-10-02 20:33:55.9",3489843,-0.008,0.009,-0.016,295.1,33.23,20.9
"2020-10-02 20:33:56",3489844,-0.008,0.008,-0.016,295.1,33.23,20.9
"2020-10-02 20:33:56.1",3489845,-0.008,0.009,-0.015,295.1,33.23,20.9
"2020-10-02 20:33:56.2",3489846,0.012,0.009,-0.036,295.1,33.23,20.9
"2020-10-02 20:33:56.3",3489847,0.012,0.009,-0.036,295.1,33.23,20.9
"2020-10-02 20:33:56.4",3489848,0.022,-0.002,-0.016,295.1,33.27,20.96
"2020-10-02 20:33:56.5",3489849,0.022,-0.002,-0.016,295.1,33.23,20.9
"2020-10-02 20:33:56.6",3489850,0.022,-0.002,-0.016,295.1,33.23,20.9
"2020-10-02 20:33:56.7",3489851,0.012,0.009,-0.035,295.1,33.23,20.9
"2020-10-02 20:33:56.8",3489852,0.012,0.009,-0.035,295.1,33.23,20.9
"2020-10-02 20:33:56.9",3489853,0.012,0.009,-0.035,295.1,33.23,20.91
"2020-10-02 20:33:57",3489854,0.012,0.009,-0.035,295.1,33.23,20.9
"2020-10-02 20:33:57.1",3489855,0.012,0.009,-0.035,295.1,33.23,20.9
"2020-10-02 20:33:57.2",3489856,-0.008,-0.002,-0.006,295.1,33.23,20.9
"2020-10-02 20:33:57.3",3489857,-0.008,-0.002,-0.006,295.1,33.23,20.9
"2020-10-02 20:33:57.4",3489858,-0.008,-0.002,-0.006,295.1,33.23,20.9
"2020-10-02 20:33:57.5",3489859,-0.008,-0.002,-0.006,295.1,33.23,20.9
"2020-10-02 20:33:57.6",3489860,-0.008,-0.002,-0.006,295.1,33.23,20.9
"2020-10-02 20:33:57.7",3489861,0.012,-0.002,-0.006,295.1,33.23,20.9
"2020-10-02 20:33:57.8",3489862,0.012,-0.002,-0.006,295.1,33.23,20.9
"2020-10-02 20:33:57.9",3489863,0.012,0.018,-0.035,295,33.23,20.9
"2020-10-02 20:33:58",3489864,0.012,0.018,-0.035,295,33.23,20.9
"2020-10-02 20:33:58.1",3489865,0.012,0.019,-0.035,295,33.23,20.9
"2020-10-02 20:33:58.2",3489866,-0.008,-0.002,-0.006,295,33.23,20.9
"2020-10-02 20:33:58.3",3489867,-0.008,-0.002,-0.006,295,33.23,20.9
"2020-10-02 20:33:58.4",3489868,-0.008,0.008,-0.016,295,33.23,20.9
"2020-10-02 20:33:58.5",3489869,-0.008,0.009,-0.016,295,33.23,20.9
"2020-10-02 20:33:58.6",3489870,-0.008,0.009,-0.016,295,33.23,20.9
"2020-10-02 20:33:58.7",3489871,-0.008,0.009,-0.016,295,33.23,20.9
"2020-10-02 20:33:58.8",3489872,-0.008,0.009,-0.016,295,33.23,20.9
"2020-10-02 20:33:58.9",3489873,-0.008,0.018,-0.035,295,33.29,20.96
"2020-10-02 20:33:59",3489874,0.012,0.018,-0.035,295,33.23,20.9
"2020-10-02 20:33:59.1",3489875,0.012,0.018,-0.035,295,33.23,20.9
"2020-10-02 20:33:59.2",3489876,0.012,0.018,-0.035,295,33.23,20.9
"2020-10-02 20:33:59.3",3489877,0.012,0.018,-0.035,295,33.23,20.9
"2020-10-02 20:33:59.4",3489878,-0.008,0.008,-0.016,295,33.23,20.9
"2020-10-02 20:33:59.5",3489879,-0.008,0.009,-0.016,295,33.23,20.9
"2020-10-02 20:33:59.6",3489880,-0.008,0.008,-0.016,295,33.23,20.9
"2020-10-02 20:33:59.7",3489881,-0.008,0.009,-0.016,295,33.23,20.9
"2020-10-02 20:33:59.8",3489882,-0.008,0.009,-0.016,295,33.23,20.9
"2020-10-02 20:33:59.9",3489883,-0.008,0.009,-0.016,295,33.23,20.9
"2020-10-02 20:34:00",3489884,-0.008,0.009,-0.016,295,33.23,20.9
"2020-10-02 20:34:00.1",3489885,-0.008,0.008,-0.016,295,33.23,20.9
"2020-10-02 20:34:00.2",3489886,0.012,0.018,-0.035,295,33.23,20.93
"2020-10-02 20:34:00.3",3489887,0.012,0.019,-0.035,295,33.23,20.9
"2020-10-02 20:34:00.4",3489888,-0.008,-0.002,-0.055,295,33.23,20.9
"2020-10-02 20:34:00.5",3489889,-0.008,-0.002,-0.055,295,33.23,20.9
"2020-10-02 20:34:00.6",3489890,-0.008,-0.002,-0.055,295,33.23,20.9
"2020-10-02 20:34:00.7",3489891,-0.008,-0.002,-0.055,295,33.23,20.9
"2020-10-02 20:34:00.8",3489892,-0.008,-0.002,-0.055,295,33.23,20.9
"2020-10-02 20:34:00.9",3489893,-0.008,0.018,-0.035,295,33.23,20.9
"2020-10-02 20:34:01",3489894,0.012,0.019,-0.035,295,33.23,20.9
"2020-10-02 20:34:01.1",3489895,0.012,0.019,-0.035,295,33.23,20.9
"2020-10-02 20:34:01.2",3489896,-0.008,0.009,-0.016,295.1,33.23,20.9
"2020-10-02 20:34:01.3",3489897,-0.008,0.009,-0.016,295.1,33.23,20.9
"2020-10-02 20:34:01.4",3489898,-0.008,0.009,-0.016,295.1,33.29,20.95
"2020-10-02 20:34:01.5",3489899,-0.008,0.008,-0.016,295.1,33.23,20.9
"2020-10-02 20:34:01.6",3489900,-0.008,0.009,-0.016,295.1,33.23,20.9
"2020-10-02 20:34:01.7",3489901,-0.008,0.009,-0.015,295.1,33.23,20.9
"2020-10-02 20:34:01.8",3489902,-0.008,0.009,-0.016,295.1,33.23,20.9
"2020-10-02 20:34:01.9",3489903,-0.008,0.008,-0.016,295.1,33.23,20.9
"2020-10-02 20:34:02",3489904,-0.008,0.009,-0.016,295.1,33.23,20.9
"2020-10-02 20:34:02.1",3489905,-0.008,0.009,-0.016,295.1,33.23,20.9
"2020-10-02 20:34:02.2",3489906,-0.008,0.009,-0.016,295.1,33.23,20.9
"2020-10-02 20:34:02.3",3489907,-0.008,0.009,-0.016,295.1,33.23,20.9
"2020-10-02 20:34:02.4",3489908,-0.008,0.009,-0.016,295.1,33.23,20.9
"2020-10-02 20:34:02.5",3489909,-0.008,0.009,-0.016,295.1,33.23,20.9
"2020-10-02 20:34:02.6",3489910,-0.008,0.009,-0.016,295.1,33.23,20.9
"2020-10-02 20:34:02.7",3489911,-0.008,0.009,-0.016,295.1,33.23,20.93
"2020-10-02 20:34:02.8",3489912,-0.008,0.009,-0.016,295.1,33.23,20.9
"2020-10-02 20:34:02.9",3489913,0.012,0.009,-0.035,295.1,33.23,20.9
"2020-10-02 20:34:03",3489914,0.012,0.009,-0.035,295.1,33.23,20.9
"2020-10-02 20:34:03.1",3489915,0.012,0.009,-0.035,295.1,33.23,20.9
"2020-10-02 20:34:03.2",3489916,0.022,-0.002,-0.016,295.1,33.23,20.9
"2020-10-02 20:34:03.3",3489917,0.022,-0.002,-0.016,295.1,33.23,20.9
"2020-10-02 20:34:03.4",3489918,-0.008,-0.002,-0.065,295.1,33.23,20.9
"2020-10-02 20:34:03.5",3489919,-0.008,-0.002,-0.064,295.1,33.23,20.9
"2020-10-02 20:34:03.6",3489920,-0.008,-0.002,-0.065,295.1,33.23,20.9
"2020-10-02 20:34:03.7",3489921,-0.008,-0.002,-0.065,295.1,33.23,20.9
"2020-10-02 20:34:03.8",3489922,-0.008,-0.002,-0.065,295.1,33.23,20.9
"2020-10-02 20:34:03.9",3489923,-0.008,-0.002,-0.065,295.1,33.29,20.94
"2020-10-02 20:34:04",3489924,-0.008,-0.002,-0.064,295.1,33.23,20.9
"2020-10-02 20:34:04.1",3489925,-0.008,-0.002,-0.065,295.1,33.23,20.9
"2020-10-02 20:34:04.2",3489926,-0.008,-0.022,-0.006,295,33.23,20.9
"2020-10-02 20:34:04.3",3489927,-0.008,-0.022,-0.006,295,33.23,20.9
"2020-10-02 20:34:04.4",3489928,-0.008,-0.002,-0.006,295,33.23,20.9
"2020-10-02 20:34:04.5",3489929,-0.008,-0.002,-0.006,295,33.23,20.9
"2020-10-02 20:34:04.6",3489930,-0.008,-0.002,-0.006,295,33.23,20.9
"2020-10-02 20:34:04.7",3489931,-0.008,-0.002,-0.006,295,33.23,20.9
"2020-10-02 20:34:04.8",3489932,-0.008,-0.002,-0.006,295,33.23,20.9
"2020-10-02 20:34:04.9",3489933,0.012,-0.002,-0.006,295,33.23,20.9
"2020-10-02 20:34:05",3489934,0.012,-0.002,-0.006,295,33.23,20.9
"2020-10-02 20:34:05.1",3489935,0.012,-0.002,-0.006,295,33.23,20.9
"2020-10-02 20:34:05.2",3489936,0.012,-0.002,-0.006,295,33.23,20.93
"2020-10-02 20:34:05.3",3489937,0.012,-0.002,-0.006,295,33.23,20.9
"2020-10-02 20:34:05.4",3489938,-0.008,-0.002,-0.006,295,33.23,20.9
"2020-10-02 20:34:05.5",3489939,-0.008,-0.002,-0.006,295,33.23,20.9
"2020-10-02 20:34:05.6",3489940,-0.008,-0.002,-0.006,295,33.23,20.9
"2020-10-02 20:34:05.7",3489941,-0.008,-0.002,-0.006,295,33.23,20.9
"2020-10-02 20:34:05.8",3489942,-0.008,-0.002,-0.006,295,33.23,20.9
"2020-10-02 20:34:05.9",3489943,0.012,-0.002,-0.006,295,33.23,20.9
"2020-10-02 20:34:06",3489944,0.012,-0.002,-0.006,295,33.23,20.9
"2020-10-02 20:34:06.1",3489945,0.012,-0.002,-0.006,295,33.23,20.9
"2020-10-02 20:34:06.2",3489946,-0.008,-0.031,-0.035,295,33.23,20.9
"2020-10-02 20:34:06.3",3489947,-0.008,-0.031,-0.035,295,33.23,20.9
"2020-10-02 20:34:06.4",3489948,-0.008,0.008,-0.016,295,33.28,20.91
"2020-10-02 20:34:06.5",3489949,-0.008,0.009,-0.016,295,33.23,20.9
"2020-10-02 20:34:06.6",3489950,-0.008,0.009,-0.016,295,33.24,20.9
"2020-10-02 20:34:06.7",3489951,-0.008,-0.002,-0.006,295,33.24,20.9
"2020-10-02 20:34:06.8",3489952,-0.008,-0.002,-0.006,295,33.24,20.9
"2020-10-02 20:34:06.9",3489953,-0.008,-0.002,-0.006,295,33.25,20.9
"2020-10-02 20:34:07",3489954,-0.008,-0.002,-0.006,295,33.25,20.9
"2020-10-02 20:34:07.1",3489955,-0.008,-0.002,-0.006,295,33.25,20.9
"2020-10-02 20:34:07.2",3489956,-0.008,-0.002,-0.006,295,33.25,20.9
"2020-10-02 20:34:07.3",3489957,-0.008,-0.002,-0.006,295,33.25,20.9
"2020-10-02 20:34:07.4",3489958,-0.008,-0.002,-0.006,295.1,33.25,20.9
"2020-10-02 20:34:07.5",3489959,-0.008,-0.002,-0.006,295.1,33.25,20.9
"2020-10-02 20:34:07.6",3489960,-0.008,-0.002,-0.006,295.1,33.25,20.9
"2020-10-02 20:34:07.7",3489961,-0.008,-0.002,-0.006,295.1,33.26,20.93
"2020-10-02 20:34:07.8",3489962,-0.008,-0.002,-0.006,295.1,33.25,20.9
"2020-10-02 20:34:07.9",3489963,-0.008,-0.002,-0.006,295.1,33.25,20.9
"2020-10-02 20:34:08",3489964,-0.008,-0.002,-0.006,295.1,33.25,20.9
"2020-10-02 20:34:08.1",3489965,-0.008,-0.002,-0.006,295.1,33.25,20.9
"2020-10-02 20:34:08.2",3489966,-0.008,-0.002,-0.006,295.1,33.25,20.9
"2020-10-02 20:34:08.3",3489967,-0.008,-0.002,-0.006,295.1,33.25,20.9
"2020-10-02 20:34:08.4",3489968,-0.008,0.009,-0.016,295.1,33.25,20.9
"2020-10-02 20:34:08.5",3489969,-0.008,0.009,-0.016,295.1,33.25,20.9
"2020-10-02 20:34:08.6",3489970,-0.008,0.009,-0.016,295.1,33.25,20.9
"2020-10-02 20:34:08.7",3489971,0.012,0.018,-0.035,295,33.25,20.9
"2020-10-02 20:34:08.8",3489972,0.012,0.019,-0.035,295,33.25,20.9
"2020-10-02 20:34:08.9",3489973,0.012,-0.002,-0.006,295,33.29,20.9
"2020-10-02 20:34:09",3489974,0.012,-0.002,-0.006,295,33.25,20.9
"2020-10-02 20:34:09.1",3489975,0.012,-0.002,-0.006,295,33.25,20.9
"2020-10-02 20:34:09.2",3489976,-0.008,-0.002,-0.006,294.9,33.25,20.9
"2020-10-02 20:34:09.3",3489977,-0.008,-0.002,-0.006,294.9,33.25,20.9
"2020-10-02 20:34:09.4",3489978,-0.008,-0.002,-0.006,294.9,33.25,20.9
"2020-10-02 20:34:09.5",3489979,-0.008,-0.002,-0.006,294.9,33.25,20.9
"2020-10-02 20:34:09.6",3489980,-0.008,-0.002,-0.006,294.9,33.25,20.9
"2020-10-02 20:34:09.7",3489981,-0.008,-0.002,-0.006,294.9,33.25,20.91
"2020-10-02 20:34:09.8",3489982,-0.008,-0.002,-0.006,294.9,33.25,20.9
"2020-10-02 20:34:09.9",3489983,-0.008,-0.002,-0.006,294.9,33.25,20.9
"2020-10-02 20:34:10",3489984,-0.008,-0.002,-0.006,294.9,33.25,20.9
"2020-10-02 20:34:10.1",3489985,-0.008,-0.002,-0.006,294.9,33.25,20.9
"2020-10-02 20:34:10.2",3489986,-0.008,-0.002,-0.006,294.9,33.28,20.95
"2020-10-02 20:34:10.3",3489987,-0.008,-0.002,-0.006,294.9,33.25,20.9
"2020-10-02 20:34:10.4",3489988,-0.008,-0.002,-0.006,294.9,33.25,20.9
"2020-10-02 20:34:10.5",3489989,-0.008,-0.002,-0.006,294.9,33.25,20.9
"2020-10-02 20:34:10.6",3489990,-0.008,-0.002,-0.006,294.9,33.25,20.9
"2020-10-02 20:34:10.7",3489991,-0.008,-0.002,-0.006,294.9,33.25,20.9
"2020-10-02 20:34:10.8",3489992,-0.008,-0.002,-0.006,294.9,33.25,20.9
"2020-10-02 20:34:10.9",3489993,-0.008,-0.002,-0.006,294.9,33.25,20.9
"2020-10-02 20:34:11",3489994,-0.008,-0.002,-0.006,294.9,33.25,20.9
"2020-10-02 20:34:11.1",3489995,-0.008,-0.002,-0.006,294.9,33.25,20.9
"2020-10-02 20:34:11.2",3489996,-0.008,-0.002,-0.006,294.9,33.25,20.9
"2020-10-02 20:34:11.3",3489997,-0.008,-0.002,-0.006,294.9,33.25,20.9
"2020-10-02 20:34:11.4",3489998,-0.008,0.009,-0.016,295,33.27,20.9
"2020-10-02 20:34:11.5",3489999,-0.008,0.009,-0.016,295,33.25,20.9
"2020-10-02 20:34:11.6",3490000,-0.008,0.009,-0.016,295,33.25,20.9
"2020-10-02 20:34:11.7",3490001,-0.008,0.009,-0.016,295,33.25,20.9
"2020-10-02 20:34:11.8",3490002,-0.008,0.009,-0.016,295,33.25,20.9
"2020-10-02 20:34:11.9",3490003,-0.008,0.009,-0.016,295,33.25,20.9
"2020-10-02 20:34:12",3490004,-0.008,0.009,-0.016,295,33.25,20.9
"2020-10-02 20:34:12.1",3490005,-0.008,0.009,-0.016,295,33.25,20.9
"2020-10-02 20:34:12.2",3490006,-0.008,0.008,-0.016,295,33.25,20.9
"2020-10-02 20:34:12.3",3490007,-0.008,0.009,-0.016,295,33.25,20.9
"2020-10-02 20:34:12.4",3490008,-0.027,-0.002,-0.035,295,33.25,20.9
"2020-10-02 20:34:12.5",3490009,-0.028,-0.002,-0.035,295,33.25,20.9
"2020-10-02 20:34:12.6",3490010,-0.027,-0.002,-0.035,295,33.25,20.9
"2020-10-02 20:34:12.7",3490011,-0.008,0.009,-0.016,295,33.28,20.96
"2020-10-02 20:34:12.8",3490012,-0.008,0.009,-0.016,295,33.25,20.9
"2020-10-02 20:34:12.9",3490013,-0.008,0.009,-0.016,295,33.25,20.9
"2020-10-02 20:34:13",3490014,-0.008,0.009,-0.016,295,33.25,20.9
"2020-10-02 20:34:13.1",3490015,-0.008,0.009,-0.016,295,33.25,20.9
"2020-10-02 20:34:13.2",3490016,0.012,0.018,-0.035,295,33.25,20.9
"2020-10-02 20:34:13.3",3490017,0.012,0.018,-0.035,295,33.25,20.9
"2020-10-02 20:34:13.4",3490018,0.012,0.018,-0.035,295,33.25,20.9
"2020-10-02 20:34:13.5",3490019,0.012,0.018,-0.035,295,33.25,20.9
"2020-10-02 20:34:13.6",3490020,0.012,0.018,-0.035,295,33.25,20.9
"2020-10-02 20:34:13.7",3490021,0.022,0.038,-0.006,295,33.25,20.9
"2020-10-02 20:34:13.8",3490022,0.022,0.038,-0.006,295,33.25,20.9
"2020-10-02 20:34:13.9",3490023,-0.008,0.038,-0.006,295,33.25,20.9
"2020-10-02 20:34:14",3490024,-0.008,0.038,-0.006,295,33.25,20.9
"2020-10-02 20:34:14.1",3490025,-0.008,0.038,-0.006,295,33.25,20.9
"2020-10-02 20:34:14.2",3490026,0.012,0.018,-0.035,295,33.25,20.9
"2020-10-02 20:34:14.3",3490027,0.012,0.018,-0.035,295,33.25,20.9
"2020-10-02 20:34:14.4",3490028,-0.008,0.009,-0.016,295,33.25,20.9
"2020-10-02 20:34:14.5",3490029,-0.008,0.009,-0.016,295,33.25,20.9
"2020-10-02 20:34:14.6",3490030,-0.008,0.009,-0.016,295,33.25,20.9
"2020-10-02 20:34:14.7",3490031,0.012,0.009,0.025,295,33.25,20.9
"2020-10-02 20:34:14.8",3490032,0.012,0.009,0.025,295,33.25,20.9
"2020-10-02 20:34:14.9",3490033,0.012,0.009,0.025,295,33.25,20.9
"2020-10-02 20:34:15",3490034,0.012,0.009,0.025,295,33.25,20.9
"2020-10-02 20:34:15.1",3490035,0.012,0.009,0.025,295,33.25,20.9
"2020-10-02 20:34:15.2",3490036,0.012,0.008,0.025,295,33.29,20.96
"2020-10-02 20:34:15.3",3490037,0.012,0.009,0.025,295,33.25,20.9
"2020-10-02 20:34:15.4",3490038,-0.008,-0.002,-0.006,295,33.25,20.9
"2020-10-02 20:34:15.5",3490039,-0.008,-0.002,-0.006,295,33.25,20.9
"2020-10-02 20:34:15.6",3490040,-0.008,-0.002,-0.006,295,33.25,20.9
"2020-10-02 20:34:15.7",3490041,0.012,0.018,-0.035,295,33.25,20.9
"2020-10-02 20:34:15.8",3490042,0.012,0.018,-0.035,295,33.25,20.9
"2020-10-02 20:34:15.9",3490043,-0.008,0.038,-0.006,295,33.25,20.9
"2020-10-02 20:34:16",3490044,-0.008,0.038,-0.006,295,33.25,20.9
"2020-10-02 20:34:16.1",3490045,-0.008,0.038,-0.006,295,33.25,20.9
"2020-10-02 20:34:16.2",3490046,-0.008,0.038,-0.006,295,33.25,20.9
"2020-10-02 20:34:16.3",3490047,-0.008,0.038,-0.006,295,33.25,20.9
"2020-10-02 20:34:16.4",3490048,-0.008,0.038,-0.006,295,33.25,20.9
"2020-10-02 20:34:16.5",3490049,-0.008,0.038,-0.006,295,33.25,20.9
"2020-10-02 20:34:16.6",3490050,-0.008,0.038,-0.006,295,33.25,20.9
"2020-10-02 20:34:16.7",3490051,0.012,-0.002,-0.006,295.1,33.25,20.9
"2020-10-02 20:34:16.8",3490052,0.012,-0.002,-0.006,295.1,33.25,20.9
"2020-10-02 20:34:16.9",3490053,-0.008,-0.002,-0.006,295.1,33.25,20.9
"2020-10-02 20:34:17",3490054,-0.008,-0.002,-0.006,295.1,33.25,20.9
"2020-10-02 20:34:17.1",3490055,-0.008,-0.002,-0.006,295.1,33.25,20.9
"2020-10-02 20:34:17.2",3490056,0.012,0.009,-0.035,295.1,33.25,20.9
"2020-10-02 20:34:17.3",3490057,0.012,0.009,-0.035,295.1,33.25,20.9
"2020-10-02 20:34:17.4",3490058,-0.008,0.009,-0.016,295.2,33.25,20.9
"2020-10-02 20:34:17.5",3490059,-0.008,0.009,-0.016,295.2,33.25,20.9
"2020-10-02 20:34:17.6",3490060,-0.008,0.008,-0.016,295.2,33.25,20.9
"2020-10-02 20:34:17.7",3490061,-0.008,0.009,-0.016,295.2,33.31,20.96
"2020-10-02 20:34:17.8",3490062,-0.008,0.009,-0.016,295.2,33.25,20.9
"2020-10-02 20:34:17.9",3490063,-0.008,-0.002,-0.006,295.1,33.25,20.9
"2020-10-02 20:34:18",3490064,-0.008,-0.002,-0.006,295.1,33.25,20.9
"2020-10-02 20:34:18.1",3490065,-0.008,-0.002,-0.006,295.1,33.25,20.9
"2020-10-02 20:34:18.2",3490066,-0.008,-0.002,-0.006,295.1,33.25,20.9
"2020-10-02 20:34:18.3",3490067,-0.008,-0.002,-0.006,295.1,33.25,20.9
"2020-10-02 20:34:18.4",3490068,-0.008,0.009,-0.016,295,33.25,20.9
"2020-10-02 20:34:18.5",3490069,-0.008,0.009,-0.016,295,33.25,20.9
"2020-10-02 20:34:18.6",3490070,-0.008,0.009,-0.016,295,33.25,20.9
"2020-10-02 20:34:18.7",3490071,-0.008,0.038,-0.006,295,33.25,20.9
"2020-10-02 20:34:18.8",3490072,-0.008,0.038,-0.006,295,33.25,20.9
"2020-10-02 20:34:18.9",3490073,0.002,0.018,0.015,295,33.25,20.9
"2020-10-02 20:34:19",3490074,0.002,0.018,0.015,295,33.25,20.93
"2020-10-02 20:34:19.1",3490075,0.002,0.018,0.015,295,33.25,20.9
"2020-10-02 20:34:19.2",3490076,-0.008,-0.002,-0.006,294.9,33.25,20.9
"2020-10-02 20:34:19.3",3490077,-0.008,-0.002,-0.006,294.9,33.25,20.9
"2020-10-02 20:34:19.4",3490078,-0.008,-0.002,-0.006,294.9,33.25,20.9
"2020-10-02 20:34:19.5",3490079,-0.008,-0.002,-0.006,294.9,33.25,20.9
"2020-10-02 20:34:19.6",3490080,-0.008,-0.002,-0.006,294.9,33.25,20.9
"2020-10-02 20:34:19.7",3490081,-0.008,-0.002,-0.006,294.9,33.25,20.9
"2020-10-02 20:34:19.8",3490082,-0.008,-0.002,-0.006,294.9,33.25,20.9
"2020-10-02 20:34:19.9",3490083,0.002,0.018,0.015,295,33.25,20.9
"2020-10-02 20:34:20",3490084,0.002,0.018,0.015,295,33.25,20.9
"2020-10-02 20:34:20.1",3490085,0.002,0.018,0.015,295,33.25,20.9
"2020-10-02 20:34:20.2",3490086,0.002,0.018,0.015,295,33.31,20.93
"2020-10-02 20:34:20.3",3490087,0.002,0.018,0.015,295,33.25,20.9
"2020-10-02 20:34:20.4",3490088,0.003,0.018,0.015,295,33.25,20.9
"2020-10-02 20:34:20.5",3490089,0.002,0.018,0.015,295,33.25,20.9
"2020-10-02 20:34:20.6",3490090,0.002,0.018,0.015,295,33.25,20.9
"2020-10-02 20:34:20.7",3490091,0.003,0.018,0.015,295,33.25,20.9
"2020-10-02 20:34:20.8",3490092,0.002,0.018,0.015,295,33.25,20.9
"2020-10-02 20:34:20.9",3490093,0.002,0.018,0.015,295,33.25,20.9
"2020-10-02 20:34:21",3490094,0.002,0.018,0.015,295,33.25,20.9
"2020-10-02 20:34:21.1",3490095,0.002,0.018,0.015,295,33.25,20.9
"2020-10-02 20:34:21.2",3490096,-0.008,0.009,-0.016,295,33.25,20.9
"2020-10-02 20:34:21.3",3490097,-0.008,0.009,-0.016,295,33.25,20.9
"2020-10-02 20:34:21.4",3490098,-0.037,0.009,-0.006,295,33.25,20.9
"2020-10-02 20:34:21.5",3490099,-0.037,0.009,-0.006,295,33.25,20.93
"2020-10-02 20:34:21.6",3490100,-0.037,0.009,-0.006,295,33.26,20.9
"2020-10-02 20:34:21.7",3490101,-0.008,0.009,-0.016,295,33.26,20.9
"2020-10-02 20:34:21.8",3490102,-0.008,0.009,-0.016,295,33.26,20.9
"2020-10-02 20:34:21.9",3490103,-0.008,-0.002,-0.006,295,33.27,20.9
"2020-10-02 20:34:22",3490104,-0.008,-0.002,-0.006,295,33.27,20.9
"2020-10-02 20:34:22.1",3490105,-0.008,-0.002,-0.006,295,33.27,20.9
"2020-10-02 20:34:22.2",3490106,-0.028,-0.002,0.015,295,33.27,20.9
"2020-10-02 20:34:22.3",3490107,-0.027,-0.002,0.015,295,33.27,20.9
"2020-10-02 20:34:22.4",3490108,-0.028,-0.002,0.015,295,33.27,20.9
"2020-10-02 20:34:22.5",3490109,-0.028,-0.002,0.015,295,33.27,20.9
"2020-10-02 20:34:22.6",3490110,-0.028,-0.002,0.015,295,33.27,20.9
"2020-10-02 20:34:22.7",3490111,-0.008,0.009,-0.016,295,33.32,20.91
"2020-10-02 20:34:22.8",3490112,-0.008,0.009,-0.016,295,33.27,20.9
"2020-10-02 20:34:22.9",3490113,-0.008,0.009,-0.016,295,33.27,20.9
"2020-10-02 20:34:23",3490114,-0.008,0.009,-0.016,295,33.27,20.9
"2020-10-02 20:34:23.1",3490115,-0.008,0.008,-0.016,295,33.27,20.9
"2020-10-02 20:34:23.2",3490116,-0.008,0.009,-0.015,295,33.27,20.9
"2020-10-02 20:34:23.3",3490117,-0.008,0.009,-0.016,295,33.27,20.9
"2020-10-02 20:34:23.4",3490118,-0.008,0.009,-0.016,295,33.27,20.9
"2020-10-02 20:34:23.5",3490119,-0.008,0.009,-0.016,295,33.27,20.9
"2020-10-02 20:34:23.6",3490120,-0.008,0.008,-0.016,295,33.27,20.9
"2020-10-02 20:34:23.7",3490121,-0.008,-0.002,-0.006,295,33.27,20.9
"2020-10-02 20:34:23.8",3490122,-0.008,-0.002,-0.006,295,33.27,20.9
"2020-10-02 20:34:23.9",3490123,-0.008,-0.022,-0.006,295,33.27,20.9
"2020-10-02 20:34:24",3490124,-0.008,-0.022,-0.006,295,33.28,20.94
"2020-10-02 20:34:24.1",3490125,-0.008,-0.022,-0.006,295,33.27,20.9
"2020-10-02 20:34:24.2",3490126,-0.008,-0.021,-0.006,295,33.27,20.9
"2020-10-02 20:34:24.3",3490127,-0.008,-0.022,-0.006,295,33.27,20.9
"2020-10-02 20:34:24.4",3490128,-0.008,-0.002,-0.006,294.9,33.27,20.9
"2020-10-02 20:34:24.5",3490129,-0.008,-0.002,-0.006,294.9,33.27,20.9
"2020-10-02 20:34:24.6",3490130,-0.008,-0.002,-0.006,294.9,33.27,20.9
"2020-10-02 20:34:24.7",3490131,-0.008,-0.002,-0.006,294.9,33.27,20.9
"2020-10-02 20:34:24.8",3490132,-0.008,-0.002,-0.006,294.9,33.27,20.9
"2020-10-02 20:34:24.9",3490133,-0.008,-0.002,-0.006,294.9,33.27,20.9
"2020-10-02 20:34:25",3490134,-0.008,-0.002,-0.006,294.9,33.27,20.9
"2020-10-02 20:34:25.1",3490135,-0.008,-0.002,-0.006,294.9,33.27,20.9
"2020-10-02 20:34:25.2",3490136,-0.008,-0.002,-0.006,294.9,33.31,20.9
"2020-10-02 20:34:25.3",3490137,-0.008,-0.002,-0.006,294.9,33.27,20.9
"2020-10-02 20:34:25.4",3490138,-0.008,-0.002,-0.006,294.9,33.27,20.9
"2020-10-02 20:34:25.5",3490139,-0.008,-0.002,-0.006,294.9,33.27,20.9
"2020-10-02 20:34:25.6",3490140,-0.008,-0.002,-0.006,294.9,33.27,20.9
"2020-10-02 20:34:25.7",3490141,-0.008,-0.002,-0.006,294.9,33.27,20.9
"2020-10-02 20:34:25.8",3490142,-0.008,-0.002,-0.006,294.9,33.27,20.9
"2020-10-02 20:34:25.9",3490143,-0.008,-0.002,-0.006,294.9,33.27,20.9
"2020-10-02 20:34:26",3490144,-0.008,-0.002,-0.006,294.9,33.27,20.9
"2020-10-02 20:34:26.1",3490145,-0.008,-0.002,-0.006,294.9,33.27,20.9
"2020-10-02 20:34:26.2",3490146,-0.008,0.009,-0.016,294.9,33.27,20.9
"2020-10-02 20:34:26.3",3490147,-0.008,0.009,-0.016,294.9,33.27,20.9
"2020-10-02 20:34:26.4",3490148,-0.008,-0.002,-0.006,294.9,33.27,20.9
"2020-10-02 20:34:26.5",3490149,-0.008,-0.002,-0.006,294.9,33.3,20.95
"2020-10-02 20:34:26.6",3490150,-0.008,-0.002,-0.006,294.9,33.27,20.9
"2020-10-02 20:34:26.7",3490151,0.012,-0.002,-0.006,295,33.27,20.9
"2020-10-02 20:34:26.8",3490152,0.012,-0.002,-0.006,295,33.27,20.9
"2020-10-02 20:34:26.9",3490153,0.012,-0.002,-0.006,295,33.27,20.9
"2020-10-02 20:34:27",3490154,0.012,-0.002,-0.006,295,33.27,20.9
"2020-10-02 20:34:27.1",3490155,0.012,-0.002,-0.006,295,33.27,20.9
"2020-10-02 20:34:27.2",3490156,-0.008,-0.002,-0.006,295,33.27,20.9
"2020-10-02 20:34:27.3",3490157,-0.008,-0.002,-0.006,295,33.27,20.9
"2020-10-02 20:34:27.4",3490158,-0.008,-0.002,-0.006,295,33.27,20.9
"2020-10-02 20:34:27.5",3490159,-0.008,-0.002,-0.006,295,33.27,20.9
"2020-10-02 20:34:27.6",3490160,-0.008,-0.002,-0.006,295,33.27,20.9
"2020-10-02 20:34:27.7",3490161,-0.008,-0.002,-0.006,295,33.29,20.9
"2020-10-02 20:34:27.8",3490162,-0.008,-0.002,-0.006,295,33.27,20.9
"2020-10-02 20:34:27.9",3490163,-0.008,-0.002,-0.006,295,33.27,20.9
"2020-10-02 20:34:28",3490164,-0.008,-0.002,-0.006,295,33.27,20.9
"2020-10-02 20:34:28.1",3490165,-0.008,-0.002,-0.006,295,33.27,20.9
"2020-10-02 20:34:28.2",3490166,-0.008,-0.002,-0.006,294.9,33.27,20.9
"2020-10-02 20:34:28.3",3490167,-0.008,-0.002,-0.006,294.9,33.27,20.9
"2020-10-02 20:34:28.4",3490168,-0.008,-0.002,-0.006,294.9,33.27,20.9
"2020-10-02 20:34:28.5",3490169,-0.008,-0.002,-0.006,294.9,33.27,20.9
"2020-10-02 20:34:28.6",3490170,-0.008,-0.002,-0.006,294.9,33.27,20.9
"2020-10-02 20:34:28.7",3490171,-0.008,-0.002,-0.006,294.9,33.27,20.9
"2020-10-02 20:34:28.8",3490172,-0.008,-0.002,-0.006,294.9,33.27,20.9
"2020-10-02 20:34:28.9",3490173,-0.008,-0.002,-0.006,294.9,33.27,20.9
"2020-10-02 20:34:29",3490174,-0.008,-0.002,-0.006,294.9,33.3,20.96
"2020-10-02 20:34:29.1",3490175,-0.008,-0.002,-0.006,294.9,33.27,20.9
"2020-10-02 20:34:29.2",3490176,-0.008,-0.031,-0.035,295,33.27,20.9
"2020-10-02 20:34:29.3",3490177,-0.008,-0.031,-0.036,295,33.27,20.9
"2020-10-02 20:34:29.4",3490178,0.012,-0.002,-0.006,295,33.27,20.9
"2020-10-02 20:34:29.5",3490179,0.012,-0.002,-0.006,295,33.27,20.9
"2020-10-02 20:34:29.6",3490180,0.012,-0.002,-0.006,295,33.27,20.9
"2020-10-02 20:34:29.7",3490181,0.032,0.018,-0.006,295,33.27,20.9
"2020-10-02 20:34:29.8",3490182,0.032,0.018,-0.006,295,33.27,20.9
"2020-10-02 20:34:29.9",3490183,0.032,0.019,-0.006,295,33.27,20.9
"2020-10-02 20:34:30",3490184,0.032,0.018,-0.006,295,33.27,20.9
"2020-10-02 20:34:30.1",3490185,0.032,0.018,-0.006,295,33.27,20.9
"2020-10-02 20:34:30.2",3490186,0.012,-0.002,-0.006,295,33.27,20.9
"2020-10-02 20:34:30.3",3490187,0.012,-0.002,-0.006,295,33.27,20.9
"2020-10-02 20:34:30.4",3490188,-0.008,-0.002,-0.006,294.9,33.27,20.9
"2020-10-02 20:34:30.5",3490189,-0.008,-0.002,-0.006,294.9,33.27,20.9
"2020-10-02 20:34:30.6",3490190,-0.008,-0.002,-0.006,294.9,33.27,20.9
"2020-10-02 20:34:30.7",3490191,-0.008,0.009,-0.016,295,33.27,20.9
"2020-10-02 20:34:30.8",3490192,-0.008,0.009,-0.016,295,33.27,20.9
"2020-10-02 20:34:30.9",3490193,-0.008,0.008,-0.016,295,33.27,20.9
"2020-10-02 20:34:31",3490194,-0.008,0.009,-0.016,295,33.27,20.9
"2020-10-02 20:34:31.1",3490195,-0.008,0.009,-0.016,295,33.27,20.9
"2020-10-02 20:34:31.2",3490196,0.012,0.019,-0.035,295,33.27,20.9
"2020-10-02 20:34:31.3",3490197,0.012,0.018,-0.035,295,33.27,20.9
"2020-10-02 20:34:31.4",3490198,0.012,-0.002,-0.006,295,33.27,20.9
"2020-10-02 20:34:31.5",3490199,0.012,-0.002,-0.006,295,33.32,20.96
"2020-10-02 20:34:31.6",3490200,0.012,-0.002,-0.006,295,33.27,20.9
"2020-10-02 20:34:31.7",3490201,-0.008,0.009,-0.016,295,33.27,20.9
"2020-10-02 20:34:31.8",3490202,-0.008,0.009,-0.016,295,33.27,20.9
"2020-10-02 20:34:31.9",3490203,-0.008,-0.002,-0.006,295.1,33.27,20.9
"2020-10-02 20:34:32",3490204,-0.008,-0.002,-0.006,295.1,33.27,20.9
"2020-10-02 20:34:32.1",3490205,-0.008,-0.002,-0.006,295.1,33.27,20.9
"2020-10-02 20:34:32.2",3490206,-0.008,-0.002,-0.006,295.1,33.27,20.9
"2020-10-02 20:34:32.3",3490207,-0.008,-0.002,-0.006,295.1,33.27,20.9
"2020-10-02 20:34:32.4",3490208,-0.008,0.009,-0.016,295.1,33.27,20.9
"2020-10-02 20:34:32.5",3490209,-0.008,0.009,-0.016,295.1,33.27,20.9
"2020-10-02 20:34:32.6",3490210,-0.008,0.008,-0.016,295.1,33.27,20.9
"2020-10-02 20:34:32.7",3490211,-0.008,0.009,-0.016,295.1,33.27,20.9
"2020-10-02 20:34:32.8",3490212,-0.008,0.009,-0.016,295.1,33.27,20.9
"2020-10-02 20:34:32.9",3490213,-0.008,0.008,-0.016,295.1,33.27,20.9
"2020-10-02 20:34:33",3490214,-0.008,0.009,-0.016,295.1,33.27,20.9
"2020-10-02 20:34:33.1",3490215,-0.008,0.009,-0.016,295.1,33.27,20.9
"2020-10-02 20:34:33.2",3490216,-0.008,0.009,-0.016,295.1,33.27,20.9
"2020-10-02 20:34:33.3",3490217,-0.008,0.009,-0.016,295.1,33.27,20.9
"2020-10-02 20:34:33.4",3490218,0.012,0.018,-0.035,295,33.27,20.9
"2020-10-02 20:34:33.5",3490219,0.012,0.018,-0.035,295,33.27,20.9
"2020-10-02 20:34:33.6",3490220,0.012,0.018,-0.035,295,33.27,20.9
"2020-10-02 20:34:33.7",3490221,0.012,-0.002,-0.006,295,33.27,20.9
"2020-10-02 20:34:33.8",3490222,0.012,-0.002,-0.006,295,33.27,20.9
"2020-10-02 20:34:33.9",3490223,0.012,-0.002,-0.006,295,33.27,20.9
"2020-10-02 20:34:34",3490224,0.012,-0.002,-0.006,295,33.33,20.96
"2020-10-02 20:34:34.1",3490225,0.012,-0.002,-0.006,295,33.27,20.9
"2020-10-02 20:34:34.2",3490226,-0.008,-0.031,-0.035,295,33.27,20.9
"2020-10-02 20:34:34.3",3490227,-0.008,-0.031,-0.035,295,33.27,20.9
"2020-10-02 20:34:34.4",3490228,0.012,-0.002,-0.006,295,33.27,20.9
"2020-10-02 20:34:34.5",3490229,0.012,-0.002,-0.006,295,33.27,20.9
"2020-10-02 20:34:34.6",3490230,0.012,-0.002,-0.006,295,33.27,20.9
"2020-10-02 20:34:34.7",3490231,0.032,-0.031,-0.006,295,33.27,20.9
"2020-10-02 20:34:34.8",3490232,0.032,-0.031,-0.006,295,33.27,20.9
"2020-10-02 20:34:34.9",3490233,0.032,-0.031,-0.006,295,33.27,20.9
"2020-10-02 20:34:35",3490234,0.032,-0.031,-0.006,295,33.27,20.9
"2020-10-02 20:34:35.1",3490235,0.032,-0.031,-0.006,295,33.27,20.9
"2020-10-02 20:34:35.2",3490236,0.012,-0.031,0.015,295,33.27,20.9
"2020-10-02 20:34:35.3",3490237,0.012,-0.031,0.015,295,33.27,20.93
"2020-10-02 20:34:35.4",3490238,0.012,-0.031,0.015,295,33.27,20.9
"2020-10-02 20:34:35.5",3490239,0.012,-0.031,0.015,295,33.27,20.9
"2020-10-02 20:34:35.6",3490240,0.012,-0.031,0.015,295,33.27,20.9
"2020-10-02 20:34:35.7",3490241,-0.018,-0.002,0.015,295,33.27,20.9
"2020-10-02 20:34:35.8",3490242,-0.018,-0.002,0.015,295,33.27,20.9
"2020-10-02 20:34:35.9",3490243,-0.008,-0.002,-0.006,295,33.27,20.9
