"TOA5","10329","CR6","10329","CR6.Std.09.01 CR6-WIFI.04.00.01","CPU:YOUNG81000_HMP60_10Hz.CR6","51185","Young10Hz_hmp"
"TIMESTAMP","RECORD","U","V","W","TSonic","RH","T_HMP60"
"TS","RN","mV","mV","mV","mV","%","Deg C"
"","","Smp","Smp","Smp","Smp","Smp","Smp"
"2020-10-05 19:29:51",5826687,-10,-10,-10,220,-0.002,-40.01
"2020-10-05 19:29:51.1",5826688,-10,-10,-10,220,-0.002,-40.01
"2020-10-05 19:29:51.2",5826689,-10,-10,-10,220,-0.002,-40.01
"2020-10-05 19:29:51.3",5826690,-10,-10,-10,220,-0.002,-40.01
"2020-10-05 19:29:51.4",5826691,-10,-10,-10,220,-0.002,-40.01
"2020-10-05 19:29:51.5",5826692,-10,-10,-10,220,-0.002,-40.01
"2020-10-05 19:29:51.6",5826693,-10,-10,-10,220,-0.002,-40.01
"2020-10-05 19:29:51.7",5826694,-10,-10,-10,220,-0.002,-40.01
"2020-10-05 19:29:51.8",5826695,-10,-10,-10,220,-0.002,-40.01
"2020-10-05 19:29:51.9",5826696,-10,-10,-10,220,-0.002,-40.01
"2020-10-05 19:29:52",5826697,-10,-10,-10,220,-0.002,-40.01
"2020-10-05 19:29:52.1",5826698,-10,-10,-10,220,-0.002,-40.01
"2020-10-05 19:29:52.2",5826699,-10,-10,-10,220,-0.002,-40.01
"2020-10-05 19:29:52.3",5826700,-10,-10,-10,220,-0.002,-40.01
"2020-10-05 19:29:52.4",5826701,-10,-10,-10,220,-0.002,-40.01
"2020-10-05 19:29:52.5",5826702,-10,-10,-10,220,-0.002,-40.01
"2020-10-05 19:29:52.6",5826703,-10,-10,-10,220,-0.002,-40.01
"2020-10-05 19:29:52.7",5826704,-10,-10,-10,220,-0.002,-40.01
"2020-10-05 19:29:52.8",5826705,-10,-10,-10,220,-0.002,-40.01
"2020-10-05 19:29:52.9",5826706,-10,-10,-10,220,-0.002,-40.01
"2020-10-05 19:29:53",5826707,-10,-10,-10,220,-0.002,-40.01
"2020-10-05 19:29:53.1",5826708,-10,-10,-10,220,-0.002,-40.01
"2020-10-05 19:29:53.2",5826709,-10,-10,-10,220,-0.002,-40.01
"2020-10-05 19:29:53.3",5826710,-10,-10,-10,220,-0.002,-40.01
"2020-10-05 19:29:53.4",5826711,-10,-10,-10,220,-0.002,-40.01
"2020-10-05 19:29:53.5",5826712,-10,-10,-10,220,-0.002,-40.01
"2020-10-05 19:29:53.6",5826713,-10,-10,-10,220,-0.002,-40.01
"2020-10-05 19:29:53.7",5826714,-10,-10,-10,220,-0.002,-40.01
"2020-10-05 19:29:53.8",5826715,-10,-10,-10,220,-0.002,-40.01
"2020-10-05 19:29:53.9",5826716,-10,-10,-10,220,-0.002,-40.01
"2020-10-05 19:29:54",5826717,-10,-10,-10,220,-0.002,-40.01
"2020-10-05 19:29:54.1",5826718,-10,-10,-10,220,-0.002,-40.01
"2020-10-05 19:29:54.2",5826719,-10,-10,-10,220,-0.002,-40.01
"2020-10-05 19:29:54.3",5826720,-10,-10,-10,220,-0.002,-40.01
"2020-10-05 19:29:54.4",5826721,-10,-10,-10,220,-0.002,-40.01
"2020-10-05 19:29:54.5",5826722,-10,-10,-10,220,-0.002,-40.01
"2020-10-05 19:29:54.6",5826723,-10,-10,-10,220,-0.002,-40.01
"2020-10-05 19:29:54.7",5826724,-10,-10,-10,220,-0.002,-40.01
"2020-10-05 19:29:54.8",5826725,-10,-10,-10,220,-0.002,-40.01
"2020-10-05 19:29:54.9",5826726,-10,-10,-10,220,-0.002,-40.01
"2020-10-05 19:29:55",5826727,-10,-10,-10,220,-0.002,-40.01
"2020-10-05 19:29:55.1",5826728,-10,-10,-10,220,-0.002,-40.01
"2020-10-05 19:29:55.2",5826729,-10,-10,-10,220,-0.002,-40.01
"2020-10-05 19:29:55.3",5826730,-10,-10,-10,220,-0.002,-40.01
"2020-10-05 19:29:55.4",5826731,-10,-10,-10,220,-0.002,-40.01
"2020-10-05 19:29:55.5",5826732,-10,-10,-10,220,-0.002,-40.01
"2020-10-05 19:29:55.6",5826733,-10,-10,-10,220,-0.002,-40.01
"2020-10-05 19:29:55.7",5826734,-10,-10,-10,220,-0.002,-40.01
"2020-10-05 19:29:55.8",5826735,-10,-10,-10,220,-0.002,-40.01
"2020-10-05 19:29:55.9",5826736,-10,-10,-10,220,-0.002,-40.01
"2020-10-05 19:29:56",5826737,-10,-10,-10,220,-0.002,-40.01
"2020-10-05 19:29:56.1",5826738,-10,-10,-10,220,-0.002,-40.01
"2020-10-05 19:29:56.2",5826739,-10,-10,-10,220,-0.002,-40.01
"2020-10-05 19:29:56.3",5826740,-10,-10,-10,220,-0.002,-40.01
"2020-10-05 19:29:56.4",5826741,-10,-10,-10,220,-0.002,-40.01
"2020-10-05 19:29:56.5",5826742,-10,-10,-10,220,-0.002,-40.01
"2020-10-05 19:29:56.6",5826743,-10,-10,-10,220,-0.002,-40.01
"2020-10-05 19:29:56.7",5826744,-10,-10,-10,220,-0.002,-40.01
"2020-10-05 19:29:56.8",5826745,-10,-10,-10,220,-0.002,-40.01
"2020-10-05 19:29:56.9",5826746,-10,-10,-10,220,-0.002,-40.01
"2020-10-05 19:29:57",5826747,-10,-10,-10,220,-0.002,-40.01
"2020-10-05 19:29:57.1",5826748,-10,-10,-10,220,-0.002,-40.01
"2020-10-05 19:29:57.2",5826749,-10,-10,-10,220,-0.002,-40.01
"2020-10-05 19:29:57.3",5826750,-10,-10,-10,220,-0.002,-40.01
"2020-10-05 19:29:57.4",5826751,-10,-10,-10,220,-0.002,-40.01
"2020-10-05 19:29:57.5",5826752,-10,-10,-10,220,-0.002,-40.01
"2020-10-05 19:29:57.6",5826753,-10,-10,-10,220,-0.002,-40.01
"2020-10-05 19:29:57.7",5826754,-10,-10,-10,220,-0.002,-40.01
"2020-10-05 19:29:57.8",5826755,-10,-10,-10,220,-0.002,-40.01
"2020-10-05 19:29:57.9",5826756,-10,-10,-10,220,-0.002,-40.01
"2020-10-05 19:29:58",5826757,-10,-10,-10,220,-0.002,-40.01
"2020-10-05 19:29:58.1",5826758,-10,-10,-10,220,-0.002,-40.01
"2020-10-05 19:29:58.2",5826759,-10,-10,-10,220,-0.002,-40.01
"2020-10-05 19:29:58.3",5826760,-10,-10,-10,220,-0.002,-40.01
"2020-10-05 19:29:58.4",5826761,-10,-10,-10,220,-0.002,-40.01
"2020-10-05 19:29:58.5",5826762,-10,-10,-10,220,-0.002,-40.01
"2020-10-05 19:29:58.6",5826763,-10,-10,-10,220,-0.002,-40.01
"2020-10-05 19:29:58.7",5826764,-10,-10,-10,220,-0.002,-40.01
"2020-10-05 19:29:58.8",5826765,-10,-10,-10,220,-0.002,-40.01
"2020-10-05 19:29:58.9",5826766,-10,-10,-10,220,-0.002,-40.01
"2020-10-05 19:29:59",5826767,-10,-10,-10,220,-0.002,-40.01
"2020-10-05 19:29:59.1",5826768,-10,-10,-10,220,-0.002,-40.01
"2020-10-05 19:29:59.2",5826769,-10,-10,-10,220,-0.002,-40.01
"2020-10-05 19:29:59.3",5826770,-10,-10,-10,220,-0.002,-40.01
"2020-10-05 19:29:59.4",5826771,-10,-10,-10,220,-0.002,-40.01
"2020-10-05 19:29:59.5",5826772,-10,-10,-10,220,-0.002,-40.01
"2020-10-05 19:29:59.6",5826773,-10,-10,-10,220,-0.002,-40.01
"2020-10-05 19:29:59.7",5826774,-10,-10,-10,220,-0.002,-40.01
"2020-10-05 19:29:59.8",5826775,-10,-10,-10,220,-0.002,-40.01
"2020-10-05 19:29:59.9",5826776,-10,-10,-10,220,-0.002,-40.01
"2020-10-05 19:30:00",5826777,-10,-10,-10,220,-0.002,-40.01
"2020-10-05 19:30:00.1",5826778,-10,-10,-10,220,-0.008,-40.02
"2020-10-05 19:30:00.2",5826779,-10,-10,-10,220,-0.008,-40.02
"2020-10-05 19:30:00.3",5826780,-10,-10,-10,220,-0.001,-40
"2020-10-05 19:30:00.4",5826781,-10,-10,-10,220,-0.002,-40.01
"2020-10-05 19:30:00.5",5826782,-10,-10,-10,220,-0.002,-40.01
"2020-10-05 19:30:00.6",5826783,-10,-10,-10,220,-0.002,-40.01
"2020-10-05 19:30:00.7",5826784,-10,-10,-10,220,-0.002,-40.01
"2020-10-05 19:30:00.8",5826785,-10,-10,-10,220,-0.002,-40.01
"2020-10-05 19:30:00.9",5826786,-10,-10,-10,220,-0.002,-40.01
"2020-10-05 19:30:01",5826787,-10,-10,-10,220,-0.002,-40.01
"2020-10-05 19:30:01.1",5826788,-10,-10,-10,220,-0.002,-40.01
"2020-10-05 19:30:01.2",5826789,-10,-10,-10,220,-0.002,-40.01
"2020-10-05 19:30:01.3",5826790,-10,-10,-10,220,-0.002,-40.01
"2020-10-05 19:30:01.4",5826791,-10,-10,-10,220,-0.002,-40.01
"2020-10-05 19:30:01.5",5826792,-10,-10,-10,220,-0.002,-40.01
"2020-10-05 19:30:01.6",5826793,-10,-10,-10,220,-0.002,-40.01
"2020-10-05 19:30:01.7",5826794,-10,-10,-10,220,-0.002,-40.01
"2020-10-05 19:30:01.8",5826795,-10,-10,-10,220,-0.002,-40.01
"2020-10-05 19:30:01.9",5826796,-10,-10,-10,220,-0.002,-40.01
"2020-10-05 19:30:02",5826797,-10,-10,-10,220,-0.002,-40.01
"2020-10-05 19:30:02.1",5826798,-10,-10,-10,220,-0.002,-40.01
"2020-10-05 19:30:02.2",5826799,-10,-10,-10,220,-0.002,-40.01
"2020-10-05 19:30:02.3",5826800,-10,-10,-10,220,-0.002,-40.01
"2020-10-05 19:30:02.4",5826801,-10,-10,-10,220,-0.002,-40.01
"2020-10-05 19:30:02.5",5826802,-10,-10,-10,220,-0.002,-40.01
"2020-10-05 19:30:02.6",5826803,-10,-10,-10,220,-0.002,-40.01
"2020-10-05 19:30:02.7",5826804,-10,-10,-10,220,-0.002,-40.01
"2020-10-05 19:30:02.8",5826805,-10,-10,-10,220,-0.002,-40.01
"2020-10-05 19:30:02.9",5826806,-10,-10,-10,220,-0.002,-40.01
"2020-10-05 19:30:03",5826807,-10,-10,-10,220,-0.002,-40.01
"2020-10-05 19:30:03.1",5826808,-10,-10,-10,220,-0.002,-40.01
"2020-10-05 19:30:03.2",5826809,-10,-10,-10,220,-0.002,-40.01
"2020-10-05 19:30:03.3",5826810,-10,-10,-10,220,-0.002,-40.01
"2020-10-05 19:30:03.4",5826811,-10,-10,-10,220,-0.002,-40.01
"2020-10-05 19:30:03.5",5826812,-10,-10,-10,220,-0.002,-40.01
"2020-10-05 19:30:03.6",5826813,-10,-10,-10,220,-0.002,-40.01
"2020-10-05 19:30:03.7",5826814,-10,-10,-10,220,-0.002,-40.01
"2020-10-05 19:30:03.8",5826815,-10,-10,-10,220,-0.002,-40.01
"2020-10-05 19:30:03.9",5826816,-10,-10,-10,220,-0.002,-40.01
"2020-10-05 19:30:04",5826817,-10,-10,-10,220,-0.002,-40.01
"2020-10-05 19:30:04.1",5826818,-10,-10,-10,220,-0.002,-40.01
"2020-10-05 19:30:04.2",5826819,-10,-10,-10,220,-0.002,-40.01
"2020-10-05 19:30:04.3",5826820,-10,-10,-10,220,-0.002,-40.01
"2020-10-05 19:30:04.4",5826821,-10,-10,-10,220,-0.002,-40.01
"2020-10-05 19:30:04.5",5826822,-10,-10,-10,220,-0.002,-40.01
"2020-10-05 19:30:04.6",5826823,-10,-10,-10,220,-0.002,-40.01
"2020-10-05 19:30:04.7",5826824,-10,-10,-10,220,-0.002,-40.01
"2020-10-05 19:30:04.8",5826825,-10,-10,-10,220,-0.002,-40.01
"2020-10-05 19:30:04.9",5826826,-10,-10,-10,220,-0.002,-40.01
"2020-10-05 19:30:05",5826827,-10,-10,-10,220,-0.002,-40.01
"2020-10-05 19:30:05.1",5826828,-10,-10,-10,220,-0.002,-40.01
"2020-10-05 19:30:05.2",5826829,-10,-10,-10,220,-0.002,-40.01
"2020-10-05 19:30:05.3",5826830,-10,-10,-10,220,-0.002,-40.01
"2020-10-05 19:30:05.4",5826831,-10,-10,-10,220,-0.002,-40.01
"2020-10-05 19:30:05.5",5826832,-10,-10,-10,220,-0.002,-40.01
"2020-10-05 19:30:05.6",5826833,-10,-10,-10,220,-0.002,-40.01
"2020-10-05 19:30:05.7",5826834,-10,-10,-10,220,-0.002,-40.01
"2020-10-05 19:30:05.8",5826835,-10,-10,-10,220,-0.002,-40.01
"2020-10-05 19:30:05.9",5826836,-10,-10,-10,220,-0.002,-40.01
"2020-10-05 19:30:06",5826837,-10,-10,-10,220,-0.002,-40.01
"2020-10-05 19:30:06.1",5826838,-10,-10,-10,220,-0.002,-40.01
"2020-10-05 19:30:06.2",5826839,-10,-10,-10,220,-0.002,-40.01
"2020-10-05 19:30:06.3",5826840,-10,-10,-10,220,-0.002,-40.01
"2020-10-05 19:30:06.4",5826841,-10,-10,-10,220,-0.002,-40.01
"2020-10-05 19:30:06.5",5826842,-10,-10,-10,220,-0.002,-40.01
"2020-10-05 19:30:06.6",5826843,-10,-10,-10,220,-0.002,-40.01
"2020-10-05 19:30:06.7",5826844,-10,-10,-10,220,-0.002,-40.01
"2020-10-05 19:30:06.8",5826845,-10,-10,-10,220,-0.002,-40.01
"2020-10-05 19:30:06.9",5826846,-10,-10,-10,220,-0.002,-40.01
"2020-10-05 19:30:07",5826847,-10,-10,-10,220,-0.002,-40.01
"2020-10-05 19:30:07.1",5826848,-10,-10,-10,220,-0.002,-40.01
"2020-10-05 19:30:07.2",5826849,-10,-10,-10,220,-0.002,-40.01
"2020-10-05 19:30:07.3",5826850,-10,-10,-10,220,-0.002,-40.01
"2020-10-05 19:30:07.4",5826851,-10,-10,-10,220,-0.002,-40.01
"2020-10-05 19:30:07.5",5826852,-10,-10,-10,220,-0.002,-40.01
"2020-10-05 19:30:07.6",5826853,-10,-10,-10,220,-0.002,-40.01
"2020-10-05 19:30:07.7",5826854,-10,-10,-10,220,-0.002,-40.01
"2020-10-05 19:30:07.8",5826855,-10,-10,-10,220,-0.002,-40.01
"2020-10-05 19:30:07.9",5826856,-10,-10,-10,220,-0.002,-40.01
"2020-10-05 19:30:08",5826857,-10,-10,-10,220,-0.002,-40.01
"2020-10-05 19:30:08.1",5826858,-10,-10,-10,220,-0.002,-40.01
"2020-10-05 19:30:08.2",5826859,-10,-10,-10,220,-0.002,-40.01
"2020-10-05 19:30:08.3",5826860,-10,-10,-10,220,-0.002,-40.01
"2020-10-05 19:30:08.4",5826861,-10,-10,-10,220,-0.002,-40.01
"2020-10-05 19:30:08.5",5826862,-10,-10,-10,220,-0.002,-40.01
"2020-10-05 19:30:08.6",5826863,-10,-10,-10,220,-0.002,-40.01
"2020-10-05 19:30:08.7",5826864,-10,-10,-10,220,-0.002,-40.01
"2020-10-05 19:30:08.8",5826865,-10,-10,-10,220,-0.002,-40.01
"2020-10-05 19:30:08.9",5826866,-10,-10,-10,220,-0.002,-40.01
"2020-10-05 19:30:09",5826867,-10,-10,-10,220,-0.002,-40.01
"2020-10-05 19:30:09.1",5826868,-10,-10,-10,220,-0.002,-40.01
"2020-10-05 19:30:09.2",5826869,-10,-10,-10,220,-0.002,-40.01
"2020-10-05 19:30:09.3",5826870,-10,-10,-10,220,-0.002,-40.01
"2020-10-05 19:30:09.4",5826871,-10,-10,-10,220,-0.002,-40.01
"2020-10-05 19:30:09.5",5826872,-10,-10,-10,220,-0.002,-40.01
"2020-10-05 19:30:09.6",5826873,-10,-10,-10,220,-0.002,-40.01
"2020-10-05 19:30:09.7",5826874,-10,-10,-10,220,-0.002,-40.01
"2020-10-05 19:30:09.8",5826875,-10,-10,-10,220,-0.002,-40.01
"2020-10-05 19:30:09.9",5826876,-10,-10,-10,220,-0.002,-40.01
"2020-10-05 19:30:10",5826877,-10,-10,-10,220,-0.002,-40.01
"2020-10-05 19:30:10.1",5826878,-10,-10,-10,220,-0.002,-40.01
"2020-10-05 19:30:10.2",5826879,-10,-10,-10,220,-0.002,-40.01
"2020-10-05 19:30:10.3",5826880,-10,-10,-10,220,-0.002,-40.01
"2020-10-05 19:30:10.4",5826881,-10,-10,-10,220,-0.002,-40.01
"2020-10-05 19:30:10.5",5826882,-10,-10,-10,220,-0.002,-40.01
"2020-10-05 19:30:10.6",5826883,-10,-10,-10,220,-0.002,-40.01
"2020-10-05 19:30:10.7",5826884,-10,-10,-10,220,-0.002,-40.01
"2020-10-05 19:30:10.8",5826885,-10,-10,-10,220,-0.002,-40.01
"2020-10-05 19:30:10.9",5826886,-10,-10,-10,220,-0.002,-40.01
"2020-10-05 19:30:11",5826887,-10,-10,-10,220,-0.002,-40.01
"2020-10-05 19:30:11.1",5826888,-10,-10,-10,220,-0.002,-40.01
"2020-10-05 19:30:11.2",5826889,-10,-10,-10,220,-0.002,-40.01
"2020-10-05 19:30:11.3",5826890,-10,-10,-10,220,-0.002,-40.01
"2020-10-05 19:30:11.4",5826891,-10,-10,-10,220,-0.002,-40.01
"2020-10-05 19:30:11.5",5826892,-10,-10,-10,220,-0.002,-40.01
"2020-10-05 19:30:11.6",5826893,-10,-10,-10,220,-0.002,-40.01
"2020-10-05 19:30:11.7",5826894,-10,-10,-10,220,-0.002,-40.01
"2020-10-05 19:30:11.8",5826895,-10,-10,-10,220,-0.002,-40.01
"2020-10-05 19:30:11.9",5826896,-10,-10,-10,220,-0.002,-40.01
"2020-10-05 19:30:12",5826897,-10,-10,-10,220,-0.002,-40.01
"2020-10-05 19:30:12.1",5826898,-10,-10,-10,220,-0.002,-40.01
"2020-10-05 19:30:12.2",5826899,-10,-10,-10,220,-0.002,-40.01
"2020-10-05 19:30:12.3",5826900,-10,-10,-10,220,-0.002,-40.01
"2020-10-05 19:30:12.4",5826901,-10,-10,-10,220,-0.002,-40.01
"2020-10-05 19:30:12.5",5826902,-10,-10,-10,220,-0.002,-40.01
"2020-10-05 19:30:12.6",5826903,-10,-10,-10,220,-0.002,-40.01
"2020-10-05 19:30:12.7",5826904,-10,-10,-10,220,-0.002,-40.01
"2020-10-05 19:30:12.8",5826905,-10,-10,-10,220,-0.002,-40.01
"2020-10-05 19:30:12.9",5826906,-10,-10,-10,220,-0.002,-40.01
"2020-10-05 19:30:13",5826907,-10,-10,-10,220,-0.002,-40.01
"2020-10-05 19:30:13.1",5826908,-10,-10,-10,220,-0.002,-40.01
"2020-10-05 19:30:13.2",5826909,-10,-10,-10,220,-0.002,-40.01
"2020-10-05 19:30:13.3",5826910,-10,-10,-10,220,-0.002,-40.01
"2020-10-05 19:30:13.4",5826911,-10,-10,-10,220,-0.002,-40.01
"2020-10-05 19:30:13.5",5826912,-10,-10,-10,220,-0.002,-40.01
"2020-10-05 19:30:13.6",5826913,-10,-10,-10,220,-0.002,-40.01
"2020-10-05 19:30:13.7",5826914,-10,-10,-10,220,-0.002,-40.01
"2020-10-05 19:30:13.8",5826915,-10,-10,-10,220,-0.002,-40.01
"2020-10-05 19:30:13.9",5826916,-10,-10,-10,220,-0.002,-40.01
"2020-10-05 19:30:14",5826917,-10,-10,-10,220,-0.002,-40.01
"2020-10-05 19:30:14.1",5826918,-10,-10,-10,220,-0.002,-40.01
"2020-10-05 19:30:14.2",5826919,-10,-10,-10,220,-0.002,-40.01
"2020-10-05 19:30:14.3",5826920,-10,-10,-10,220,-0.002,-40.01
"2020-10-05 19:30:14.4",5826921,-10,-10,-10,220,-0.002,-40.01
"2020-10-05 19:30:14.5",5826922,-10,-10,-10,220,-0.002,-40.01
"2020-10-05 19:30:14.6",5826923,-10,-10,-10,220,-0.002,-40.01
"2020-10-05 19:30:14.7",5826924,-10,-10,-10,220,-0.002,-40.01
"2020-10-05 19:30:14.8",5826925,-10,-10,-10,220,-0.002,-40.01
"2020-10-05 19:30:14.9",5826926,-10,-10,-10,220,-0.002,-40.01
"2020-10-05 19:30:15",5826927,-10,-10,-10,220,-0.002,-40.01
"2020-10-05 19:30:15.1",5826928,-10,-10,-10,220,-0.002,-40.01
"2020-10-05 19:30:15.2",5826929,-10,-10,-10,220,-0.002,-40.01
"2020-10-05 19:30:15.3",5826930,-10,-10,-10,220,-0.002,-40.01
"2020-10-05 19:30:15.4",5826931,-10,-10,-10,220,-0.002,-40.01
"2020-10-05 19:30:15.5",5826932,-10,-10,-10,220,-0.002,-40.01
"2020-10-05 19:30:15.6",5826933,-10,-10,-10,220,-0.002,-40.01
"2020-10-05 19:30:15.7",5826934,-10,-10,-10,220,-0.002,-40.01
"2020-10-05 19:30:15.8",5826935,-10,-10,-10,220,-0.002,-40.01
"2020-10-05 19:30:15.9",5826936,-10,-10,-10,220,-0.002,-40.01
"2020-10-05 19:30:16",5826937,-10,-10,-10,220,-0.002,-40.01
"2020-10-05 19:30:16.1",5826938,-10,-10,-10,220,-0.002,-40.01
"2020-10-05 19:30:16.2",5826939,-10,-10,-10,220,-0.002,-40.01
"2020-10-05 19:30:16.3",5826940,-10,-10,-10,220,-0.002,-40.01
"2020-10-05 19:30:16.4",5826941,-10,-10,-10,220,-0.002,-40.01
"2020-10-05 19:30:16.5",5826942,-10,-10,-10,220,-0.002,-40.01
"2020-10-05 19:30:16.6",5826943,-10,-10,-10,220,-0.002,-40.01
"2020-10-05 19:30:16.7",5826944,-10,-10,-10,220,-0.002,-40.01
"2020-10-05 19:30:16.8",5826945,-10,-10,-10,220,-0.002,-40.01
"2020-10-05 19:30:16.9",5826946,-10,-10,-10,220,-0.002,-40.01
"2020-10-05 19:30:17",5826947,-10,-10,-10,220,-0.002,-40.01
"2020-10-05 19:30:17.1",5826948,-10,-10,-10,220,-0.002,-40.01
"2020-10-05 19:30:17.2",5826949,-10,-10,-10,220,-0.002,-40.01
"2020-10-05 19:30:17.3",5826950,-10,-10,-10,220,-0.002,-40.01
"2020-10-05 19:30:17.4",5826951,-10,-10,-10,220,-0.002,-40.01
"2020-10-05 19:30:17.5",5826952,-10,-10,-10,220,-0.002,-40.01
"2020-10-05 19:30:17.6",5826953,-10,-10,-10,220,-0.002,-40.01
"2020-10-05 19:30:17.7",5826954,-10,-10,-10,220,-0.002,-40.01
"2020-10-05 19:30:17.8",5826955,-10,-10,-10,220,-0.002,-40.01
"2020-10-05 19:30:17.9",5826956,-10,-10,-10,220,-0.002,-40.01
"2020-10-05 19:30:18",5826957,-10,-10,-10,220,-0.002,-40.01
"2020-10-05 19:30:18.1",5826958,-10,-10,-10,220,-0.002,-40.01
"2020-10-05 19:30:18.2",5826959,-10,-10,-10,220,-0.002,-40.01
"2020-10-05 19:30:18.3",5826960,-10,-10,-10,220,-0.002,-40.01
"2020-10-05 19:30:18.4",5826961,-10,-10,-10,220,-0.002,-40.01
"2020-10-05 19:30:18.5",5826962,-10,-10,-10,220,-0.002,-40.01
"2020-10-05 19:30:18.6",5826963,-10,-10,-10,220,-0.002,-40.01
"2020-10-05 19:30:18.7",5826964,-10,-10,-10,220,-0.002,-40.01
"2020-10-05 19:30:18.8",5826965,-10,-10,-10,220,-0.002,-40.01
"2020-10-05 19:30:18.9",5826966,-10,-10,-10,220,-0.002,-40.01
"2020-10-05 19:30:19",5826967,-10,-10,-10,220,-0.002,-40.01
"2020-10-05 19:30:19.1",5826968,-10,-10,-10,220,-0.002,-40.01
"2020-10-05 19:30:19.2",5826969,-10,-10,-10,220,-0.002,-40.01
"2020-10-05 19:30:19.3",5826970,-10,-10,-10,220,-0.002,-40.01
"2020-10-05 19:30:19.4",5826971,-10,-10,-10,220,-0.002,-40.01
"2020-10-05 19:30:19.5",5826972,-10,-10,-10,220,-0.002,-40.01
"2020-10-05 19:30:19.6",5826973,-10,-10,-10,220,-0.002,-40.01
"2020-10-05 19:30:19.7",5826974,-10,-10,-10,220,-0.002,-40.01
"2020-10-05 19:30:19.8",5826975,-10,-10,-10,220,-0.002,-40.01
"2020-10-05 19:30:19.9",5826976,-10,-10,-10,220,-0.002,-40.01
"2020-10-05 19:30:20",5826977,-10,-10,-10,220,-0.002,-40.01
"2020-10-05 19:30:20.1",5826978,-10,-10,-10,220,-0.002,-40.01
"2020-10-05 19:30:20.2",5826979,-10,-10,-10,220,-0.002,-40.01
"2020-10-05 19:30:20.3",5826980,-10,-10,-10,220,-0.002,-40.01
"2020-10-05 19:30:20.4",5826981,-10,-10,-10,220,-0.002,-40.01
"2020-10-05 19:30:20.5",5826982,-10,-10,-10,220,-0.002,-40.01
"2020-10-05 19:30:20.6",5826983,-10,-10,-10,220,-0.002,-40.01
"2020-10-05 19:30:20.7",5826984,-10,-10,-10,220,-0.002,-40.01
"2020-10-05 19:30:20.8",5826985,-10,-10,-10,220,-0.002,-40.01
"2020-10-05 19:30:20.9",5826986,-10,-10,-10,220,-0.002,-40.01
"2020-10-05 19:30:21",5826987,-10,-10,-10,220,-0.002,-40.01
"2020-10-05 19:30:21.1",5826988,-10,-10,-10,220,-0.002,-40.01
"2020-10-05 19:30:21.2",5826989,-10,-10,-10,220,-0.002,-40.01
"2020-10-05 19:30:21.3",5826990,-10,-10,-10,220,-0.002,-40.01
"2020-10-05 19:30:21.4",5826991,-10,-10,-10,220,-0.002,-40.01
"2020-10-05 19:30:21.5",5826992,-10,-10,-10,220,-0.002,-40.01
"2020-10-05 19:30:21.6",5826993,-10,-10,-10,220,-0.002,-40.01
"2020-10-05 19:30:21.7",5826994,-10,-10,-10,220,-0.002,-40.01
"2020-10-05 19:30:21.8",5826995,-10,-10,-10,220,-0.002,-40.01
"2020-10-05 19:30:21.9",5826996,-10,-10,-10,220,-0.002,-40.01
"2020-10-05 19:30:22",5826997,-10,-10,-10,220,-0.002,-40.01
"2020-10-05 19:30:22.1",5826998,-10,-10,-10,220,-0.002,-40.01
"2020-10-05 19:30:22.2",5826999,-10,-10,-10,220,-0.002,-40.01
"2020-10-05 19:30:22.3",5827000,-10,-10,-10,220,-0.002,-40.01
"2020-10-05 19:30:22.4",5827001,-10,-10,-10,220,-0.002,-40.01
"2020-10-05 19:30:22.5",5827002,-10,-10,-10,220,-0.002,-40.01
"2020-10-05 19:30:22.6",5827003,-10,-10,-10,220,-0.002,-40.01
"2020-10-05 19:30:22.7",5827004,-10,-10,-10,220,-0.002,-40.01
"2020-10-05 19:30:22.8",5827005,-10,-10,-10,220,-0.002,-40.01
"2020-10-05 19:30:22.9",5827006,-10,-10,-10,220,-0.002,-40.01
"2020-10-05 19:30:23",5827007,-10,-10,-10,220,-0.002,-40.01
"2020-10-05 19:30:23.1",5827008,-10,-10,-10,220,-0.002,-40.01
"2020-10-05 19:30:23.2",5827009,-10,-10,-10,220,-0.002,-40.01
"2020-10-05 19:30:23.3",5827010,-10,-10,-10,220,-0.002,-40.01
"2020-10-05 19:30:23.4",5827011,-10,-10,-10,220,-0.002,-40.01
"2020-10-05 19:30:23.5",5827012,-10,-10,-10,220,-0.002,-40.01
"2020-10-05 19:30:23.6",5827013,-10,-10,-10,220,-0.002,-40.01
"2020-10-05 19:30:23.7",5827014,-10,-10,-10,220,-0.002,-40.01
"2020-10-05 19:30:23.8",5827015,-10,-10,-10,220,-0.002,-40.01
"2020-10-05 19:30:23.9",5827016,-10,-10,-10,220,-0.002,-40.01
"2020-10-05 19:30:24",5827017,-10,-10,-10,220,-0.002,-40.01
"2020-10-05 19:30:24.1",5827018,-10,-10,-10,220,-0.002,-40.01
"2020-10-05 19:30:24.2",5827019,-10,-10,-10,220,-0.002,-40.01
"2020-10-05 19:30:24.3",5827020,-10,-10,-10,220,-0.002,-40.01
"2020-10-05 19:30:24.4",5827021,-10,-10,-10,220,-0.002,-40.01
"2020-10-05 19:30:24.5",5827022,-10,-10,-10,220,-0.002,-40.01
"2020-10-05 19:30:24.6",5827023,-10,-10,-10,220,-0.002,-40.01
"2020-10-05 19:30:24.7",5827024,-10,-10,-10,220,-0.002,-40.01
"2020-10-05 19:30:24.8",5827025,-10,-10,-10,220,-0.002,-40.01
"2020-10-05 19:30:24.9",5827026,-10,-10,-10,220,-0.002,-40.01
"2020-10-05 19:30:25",5827027,-10,-10,-10,220,-0.002,-40.01
"2020-10-05 19:30:25.1",5827028,-10,-10,-10,220,-0.002,-40.01
"2020-10-05 19:30:25.2",5827029,-10,-10,-10,220,-0.002,-40.01
"2020-10-05 19:30:25.3",5827030,-10,-10,-10,220,-0.002,-40.01
"2020-10-05 19:30:25.4",5827031,-10,-10,-10,220,-0.002,-40.01
"2020-10-05 19:30:25.5",5827032,-10,-10,-10,220,-0.002,-40.01
"2020-10-05 19:30:25.6",5827033,-10,-10,-10,220,-0.002,-40.01
"2020-10-05 19:30:25.7",5827034,-10,-10,-10,220,-0.002,-40.01
"2020-10-05 19:30:25.8",5827035,-10,-10,-10,220,-0.002,-40.01
"2020-10-05 19:30:25.9",5827036,-10,-10,-10,220,-0.002,-40.01
"2020-10-05 19:30:26",5827037,-10,-10,-10,220,-0.002,-40.01
"2020-10-05 19:30:26.1",5827038,-10,-10,-10,220,-0.002,-40.01
"2020-10-05 19:30:26.2",5827039,-10,-10,-10,220,-0.002,-40.01
"2020-10-05 19:30:26.3",5827040,-10,-10,-10,220,-0.002,-40.01
"2020-10-05 19:30:26.4",5827041,-10,-10,-10,220,-0.002,-40.01
"2020-10-05 19:30:26.5",5827042,-10,-10,-10,220,-0.002,-40.01
"2020-10-05 19:30:26.6",5827043,-10,-10,-10,220,-0.002,-40.01
"2020-10-05 19:30:26.7",5827044,-10,-10,-10,220,-0.002,-40.01
"2020-10-05 19:30:26.8",5827045,-10,-10,-10,220,-0.002,-40.01
"2020-10-05 19:30:26.9",5827046,-10,-10,-10,220,-0.002,-40.01
"2020-10-05 19:30:27",5827047,-10,-10,-10,220,-0.002,-40.01
"2020-10-05 19:30:27.1",5827048,-10,-10,-10,220,-0.002,-40.01
"2020-10-05 19:30:27.2",5827049,-10,-10,-10,220,-0.002,-40.01
"2020-10-05 19:30:27.3",5827050,-10,-10,-10,220,-0.002,-40.01
"2020-10-05 19:30:27.4",5827051,-10,-10,-10,220,-0.002,-40.01
"2020-10-05 19:30:27.5",5827052,-10,-10,-10,220,-0.002,-40.01
"2020-10-05 19:30:27.6",5827053,-10,-10,-10,220,-0.002,-40.01
"2020-10-05 19:30:27.7",5827054,-10,-10,-10,220,-0.002,-40.01
"2020-10-05 19:30:27.8",5827055,-10,-10,-10,220,-0.002,-40.01
"2020-10-05 19:30:27.9",5827056,-10,-10,-10,220,-0.002,-40.01
"2020-10-05 19:30:28",5827057,-10,-10,-10,220,-0.002,-40.01
"2020-10-05 19:30:28.1",5827058,-10,-10,-10,220,-0.002,-40.01
"2020-10-05 19:30:28.2",5827059,-10,-10,-10,220,-0.002,-40.01
"2020-10-05 19:30:28.3",5827060,-10,-10,-10,220,-0.002,-40.01
"2020-10-05 19:30:28.4",5827061,-10,-10,-10,220,-0.002,-40.01
"2020-10-05 19:30:28.5",5827062,-10,-10,-10,220,-0.002,-40.01
"2020-10-05 19:30:28.6",5827063,-10,-10,-10,220,-0.002,-40.01
"2020-10-05 19:30:28.7",5827064,-10,-10,-10,220,-0.002,-40.01
"2020-10-05 19:30:28.8",5827065,-10,-10,-10,220,-0.002,-40.01
"2020-10-05 19:30:28.9",5827066,-10,-10,-10,220,-0.002,-40.01
"2020-10-05 19:30:29",5827067,-10,-10,-10,220,-0.002,-40.01
"2020-10-05 19:30:29.1",5827068,-10,-10,-10,220,-0.002,-40.01
"2020-10-05 19:30:29.2",5827069,-10,-10,-10,220,-0.002,-40.01
"2020-10-05 19:30:29.3",5827070,-10,-10,-10,220,-0.002,-40.01
"2020-10-05 19:30:29.4",5827071,-10,-10,-10,220,-0.002,-40.01
"2020-10-05 19:30:29.5",5827072,-10,-10,-10,220,-0.002,-40.01
"2020-10-05 19:30:29.6",5827073,-10,-10,-10,220,-0.002,-40.01
"2020-10-05 19:30:29.7",5827074,-10,-10,-10,220,-0.002,-40.01
"2020-10-05 19:30:29.8",5827075,-10,-10,-10,220,-0.002,-40.01
"2020-10-05 19:30:29.9",5827076,-10,-10,-10,220,-0.002,-40.01
"2020-10-05 19:30:30",5827077,-10,-10,-10,220,-0.002,-40.01
"2020-10-05 19:30:30.1",5827078,-10,-10,-10,220,-0.002,-40.01
"2020-10-05 19:30:30.2",5827079,-10,-10,-10,220,-0.002,-40.01
"2020-10-05 19:30:30.3",5827080,-10,-10,-10,220,-0.002,-40.01
"2020-10-05 19:30:30.4",5827081,-10,-10,-10,220,-0.002,-40.01
"2020-10-05 19:30:30.5",5827082,-10,-10,-10,220,-0.002,-40.01
"2020-10-05 19:30:30.6",5827083,-10,-10,-10,220,-0.002,-40.01
"2020-10-05 19:30:30.7",5827084,-10,-10,-10,220,-0.002,-40.01
"2020-10-05 19:30:30.8",5827085,-10,-10,-10,220,-0.002,-40.01
"2020-10-05 19:30:30.9",5827086,-10,-10,-10,220,-0.002,-40.01
"2020-10-05 19:30:31",5827087,-10,-10,-10,220,-0.002,-40.01
"2020-10-05 19:30:31.1",5827088,-10,-10,-10,220,-0.002,-40.01
"2020-10-05 19:30:31.2",5827089,-10,-10,-10,220,-0.002,-40.01
"2020-10-05 19:30:31.3",5827090,-10,-10,-10,220,-0.002,-40.01
"2020-10-05 19:30:31.4",5827091,-10,-10,-10,220,-0.002,-40.01
"2020-10-05 19:30:31.5",5827092,-10,-10,-10,220,-0.002,-40.01
"2020-10-05 19:30:31.6",5827093,-10,-10,-10,220,-0.002,-40.01
"2020-10-05 19:30:31.7",5827094,-10,-10,-10,220,-0.002,-40.01
"2020-10-05 19:30:31.8",5827095,-10,-10,-10,220,-0.002,-40.01
"2020-10-05 19:30:31.9",5827096,-10,-10,-10,220,-0.002,-40.01
"2020-10-05 19:30:32",5827097,-10,-10,-10,220,-0.002,-40.01
"2020-10-05 19:30:32.1",5827098,-10,-10,-10,220,-0.002,-40.01
"2020-10-05 19:30:32.2",5827099,-10,-10,-10,220,-0.002,-40.01
"2020-10-05 19:30:32.3",5827100,-10,-10,-10,220,-0.002,-40.01
"2020-10-05 19:30:32.4",5827101,-10,-10,-10,220,-0.002,-40.01
"2020-10-05 19:30:32.5",5827102,-10,-10,-10,220,-0.002,-40.01
"2020-10-05 19:30:32.6",5827103,-10,-10,-10,220,-0.002,-40.01
"2020-10-05 19:30:32.7",5827104,-10,-10,-10,220,-0.002,-40.01
"2020-10-05 19:30:32.8",5827105,-10,-10,-10,220,-0.002,-40.01
"2020-10-05 19:30:32.9",5827106,-10,-10,-10,220,-0.002,-40.01
"2020-10-05 19:30:33",5827107,-10,-10,-10,220,-0.002,-40.01
"2020-10-05 19:30:33.1",5827108,-10,-10,-10,220,-0.002,-40.01
"2020-10-05 19:30:33.2",5827109,-10,-10,-10,220,-0.002,-40.01
"2020-10-05 19:30:33.3",5827110,-10,-10,-10,220,-0.002,-40.01
"2020-10-05 19:30:33.4",5827111,-10,-10,-10,220,-0.002,-40.01
"2020-10-05 19:30:33.5",5827112,-10,-10,-10,220,-0.002,-40.01
"2020-10-05 19:30:33.6",5827113,-10,-10,-10,220,-0.002,-40.01
"2020-10-05 19:30:33.7",5827114,-10,-10,-10,220,-0.002,-40.01
"2020-10-05 19:30:33.8",5827115,-10,-10,-10,220,-0.002,-40.01
"2020-10-05 19:30:33.9",5827116,-10,-10,-10,220,-0.002,-40.01
"2020-10-05 19:30:34",5827117,-10,-10,-10,220,-0.002,-40.01
"2020-10-05 19:30:34.1",5827118,-10,-10,-10,220,-0.002,-40.01
"2020-10-05 19:30:34.2",5827119,-10,-10,-10,220,-0.002,-40.01
"2020-10-05 19:30:34.3",5827120,-10,-10,-10,220,-0.002,-40.01
"2020-10-05 19:30:34.4",5827121,-10,-10,-10,220,-0.002,-40.01
"2020-10-05 19:30:34.5",5827122,-10,-10,-10,220,-0.002,-40.01
"2020-10-05 19:30:34.6",5827123,-10,-10,-10,220,-0.002,-40.01
"2020-10-05 19:30:34.7",5827124,-10,-10,-10,220,-0.002,-40.01
"2020-10-05 19:30:34.8",5827125,-10,-10,-10,220,-0.002,-40.01
"2020-10-05 19:30:34.9",5827126,-10,-10,-10,220,-0.002,-40.01
"2020-10-05 19:30:35",5827127,-10,-10,-10,220,-0.002,-40.01
"2020-10-05 19:30:35.1",5827128,-10,-10,-10,220,-0.002,-40.01
"2020-10-05 19:30:35.2",5827129,-10,-10,-10,220,-0.002,-40.01
"2020-10-05 19:30:35.3",5827130,-10,-10,-10,220,-0.002,-40.01
"2020-10-05 19:30:35.4",5827131,-10,-10,-10,220,-0.002,-40.01
"2020-10-05 19:30:35.5",5827132,-10,-10,-10,220,-0.002,-40.01
"2020-10-05 19:30:35.6",5827133,-10,-10,-10,220,-0.002,-40.01
"2020-10-05 19:30:35.7",5827134,-10,-10,-10,220,-0.002,-40.01
"2020-10-05 19:30:35.8",5827135,-10,-10,-10,220,-0.002,-40.01
"2020-10-05 19:30:35.9",5827136,-10,-10,-10,220,-0.002,-40.01
"2020-10-05 19:30:36",5827137,-10,-10,-10,220,-0.002,-40.01
"2020-10-05 19:30:36.1",5827138,-10,-10,-10,220,-0.002,-40.01
"2020-10-05 19:30:36.2",5827139,-10,-10,-10,220,-0.002,-40.01
"2020-10-05 19:30:36.3",5827140,-10,-10,-10,220,-0.002,-40.01
"2020-10-05 19:30:36.4",5827141,-10,-10,-10,220,-0.002,-40.01
"2020-10-05 19:30:36.5",5827142,-10,-10,-10,220,-0.002,-40.01
"2020-10-05 19:30:36.6",5827143,-10,-10,-10,220,-0.002,-40.01
"2020-10-05 19:30:36.7",5827144,-10,-10,-10,220,-0.002,-40.01
"2020-10-05 19:30:36.8",5827145,-10,-10,-10,220,-0.002,-40.01
"2020-10-05 19:30:36.9",5827146,-10,-10,-10,220,-0.002,-40.01
"2020-10-05 19:30:37",5827147,-10,-10,-10,220,-0.002,-40.01
"2020-10-05 19:30:37.1",5827148,-10,-10,-10,220,-0.002,-40.01
"2020-10-05 19:30:37.2",5827149,-10,-10,-10,220,-0.002,-40.01
"2020-10-05 19:30:37.3",5827150,-10,-10,-10,220,-0.002,-40.01
"2020-10-05 19:30:37.4",5827151,-10,-10,-10,220,-0.002,-40.01
"2020-10-05 19:30:37.5",5827152,-10,-10,-10,220,-0.002,-40.01
"2020-10-05 19:30:37.6",5827153,-10,-10,-10,220,-0.002,-40.01
"2020-10-05 19:30:37.7",5827154,-10,-10,-10,220,-0.002,-40.01
"2020-10-05 19:30:37.8",5827155,-10,-10,-10,220,-0.002,-40.01
"2020-10-05 19:30:37.9",5827156,-10,-10,-10,220,-0.002,-40.01
"2020-10-05 19:30:38",5827157,-10,-10,-10,220,-0.002,-40.01
"2020-10-05 19:30:38.1",5827158,-10,-10,-10,220,-0.002,-40.01
"2020-10-05 19:30:38.2",5827159,-10,-10,-10,220,-0.002,-40.01
"2020-10-05 19:30:38.3",5827160,-10,-10,-10,220,-0.002,-40.01
"2020-10-05 19:30:38.4",5827161,-10,-10,-10,220,-0.002,-40.01
"2020-10-05 19:30:38.5",5827162,-10,-10,-10,220,-0.002,-40.01
"2020-10-05 19:30:38.6",5827163,-10,-10,-10,220,-0.002,-40.01
"2020-10-05 19:30:38.7",5827164,-10,-10,-10,220,-0.002,-40.01
"2020-10-05 19:30:38.8",5827165,-10,-10,-10,220,-0.002,-40.01
"2020-10-05 19:30:38.9",5827166,-10,-10,-10,220,-0.002,-40.01
"2020-10-05 19:30:39",5827167,-10,-10,-10,220,-0.002,-40.01
"2020-10-05 19:30:39.1",5827168,-10,-10,-10,220,-0.002,-40.01
"2020-10-05 19:30:39.2",5827169,-10,-10,-10,220,-0.002,-40.01
"2020-10-05 19:30:39.3",5827170,-10,-10,-10,220,-0.002,-40.01
"2020-10-05 19:30:39.4",5827171,-10,-10,-10,220,-0.002,-40.01
"2020-10-05 19:30:39.5",5827172,-10,-10,-10,220,-0.002,-40.01
"2020-10-05 19:30:39.6",5827173,-10,-10,-10,220,-0.002,-40.01
"2020-10-05 19:30:39.7",5827174,-10,-10,-10,220,-0.002,-40.01
"2020-10-05 19:30:39.8",5827175,-10,-10,-10,220,-0.002,-40.01
"2020-10-05 19:30:39.9",5827176,-10,-10,-10,220,-0.002,-40.01
"2020-10-05 19:30:40",5827177,-10,-10,-10,220,-0.002,-40.01
"2020-10-05 19:30:40.1",5827178,-10,-10,-10,220,-0.002,-40.01
"2020-10-05 19:30:40.2",5827179,-10,-10,-10,220,-0.002,-40.01
"2020-10-05 19:30:40.3",5827180,-10,-10,-10,220,-0.002,-40.01
"2020-10-05 19:30:40.4",5827181,-10,-10,-10,220,-0.002,-40.01
"2020-10-05 19:30:40.5",5827182,-10,-10,-10,220,-0.002,-40.01
"2020-10-05 19:30:40.6",5827183,-10,-10,-10,220,-0.002,-40.01
"2020-10-05 19:30:40.7",5827184,-10,-10,-10,220,-0.002,-40.01
"2020-10-05 19:30:40.8",5827185,-10,-10,-10,220,-0.002,-40.01
"2020-10-05 19:30:40.9",5827186,-10,-10,-10,220,-0.002,-40.01
"2020-10-05 19:30:41",5827187,-10,-10,-10,220,-0.002,-40.01
"2020-10-05 19:30:41.1",5827188,-10,-10,-10,220,-0.002,-40.01
"2020-10-05 19:30:41.2",5827189,-10,-10,-10,220,-0.002,-40.01
"2020-10-05 19:30:41.3",5827190,-10,-10,-10,220,-0.002,-40.01
"2020-10-05 19:30:41.4",5827191,-10,-10,-10,220,-0.002,-40.01
"2020-10-05 19:30:41.5",5827192,-10,-10,-10,220,-0.002,-40.01
"2020-10-05 19:30:41.6",5827193,-10,-10,-10,220,-0.002,-40.01
"2020-10-05 19:30:41.7",5827194,-10,-10,-10,220,-0.002,-40.01
"2020-10-05 19:30:41.8",5827195,-10,-10,-10,220,-0.002,-40.01
"2020-10-05 19:30:41.9",5827196,-10,-10,-10,220,-0.002,-40.01
"2020-10-05 19:30:42",5827197,-10,-10,-10,220,-0.002,-40.01
"2020-10-05 19:30:42.1",5827198,-10,-10,-10,220,-0.002,-40.01
"2020-10-05 19:30:42.2",5827199,-10,-10,-10,220,-0.002,-40.01
"2020-10-05 19:30:42.3",5827200,-10,-10,-10,220,-0.002,-40.01
"2020-10-05 19:30:42.4",5827201,-10,-10,-10,220,-0.002,-40.01
"2020-10-05 19:30:42.5",5827202,-10,-10,-10,220,-0.002,-40.01
"2020-10-05 19:30:42.6",5827203,-10,-10,-10,220,-0.002,-40.01
"2020-10-05 19:30:42.7",5827204,-10,-10,-10,220,-0.002,-40.01
"2020-10-05 19:30:42.8",5827205,-10,-10,-10,220,-0.002,-40.01
"2020-10-05 19:30:42.9",5827206,-10,-10,-10,220,-0.002,-40.01
"2020-10-05 19:30:43",5827207,-10,-10,-10,220,-0.002,-40.01
"2020-10-05 19:30:43.1",5827208,-10,-10,-10,220,-0.002,-40.01
"2020-10-05 19:30:43.2",5827209,-10,-10,-10,220,-0.002,-40.01
"2020-10-05 19:30:43.3",5827210,-10,-10,-10,220,-0.002,-40.01
"2020-10-05 19:30:43.4",5827211,-10,-10,-10,220,-0.002,-40.01
"2020-10-05 19:30:43.5",5827212,-10,-10,-10,220,-0.002,-40.01
"2020-10-05 19:30:43.6",5827213,-10,-10,-10,220,-0.002,-40.01
"2020-10-05 19:30:43.7",5827214,-10,-10,-10,220,-0.002,-40.01
"2020-10-05 19:30:43.8",5827215,-10,-10,-10,220,-0.002,-40.01
"2020-10-05 19:30:43.9",5827216,-10,-10,-10,220,-0.002,-40.01
"2020-10-05 19:30:44",5827217,-10,-10,-10,220,-0.002,-40.01
"2020-10-05 19:30:44.1",5827218,-10,-10,-10,220,-0.002,-40.01
"2020-10-05 19:30:44.2",5827219,-10,-10,-10,220,-0.002,-40.01
"2020-10-05 19:30:44.3",5827220,-10,-10,-10,220,-0.002,-40.01
"2020-10-05 19:30:44.4",5827221,-10,-10,-10,220,-0.002,-40.01
"2020-10-05 19:30:44.5",5827222,-10,-10,-10,220,-0.002,-40.01
"2020-10-05 19:30:44.6",5827223,-10,-10,-10,220,-0.002,-40.01
"2020-10-05 19:30:44.7",5827224,-10,-10,-10,220,-0.002,-40.01
"2020-10-05 19:30:44.8",5827225,-10,-10,-10,220,-0.002,-40.01
"2020-10-05 19:30:44.9",5827226,-10,-10,-10,220,-0.002,-40.01
"2020-10-05 19:30:45",5827227,-10,-10,-10,220,-0.002,-40.01
"2020-10-05 19:30:45.1",5827228,-10,-10,-10,220,-0.002,-40.01
"2020-10-05 19:30:45.2",5827229,-10,-10,-10,220,-0.002,-40.01
"2020-10-05 19:30:45.3",5827230,-10,-10,-10,220,-0.002,-40.01
"2020-10-05 19:30:45.4",5827231,-10,-10,-10,220,-0.002,-40.01
"2020-10-05 19:30:45.5",5827232,-10,-10,-10,220,-0.002,-40.01
"2020-10-05 19:30:45.6",5827233,-10,-10,-10,220,-0.002,-40.01
"2020-10-05 19:30:45.7",5827234,-10,-10,-10,220,-0.002,-40.01
"2020-10-05 19:30:45.8",5827235,-10,-10,-10,220,-0.002,-40.01
"2020-10-05 19:30:45.9",5827236,-10,-10,-10,220,-0.002,-40.01
"2020-10-05 19:30:46",5827237,-10,-10,-10,220,-0.002,-40.01
"2020-10-05 19:30:46.1",5827238,-10,-10,-10,220,-0.002,-40.01
"2020-10-05 19:30:46.2",5827239,-10,-10,-10,220,-0.002,-40.01
"2020-10-05 19:30:46.3",5827240,-10,-10,-10,220,-0.002,-40.01
"2020-10-05 19:30:46.4",5827241,-10,-10,-10,220,-0.002,-40.01
"2020-10-05 19:30:46.5",5827242,-10,-10,-10,220,-0.002,-40.01
"2020-10-05 19:30:46.6",5827243,-10,-10,-10,220,-0.002,-40.01
"2020-10-05 19:30:46.7",5827244,-10,-10,-10,220,-0.002,-40.01
"2020-10-05 19:30:46.8",5827245,-10,-10,-10,220,-0.002,-40.01
"2020-10-05 19:30:46.9",5827246,-10,-10,-10,220,-0.002,-40.01
"2020-10-05 19:30:47",5827247,-10,-10,-10,220,-0.002,-40.01
"2020-10-05 19:30:47.1",5827248,-10,-10,-10,220,-0.002,-40.01
"2020-10-05 19:30:47.2",5827249,-10,-10,-10,220,-0.002,-40.01
"2020-10-05 19:30:47.3",5827250,-10,-10,-10,220,-0.002,-40.01
"2020-10-05 19:30:47.4",5827251,-10,-10,-10,220,-0.002,-40.01
"2020-10-05 19:30:47.5",5827252,-10,-10,-10,220,-0.002,-40.01
"2020-10-05 19:30:47.6",5827253,-10,-10,-10,220,-0.002,-40.01
"2020-10-05 19:30:47.7",5827254,-10,-10,-10,220,-0.002,-40.01
"2020-10-05 19:30:47.8",5827255,-10,-10,-10,220,-0.002,-40.01
"2020-10-05 19:30:47.9",5827256,-10,-10,-10,220,-0.002,-40.01
"2020-10-05 19:30:48",5827257,-10,-10,-10,220,-0.002,-40.01
"2020-10-05 19:30:48.1",5827258,-10,-10,-10,220,-0.002,-40.01
"2020-10-05 19:30:48.2",5827259,-10,-10,-10,220,-0.002,-40.01
"2020-10-05 19:30:48.3",5827260,-10,-10,-10,220,-0.002,-40.01
"2020-10-05 19:30:48.4",5827261,-10,-10,-10,220,-0.002,-40.01
"2020-10-05 19:30:48.5",5827262,-10,-10,-10,220,-0.002,-40.01
"2020-10-05 19:30:48.6",5827263,-10,-10,-10,220,-0.002,-40.01
"2020-10-05 19:30:48.7",5827264,-10,-10,-10,220,-0.002,-40.01
"2020-10-05 19:30:48.8",5827265,-10,-10,-10,220,-0.002,-40.01
"2020-10-05 19:30:48.9",5827266,-10,-10,-10,220,-0.002,-40.01
"2020-10-05 19:30:49",5827267,-10,-10,-10,220,-0.002,-40.01
"2020-10-05 19:30:49.1",5827268,-10,-10,-10,220,-0.002,-40.01
"2020-10-05 19:30:49.2",5827269,-10,-10,-10,220,-0.002,-40.01
"2020-10-05 19:30:49.3",5827270,-10,-10,-10,220,-0.002,-40.01
"2020-10-05 19:30:49.4",5827271,-10,-10,-10,220,-0.002,-40.01
"2020-10-05 19:30:49.5",5827272,-10,-10,-10,220,-0.002,-40.01
"2020-10-05 19:30:49.6",5827273,-10,-10,-10,220,-0.002,-40.01
"2020-10-05 19:30:49.7",5827274,-10,-10,-10,220,-0.002,-40.01
"2020-10-05 19:30:49.8",5827275,-10,-10,-10,220,-0.002,-40.01
"2020-10-05 19:30:49.9",5827276,-10,-10,-10,220,-0.002,-40.01
"2020-10-05 19:30:50",5827277,-10,-10,-10,220,-0.002,-40.01
"2020-10-05 19:30:50.1",5827278,-10,-10,-10,220,-0.002,-40.01
"2020-10-05 19:30:50.2",5827279,-10,-10,-10,220,-0.002,-40.01
"2020-10-05 19:30:50.3",5827280,-10,-10,-10,220,-0.002,-40.01
"2020-10-05 19:30:50.4",5827281,-10,-10,-10,220,-0.002,-40.01
"2020-10-05 19:30:50.5",5827282,-10,-10,-10,220,-0.002,-40.01
"2020-10-05 19:30:50.6",5827283,-10,-10,-10,220,-0.002,-40.01
"2020-10-05 19:30:50.7",5827284,-10,-10,-10,220,-0.002,-40.01
"2020-10-05 19:30:50.8",5827285,-10,-10,-10,220,-0.002,-40.01
"2020-10-05 19:30:50.9",5827286,-10,-10,-10,220,-0.002,-40.01
