"TOA5","10329","CR6","10329","CR6.Std.09.01 CR6-WIFI.04.00.01","CPU:YOUNG81000_HMP60_10Hz.CR6","51185","Young10Hz_hmp"
"TIMESTAMP","RECORD","U","V","W","TSonic","RH","T_HMP60"
"TS","RN","mV","mV","mV","mV","%","Deg C"
"","","Smp","Smp","Smp","Smp","Smp","Smp"
"2020-10-03 19:15:51",4090287,-10,-10,-10,220,-0.002,-40.01
"2020-10-03 19:15:51.1",4090288,-10,-10,-10,220,-0.002,-40.01
"2020-10-03 19:15:51.2",4090289,-10,-10,-10,220,-0.002,-40.01
"2020-10-03 19:15:51.3",4090290,-10,-10,-10,220,-0.002,-40.01
"2020-10-03 19:15:51.4",4090291,-10,-10,-10,220,-0.002,-40.01
"2020-10-03 19:15:51.5",4090292,-10,-10,-10,220,-0.002,-40.01
"2020-10-03 19:15:51.6",4090293,-10,-10,-10,220,-0.002,-40.01
"2020-10-03 19:15:51.7",4090294,-10,-10,-10,220,-0.002,-40.01
"2020-10-03 19:15:51.8",4090295,-10,-10,-10,220,-0.002,-40.01
"2020-10-03 19:15:51.9",4090296,-10,-10,-10,220,-0.002,-40.01
"2020-10-03 19:15:52",4090297,-10,-10,-10,220,-0.002,-40.01
"2020-10-03 19:15:52.1",4090298,-10,-10,-10,220,-0.002,-40.01
"2020-10-03 19:15:52.2",4090299,-10,-10,-10,220,-0.002,-40.01
"2020-10-03 19:15:52.3",4090300,-10,-10,-10,220,-0.002,-40.01
"2020-10-03 19:15:52.4",4090301,-10,-10,-10,220,-0.002,-40.01
"2020-10-03 19:15:52.5",4090302,-10,-10,-10,220,-0.002,-40.01
"2020-10-03 19:15:52.6",4090303,-10,-10,-10,220,-0.002,-40.01
"2020-10-03 19:15:52.7",4090304,-10,-10,-10,220,-0.002,-40.01
"2020-10-03 19:15:52.8",4090305,-10,-10,-10,220,-0.002,-40.01
"2020-10-03 19:15:52.9",4090306,-10,-10,-10,220,-0.002,-40.01
"2020-10-03 19:15:53",4090307,-10,-10,-10,220,-0.002,-40.01
"2020-10-03 19:15:53.1",4090308,-10,-10,-10,220,-0.002,-40.01
"2020-10-03 19:15:53.2",4090309,-10,-10,-10,220,-0.002,-40.01
"2020-10-03 19:15:53.3",4090310,-10,-10,-10,220,-0.002,-40.01
"2020-10-03 19:15:53.4",4090311,-10,-10,-10,220,-0.002,-40.01
"2020-10-03 19:15:53.5",4090312,-10,-10,-10,220,-0.002,-40.01
"2020-10-03 19:15:53.6",4090313,-10,-10,-10,220,-0.002,-40.01
"2020-10-03 19:15:53.7",4090314,-10,-10,-10,220,-0.002,-40.01
"2020-10-03 19:15:53.8",4090315,-10,-10,-10,220,-0.002,-40.01
"2020-10-03 19:15:53.9",4090316,-10,-10,-10,220,-0.002,-40.01
"2020-10-03 19:15:54",4090317,-10,-10,-10,220,-0.002,-40.01
"2020-10-03 19:15:54.1",4090318,-10,-10,-10,220,-0.002,-40.01
"2020-10-03 19:15:54.2",4090319,-10,-10,-10,220,-0.002,-40.01
"2020-10-03 19:15:54.3",4090320,-10,-10,-10,220,-0.002,-40.01
"2020-10-03 19:15:54.4",4090321,-10,-10,-10,220,-0.002,-40.01
"2020-10-03 19:15:54.5",4090322,-10,-10,-10,220,-0.002,-40.01
"2020-10-03 19:15:54.6",4090323,-10,-10,-10,220,-0.002,-40.01
"2020-10-03 19:15:54.7",4090324,-10,-10,-10,220,-0.002,-40.01
"2020-10-03 19:15:54.8",4090325,-10,-10,-10,220,-0.002,-40.01
"2020-10-03 19:15:54.9",4090326,-10,-10,-10,220,-0.002,-40.01
"2020-10-03 19:15:55",4090327,-10,-10,-10,220,-0.002,-40.01
"2020-10-03 19:15:55.1",4090328,-10,-10,-10,220,-0.002,-40.01
"2020-10-03 19:15:55.2",4090329,-10,-10,-10,220,-0.002,-40.01
"2020-10-03 19:15:55.3",4090330,-10,-10,-10,220,-0.002,-40.01
"2020-10-03 19:15:55.4",4090331,-10,-10,-10,220,-0.002,-40.01
"2020-10-03 19:15:55.5",4090332,-10,-10,-10,220,-0.002,-40.01
"2020-10-03 19:15:55.6",4090333,-10,-10,-10,220,-0.002,-40.01
"2020-10-03 19:15:55.7",4090334,-10,-10,-10,220,-0.002,-40.01
"2020-10-03 19:15:55.8",4090335,-10,-10,-10,220,-0.002,-40.01
"2020-10-03 19:15:55.9",4090336,-10,-10,-10,220,-0.002,-40.01
"2020-10-03 19:15:56",4090337,-10,-10,-10,220,-0.002,-40.01
"2020-10-03 19:15:56.1",4090338,-10,-10,-10,220,-0.002,-40.01
"2020-10-03 19:15:56.2",4090339,-10,-10,-10,220,-0.002,-40.01
"2020-10-03 19:15:56.3",4090340,-10,-10,-10,220,-0.002,-40.01
"2020-10-03 19:15:56.4",4090341,-10,-10,-10,220,-0.002,-40.01
"2020-10-03 19:15:56.5",4090342,-10,-10,-10,220,-0.002,-40.01
"2020-10-03 19:15:56.6",4090343,-10,-10,-10,220,-0.002,-40.01
"2020-10-03 19:15:56.7",4090344,-10,-10,-10,220,-0.002,-40.01
"2020-10-03 19:15:56.8",4090345,-10,-10,-10,220,-0.002,-40.01
"2020-10-03 19:15:56.9",4090346,-10,-10,-10,220,-0.002,-40.01
"2020-10-03 19:15:57",4090347,-10,-10,-10,220,-0.002,-40.01
"2020-10-03 19:15:57.1",4090348,-10,-10,-10,220,-0.002,-40.01
"2020-10-03 19:15:57.2",4090349,-10,-10,-10,220,-0.002,-40.01
"2020-10-03 19:15:57.3",4090350,-10,-10,-10,220,-0.002,-40.01
"2020-10-03 19:15:57.4",4090351,-10,-10,-10,220,-0.002,-40.01
"2020-10-03 19:15:57.5",4090352,-10,-10,-10,220,-0.002,-40.01
"2020-10-03 19:15:57.6",4090353,-10,-10,-10,220,-0.002,-40.01
"2020-10-03 19:15:57.7",4090354,-10,-10,-10,220,-0.002,-40.01
"2020-10-03 19:15:57.8",4090355,-10,-10,-10,220,-0.002,-40.01
"2020-10-03 19:15:57.9",4090356,-10,-10,-10,220,-0.002,-40.01
"2020-10-03 19:15:58",4090357,-10,-10,-10,220,-0.002,-40.01
"2020-10-03 19:15:58.1",4090358,-10,-10,-10,220,-0.002,-40.01
"2020-10-03 19:15:58.2",4090359,-10,-10,-10,220,-0.002,-40.01
"2020-10-03 19:15:58.3",4090360,-10,-10,-10,220,-0.002,-40.01
"2020-10-03 19:15:58.4",4090361,-10,-10,-10,220,-0.002,-40.01
"2020-10-03 19:15:58.5",4090362,-10,-10,-10,220,-0.002,-40.01
"2020-10-03 19:15:58.6",4090363,-10,-10,-10,220,-0.002,-40.01
"2020-10-03 19:15:58.7",4090364,-10,-10,-10,220,-0.002,-40.01
"2020-10-03 19:15:58.8",4090365,-10,-10,-10,220,-0.002,-40.01
"2020-10-03 19:15:58.9",4090366,-10,-10,-10,220,-0.002,-40.01
"2020-10-03 19:15:59",4090367,-10,-10,-10,220,-0.002,-40.01
"2020-10-03 19:15:59.1",4090368,-10,-10,-10,220,-0.002,-40.01
"2020-10-03 19:15:59.2",4090369,-10,-10,-10,220,-0.002,-40.01
"2020-10-03 19:15:59.3",4090370,-10,-10,-10,220,-0.002,-40.01
"2020-10-03 19:15:59.4",4090371,-10,-10,-10,220,-0.002,-40.01
"2020-10-03 19:15:59.5",4090372,-10,-10,-10,220,-0.002,-40.01
"2020-10-03 19:15:59.6",4090373,-10,-10,-10,220,-0.002,-40.01
"2020-10-03 19:15:59.7",4090374,-10,-10,-10,220,-0.002,-40.01
"2020-10-03 19:15:59.8",4090375,-10,-10,-10,220,-0.002,-40.01
"2020-10-03 19:15:59.9",4090376,-10,-10,-10,220,-0.002,-40.01
"2020-10-03 19:16:00",4090377,-10,-10,-10,220,-0.002,-40.01
"2020-10-03 19:16:00.1",4090378,-10,-10,-10,220,-0.008,-40.02
"2020-10-03 19:16:00.2",4090379,-10,-10,-10,220,-0.008,-40.02
"2020-10-03 19:16:00.3",4090380,-10,-10,-10,220,-0.001,-40.01
"2020-10-03 19:16:00.4",4090381,-10,-10,-10,220,-0.002,-40.01
"2020-10-03 19:16:00.5",4090382,-10,-10,-10,220,-0.002,-40.01
"2020-10-03 19:16:00.6",4090383,-10,-10,-10,220,-0.002,-40.01
"2020-10-03 19:16:00.7",4090384,-10,-10,-10,220,-0.002,-40.01
"2020-10-03 19:16:00.8",4090385,-10,-10,-10,220,-0.002,-40.01
"2020-10-03 19:16:00.9",4090386,-10,-10,-10,220,-0.002,-40.01
"2020-10-03 19:16:01",4090387,-10,-10,-10,220,-0.002,-40.01
"2020-10-03 19:16:01.1",4090388,-10,-10,-10,220,-0.002,-40.01
"2020-10-03 19:16:01.2",4090389,-10,-10,-10,220,-0.002,-40.01
"2020-10-03 19:16:01.3",4090390,-10,-10,-10,220,-0.002,-40.01
"2020-10-03 19:16:01.4",4090391,-10,-10,-10,220,-0.002,-40.01
"2020-10-03 19:16:01.5",4090392,-10,-10,-10,220,-0.002,-40.01
"2020-10-03 19:16:01.6",4090393,-10,-10,-10,220,-0.002,-40.01
"2020-10-03 19:16:01.7",4090394,-10,-10,-10,220,-0.002,-40.01
"2020-10-03 19:16:01.8",4090395,-10,-10,-10,220,-0.002,-40.01
"2020-10-03 19:16:01.9",4090396,-10,-10,-10,220,-0.002,-40.01
"2020-10-03 19:16:02",4090397,-10,-10,-10,220,-0.002,-40.01
"2020-10-03 19:16:02.1",4090398,-10,-10,-10,220,-0.002,-40.01
"2020-10-03 19:16:02.2",4090399,-10,-10,-10,220,-0.002,-40.01
"2020-10-03 19:16:02.3",4090400,-10,-10,-10,220,-0.002,-40.01
"2020-10-03 19:16:02.4",4090401,-10,-10,-10,220,-0.002,-40.01
"2020-10-03 19:16:02.5",4090402,-10,-10,-10,220,-0.002,-40.01
"2020-10-03 19:16:02.6",4090403,-10,-10,-10,220,-0.002,-40.01
"2020-10-03 19:16:02.7",4090404,-10,-10,-10,220,-0.002,-40.01
"2020-10-03 19:16:02.8",4090405,-10,-10,-10,220,-0.002,-40.01
"2020-10-03 19:16:02.9",4090406,-10,-10,-10,220,-0.002,-40.01
"2020-10-03 19:16:03",4090407,-10,-10,-10,220,-0.002,-40.01
"2020-10-03 19:16:03.1",4090408,-10,-10,-10,220,-0.002,-40.01
"2020-10-03 19:16:03.2",4090409,-10,-10,-10,220,-0.002,-40.01
"2020-10-03 19:16:03.3",4090410,-10,-10,-10,220,-0.002,-40.01
"2020-10-03 19:16:03.4",4090411,-10,-10,-10,220,-0.002,-40.01
"2020-10-03 19:16:03.5",4090412,-10,-10,-10,220,-0.002,-40.01
"2020-10-03 19:16:03.6",4090413,-10,-10,-10,220,-0.002,-40.01
"2020-10-03 19:16:03.7",4090414,-10,-10,-10,220,-0.002,-40.01
"2020-10-03 19:16:03.8",4090415,-10,-10,-10,220,-0.002,-40.01
"2020-10-03 19:16:03.9",4090416,-10,-10,-10,220,-0.002,-40.01
"2020-10-03 19:16:04",4090417,-10,-10,-10,220,-0.002,-40.01
"2020-10-03 19:16:04.1",4090418,-10,-10,-10,220,-0.002,-40.01
"2020-10-03 19:16:04.2",4090419,-10,-10,-10,220,-0.002,-40.01
"2020-10-03 19:16:04.3",4090420,-10,-10,-10,220,-0.002,-40.01
"2020-10-03 19:16:04.4",4090421,-10,-10,-10,220,-0.002,-40.01
"2020-10-03 19:16:04.5",4090422,-10,-10,-10,220,-0.002,-40.01
"2020-10-03 19:16:04.6",4090423,-10,-10,-10,220,-0.002,-40.01
"2020-10-03 19:16:04.7",4090424,-10,-10,-10,220,-0.002,-40.01
"2020-10-03 19:16:04.8",4090425,-10,-10,-10,220,-0.002,-40.01
"2020-10-03 19:16:04.9",4090426,-10,-10,-10,220,-0.002,-40.01
"2020-10-03 19:16:05",4090427,-10,-10,-10,220,-0.002,-40.01
"2020-10-03 19:16:05.1",4090428,-10,-10,-10,220,-0.002,-40.01
"2020-10-03 19:16:05.2",4090429,-10,-10,-10,220,-0.002,-40.01
"2020-10-03 19:16:05.3",4090430,-10,-10,-10,220,-0.002,-40.01
"2020-10-03 19:16:05.4",4090431,-10,-10,-10,220,-0.002,-40.01
"2020-10-03 19:16:05.5",4090432,-10,-10,-10,220,-0.002,-40.01
"2020-10-03 19:16:05.6",4090433,-10,-10,-10,220,-0.002,-40.01
"2020-10-03 19:16:05.7",4090434,-10,-10,-10,220,-0.002,-40.01
"2020-10-03 19:16:05.8",4090435,-10,-10,-10,220,-0.002,-40.01
"2020-10-03 19:16:05.9",4090436,-10,-10,-10,220,-0.002,-40.01
"2020-10-03 19:16:06",4090437,-10,-10,-10,220,-0.002,-40.01
"2020-10-03 19:16:06.1",4090438,-10,-10,-10,220,-0.002,-40.01
"2020-10-03 19:16:06.2",4090439,-10,-10,-10,220,-0.002,-40.01
"2020-10-03 19:16:06.3",4090440,-10,-10,-10,220,-0.002,-40.01
"2020-10-03 19:16:06.4",4090441,-10,-10,-10,220,-0.002,-40.01
"2020-10-03 19:16:06.5",4090442,-10,-10,-10,220,-0.002,-40.01
"2020-10-03 19:16:06.6",4090443,-10,-10,-10,220,-0.002,-40.01
"2020-10-03 19:16:06.7",4090444,-10,-10,-10,220,-0.002,-40.01
"2020-10-03 19:16:06.8",4090445,-10,-10,-10,220,-0.002,-40.01
"2020-10-03 19:16:06.9",4090446,-10,-10,-10,220,-0.002,-40.01
"2020-10-03 19:16:07",4090447,-10,-10,-10,220,-0.002,-40.01
"2020-10-03 19:16:07.1",4090448,-10,-10,-10,220,-0.002,-40.01
"2020-10-03 19:16:07.2",4090449,-10,-10,-10,220,-0.002,-40.01
"2020-10-03 19:16:07.3",4090450,-10,-10,-10,220,-0.002,-40.01
"2020-10-03 19:16:07.4",4090451,-10,-10,-10,220,-0.002,-40.01
"2020-10-03 19:16:07.5",4090452,-10,-10,-10,220,-0.002,-40.01
"2020-10-03 19:16:07.6",4090453,-10,-10,-10,220,-0.002,-40.01
"2020-10-03 19:16:07.7",4090454,-10,-10,-10,220,-0.002,-40.01
"2020-10-03 19:16:07.8",4090455,-10,-10,-10,220,-0.002,-40.01
"2020-10-03 19:16:07.9",4090456,-10,-10,-10,220,-0.002,-40.01
"2020-10-03 19:16:08",4090457,-10,-10,-10,220,-0.002,-40.01
"2020-10-03 19:16:08.1",4090458,-10,-10,-10,220,-0.002,-40.01
"2020-10-03 19:16:08.2",4090459,-10,-10,-10,220,-0.002,-40.01
"2020-10-03 19:16:08.3",4090460,-10,-10,-10,220,-0.002,-40.01
"2020-10-03 19:16:08.4",4090461,-10,-10,-10,220,-0.002,-40.01
"2020-10-03 19:16:08.5",4090462,-10,-10,-10,220,-0.002,-40.01
"2020-10-03 19:16:08.6",4090463,-10,-10,-10,220,-0.002,-40.01
"2020-10-03 19:16:08.7",4090464,-10,-10,-10,220,-0.002,-40.01
"2020-10-03 19:16:08.8",4090465,-10,-10,-10,220,-0.002,-40.01
"2020-10-03 19:16:08.9",4090466,-10,-10,-10,220,-0.002,-40.01
"2020-10-03 19:16:09",4090467,-10,-10,-10,220,-0.002,-40.01
"2020-10-03 19:16:09.1",4090468,-10,-10,-10,220,-0.002,-40.01
"2020-10-03 19:16:09.2",4090469,-10,-10,-10,220,-0.002,-40.01
"2020-10-03 19:16:09.3",4090470,-10,-10,-10,220,-0.002,-40.01
"2020-10-03 19:16:09.4",4090471,-10,-10,-10,220,-0.002,-40.01
"2020-10-03 19:16:09.5",4090472,-10,-10,-10,220,-0.002,-40.01
"2020-10-03 19:16:09.6",4090473,-10,-10,-10,220,-0.002,-40.01
"2020-10-03 19:16:09.7",4090474,-10,-10,-10,220,-0.002,-40.01
"2020-10-03 19:16:09.8",4090475,-10,-10,-10,220,-0.002,-40.01
"2020-10-03 19:16:09.9",4090476,-10,-10,-10,220,-0.002,-40.01
"2020-10-03 19:16:10",4090477,-10,-10,-10,220,-0.002,-40.01
"2020-10-03 19:16:10.1",4090478,-10,-10,-10,220,-0.002,-40.01
"2020-10-03 19:16:10.2",4090479,-10,-10,-10,220,-0.002,-40.01
"2020-10-03 19:16:10.3",4090480,-10,-10,-10,220,-0.002,-40.01
"2020-10-03 19:16:10.4",4090481,-10,-10,-10,220,-0.002,-40.01
"2020-10-03 19:16:10.5",4090482,-10,-10,-10,220,-0.002,-40.01
"2020-10-03 19:16:10.6",4090483,-10,-10,-10,220,-0.002,-40.01
"2020-10-03 19:16:10.7",4090484,-10,-10,-10,220,-0.002,-40.01
"2020-10-03 19:16:10.8",4090485,-10,-10,-10,220,-0.002,-40.01
"2020-10-03 19:16:10.9",4090486,-10,-10,-10,220,-0.002,-40.01
"2020-10-03 19:16:11",4090487,-10,-10,-10,220,-0.002,-40.01
"2020-10-03 19:16:11.1",4090488,-10,-10,-10,220,-0.002,-40.01
"2020-10-03 19:16:11.2",4090489,-10,-10,-10,220,-0.002,-40.01
"2020-10-03 19:16:11.3",4090490,-10,-10,-10,220,-0.002,-40.01
"2020-10-03 19:16:11.4",4090491,-10,-10,-10,220,-0.002,-40.01
"2020-10-03 19:16:11.5",4090492,-10,-10,-10,220,-0.002,-40.01
"2020-10-03 19:16:11.6",4090493,-10,-10,-10,220,-0.002,-40.01
"2020-10-03 19:16:11.7",4090494,-10,-10,-10,220,-0.002,-40.01
"2020-10-03 19:16:11.8",4090495,-10,-10,-10,220,-0.002,-40.01
"2020-10-03 19:16:11.9",4090496,-10,-10,-10,220,-0.002,-40.01
"2020-10-03 19:16:12",4090497,-10,-10,-10,220,-0.002,-40.01
"2020-10-03 19:16:12.1",4090498,-10,-10,-10,220,-0.002,-40.01
"2020-10-03 19:16:12.2",4090499,-10,-10,-10,220,-0.002,-40.01
"2020-10-03 19:16:12.3",4090500,-10,-10,-10,220,-0.002,-40.01
"2020-10-03 19:16:12.4",4090501,-10,-10,-10,220,-0.002,-40.01
"2020-10-03 19:16:12.5",4090502,-10,-10,-10,220,-0.002,-40.01
"2020-10-03 19:16:12.6",4090503,-10,-10,-10,220,-0.002,-40.01
"2020-10-03 19:16:12.7",4090504,-10,-10,-10,220,-0.002,-40.01
"2020-10-03 19:16:12.8",4090505,-10,-10,-10,220,-0.002,-40.01
"2020-10-03 19:16:12.9",4090506,-10,-10,-10,220,-0.002,-40.01
"2020-10-03 19:16:13",4090507,-10,-10,-10,220,-0.002,-40.01
"2020-10-03 19:16:13.1",4090508,-10,-10,-10,220,-0.002,-40.01
"2020-10-03 19:16:13.2",4090509,-10,-10,-10,220,-0.002,-40.01
"2020-10-03 19:16:13.3",4090510,-10,-10,-10,220,-0.002,-40.01
"2020-10-03 19:16:13.4",4090511,-10,-10,-10,220,-0.002,-40.01
"2020-10-03 19:16:13.5",4090512,-10,-10,-10,220,-0.002,-40.01
"2020-10-03 19:16:13.6",4090513,-10,-10,-10,220,-0.002,-40.01
"2020-10-03 19:16:13.7",4090514,-10,-10,-10,220,-0.002,-40.01
"2020-10-03 19:16:13.8",4090515,-10,-10,-10,220,-0.002,-40.01
"2020-10-03 19:16:13.9",4090516,-10,-10,-10,220,-0.002,-40.01
"2020-10-03 19:16:14",4090517,-10,-10,-10,220,-0.002,-40.01
"2020-10-03 19:16:14.1",4090518,-10,-10,-10,220,-0.002,-40.01
"2020-10-03 19:16:14.2",4090519,-10,-10,-10,220,-0.002,-40.01
"2020-10-03 19:16:14.3",4090520,-10,-10,-10,220,-0.002,-40.01
"2020-10-03 19:16:14.4",4090521,-10,-10,-10,220,-0.002,-40.01
"2020-10-03 19:16:14.5",4090522,-10,-10,-10,220,-0.002,-40.01
"2020-10-03 19:16:14.6",4090523,-10,-10,-10,220,-0.002,-40.01
"2020-10-03 19:16:14.7",4090524,-10,-10,-10,220,-0.002,-40.01
"2020-10-03 19:16:14.8",4090525,-10,-10,-10,220,-0.002,-40.01
"2020-10-03 19:16:14.9",4090526,-10,-10,-10,220,-0.002,-40.01
"2020-10-03 19:16:15",4090527,-10,-10,-10,220,-0.002,-40.01
"2020-10-03 19:16:15.1",4090528,-10,-10,-10,220,-0.002,-40.01
"2020-10-03 19:16:15.2",4090529,-10,-10,-10,220,-0.002,-40.01
"2020-10-03 19:16:15.3",4090530,-10,-10,-10,220,-0.002,-40.01
"2020-10-03 19:16:15.4",4090531,-10,-10,-10,220,-0.002,-40.01
"2020-10-03 19:16:15.5",4090532,-10,-10,-10,220,-0.001,-40.01
"2020-10-03 19:16:15.6",4090533,-10,-10,-10,220,-0.002,-40.01
"2020-10-03 19:16:15.7",4090534,-10,-10,-10,220,-0.002,-40.01
"2020-10-03 19:16:15.8",4090535,-10,-10,-10,220,-0.002,-40.01
"2020-10-03 19:16:15.9",4090536,-10,-10,-10,220,-0.002,-40.01
"2020-10-03 19:16:16",4090537,-10,-10,-10,220,-0.002,-40.01
"2020-10-03 19:16:16.1",4090538,-10,-10,-10,220,-0.002,-40.01
"2020-10-03 19:16:16.2",4090539,-10,-10,-10,220,-0.002,-40.01
"2020-10-03 19:16:16.3",4090540,-10,-10,-10,220,-0.002,-40.01
"2020-10-03 19:16:16.4",4090541,-10,-10,-10,220,-0.002,-40.01
"2020-10-03 19:16:16.5",4090542,-10,-10,-10,220,-0.002,-40.01
"2020-10-03 19:16:16.6",4090543,-10,-10,-10,220,-0.002,-40.01
"2020-10-03 19:16:16.7",4090544,-10,-10,-10,220,-0.002,-40.01
"2020-10-03 19:16:16.8",4090545,-10,-10,-10,220,-0.002,-40.01
"2020-10-03 19:16:16.9",4090546,-10,-10,-10,220,-0.002,-40.01
"2020-10-03 19:16:17",4090547,-10,-10,-10,220,-0.002,-40.01
"2020-10-03 19:16:17.1",4090548,-10,-10,-10,220,-0.002,-40.01
"2020-10-03 19:16:17.2",4090549,-10,-10,-10,220,-0.002,-40.01
"2020-10-03 19:16:17.3",4090550,-10,-10,-10,220,-0.002,-40.01
"2020-10-03 19:16:17.4",4090551,-10,-10,-10,220,-0.002,-40.01
"2020-10-03 19:16:17.5",4090552,-10,-10,-10,220,-0.002,-40.01
"2020-10-03 19:16:17.6",4090553,-10,-10,-10,220,-0.002,-40.01
"2020-10-03 19:16:17.7",4090554,-10,-10,-10,220,-0.002,-40.01
"2020-10-03 19:16:17.8",4090555,-10,-10,-10,220,-0.002,-40.01
"2020-10-03 19:16:17.9",4090556,-10,-10,-10,220,-0.002,-40.01
"2020-10-03 19:16:18",4090557,-10,-10,-10,220,-0.002,-40.01
"2020-10-03 19:16:18.1",4090558,-10,-10,-10,220,-0.002,-40.01
"2020-10-03 19:16:18.2",4090559,-10,-10,-10,220,-0.002,-40.01
"2020-10-03 19:16:18.3",4090560,-10,-10,-10,220,-0.002,-40.01
"2020-10-03 19:16:18.4",4090561,-10,-10,-10,220,-0.002,-40.01
"2020-10-03 19:16:18.5",4090562,-10,-10,-10,220,-0.002,-40.01
"2020-10-03 19:16:18.6",4090563,-10,-10,-10,220,-0.002,-40.01
"2020-10-03 19:16:18.7",4090564,-10,-10,-10,220,-0.002,-40.01
"2020-10-03 19:16:18.8",4090565,-10,-10,-10,220,-0.002,-40.01
"2020-10-03 19:16:18.9",4090566,-10,-10,-10,220,-0.002,-40.01
"2020-10-03 19:16:19",4090567,-10,-10,-10,220,-0.002,-40.01
"2020-10-03 19:16:19.1",4090568,-10,-10,-10,220,-0.002,-40.01
"2020-10-03 19:16:19.2",4090569,-10,-10,-10,220,-0.002,-40.01
"2020-10-03 19:16:19.3",4090570,-10,-10,-10,220,-0.002,-40.01
"2020-10-03 19:16:19.4",4090571,-10,-10,-10,220,-0.002,-40.01
"2020-10-03 19:16:19.5",4090572,-10,-10,-10,220,-0.002,-40.01
"2020-10-03 19:16:19.6",4090573,-10,-10,-10,220,-0.002,-40.01
"2020-10-03 19:16:19.7",4090574,-10,-10,-10,220,-0.002,-40.01
"2020-10-03 19:16:19.8",4090575,-10,-10,-10,220,-0.002,-40.01
"2020-10-03 19:16:19.9",4090576,-10,-10,-10,220,-0.002,-40.01
"2020-10-03 19:16:20",4090577,-10,-10,-10,220,-0.002,-40.01
"2020-10-03 19:16:20.1",4090578,-10,-10,-10,220,-0.002,-40.01
"2020-10-03 19:16:20.2",4090579,-10,-10,-10,220,-0.002,-40.01
"2020-10-03 19:16:20.3",4090580,-10,-10,-10,220,-0.002,-40.01
"2020-10-03 19:16:20.4",4090581,-10,-10,-10,220,-0.002,-40.01
"2020-10-03 19:16:20.5",4090582,-10,-10,-10,220,-0.002,-40.01
"2020-10-03 19:16:20.6",4090583,-10,-10,-10,220,-0.002,-40.01
"2020-10-03 19:16:20.7",4090584,-10,-10,-10,220,-0.002,-40.01
"2020-10-03 19:16:20.8",4090585,-10,-10,-10,220,-0.002,-40.01
"2020-10-03 19:16:20.9",4090586,-10,-10,-10,220,-0.002,-40.01
"2020-10-03 19:16:21",4090587,-10,-10,-10,220,-0.002,-40.01
"2020-10-03 19:16:21.1",4090588,-10,-10,-10,220,-0.002,-40.01
"2020-10-03 19:16:21.2",4090589,-10,-10,-10,220,-0.002,-40.01
"2020-10-03 19:16:21.3",4090590,-10,-10,-10,220,-0.002,-40.01
"2020-10-03 19:16:21.4",4090591,-10,-10,-10,220,-0.002,-40.01
"2020-10-03 19:16:21.5",4090592,-10,-10,-10,220,-0.002,-40.01
"2020-10-03 19:16:21.6",4090593,-10,-10,-10,220,-0.002,-40.01
"2020-10-03 19:16:21.7",4090594,-10,-10,-10,220,-0.002,-40.01
"2020-10-03 19:16:21.8",4090595,-10,-10,-10,220,-0.002,-40.01
"2020-10-03 19:16:21.9",4090596,-10,-10,-10,220,-0.002,-40.01
"2020-10-03 19:16:22",4090597,-10,-10,-10,220,-0.002,-40.01
"2020-10-03 19:16:22.1",4090598,-10,-10,-10,220,-0.002,-40.01
"2020-10-03 19:16:22.2",4090599,-10,-10,-10,220,-0.002,-40.01
"2020-10-03 19:16:22.3",4090600,-10,-10,-10,220,-0.002,-40.01
"2020-10-03 19:16:22.4",4090601,-10,-10,-10,220,-0.002,-40.01
"2020-10-03 19:16:22.5",4090602,-10,-10,-10,220,-0.002,-40.01
"2020-10-03 19:16:22.6",4090603,-10,-10,-10,220,-0.002,-40.01
"2020-10-03 19:16:22.7",4090604,-10,-10,-10,220,-0.002,-40.01
"2020-10-03 19:16:22.8",4090605,-10,-10,-10,220,-0.002,-40.01
"2020-10-03 19:16:22.9",4090606,-10,-10,-10,220,-0.002,-40.01
"2020-10-03 19:16:23",4090607,-10,-10,-10,220,-0.002,-40.01
"2020-10-03 19:16:23.1",4090608,-10,-10,-10,220,-0.002,-40.01
"2020-10-03 19:16:23.2",4090609,-10,-10,-10,220,-0.002,-40.01
"2020-10-03 19:16:23.3",4090610,-10,-10,-10,220,-0.002,-40.01
"2020-10-03 19:16:23.4",4090611,-10,-10,-10,220,-0.002,-40.01
"2020-10-03 19:16:23.5",4090612,-10,-10,-10,220,-0.002,-40.01
"2020-10-03 19:16:23.6",4090613,-10,-10,-10,220,-0.002,-40.01
"2020-10-03 19:16:23.7",4090614,-10,-10,-10,220,-0.002,-40.01
"2020-10-03 19:16:23.8",4090615,-10,-10,-10,220,-0.002,-40.01
"2020-10-03 19:16:23.9",4090616,-10,-10,-10,220,-0.002,-40.01
"2020-10-03 19:16:24",4090617,-10,-10,-10,220,-0.002,-40.01
"2020-10-03 19:16:24.1",4090618,-10,-10,-10,220,-0.002,-40.01
"2020-10-03 19:16:24.2",4090619,-10,-10,-10,220,-0.002,-40.01
"2020-10-03 19:16:24.3",4090620,-10,-10,-10,220,-0.002,-40.01
"2020-10-03 19:16:24.4",4090621,-10,-10,-10,220,-0.002,-40.01
"2020-10-03 19:16:24.5",4090622,-10,-10,-10,220,-0.002,-40.01
"2020-10-03 19:16:24.6",4090623,-10,-10,-10,220,-0.002,-40.01
"2020-10-03 19:16:24.7",4090624,-10,-10,-10,220,-0.002,-40.01
"2020-10-03 19:16:24.8",4090625,-10,-10,-10,220,-0.002,-40.01
"2020-10-03 19:16:24.9",4090626,-10,-10,-10,220,-0.002,-40.01
"2020-10-03 19:16:25",4090627,-10,-10,-10,220,-0.002,-40.01
"2020-10-03 19:16:25.1",4090628,-10,-10,-10,220,-0.002,-40.01
"2020-10-03 19:16:25.2",4090629,-10,-10,-10,220,-0.002,-40.01
"2020-10-03 19:16:25.3",4090630,-10,-10,-10,220,-0.002,-40.01
"2020-10-03 19:16:25.4",4090631,-10,-10,-10,220,-0.002,-40.01
"2020-10-03 19:16:25.5",4090632,-10,-10,-10,220,-0.002,-40.01
"2020-10-03 19:16:25.6",4090633,-10,-10,-10,220,-0.002,-40.01
"2020-10-03 19:16:25.7",4090634,-10,-10,-10,220,-0.002,-40.01
"2020-10-03 19:16:25.8",4090635,-10,-10,-10,220,-0.002,-40.01
"2020-10-03 19:16:25.9",4090636,-10,-10,-10,220,-0.002,-40.01
"2020-10-03 19:16:26",4090637,-10,-10,-10,220,-0.002,-40.01
"2020-10-03 19:16:26.1",4090638,-10,-10,-10,220,-0.002,-40.01
"2020-10-03 19:16:26.2",4090639,-10,-10,-10,220,-0.002,-40.01
"2020-10-03 19:16:26.3",4090640,-10,-10,-10,220,-0.002,-40.01
"2020-10-03 19:16:26.4",4090641,-10,-10,-10,220,-0.002,-40.01
"2020-10-03 19:16:26.5",4090642,-10,-10,-10,220,-0.002,-40.01
"2020-10-03 19:16:26.6",4090643,-10,-10,-10,220,-0.002,-40.01
"2020-10-03 19:16:26.7",4090644,-10,-10,-10,220,-0.002,-40.01
"2020-10-03 19:16:26.8",4090645,-10,-10,-10,220,-0.002,-40.01
"2020-10-03 19:16:26.9",4090646,-10,-10,-10,220,-0.002,-40.01
"2020-10-03 19:16:27",4090647,-10,-10,-10,220,-0.002,-40.01
"2020-10-03 19:16:27.1",4090648,-10,-10,-10,220,-0.002,-40.01
"2020-10-03 19:16:27.2",4090649,-10,-10,-10,220,-0.002,-40.01
"2020-10-03 19:16:27.3",4090650,-10,-10,-10,220,-0.002,-40.01
"2020-10-03 19:16:27.4",4090651,-10,-10,-10,220,-0.002,-40.01
"2020-10-03 19:16:27.5",4090652,-10,-10,-10,220,-0.002,-40.01
"2020-10-03 19:16:27.6",4090653,-10,-10,-10,220,-0.002,-40.01
"2020-10-03 19:16:27.7",4090654,-10,-10,-10,220,-0.002,-40.01
"2020-10-03 19:16:27.8",4090655,-10,-10,-10,220,-0.002,-40.01
"2020-10-03 19:16:27.9",4090656,-10,-10,-10,220,-0.002,-40.01
"2020-10-03 19:16:28",4090657,-10,-10,-10,220,-0.002,-40.01
"2020-10-03 19:16:28.1",4090658,-10,-10,-10,220,-0.002,-40.01
"2020-10-03 19:16:28.2",4090659,-10,-10,-10,220,-0.002,-40.01
"2020-10-03 19:16:28.3",4090660,-10,-10,-10,220,-0.002,-40.01
"2020-10-03 19:16:28.4",4090661,-10,-10,-10,220,-0.002,-40.01
"2020-10-03 19:16:28.5",4090662,-10,-10,-10,220,-0.002,-40.01
"2020-10-03 19:16:28.6",4090663,-10,-10,-10,220,-0.002,-40.01
"2020-10-03 19:16:28.7",4090664,-10,-10,-10,220,-0.002,-40.01
"2020-10-03 19:16:28.8",4090665,-10,-10,-10,220,-0.002,-40.01
"2020-10-03 19:16:28.9",4090666,-10,-10,-10,220,-0.002,-40.01
"2020-10-03 19:16:29",4090667,-10,-10,-10,220,-0.002,-40.01
"2020-10-03 19:16:29.1",4090668,-10,-10,-10,220,-0.002,-40.01
"2020-10-03 19:16:29.2",4090669,-10,-10,-10,220,-0.002,-40.01
"2020-10-03 19:16:29.3",4090670,-10,-10,-10,220,-0.002,-40.01
"2020-10-03 19:16:29.4",4090671,-10,-10,-10,220,-0.002,-40.01
"2020-10-03 19:16:29.5",4090672,-10,-10,-10,220,-0.002,-40.01
"2020-10-03 19:16:29.6",4090673,-10,-10,-10,220,-0.002,-40.01
"2020-10-03 19:16:29.7",4090674,-10,-10,-10,220,-0.002,-40.01
"2020-10-03 19:16:29.8",4090675,-10,-10,-10,220,-0.002,-40.01
"2020-10-03 19:16:29.9",4090676,-10,-10,-10,220,-0.002,-40.01
"2020-10-03 19:16:30",4090677,-10,-10,-10,220,-0.002,-40.01
"2020-10-03 19:16:30.1",4090678,-10,-10,-10,220,-0.002,-40.01
"2020-10-03 19:16:30.2",4090679,-10,-10,-10,220,-0.002,-40.01
"2020-10-03 19:16:30.3",4090680,-10,-10,-10,220,-0.002,-40.01
"2020-10-03 19:16:30.4",4090681,-10,-10,-10,220,-0.002,-40.01
"2020-10-03 19:16:30.5",4090682,-10,-10,-10,220,-0.002,-40.01
"2020-10-03 19:16:30.6",4090683,-10,-10,-10,220,-0.002,-40.01
"2020-10-03 19:16:30.7",4090684,-10,-10,-10,220,-0.002,-40.01
"2020-10-03 19:16:30.8",4090685,-10,-10,-10,220,-0.002,-40.01
"2020-10-03 19:16:30.9",4090686,-10,-10,-10,220,-0.002,-40.01
"2020-10-03 19:16:31",4090687,-10,-10,-10,220,-0.002,-40.01
"2020-10-03 19:16:31.1",4090688,-10,-10,-10,220,-0.002,-40.01
"2020-10-03 19:16:31.2",4090689,-10,-10,-10,220,-0.002,-40.01
"2020-10-03 19:16:31.3",4090690,-10,-10,-10,220,-0.002,-40.01
"2020-10-03 19:16:31.4",4090691,-10,-10,-10,220,-0.002,-40.01
"2020-10-03 19:16:31.5",4090692,-10,-10,-10,220,-0.002,-40.01
"2020-10-03 19:16:31.6",4090693,-10,-10,-10,220,-0.002,-40.01
"2020-10-03 19:16:31.7",4090694,-10,-10,-10,220,-0.002,-40.01
"2020-10-03 19:16:31.8",4090695,-10,-10,-10,220,-0.002,-40.01
"2020-10-03 19:16:31.9",4090696,-10,-10,-10,220,-0.002,-40.01
"2020-10-03 19:16:32",4090697,-10,-10,-10,220,-0.002,-40.01
"2020-10-03 19:16:32.1",4090698,-10,-10,-10,220,-0.002,-40.01
"2020-10-03 19:16:32.2",4090699,-10,-10,-10,220,-0.002,-40.01
"2020-10-03 19:16:32.3",4090700,-10,-10,-10,220,-0.002,-40.01
"2020-10-03 19:16:32.4",4090701,-10,-10,-10,220,-0.002,-40.01
"2020-10-03 19:16:32.5",4090702,-10,-10,-10,220,-0.002,-40.01
"2020-10-03 19:16:32.6",4090703,-10,-10,-10,220,-0.002,-40.01
"2020-10-03 19:16:32.7",4090704,-10,-10,-10,220,-0.002,-40.01
"2020-10-03 19:16:32.8",4090705,-10,-10,-10,220,-0.002,-40.01
"2020-10-03 19:16:32.9",4090706,-10,-10,-10,220,-0.002,-40.01
"2020-10-03 19:16:33",4090707,-10,-10,-10,220,-0.002,-40.01
"2020-10-03 19:16:33.1",4090708,-10,-10,-10,220,-0.002,-40.01
"2020-10-03 19:16:33.2",4090709,-10,-10,-10,220,-0.002,-40.01
"2020-10-03 19:16:33.3",4090710,-10,-10,-10,220,-0.002,-40.01
"2020-10-03 19:16:33.4",4090711,-10,-10,-10,220,-0.002,-40.01
"2020-10-03 19:16:33.5",4090712,-10,-10,-10,220,-0.002,-40.01
"2020-10-03 19:16:33.6",4090713,-10,-10,-10,220,-0.002,-40.01
"2020-10-03 19:16:33.7",4090714,-10,-10,-10,220,-0.002,-40.01
"2020-10-03 19:16:33.8",4090715,-10,-10,-10,220,-0.002,-40.01
"2020-10-03 19:16:33.9",4090716,-10,-10,-10,220,-0.002,-40.01
"2020-10-03 19:16:34",4090717,-10,-10,-10,220,-0.002,-40.01
"2020-10-03 19:16:34.1",4090718,-10,-10,-10,220,-0.002,-40.01
"2020-10-03 19:16:34.2",4090719,-10,-10,-10,220,-0.002,-40.01
"2020-10-03 19:16:34.3",4090720,-10,-10,-10,220,-0.002,-40.01
"2020-10-03 19:16:34.4",4090721,-10,-10,-10,220,-0.002,-40.01
"2020-10-03 19:16:34.5",4090722,-10,-10,-10,220,-0.002,-40.01
"2020-10-03 19:16:34.6",4090723,-10,-10,-10,220,-0.002,-40.01
"2020-10-03 19:16:34.7",4090724,-10,-10,-10,220,-0.002,-40.01
"2020-10-03 19:16:34.8",4090725,-10,-10,-10,220,-0.002,-40.01
"2020-10-03 19:16:34.9",4090726,-10,-10,-10,220,-0.002,-40.01
"2020-10-03 19:16:35",4090727,-10,-10,-10,220,-0.002,-40.01
"2020-10-03 19:16:35.1",4090728,-10,-10,-10,220,-0.002,-40.01
"2020-10-03 19:16:35.2",4090729,-10,-10,-10,220,-0.002,-40.01
"2020-10-03 19:16:35.3",4090730,-10,-10,-10,220,-0.002,-40.01
"2020-10-03 19:16:35.4",4090731,-10,-10,-10,220,-0.002,-40.01
"2020-10-03 19:16:35.5",4090732,-10,-10,-10,220,-0.002,-40.01
"2020-10-03 19:16:35.6",4090733,-10,-10,-10,220,-0.002,-40.01
"2020-10-03 19:16:35.7",4090734,-10,-10,-10,220,-0.002,-40.01
"2020-10-03 19:16:35.8",4090735,-10,-10,-10,220,-0.002,-40.01
"2020-10-03 19:16:35.9",4090736,-10,-10,-10,220,-0.002,-40.01
"2020-10-03 19:16:36",4090737,-10,-10,-10,220,-0.002,-40.01
"2020-10-03 19:16:36.1",4090738,-10,-10,-10,220,-0.002,-40.01
"2020-10-03 19:16:36.2",4090739,-10,-10,-10,220,-0.002,-40.01
"2020-10-03 19:16:36.3",4090740,-10,-10,-10,220,-0.002,-40.01
"2020-10-03 19:16:36.4",4090741,-10,-10,-10,220,-0.002,-40.01
"2020-10-03 19:16:36.5",4090742,-10,-10,-10,220,-0.002,-40.01
"2020-10-03 19:16:36.6",4090743,-10,-10,-10,220,-0.002,-40.01
"2020-10-03 19:16:36.7",4090744,-10,-10,-10,220,-0.002,-40.01
"2020-10-03 19:16:36.8",4090745,-10,-10,-10,220,-0.002,-40.01
"2020-10-03 19:16:36.9",4090746,-10,-10,-10,220,-0.002,-40.01
"2020-10-03 19:16:37",4090747,-10,-10,-10,220,-0.002,-40.01
"2020-10-03 19:16:37.1",4090748,-10,-10,-10,220,-0.002,-40.01
"2020-10-03 19:16:37.2",4090749,-10,-10,-10,220,-0.002,-40.01
"2020-10-03 19:16:37.3",4090750,-10,-10,-10,220,-0.002,-40.01
"2020-10-03 19:16:37.4",4090751,-10,-10,-10,220,-0.002,-40.01
"2020-10-03 19:16:37.5",4090752,-10,-10,-10,220,-0.002,-40.01
"2020-10-03 19:16:37.6",4090753,-10,-10,-10,220,-0.002,-40.01
"2020-10-03 19:16:37.7",4090754,-10,-10,-10,220,-0.002,-40.01
"2020-10-03 19:16:37.8",4090755,-10,-10,-10,220,-0.002,-40.01
"2020-10-03 19:16:37.9",4090756,-10,-10,-10,220,-0.002,-40.01
"2020-10-03 19:16:38",4090757,-10,-10,-10,220,-0.002,-40.01
"2020-10-03 19:16:38.1",4090758,-10,-10,-10,220,-0.002,-40.01
"2020-10-03 19:16:38.2",4090759,-10,-10,-10,220,-0.002,-40.01
"2020-10-03 19:16:38.3",4090760,-10,-10,-10,220,-0.002,-40.01
"2020-10-03 19:16:38.4",4090761,-10,-10,-10,220,-0.002,-40.01
"2020-10-03 19:16:38.5",4090762,-10,-10,-10,220,-0.002,-40.01
"2020-10-03 19:16:38.6",4090763,-10,-10,-10,220,-0.002,-40.01
"2020-10-03 19:16:38.7",4090764,-10,-10,-10,220,-0.002,-40.01
"2020-10-03 19:16:38.8",4090765,-10,-10,-10,220,-0.002,-40.01
"2020-10-03 19:16:38.9",4090766,-10,-10,-10,220,-0.002,-40.01
"2020-10-03 19:16:39",4090767,-10,-10,-10,220,-0.002,-40.01
"2020-10-03 19:16:39.1",4090768,-10,-10,-10,220,-0.002,-40.01
"2020-10-03 19:16:39.2",4090769,-10,-10,-10,220,-0.002,-40.01
"2020-10-03 19:16:39.3",4090770,-10,-10,-10,220,-0.002,-40.01
"2020-10-03 19:16:39.4",4090771,-10,-10,-10,220,-0.002,-40.01
"2020-10-03 19:16:39.5",4090772,-10,-10,-10,220,-0.002,-40.01
"2020-10-03 19:16:39.6",4090773,-10,-10,-10,220,-0.002,-40.01
"2020-10-03 19:16:39.7",4090774,-10,-10,-10,220,-0.002,-40.01
"2020-10-03 19:16:39.8",4090775,-10,-10,-10,220,-0.002,-40.01
"2020-10-03 19:16:39.9",4090776,-10,-10,-10,220,-0.002,-40.01
"2020-10-03 19:16:40",4090777,-10,-10,-10,220,-0.002,-40.01
"2020-10-03 19:16:40.1",4090778,-10,-10,-10,220,-0.002,-40.01
"2020-10-03 19:16:40.2",4090779,-10,-10,-10,220,-0.002,-40.01
"2020-10-03 19:16:40.3",4090780,-10,-10,-10,220,-0.002,-40.01
"2020-10-03 19:16:40.4",4090781,-10,-10,-10,220,-0.002,-40.01
"2020-10-03 19:16:40.5",4090782,-10,-10,-10,220,-0.002,-40.01
"2020-10-03 19:16:40.6",4090783,-10,-10,-10,220,-0.002,-40.01
"2020-10-03 19:16:40.7",4090784,-10,-10,-10,220,-0.002,-40.01
"2020-10-03 19:16:40.8",4090785,-10,-10,-10,220,-0.002,-40.01
"2020-10-03 19:16:40.9",4090786,-10,-10,-10,220,-0.002,-40.01
"2020-10-03 19:16:41",4090787,-10,-10,-10,220,-0.002,-40.01
"2020-10-03 19:16:41.1",4090788,-10,-10,-10,220,-0.002,-40.01
"2020-10-03 19:16:41.2",4090789,-10,-10,-10,220,-0.002,-40.01
"2020-10-03 19:16:41.3",4090790,-10,-10,-10,220,-0.002,-40.01
"2020-10-03 19:16:41.4",4090791,-10,-10,-10,220,-0.002,-40.01
"2020-10-03 19:16:41.5",4090792,-10,-10,-10,220,-0.002,-40.01
"2020-10-03 19:16:41.6",4090793,-10,-10,-10,220,-0.002,-40.01
"2020-10-03 19:16:41.7",4090794,-10,-10,-10,220,-0.002,-40.01
"2020-10-03 19:16:41.8",4090795,-10,-10,-10,220,-0.002,-40.01
"2020-10-03 19:16:41.9",4090796,-10,-10,-10,220,-0.002,-40.01
"2020-10-03 19:16:42",4090797,-10,-10,-10,220,-0.002,-40.01
"2020-10-03 19:16:42.1",4090798,-10,-10,-10,220,-0.002,-40.01
"2020-10-03 19:16:42.2",4090799,-10,-10,-10,220,-0.002,-40.01
"2020-10-03 19:16:42.3",4090800,-10,-10,-10,220,-0.002,-40.01
"2020-10-03 19:16:42.4",4090801,-10,-10,-10,220,-0.002,-40.01
"2020-10-03 19:16:42.5",4090802,-10,-10,-10,220,-0.002,-40.01
"2020-10-03 19:16:42.6",4090803,-10,-10,-10,220,-0.002,-40.01
"2020-10-03 19:16:42.7",4090804,-10,-10,-10,220,-0.002,-40.01
"2020-10-03 19:16:42.8",4090805,-10,-10,-10,220,-0.002,-40.01
"2020-10-03 19:16:42.9",4090806,-10,-10,-10,220,-0.002,-40.01
"2020-10-03 19:16:43",4090807,-10,-10,-10,220,-0.002,-40.01
"2020-10-03 19:16:43.1",4090808,-10,-10,-10,220,-0.002,-40.01
"2020-10-03 19:16:43.2",4090809,-10,-10,-10,220,-0.002,-40.01
"2020-10-03 19:16:43.3",4090810,-10,-10,-10,220,-0.002,-40.01
"2020-10-03 19:16:43.4",4090811,-10,-10,-10,220,-0.002,-40.01
"2020-10-03 19:16:43.5",4090812,-10,-10,-10,220,-0.002,-40.01
"2020-10-03 19:16:43.6",4090813,-10,-10,-10,220,-0.002,-40.01
"2020-10-03 19:16:43.7",4090814,-10,-10,-10,220,-0.002,-40.01
"2020-10-03 19:16:43.8",4090815,-10,-10,-10,220,-0.002,-40.01
"2020-10-03 19:16:43.9",4090816,-10,-10,-10,220,-0.002,-40.01
"2020-10-03 19:16:44",4090817,-10,-10,-10,220,-0.002,-40.01
"2020-10-03 19:16:44.1",4090818,-10,-10,-10,220,-0.002,-40.01
"2020-10-03 19:16:44.2",4090819,-10,-10,-10,220,-0.002,-40.01
"2020-10-03 19:16:44.3",4090820,-10,-10,-10,220,-0.002,-40.01
"2020-10-03 19:16:44.4",4090821,-10,-10,-10,220,-0.002,-40.01
"2020-10-03 19:16:44.5",4090822,-10,-10,-10,220,-0.002,-40.01
"2020-10-03 19:16:44.6",4090823,-10,-10,-10,220,-0.002,-40.01
"2020-10-03 19:16:44.7",4090824,-10,-10,-10,220,-0.002,-40.01
"2020-10-03 19:16:44.8",4090825,-10,-10,-10,220,-0.002,-40.01
"2020-10-03 19:16:44.9",4090826,-10,-10,-10,220,-0.002,-40.01
"2020-10-03 19:16:45",4090827,-10,-10,-10,220,-0.002,-40.01
"2020-10-03 19:16:45.1",4090828,-10,-10,-10,220,-0.002,-40.01
"2020-10-03 19:16:45.2",4090829,-10,-10,-10,220,-0.002,-40.01
"2020-10-03 19:16:45.3",4090830,-10,-10,-10,220,-0.002,-40.01
"2020-10-03 19:16:45.4",4090831,-10,-10,-10,220,-0.002,-40.01
"2020-10-03 19:16:45.5",4090832,-10,-10,-10,220,-0.002,-40.01
"2020-10-03 19:16:45.6",4090833,-10,-10,-10,220,-0.002,-40.01
"2020-10-03 19:16:45.7",4090834,-10,-10,-10,220,-0.002,-40.01
"2020-10-03 19:16:45.8",4090835,-10,-10,-10,220,-0.002,-40.01
"2020-10-03 19:16:45.9",4090836,-10,-10,-10,220,-0.002,-40.01
"2020-10-03 19:16:46",4090837,-10,-10,-10,220,-0.002,-40.01
"2020-10-03 19:16:46.1",4090838,-10,-10,-10,220,-0.002,-40.01
"2020-10-03 19:16:46.2",4090839,-10,-10,-10,220,-0.002,-40.01
"2020-10-03 19:16:46.3",4090840,-10,-10,-10,220,-0.002,-40.01
"2020-10-03 19:16:46.4",4090841,-10,-10,-10,220,-0.002,-40.01
"2020-10-03 19:16:46.5",4090842,-10,-10,-10,220,-0.002,-40.01
"2020-10-03 19:16:46.6",4090843,-10,-10,-10,220,-0.002,-40.01
"2020-10-03 19:16:46.7",4090844,-10,-10,-10,220,-0.002,-40.01
"2020-10-03 19:16:46.8",4090845,-10,-10,-10,220,-0.002,-40.01
"2020-10-03 19:16:46.9",4090846,-10,-10,-10,220,-0.002,-40.01
"2020-10-03 19:16:47",4090847,-10,-10,-10,220,-0.002,-40.01
"2020-10-03 19:16:47.1",4090848,-10,-10,-10,220,-0.002,-40.01
"2020-10-03 19:16:47.2",4090849,-10,-10,-10,220,-0.002,-40.01
"2020-10-03 19:16:47.3",4090850,-10,-10,-10,220,-0.002,-40.01
"2020-10-03 19:16:47.4",4090851,-10,-10,-10,220,-0.002,-40.01
"2020-10-03 19:16:47.5",4090852,-10,-10,-10,220,-0.002,-40.01
"2020-10-03 19:16:47.6",4090853,-10,-10,-10,220,-0.002,-40.01
"2020-10-03 19:16:47.7",4090854,-10,-10,-10,220,-0.002,-40.01
"2020-10-03 19:16:47.8",4090855,-10,-10,-10,220,-0.002,-40.01
"2020-10-03 19:16:47.9",4090856,-10,-10,-10,220,-0.002,-40.01
"2020-10-03 19:16:48",4090857,-10,-10,-10,220,-0.002,-40.01
"2020-10-03 19:16:48.1",4090858,-10,-10,-10,220,-0.002,-40.01
"2020-10-03 19:16:48.2",4090859,-10,-10,-10,220,-0.002,-40.01
"2020-10-03 19:16:48.3",4090860,-10,-10,-10,220,-0.002,-40.01
"2020-10-03 19:16:48.4",4090861,-10,-10,-10,220,-0.002,-40.01
"2020-10-03 19:16:48.5",4090862,-10,-10,-10,220,-0.002,-40.01
"2020-10-03 19:16:48.6",4090863,-10,-10,-10,220,-0.002,-40.01
"2020-10-03 19:16:48.7",4090864,-10,-10,-10,220,-0.002,-40.01
"2020-10-03 19:16:48.8",4090865,-10,-10,-10,220,-0.002,-40.01
"2020-10-03 19:16:48.9",4090866,-10,-10,-10,220,-0.002,-40.01
"2020-10-03 19:16:49",4090867,-10,-10,-10,220,-0.002,-40.01
"2020-10-03 19:16:49.1",4090868,-10,-10,-10,220,-0.002,-40.01
"2020-10-03 19:16:49.2",4090869,-10,-10,-10,220,-0.002,-40.01
"2020-10-03 19:16:49.3",4090870,-10,-10,-10,220,-0.002,-40.01
"2020-10-03 19:16:49.4",4090871,-10,-10,-10,220,-0.002,-40.01
"2020-10-03 19:16:49.5",4090872,-10,-10,-10,220,-0.002,-40.01
"2020-10-03 19:16:49.6",4090873,-10,-10,-10,220,-0.002,-40.01
"2020-10-03 19:16:49.7",4090874,-10,-10,-10,220,-0.002,-40.01
"2020-10-03 19:16:49.8",4090875,-10,-10,-10,220,-0.002,-40.01
"2020-10-03 19:16:49.9",4090876,-10,-10,-10,220,-0.002,-40.01
"2020-10-03 19:16:50",4090877,-10,-10,-10,220,-0.002,-40.01
"2020-10-03 19:16:50.1",4090878,-10,-10,-10,220,-0.002,-40.01
"2020-10-03 19:16:50.2",4090879,-10,-10,-10,220,-0.002,-40.01
"2020-10-03 19:16:50.3",4090880,-10,-10,-10,220,-0.002,-40.01
"2020-10-03 19:16:50.4",4090881,-10,-10,-10,220,-0.002,-40.01
"2020-10-03 19:16:50.5",4090882,-10,-10,-10,220,-0.002,-40.01
"2020-10-03 19:16:50.6",4090883,-10,-10,-10,220,-0.002,-40.01
"2020-10-03 19:16:50.7",4090884,-10,-10,-10,220,-0.002,-40.01
"2020-10-03 19:16:50.8",4090885,-10,-10,-10,220,-0.002,-40.01
"2020-10-03 19:16:50.9",4090886,-10,-10,-10,220,-0.002,-40.01
