"TOA5","10329","CR6","10329","CR6.Std.09.01 CR6-WIFI.04.00.01","CPU:YOUNG81000_HMP60_10Hz.CR6","51185","Young10Hz_hmp"
"TIMESTAMP","RECORD","U","V","W","TSonic","RH","T_HMP60"
"TS","RN","mV","mV","mV","mV","%","Deg C"
"","","Smp","Smp","Smp","Smp","Smp","Smp"
"2020-10-03 03:44:28.9",3743197,-0.14,0.048,0.074,293.7,32.53,19.52
"2020-10-03 03:44:29",3743198,-0.14,0.048,0.074,293.7,32.56,19.57
"2020-10-03 03:44:29.1",3743199,-0.096,0.009,0.093,293.7,32.53,19.52
"2020-10-03 03:44:29.2",3743200,-0.096,0.009,0.093,293.7,32.54,19.52
"2020-10-03 03:44:29.3",3743201,-0.096,0.009,0.093,293.7,32.54,19.52
"2020-10-03 03:44:29.4",3743202,-0.14,0.048,0.074,293.7,32.55,19.52
"2020-10-03 03:44:29.5",3743203,-0.14,0.048,0.074,293.7,32.55,19.52
"2020-10-03 03:44:29.6",3743204,-0.076,-0.002,0.044,293.8,32.55,19.52
"2020-10-03 03:44:29.7",3743205,-0.076,-0.002,0.044,293.8,32.55,19.52
"2020-10-03 03:44:29.8",3743206,-0.077,-0.002,0.044,293.8,32.55,19.52
"2020-10-03 03:44:29.9",3743207,-0.086,0.009,0.015,293.8,32.55,19.52
"2020-10-03 03:44:30",3743208,-0.086,0.009,0.015,293.8,32.55,19.52
"2020-10-03 03:44:30.1",3743209,-0.076,-0.002,0.044,293.8,32.55,19.52
"2020-10-03 03:44:30.2",3743210,-0.076,-0.002,0.044,293.8,32.56,19.52
"2020-10-03 03:44:30.3",3743211,-0.077,-0.002,0.044,293.8,32.55,19.52
"2020-10-03 03:44:30.4",3743212,-0.076,-0.002,0.044,293.8,32.55,19.52
"2020-10-03 03:44:30.5",3743213,-0.076,-0.002,0.044,293.8,32.55,19.52
"2020-10-03 03:44:30.6",3743214,-0.077,-0.002,0.045,293.8,32.55,19.52
"2020-10-03 03:44:30.7",3743215,-0.076,-0.002,0.044,293.8,32.55,19.52
"2020-10-03 03:44:30.8",3743216,-0.077,-0.002,0.044,293.8,32.55,19.52
"2020-10-03 03:44:30.9",3743217,-0.086,0.009,0.015,293.8,32.55,19.52
"2020-10-03 03:44:31",3743218,-0.086,0.008,0.015,293.8,32.55,19.52
"2020-10-03 03:44:31.1",3743219,-0.086,0.009,0.015,293.8,32.55,19.52
"2020-10-03 03:44:31.2",3743220,-0.086,0.009,0.015,293.8,32.55,19.52
"2020-10-03 03:44:31.3",3743221,-0.086,0.009,0.015,293.8,32.55,19.52
"2020-10-03 03:44:31.4",3743222,-0.12,-0.002,-0.006,293.8,32.55,19.52
"2020-10-03 03:44:31.5",3743223,-0.12,-0.002,-0.006,293.8,32.58,19.58
"2020-10-03 03:44:31.6",3743224,-0.067,-0.002,-0.015,293.7,32.55,19.52
"2020-10-03 03:44:31.7",3743225,-0.067,-0.002,-0.016,293.7,32.55,19.52
"2020-10-03 03:44:31.8",3743226,-0.067,-0.002,-0.016,293.7,32.55,19.52
"2020-10-03 03:44:31.9",3743227,-0.067,-0.002,-0.015,293.7,32.55,19.52
"2020-10-03 03:44:32",3743228,-0.067,-0.002,-0.016,293.7,32.55,19.52
"2020-10-03 03:44:32.1",3743229,-0.066,-0.002,-0.016,293.7,32.55,19.52
"2020-10-03 03:44:32.2",3743230,-0.067,-0.002,-0.016,293.7,32.55,19.52
"2020-10-03 03:44:32.3",3743231,-0.067,-0.002,-0.016,293.7,32.55,19.52
"2020-10-03 03:44:32.4",3743232,-0.047,0.009,-0.006,293.7,32.55,19.52
"2020-10-03 03:44:32.5",3743233,-0.047,0.009,-0.006,293.7,32.55,19.52
"2020-10-03 03:44:32.6",3743234,-0.047,0.009,-0.006,293.7,32.55,19.52
"2020-10-03 03:44:32.7",3743235,-0.047,0.009,-0.006,293.7,32.55,19.52
"2020-10-03 03:44:32.8",3743236,-0.047,0.009,-0.006,293.7,32.55,19.52
"2020-10-03 03:44:32.9",3743237,-0.086,0.009,0.015,293.7,32.55,19.52
"2020-10-03 03:44:33",3743238,-0.086,0.009,0.015,293.7,32.55,19.52
"2020-10-03 03:44:33.1",3743239,-0.047,0.009,-0.006,293.7,32.55,19.52
"2020-10-03 03:44:33.2",3743240,-0.047,0.009,-0.006,293.7,32.55,19.52
"2020-10-03 03:44:33.3",3743241,-0.047,0.009,-0.006,293.7,32.55,19.52
"2020-10-03 03:44:33.4",3743242,-0.047,0.009,-0.006,293.7,32.55,19.52
"2020-10-03 03:44:33.5",3743243,-0.047,0.009,-0.006,293.7,32.55,19.52
"2020-10-03 03:44:33.6",3743244,-0.067,-0.002,-0.016,293.7,32.55,19.52
"2020-10-03 03:44:33.7",3743245,-0.066,-0.002,-0.016,293.7,32.55,19.52
"2020-10-03 03:44:33.8",3743246,-0.067,-0.002,-0.016,293.7,32.55,19.52
"2020-10-03 03:44:33.9",3743247,-0.067,-0.002,-0.016,293.7,32.55,19.52
"2020-10-03 03:44:34",3743248,-0.066,-0.002,-0.016,293.7,32.58,19.58
"2020-10-03 03:44:34.1",3743249,-0.067,-0.002,-0.016,293.7,32.55,19.52
"2020-10-03 03:44:34.2",3743250,-0.067,-0.002,-0.016,293.7,32.55,19.52
"2020-10-03 03:44:34.3",3743251,-0.067,-0.002,-0.016,293.7,32.55,19.52
"2020-10-03 03:44:34.4",3743252,-0.047,0.009,-0.006,293.7,32.55,19.52
"2020-10-03 03:44:34.5",3743253,-0.047,0.009,-0.006,293.7,32.55,19.52
"2020-10-03 03:44:34.6",3743254,-0.008,0.009,-0.016,293.7,32.55,19.52
"2020-10-03 03:44:34.7",3743255,-0.008,0.009,-0.016,293.7,32.55,19.52
"2020-10-03 03:44:34.8",3743256,-0.008,0.009,-0.016,293.7,32.55,19.52
"2020-10-03 03:44:34.9",3743257,-0.066,0.048,-0.006,293.8,32.55,19.52
"2020-10-03 03:44:35",3743258,-0.066,0.048,-0.006,293.8,32.55,19.52
"2020-10-03 03:44:35.1",3743259,-0.047,0.009,-0.006,293.8,32.55,19.52
"2020-10-03 03:44:35.2",3743260,-0.047,0.009,-0.006,293.8,32.55,19.52
"2020-10-03 03:44:35.3",3743261,-0.047,0.009,-0.006,293.8,32.55,19.52
"2020-10-03 03:44:35.4",3743262,-0.067,-0.002,-0.016,293.8,32.55,19.52
"2020-10-03 03:44:35.5",3743263,-0.066,-0.002,-0.016,293.8,32.55,19.52
"2020-10-03 03:44:35.6",3743264,-0.008,0.009,-0.016,293.9,32.55,19.52
"2020-10-03 03:44:35.7",3743265,-0.008,0.009,-0.016,293.9,32.55,19.52
"2020-10-03 03:44:35.8",3743266,-0.008,0.009,-0.016,293.9,32.55,19.52
"2020-10-03 03:44:35.9",3743267,-0.008,0.009,-0.016,293.9,32.55,19.52
"2020-10-03 03:44:36",3743268,-0.008,0.009,-0.016,293.9,32.55,19.52
"2020-10-03 03:44:36.1",3743269,-0.028,0.038,-0.035,293.9,32.55,19.52
"2020-10-03 03:44:36.2",3743270,-0.028,0.038,-0.035,293.9,32.55,19.52
"2020-10-03 03:44:36.3",3743271,-0.028,0.038,-0.035,293.9,32.55,19.52
"2020-10-03 03:44:36.4",3743272,-0.028,0.038,-0.035,293.9,32.55,19.52
"2020-10-03 03:44:36.5",3743273,-0.027,0.038,-0.035,293.9,32.61,19.58
"2020-10-03 03:44:36.6",3743274,-0.028,0.038,-0.035,293.9,32.55,19.52
"2020-10-03 03:44:36.7",3743275,-0.028,0.038,-0.035,293.9,32.55,19.52
"2020-10-03 03:44:36.8",3743276,-0.028,0.038,-0.035,293.9,32.55,19.52
"2020-10-03 03:44:36.9",3743277,-0.027,0.038,-0.035,293.9,32.55,19.52
"2020-10-03 03:44:37",3743278,-0.028,0.038,-0.035,293.9,32.55,19.52
"2020-10-03 03:44:37.1",3743279,-0.028,0.038,-0.035,293.9,32.55,19.52
"2020-10-03 03:44:37.2",3743280,-0.027,0.038,-0.035,293.9,32.55,19.52
"2020-10-03 03:44:37.3",3743281,-0.027,0.038,-0.035,293.9,32.55,19.52
"2020-10-03 03:44:37.4",3743282,-0.008,0.009,-0.016,293.9,32.55,19.52
"2020-10-03 03:44:37.5",3743283,-0.008,0.009,-0.016,293.9,32.55,19.52
"2020-10-03 03:44:37.6",3743284,-0.008,0.009,-0.016,293.9,32.55,19.52
"2020-10-03 03:44:37.7",3743285,-0.008,0.009,-0.016,293.9,32.55,19.52
"2020-10-03 03:44:37.8",3743286,-0.008,0.009,-0.016,293.9,32.55,19.54
"2020-10-03 03:44:37.9",3743287,-0.047,0.009,-0.006,293.9,32.55,19.52
"2020-10-03 03:44:38",3743288,-0.047,0.009,-0.006,293.9,32.55,19.52
"2020-10-03 03:44:38.1",3743289,-0.008,0.038,-0.006,293.9,32.55,19.52
"2020-10-03 03:44:38.2",3743290,-0.008,0.038,-0.006,293.9,32.55,19.52
"2020-10-03 03:44:38.3",3743291,-0.008,0.038,-0.006,293.9,32.55,19.52
"2020-10-03 03:44:38.4",3743292,-0.047,0.009,-0.006,293.9,32.55,19.52
"2020-10-03 03:44:38.5",3743293,-0.047,0.009,-0.006,293.9,32.55,19.52
"2020-10-03 03:44:38.6",3743294,-0.047,0.009,-0.006,293.9,32.55,19.52
"2020-10-03 03:44:38.7",3743295,-0.047,0.009,-0.006,293.9,32.55,19.52
"2020-10-03 03:44:38.8",3743296,-0.047,0.009,-0.006,293.9,32.55,19.52
"2020-10-03 03:44:38.9",3743297,-0.047,0.009,-0.006,293.9,32.55,19.52
"2020-10-03 03:44:39",3743298,-0.047,0.009,-0.006,293.9,32.6,19.57
"2020-10-03 03:44:39.1",3743299,-0.008,0.009,-0.016,293.9,32.55,19.52
"2020-10-03 03:44:39.2",3743300,-0.008,0.009,-0.016,293.9,32.55,19.52
"2020-10-03 03:44:39.3",3743301,-0.008,0.009,-0.016,293.9,32.55,19.52
"2020-10-03 03:44:39.4",3743302,-0.008,0.009,-0.016,293.9,32.55,19.52
"2020-10-03 03:44:39.5",3743303,-0.008,0.009,-0.016,293.9,32.55,19.52
"2020-10-03 03:44:39.6",3743304,-0.008,0.009,-0.016,293.9,32.55,19.52
"2020-10-03 03:44:39.7",3743305,-0.008,0.009,-0.016,293.9,32.55,19.52
"2020-10-03 03:44:39.8",3743306,-0.008,0.009,-0.016,293.9,32.55,19.52
"2020-10-03 03:44:39.9",3743307,-0.008,0.038,-0.006,293.9,32.55,19.52
"2020-10-03 03:44:40",3743308,-0.008,0.038,-0.006,293.9,32.55,19.52
"2020-10-03 03:44:40.1",3743309,-0.008,0.038,-0.006,293.9,32.55,19.52
"2020-10-03 03:44:40.2",3743310,-0.008,0.038,-0.006,293.9,32.55,19.52
"2020-10-03 03:44:40.3",3743311,-0.008,0.038,-0.006,293.9,32.55,19.55
"2020-10-03 03:44:40.4",3743312,-0.028,0.048,-0.035,293.8,32.55,19.52
"2020-10-03 03:44:40.5",3743313,-0.028,0.048,-0.035,293.8,32.55,19.52
"2020-10-03 03:44:40.6",3743314,-0.027,0.048,-0.035,293.8,32.55,19.52
"2020-10-03 03:44:40.7",3743315,-0.028,0.048,-0.035,293.8,32.55,19.52
"2020-10-03 03:44:40.8",3743316,-0.028,0.047,-0.035,293.8,32.55,19.52
"2020-10-03 03:44:40.9",3743317,-0.028,0.048,-0.035,293.8,32.55,19.52
"2020-10-03 03:44:41",3743318,-0.027,0.048,-0.035,293.8,32.55,19.52
"2020-10-03 03:44:41.1",3743319,-0.028,0.048,-0.035,293.8,32.55,19.52
"2020-10-03 03:44:41.2",3743320,-0.028,0.047,-0.035,293.8,32.55,19.52
"2020-10-03 03:44:41.3",3743321,-0.028,0.048,-0.035,293.8,32.55,19.52
"2020-10-03 03:44:41.4",3743322,0.012,0.077,-0.035,293.8,32.55,19.52
"2020-10-03 03:44:41.5",3743323,0.012,0.077,-0.035,293.8,32.6,19.54
"2020-10-03 03:44:41.6",3743324,-0.008,0.038,-0.006,293.9,32.55,19.52
"2020-10-03 03:44:41.7",3743325,-0.008,0.038,-0.006,293.9,32.55,19.52
"2020-10-03 03:44:41.8",3743326,-0.008,0.038,-0.006,293.9,32.55,19.52
"2020-10-03 03:44:41.9",3743327,-0.008,0.009,-0.016,293.9,32.55,19.52
"2020-10-03 03:44:42",3743328,-0.008,0.009,-0.016,293.9,32.55,19.52
"2020-10-03 03:44:42.1",3743329,-0.008,0.009,-0.016,293.9,32.55,19.52
"2020-10-03 03:44:42.2",3743330,-0.008,0.009,-0.016,293.9,32.55,19.52
"2020-10-03 03:44:42.3",3743331,-0.008,0.009,-0.016,293.9,32.55,19.52
"2020-10-03 03:44:42.4",3743332,-0.008,0.038,-0.006,293.9,32.55,19.52
"2020-10-03 03:44:42.5",3743333,-0.008,0.038,-0.006,293.9,32.55,19.52
"2020-10-03 03:44:42.6",3743334,-0.008,0.038,-0.006,293.8,32.55,19.52
"2020-10-03 03:44:42.7",3743335,-0.008,0.038,-0.006,293.8,32.55,19.52
"2020-10-03 03:44:42.8",3743336,-0.008,0.038,-0.006,293.8,32.55,19.55
"2020-10-03 03:44:42.9",3743337,-0.047,0.009,-0.006,293.6,32.55,19.52
"2020-10-03 03:44:43",3743338,-0.047,0.009,-0.006,293.6,32.54,19.52
"2020-10-03 03:44:43.1",3743339,-0.066,0.048,-0.006,293.6,32.54,19.52
"2020-10-03 03:44:43.2",3743340,-0.067,0.048,-0.006,293.6,32.53,19.52
"2020-10-03 03:44:43.3",3743341,-0.067,0.048,-0.006,293.6,32.53,19.52
"2020-10-03 03:44:43.4",3743342,-0.028,0.048,0.025,293.7,32.53,19.52
"2020-10-03 03:44:43.5",3743343,-0.028,0.048,0.025,293.7,32.53,19.52
"2020-10-03 03:44:43.6",3743344,-0.047,0.067,-0.006,293.5,32.53,19.52
"2020-10-03 03:44:43.7",3743345,-0.047,0.067,-0.006,293.5,32.53,19.52
"2020-10-03 03:44:43.8",3743346,-0.047,0.067,-0.006,293.5,32.53,19.52
"2020-10-03 03:44:43.9",3743347,-0.047,0.067,-0.006,293.5,32.53,19.52
"2020-10-03 03:44:44",3743348,-0.047,0.067,-0.006,293.5,32.59,19.52
"2020-10-03 03:44:44.1",3743349,-0.047,0.009,-0.006,293.5,32.53,19.52
"2020-10-03 03:44:44.2",3743350,-0.047,0.009,-0.006,293.5,32.53,19.52
"2020-10-03 03:44:44.3",3743351,-0.047,0.009,-0.006,293.5,32.53,19.52
"2020-10-03 03:44:44.4",3743352,-0.008,0.028,-0.006,293.3,32.53,19.52
"2020-10-03 03:44:44.5",3743353,-0.008,0.028,-0.006,293.3,32.53,19.52
"2020-10-03 03:44:44.6",3743354,-0.018,0.038,0.025,293.3,32.53,19.52
"2020-10-03 03:44:44.7",3743355,-0.018,0.038,0.025,293.3,32.53,19.52
"2020-10-03 03:44:44.8",3743356,-0.018,0.038,0.025,293.3,32.53,19.52
"2020-10-03 03:44:44.9",3743357,-0.008,0.028,-0.006,293.3,32.53,19.52
"2020-10-03 03:44:45",3743358,-0.008,0.028,-0.006,293.3,32.53,19.52
"2020-10-03 03:44:45.1",3743359,-0.008,0.028,-0.006,293.3,32.53,19.52
"2020-10-03 03:44:45.2",3743360,-0.008,0.028,-0.006,293.3,32.53,19.52
"2020-10-03 03:44:45.3",3743361,-0.008,0.028,-0.006,293.3,32.56,19.56
"2020-10-03 03:44:45.4",3743362,-0.028,-0.002,-0.006,293.3,32.53,19.52
"2020-10-03 03:44:45.5",3743363,-0.027,-0.002,-0.006,293.3,32.53,19.52
"2020-10-03 03:44:45.6",3743364,-0.027,-0.002,-0.006,293.3,32.53,19.52
"2020-10-03 03:44:45.7",3743365,-0.027,-0.002,-0.006,293.3,32.53,19.52
"2020-10-03 03:44:45.8",3743366,-0.028,-0.002,-0.006,293.3,32.53,19.52
"2020-10-03 03:44:45.9",3743367,-0.028,-0.002,-0.006,293.3,32.53,19.52
"2020-10-03 03:44:46",3743368,-0.028,-0.002,-0.006,293.3,32.53,19.52
"2020-10-03 03:44:46.1",3743369,-0.028,-0.002,-0.006,293.3,32.53,19.52
"2020-10-03 03:44:46.2",3743370,-0.028,-0.002,-0.006,293.3,32.53,19.52
"2020-10-03 03:44:46.3",3743371,-0.028,-0.002,-0.006,293.3,32.53,19.52
"2020-10-03 03:44:46.4",3743372,-0.018,-0.002,0.015,293.3,32.53,19.52
"2020-10-03 03:44:46.5",3743373,-0.018,-0.002,0.015,293.3,32.56,19.52
"2020-10-03 03:44:46.6",3743374,-0.008,-0.002,-0.006,293.3,32.53,19.52
"2020-10-03 03:44:46.7",3743375,-0.008,-0.002,-0.006,293.3,32.53,19.52
"2020-10-03 03:44:46.8",3743376,-0.008,-0.002,-0.006,293.3,32.53,19.52
"2020-10-03 03:44:46.9",3743377,-0.008,0.009,-0.016,293.4,32.53,19.52
"2020-10-03 03:44:47",3743378,-0.008,0.009,-0.015,293.4,32.53,19.52
"2020-10-03 03:44:47.1",3743379,-0.047,0.009,-0.006,293.5,32.53,19.52
"2020-10-03 03:44:47.2",3743380,-0.047,0.009,-0.006,293.5,32.53,19.52
"2020-10-03 03:44:47.3",3743381,-0.047,0.009,-0.006,293.4,32.53,19.52
"2020-10-03 03:44:47.4",3743382,-0.028,-0.002,0.025,293.5,32.53,19.52
"2020-10-03 03:44:47.5",3743383,-0.028,-0.002,0.025,293.5,32.53,19.52
"2020-10-03 03:44:47.6",3743384,-0.008,-0.002,-0.006,293.5,32.53,19.52
"2020-10-03 03:44:47.7",3743385,-0.008,-0.002,-0.006,293.5,32.53,19.52
"2020-10-03 03:44:47.8",3743386,-0.008,-0.002,-0.006,293.5,32.56,19.58
"2020-10-03 03:44:47.9",3743387,-0.008,-0.002,-0.006,293.5,32.53,19.52
"2020-10-03 03:44:48",3743388,-0.008,-0.002,-0.006,293.5,32.53,19.52
"2020-10-03 03:44:48.1",3743389,-0.018,-0.041,0.044,293.6,32.53,19.52
"2020-10-03 03:44:48.2",3743390,-0.018,-0.041,0.044,293.6,32.53,19.52
"2020-10-03 03:44:48.3",3743391,-0.018,-0.041,0.044,293.6,32.53,19.52
"2020-10-03 03:44:48.4",3743392,-0.018,-0.041,0.044,293.6,32.53,19.52
"2020-10-03 03:44:48.5",3743393,-0.018,-0.041,0.044,293.6,32.53,19.52
"2020-10-03 03:44:48.6",3743394,-0.018,-0.041,0.044,293.6,32.53,19.52
"2020-10-03 03:44:48.7",3743395,-0.018,-0.041,0.044,293.6,32.53,19.52
"2020-10-03 03:44:48.8",3743396,-0.018,-0.041,0.044,293.6,32.53,19.52
"2020-10-03 03:44:48.9",3743397,-0.018,-0.041,0.044,293.6,32.53,19.52
"2020-10-03 03:44:49",3743398,-0.018,-0.041,0.044,293.6,32.54,19.52
"2020-10-03 03:44:49.1",3743399,-0.028,-0.002,0.025,293.7,32.53,19.52
"2020-10-03 03:44:49.2",3743400,-0.028,-0.002,0.025,293.7,32.53,19.52
"2020-10-03 03:44:49.3",3743401,-0.028,-0.002,0.025,293.7,32.53,19.52
"2020-10-03 03:44:49.4",3743402,-0.008,-0.002,-0.006,293.6,32.53,19.52
"2020-10-03 03:44:49.5",3743403,-0.008,-0.002,-0.006,293.6,32.53,19.52
"2020-10-03 03:44:49.6",3743404,-0.008,-0.031,-0.015,293.6,32.53,19.52
"2020-10-03 03:44:49.7",3743405,-0.008,-0.031,-0.016,293.6,32.53,19.52
"2020-10-03 03:44:49.8",3743406,-0.008,-0.031,-0.016,293.6,32.53,19.52
"2020-10-03 03:44:49.9",3743407,-0.008,-0.002,-0.006,293.7,32.53,19.52
"2020-10-03 03:44:50",3743408,-0.008,-0.002,-0.006,293.7,32.53,19.52
"2020-10-03 03:44:50.1",3743409,0.022,-0.002,-0.016,293.7,32.53,19.52
"2020-10-03 03:44:50.2",3743410,0.022,-0.002,-0.015,293.7,32.53,19.52
"2020-10-03 03:44:50.3",3743411,0.022,-0.002,-0.016,293.7,32.56,19.58
"2020-10-03 03:44:50.4",3743412,-0.008,-0.002,-0.006,293.8,32.53,19.52
"2020-10-03 03:44:50.5",3743413,-0.008,-0.002,-0.006,293.8,32.53,19.52
"2020-10-03 03:44:50.6",3743414,-0.008,-0.031,-0.016,293.7,32.53,19.52
"2020-10-03 03:44:50.7",3743415,-0.008,-0.031,-0.016,293.7,32.53,19.52
"2020-10-03 03:44:50.8",3743416,-0.008,-0.031,-0.016,293.7,32.53,19.52
"2020-10-03 03:44:50.9",3743417,-0.008,-0.031,-0.016,293.7,32.53,19.52
"2020-10-03 03:44:51",3743418,-0.008,-0.031,-0.016,293.7,32.53,19.52
"2020-10-03 03:44:51.1",3743419,-0.028,-0.07,0.015,293.7,32.53,19.52
"2020-10-03 03:44:51.2",3743420,-0.028,-0.07,0.015,293.7,32.53,19.52
"2020-10-03 03:44:51.3",3743421,-0.028,-0.07,0.015,293.7,32.53,19.52
"2020-10-03 03:44:51.4",3743422,-0.028,-0.07,0.015,293.7,32.53,19.52
"2020-10-03 03:44:51.5",3743423,-0.028,-0.07,0.015,293.7,32.53,19.52
"2020-10-03 03:44:51.6",3743424,-0.018,-0.07,-0.006,293.7,32.53,19.52
"2020-10-03 03:44:51.7",3743425,-0.018,-0.07,-0.006,293.7,32.53,19.52
"2020-10-03 03:44:51.8",3743426,-0.018,-0.07,-0.006,293.7,32.53,19.52
"2020-10-03 03:44:51.9",3743427,-0.018,-0.07,-0.006,293.7,32.53,19.52
"2020-10-03 03:44:52",3743428,-0.018,-0.07,-0.006,293.7,32.53,19.52
"2020-10-03 03:44:52.1",3743429,-0.018,-0.07,-0.006,293.7,32.53,19.52
"2020-10-03 03:44:52.2",3743430,-0.018,-0.07,-0.006,293.7,32.53,19.52
"2020-10-03 03:44:52.3",3743431,-0.018,-0.07,-0.006,293.7,32.53,19.52
"2020-10-03 03:44:52.4",3743432,-0.018,-0.07,-0.006,293.7,32.53,19.52
"2020-10-03 03:44:52.5",3743433,-0.018,-0.07,-0.006,293.7,32.53,19.52
"2020-10-03 03:44:52.6",3743434,-0.018,-0.07,-0.006,293.7,32.53,19.52
"2020-10-03 03:44:52.7",3743435,-0.018,-0.07,-0.006,293.7,32.53,19.52
"2020-10-03 03:44:52.8",3743436,-0.018,-0.07,-0.006,293.7,32.58,19.58
"2020-10-03 03:44:52.9",3743437,-0.018,-0.07,-0.006,293.7,32.53,19.52
"2020-10-03 03:44:53",3743438,-0.018,-0.07,-0.006,293.7,32.53,19.52
"2020-10-03 03:44:53.1",3743439,-0.018,-0.07,-0.006,293.7,32.53,19.52
"2020-10-03 03:44:53.2",3743440,-0.018,-0.07,-0.006,293.7,32.53,19.52
"2020-10-03 03:44:53.3",3743441,-0.018,-0.07,-0.006,293.7,32.53,19.52
"2020-10-03 03:44:53.4",3743442,-0.028,-0.08,-0.035,293.8,32.53,19.52
"2020-10-03 03:44:53.5",3743443,-0.027,-0.08,-0.035,293.8,32.53,19.52
"2020-10-03 03:44:53.6",3743444,-0.008,-0.031,-0.016,293.7,32.53,19.52
"2020-10-03 03:44:53.7",3743445,-0.008,-0.031,-0.016,293.7,32.53,19.52
"2020-10-03 03:44:53.8",3743446,-0.008,-0.032,-0.016,293.7,32.53,19.52
"2020-10-03 03:44:53.9",3743447,-0.008,-0.031,-0.016,293.7,32.53,19.52
"2020-10-03 03:44:54",3743448,-0.008,-0.031,-0.015,293.7,32.53,19.52
"2020-10-03 03:44:54.1",3743449,-0.008,-0.031,-0.015,293.7,32.53,19.52
"2020-10-03 03:44:54.2",3743450,-0.008,-0.031,-0.016,293.7,32.53,19.52
"2020-10-03 03:44:54.3",3743451,-0.008,-0.031,-0.016,293.7,32.53,19.52
"2020-10-03 03:44:54.4",3743452,-0.008,-0.031,-0.015,293.7,32.53,19.52
"2020-10-03 03:44:54.5",3743453,-0.008,-0.031,-0.016,293.7,32.53,19.52
"2020-10-03 03:44:54.6",3743454,-0.008,-0.031,-0.016,293.7,32.53,19.52
"2020-10-03 03:44:54.7",3743455,-0.008,-0.032,-0.016,293.7,32.53,19.52
"2020-10-03 03:44:54.8",3743456,-0.008,-0.031,-0.016,293.7,32.53,19.52
"2020-10-03 03:44:54.9",3743457,-0.018,-0.07,-0.006,293.8,32.53,19.52
"2020-10-03 03:44:55",3743458,-0.018,-0.07,-0.006,293.8,32.53,19.52
"2020-10-03 03:44:55.1",3743459,-0.018,-0.07,-0.006,293.8,32.53,19.52
"2020-10-03 03:44:55.2",3743460,-0.018,-0.07,-0.006,293.8,32.53,19.52
"2020-10-03 03:44:55.3",3743461,-0.018,-0.071,-0.006,293.8,32.59,19.57
"2020-10-03 03:44:55.4",3743462,-0.018,-0.07,-0.006,293.8,32.53,19.52
"2020-10-03 03:44:55.5",3743463,-0.018,-0.07,-0.006,293.8,32.53,19.52
"2020-10-03 03:44:55.6",3743464,-0.028,-0.07,0.015,293.7,32.53,19.52
"2020-10-03 03:44:55.7",3743465,-0.027,-0.07,0.015,293.7,32.53,19.52
"2020-10-03 03:44:55.8",3743466,-0.028,-0.07,0.015,293.7,32.53,19.52
"2020-10-03 03:44:55.9",3743467,-0.027,-0.07,0.015,293.7,32.53,19.52
"2020-10-03 03:44:56",3743468,-0.028,-0.07,0.015,293.7,32.53,19.52
"2020-10-03 03:44:56.1",3743469,-0.047,-0.041,-0.006,293.8,32.53,19.52
"2020-10-03 03:44:56.2",3743470,-0.047,-0.041,-0.006,293.8,32.53,19.52
"2020-10-03 03:44:56.3",3743471,-0.047,-0.041,-0.006,293.8,32.53,19.52
"2020-10-03 03:44:56.4",3743472,-0.047,-0.041,-0.006,293.8,32.53,19.52
"2020-10-03 03:44:56.5",3743473,-0.047,-0.041,-0.006,293.8,32.53,19.52
"2020-10-03 03:44:56.6",3743474,-0.008,-0.031,-0.016,293.8,32.53,19.55
"2020-10-03 03:44:56.7",3743475,-0.008,-0.031,-0.015,293.8,32.53,19.52
"2020-10-03 03:44:56.8",3743476,-0.008,-0.031,-0.016,293.8,32.53,19.52
"2020-10-03 03:44:56.9",3743477,-0.008,-0.002,-0.006,293.8,32.53,19.52
"2020-10-03 03:44:57",3743478,-0.008,-0.002,-0.006,293.8,32.53,19.52
"2020-10-03 03:44:57.1",3743479,-0.008,-0.002,-0.006,293.8,32.53,19.52
"2020-10-03 03:44:57.2",3743480,-0.008,-0.002,-0.006,293.8,32.53,19.52
"2020-10-03 03:44:57.3",3743481,-0.008,-0.002,-0.006,293.8,32.53,19.52
"2020-10-03 03:44:57.4",3743482,-0.008,-0.002,-0.006,293.8,32.53,19.52
"2020-10-03 03:44:57.5",3743483,-0.008,-0.002,-0.006,293.8,32.53,19.52
"2020-10-03 03:44:57.6",3743484,-0.008,-0.002,-0.006,293.8,32.53,19.52
"2020-10-03 03:44:57.7",3743485,-0.008,-0.002,-0.006,293.8,32.53,19.52
"2020-10-03 03:44:57.8",3743486,-0.008,-0.002,-0.006,293.8,32.58,19.54
"2020-10-03 03:44:57.9",3743487,-0.008,-0.002,-0.006,293.8,32.53,19.52
"2020-10-03 03:44:58",3743488,-0.008,-0.002,-0.006,293.8,32.53,19.52
"2020-10-03 03:44:58.1",3743489,-0.008,-0.002,-0.006,293.8,32.53,19.52
"2020-10-03 03:44:58.2",3743490,-0.008,-0.002,-0.006,293.8,32.53,19.52
"2020-10-03 03:44:58.3",3743491,-0.008,-0.002,-0.006,293.8,32.53,19.52
"2020-10-03 03:44:58.4",3743492,-0.008,-0.002,-0.006,293.8,32.53,19.52
"2020-10-03 03:44:58.5",3743493,-0.008,-0.002,-0.006,293.8,32.53,19.52
"2020-10-03 03:44:58.6",3743494,-0.008,-0.002,-0.006,293.8,32.53,19.52
"2020-10-03 03:44:58.7",3743495,-0.008,-0.002,-0.006,293.8,32.53,19.52
"2020-10-03 03:44:58.8",3743496,-0.008,-0.002,-0.006,293.8,32.53,19.52
"2020-10-03 03:44:58.9",3743497,-0.008,-0.002,-0.006,293.8,32.53,19.52
"2020-10-03 03:44:59",3743498,-0.008,-0.002,-0.006,293.8,32.53,19.52
"2020-10-03 03:44:59.1",3743499,-0.008,-0.002,-0.006,293.8,32.53,19.55
"2020-10-03 03:44:59.2",3743500,-0.008,-0.002,-0.006,293.8,32.54,19.52
"2020-10-03 03:44:59.3",3743501,-0.008,-0.002,-0.006,293.8,32.54,19.52
"2020-10-03 03:44:59.4",3743502,-0.008,-0.002,-0.006,293.8,32.54,19.52
"2020-10-03 03:44:59.5",3743503,-0.008,-0.002,-0.006,293.8,32.55,19.52
"2020-10-03 03:44:59.6",3743504,-0.008,-0.002,-0.006,293.8,32.55,19.52
"2020-10-03 03:44:59.7",3743505,-0.008,-0.002,-0.006,293.8,32.55,19.52
"2020-10-03 03:44:59.8",3743506,-0.008,-0.002,-0.006,293.8,32.55,19.52
"2020-10-03 03:44:59.9",3743507,-0.008,-0.002,-0.006,293.8,32.55,19.52
"2020-10-03 03:45:00",3743508,-0.008,-0.002,-0.006,293.8,32.55,19.52
"2020-10-03 03:45:00.1",3743509,-0.008,-0.002,-0.006,293.8,32.55,19.52
"2020-10-03 03:45:00.2",3743510,-0.008,-0.002,-0.006,293.8,32.55,19.52
"2020-10-03 03:45:00.3",3743511,-0.008,-0.002,-0.006,293.8,32.59,19.52
"2020-10-03 03:45:00.4",3743512,-0.008,-0.002,-0.006,293.8,32.55,19.52
"2020-10-03 03:45:00.5",3743513,-0.008,-0.002,-0.006,293.8,32.55,19.52
"2020-10-03 03:45:00.6",3743514,-0.008,-0.002,-0.006,293.8,32.55,19.52
"2020-10-03 03:45:00.7",3743515,-0.008,-0.002,-0.006,293.8,32.55,19.52
"2020-10-03 03:45:00.8",3743516,-0.008,-0.002,-0.006,293.8,32.55,19.52
"2020-10-03 03:45:00.9",3743517,-0.008,-0.002,-0.006,293.8,32.55,19.52
"2020-10-03 03:45:01",3743518,-0.008,-0.002,-0.006,293.8,32.55,19.52
"2020-10-03 03:45:01.1",3743519,-0.028,-0.002,0.025,293.8,32.55,19.52
"2020-10-03 03:45:01.2",3743520,-0.028,-0.002,0.025,293.8,32.55,19.52
"2020-10-03 03:45:01.3",3743521,-0.028,-0.002,0.025,293.8,32.55,19.52
"2020-10-03 03:45:01.4",3743522,-0.028,-0.002,0.025,293.8,32.55,19.52
"2020-10-03 03:45:01.5",3743523,-0.028,-0.002,0.025,293.8,32.55,19.52
"2020-10-03 03:45:01.6",3743524,-0.028,-0.002,0.025,293.8,32.58,19.55
"2020-10-03 03:45:01.7",3743525,-0.028,-0.002,0.025,293.8,32.55,19.52
"2020-10-03 03:45:01.8",3743526,-0.028,-0.002,0.025,293.8,32.55,19.52
"2020-10-03 03:45:01.9",3743527,-0.028,-0.002,0.025,293.8,32.55,19.52
"2020-10-03 03:45:02",3743528,-0.028,-0.002,0.025,293.8,32.55,19.52
"2020-10-03 03:45:02.1",3743529,-0.028,-0.002,0.025,293.8,32.55,19.52
"2020-10-03 03:45:02.2",3743530,-0.028,-0.002,0.025,293.8,32.55,19.52
"2020-10-03 03:45:02.3",3743531,-0.028,-0.002,0.025,293.8,32.55,19.52
"2020-10-03 03:45:02.4",3743532,-0.027,-0.002,0.025,293.8,32.55,19.52
"2020-10-03 03:45:02.5",3743533,-0.028,-0.002,0.025,293.8,32.55,19.52
"2020-10-03 03:45:02.6",3743534,-0.028,-0.002,0.025,293.8,32.55,19.52
"2020-10-03 03:45:02.7",3743535,-0.028,-0.002,0.025,293.8,32.55,19.52
"2020-10-03 03:45:02.8",3743536,-0.028,-0.002,0.025,293.8,32.57,19.52
"2020-10-03 03:45:02.9",3743537,-0.028,-0.002,0.025,293.8,32.55,19.52
"2020-10-03 03:45:03",3743538,-0.028,-0.002,0.025,293.8,32.55,19.52
"2020-10-03 03:45:03.1",3743539,-0.028,-0.002,0.025,293.8,32.55,19.52
"2020-10-03 03:45:03.2",3743540,-0.027,-0.002,0.025,293.8,32.55,19.52
"2020-10-03 03:45:03.3",3743541,-0.028,-0.002,0.025,293.8,32.55,19.52
"2020-10-03 03:45:03.4",3743542,-0.028,-0.002,0.025,293.8,32.55,19.52
"2020-10-03 03:45:03.5",3743543,-0.028,-0.002,0.025,293.8,32.55,19.52
"2020-10-03 03:45:03.6",3743544,-0.028,-0.002,0.025,293.8,32.55,19.52
"2020-10-03 03:45:03.7",3743545,-0.027,-0.002,0.025,293.8,32.55,19.52
"2020-10-03 03:45:03.8",3743546,-0.028,-0.002,0.025,293.8,32.55,19.52
"2020-10-03 03:45:03.9",3743547,-0.028,-0.002,0.025,293.8,32.55,19.52
"2020-10-03 03:45:04",3743548,-0.027,-0.002,0.025,293.8,32.55,19.52
"2020-10-03 03:45:04.1",3743549,-0.077,-0.002,0.044,293.8,32.58,19.58
"2020-10-03 03:45:04.2",3743550,-0.076,-0.002,0.045,293.8,32.55,19.52
"2020-10-03 03:45:04.3",3743551,-0.076,-0.002,0.044,293.8,32.55,19.52
"2020-10-03 03:45:04.4",3743552,-0.086,0.009,0.015,293.7,32.55,19.52
"2020-10-03 03:45:04.5",3743553,-0.086,0.009,0.015,293.7,32.55,19.52
"2020-10-03 03:45:04.6",3743554,-0.076,-0.002,0.044,293.8,32.55,19.52
"2020-10-03 03:45:04.7",3743555,-0.076,-0.002,0.044,293.8,32.55,19.52
"2020-10-03 03:45:04.8",3743556,-0.077,-0.002,0.044,293.8,32.55,19.52
"2020-10-03 03:45:04.9",3743557,-0.086,0.009,0.015,293.7,32.55,19.52
"2020-10-03 03:45:05",3743558,-0.086,0.009,0.015,293.7,32.55,19.52
"2020-10-03 03:45:05.1",3743559,-0.076,-0.002,0.044,293.8,32.55,19.52
"2020-10-03 03:45:05.2",3743560,-0.076,-0.002,0.044,293.8,32.55,19.52
"2020-10-03 03:45:05.3",3743561,-0.076,-0.002,0.044,293.8,32.55,19.52
"2020-10-03 03:45:05.4",3743562,-0.028,-0.002,0.025,293.7,32.55,19.52
"2020-10-03 03:45:05.5",3743563,-0.028,-0.002,0.025,293.7,32.55,19.52
"2020-10-03 03:45:05.6",3743564,-0.076,-0.002,0.044,293.7,32.55,19.52
"2020-10-03 03:45:05.7",3743565,-0.076,-0.002,0.045,293.7,32.55,19.52
"2020-10-03 03:45:05.8",3743566,-0.077,-0.002,0.044,293.7,32.55,19.52
"2020-10-03 03:45:05.9",3743567,-0.076,0.057,0.045,293.8,32.55,19.52
"2020-10-03 03:45:06",3743568,-0.076,0.057,0.044,293.8,32.55,19.52
"2020-10-03 03:45:06.1",3743569,-0.028,0.048,0.025,293.7,32.55,19.52
"2020-10-03 03:45:06.2",3743570,-0.027,0.048,0.025,293.7,32.55,19.52
"2020-10-03 03:45:06.3",3743571,-0.028,0.048,0.025,293.7,32.55,19.52
"2020-10-03 03:45:06.4",3743572,-0.028,0.048,0.025,293.7,32.55,19.52
"2020-10-03 03:45:06.5",3743573,-0.028,0.048,0.025,293.7,32.55,19.52
"2020-10-03 03:45:06.6",3743574,-0.066,0.058,0.045,293.6,32.58,19.58
"2020-10-03 03:45:06.7",3743575,-0.067,0.057,0.044,293.6,32.55,19.52
"2020-10-03 03:45:06.8",3743576,-0.067,0.057,0.044,293.6,32.55,19.52
"2020-10-03 03:45:06.9",3743577,-0.077,0.111,0.025,293.4,32.55,19.52
"2020-10-03 03:45:07",3743578,-0.076,0.111,0.025,293.5,32.55,19.52
"2020-10-03 03:45:07.1",3743579,-0.105,0.111,-0.006,293.4,32.55,19.52
"2020-10-03 03:45:07.2",3743580,-0.106,0.111,-0.006,293.4,32.55,19.52
"2020-10-03 03:45:07.3",3743581,-0.106,0.111,-0.006,293.4,32.55,19.52
"2020-10-03 03:45:07.4",3743582,-0.12,0.097,-0.006,293.1,32.55,19.52
"2020-10-03 03:45:07.5",3743583,-0.12,0.097,-0.006,293.1,32.55,19.52
"2020-10-03 03:45:07.6",3743584,-0.12,0.097,-0.006,293.1,32.55,19.52
"2020-10-03 03:45:07.7",3743585,-0.12,0.097,-0.006,293.1,32.55,19.52
"2020-10-03 03:45:07.8",3743586,-0.121,0.097,-0.006,293.1,32.55,19.52
"2020-10-03 03:45:07.9",3743587,-0.13,0.111,-0.054,293.5,32.55,19.52
"2020-10-03 03:45:08",3743588,-0.13,0.111,-0.055,293.5,32.55,19.52
"2020-10-03 03:45:08.1",3743589,-0.047,0.121,-0.045,293.5,32.55,19.52
"2020-10-03 03:45:08.2",3743590,-0.047,0.121,-0.045,293.5,32.55,19.52
"2020-10-03 03:45:08.3",3743591,-0.047,0.121,-0.045,293.5,32.55,19.52
"2020-10-03 03:45:08.4",3743592,-0.067,0.18,-0.065,293.7,32.55,19.52
"2020-10-03 03:45:08.5",3743593,-0.067,0.18,-0.064,293.7,32.55,19.52
"2020-10-03 03:45:08.6",3743594,-0.028,0.121,-0.035,293.6,32.55,19.52
"2020-10-03 03:45:08.7",3743595,-0.027,0.121,-0.035,293.6,32.55,19.52
"2020-10-03 03:45:08.8",3743596,-0.028,0.121,-0.035,293.6,32.55,19.52
"2020-10-03 03:45:08.9",3743597,-0.008,0.067,-0.016,293.6,32.55,19.52
"2020-10-03 03:45:09",3743598,-0.008,0.067,-0.016,293.6,32.55,19.52
"2020-10-03 03:45:09.1",3743599,-0.028,0.047,-0.035,293.5,32.61,19.58
"2020-10-03 03:45:09.2",3743600,-0.028,0.048,-0.035,293.5,32.55,19.52
"2020-10-03 03:45:09.3",3743601,-0.028,0.048,-0.035,293.5,32.55,19.52
"2020-10-03 03:45:09.4",3743602,-0.067,0.048,-0.006,293.5,32.55,19.52
"2020-10-03 03:45:09.5",3743603,-0.067,0.048,-0.006,293.5,32.55,19.52
"2020-10-03 03:45:09.6",3743604,-0.106,0.048,-0.065,293.4,32.55,19.52
"2020-10-03 03:45:09.7",3743605,-0.106,0.048,-0.065,293.4,32.55,19.52
"2020-10-03 03:45:09.8",3743606,-0.106,0.047,-0.065,293.4,32.55,19.52
"2020-10-03 03:45:09.9",3743607,-0.13,0.038,-0.055,293.3,32.55,19.52
"2020-10-03 03:45:10",3743608,-0.13,0.038,-0.055,293.3,32.55,19.52
"2020-10-03 03:45:10.1",3743609,-0.076,0.038,-0.084,293.2,32.55,19.52
"2020-10-03 03:45:10.2",3743610,-0.076,0.038,-0.084,293.2,32.55,19.52
"2020-10-03 03:45:10.3",3743611,-0.076,0.038,-0.084,293.2,32.55,19.52
"2020-10-03 03:45:10.4",3743612,-0.076,0.038,-0.084,293.2,32.55,19.54
"2020-10-03 03:45:10.5",3743613,-0.076,0.038,-0.084,293.2,32.55,19.52
"2020-10-03 03:45:10.6",3743614,-0.13,0.038,-0.055,293.2,32.55,19.52
"2020-10-03 03:45:10.7",3743615,-0.13,0.038,-0.055,293.2,32.55,19.52
"2020-10-03 03:45:10.8",3743616,-0.13,0.038,-0.055,293.2,32.55,19.52
"2020-10-03 03:45:10.9",3743617,-0.067,0.038,-0.006,293.1,32.55,19.52
"2020-10-03 03:45:11",3743618,-0.067,0.038,-0.006,293.1,32.55,19.52
"2020-10-03 03:45:11.1",3743619,-0.076,0.038,-0.084,293.1,32.55,19.52
"2020-10-03 03:45:11.2",3743620,-0.076,0.038,-0.084,293.1,32.55,19.52
"2020-10-03 03:45:11.3",3743621,-0.076,0.038,-0.084,293.1,32.55,19.52
"2020-10-03 03:45:11.4",3743622,-0.057,0.077,-0.006,293,32.55,19.52
"2020-10-03 03:45:11.5",3743623,-0.057,0.077,-0.006,293,32.55,19.52
"2020-10-03 03:45:11.6",3743624,-0.027,0.048,0.025,293,32.61,19.57
"2020-10-03 03:45:11.7",3743625,-0.028,0.048,0.025,293,32.55,19.52
"2020-10-03 03:45:11.8",3743626,-0.028,0.047,0.025,293,32.55,19.52
"2020-10-03 03:45:11.9",3743627,-0.027,0.048,0.025,293,32.55,19.52
"2020-10-03 03:45:12",3743628,-0.027,0.048,0.025,293,32.55,19.52
"2020-10-03 03:45:12.1",3743629,-0.028,0.048,0.025,293,32.55,19.52
"2020-10-03 03:45:12.2",3743630,-0.028,0.048,0.025,293,32.55,19.52
"2020-10-03 03:45:12.3",3743631,-0.028,0.048,0.025,293,32.55,19.52
"2020-10-03 03:45:12.4",3743632,-0.028,0.048,0.025,293,32.55,19.52
"2020-10-03 03:45:12.5",3743633,-0.027,0.048,0.025,293,32.55,19.52
"2020-10-03 03:45:12.6",3743634,-0.047,0.009,-0.006,293.1,32.55,19.52
"2020-10-03 03:45:12.7",3743635,-0.047,0.009,-0.006,293.1,32.55,19.52
"2020-10-03 03:45:12.8",3743636,-0.047,0.009,-0.006,293.1,32.55,19.52
"2020-10-03 03:45:12.9",3743637,-0.067,0.038,-0.006,293.1,32.55,19.55
"2020-10-03 03:45:13",3743638,-0.066,0.038,-0.006,293.1,32.55,19.52
"2020-10-03 03:45:13.1",3743639,-0.047,0.009,-0.006,293.1,32.55,19.52
"2020-10-03 03:45:13.2",3743640,-0.047,0.009,-0.006,293.1,32.55,19.52
"2020-10-03 03:45:13.3",3743641,-0.047,0.009,-0.006,293.1,32.55,19.52
"2020-10-03 03:45:13.4",3743642,-0.028,0.048,0.025,293,32.55,19.52
"2020-10-03 03:45:13.5",3743643,-0.028,0.047,0.025,293,32.55,19.52
"2020-10-03 03:45:13.6",3743644,-0.076,0.057,0.044,293.1,32.55,19.52
"2020-10-03 03:45:13.7",3743645,-0.076,0.058,0.044,293.1,32.55,19.52
"2020-10-03 03:45:13.8",3743646,-0.077,0.057,0.044,293.1,32.55,19.52
"2020-10-03 03:45:13.9",3743647,-0.028,0.048,0.025,293,32.55,19.52
"2020-10-03 03:45:14",3743648,-0.028,0.048,0.025,293,32.55,19.52
"2020-10-03 03:45:14.1",3743649,-0.076,0.058,0.045,293.1,32.6,19.55
"2020-10-03 03:45:14.2",3743650,-0.076,0.058,0.044,293.1,32.55,19.52
"2020-10-03 03:45:14.3",3743651,-0.077,0.057,0.044,293.1,32.55,19.52
"2020-10-03 03:45:14.4",3743652,-0.086,-0.002,0.015,293.1,32.55,19.52
"2020-10-03 03:45:14.5",3743653,-0.086,-0.002,0.015,293.1,32.55,19.52
"2020-10-03 03:45:14.6",3743654,-0.12,0.028,-0.006,293.2,32.55,19.52
"2020-10-03 03:45:14.7",3743655,-0.12,0.028,-0.006,293.2,32.55,19.52
"2020-10-03 03:45:14.8",3743656,-0.121,0.028,-0.006,293.2,32.55,19.52
"2020-10-03 03:45:14.9",3743657,-0.086,0.009,0.015,293.1,32.55,19.52
"2020-10-03 03:45:15",3743658,-0.084,0.011,0.017,293.1,32.55,19.54
"2020-10-03 03:45:15.1",3743659,-0.074,0.059,0.045,293.1,32.54,19.53
"2020-10-03 03:45:15.2",3743660,-0.076,0.058,0.045,293.1,32.55,19.52
"2020-10-03 03:45:15.3",3743661,-0.075,0.058,0.045,293.1,32.56,19.51
"2020-10-03 03:45:15.4",3743662,-0.084,-0.08,0.035,293.1,32.55,19.54
"2020-10-03 03:45:15.5",3743663,-0.085,-0.08,0.035,293.1,32.55,19.52
"2020-10-03 03:45:15.6",3743664,-0.075,-0.07,0.025,293.2,32.54,19.52
"2020-10-03 03:45:15.7",3743665,-0.075,-0.07,0.025,293.2,32.53,19.53
"2020-10-03 03:45:15.8",3743666,-0.076,-0.07,0.025,293.2,32.54,19.53
"2020-10-03 03:45:15.9",3743667,-0.121,-0.09,0.065,293.4,32.54,19.54
"2020-10-03 03:45:16",3743668,-0.12,-0.09,0.064,293.4,32.56,19.53
"2020-10-03 03:45:16.1",3743669,-0.086,-0.123,0.093,293.6,32.56,19.53
"2020-10-03 03:45:16.2",3743670,-0.085,-0.124,0.093,293.5,32.56,19.52
"2020-10-03 03:45:16.3",3743671,-0.086,-0.123,0.093,293.6,32.56,19.51
"2020-10-03 03:45:16.4",3743672,-0.017,-0.163,0.094,293.5,32.56,19.51
"2020-10-03 03:45:16.5",3743673,-0.017,-0.162,0.093,293.5,32.55,19.51
"2020-10-03 03:45:16.6",3743674,-0.046,-0.124,0.064,293.4,32.59,19.53
"2020-10-03 03:45:16.7",3743675,-0.046,-0.124,0.065,293.4,32.53,19.53
"2020-10-03 03:45:16.8",3743676,-0.047,-0.124,0.064,293.4,32.53,19.54
"2020-10-03 03:45:16.9",3743677,-0.018,-0.153,0.016,293.4,32.55,19.53
"2020-10-03 03:45:17",3743678,-0.018,-0.153,0.015,293.4,32.55,19.53
"2020-10-03 03:45:17.1",3743679,-0.046,-0.124,0.064,293.4,32.56,19.53
"2020-10-03 03:45:17.2",3743680,-0.046,-0.124,0.064,293.4,32.56,19.52
"2020-10-03 03:45:17.3",3743681,-0.046,-0.124,0.064,293.4,32.56,19.52
"2020-10-03 03:45:17.4",3743682,-0.017,-0.113,0.035,293.4,32.56,19.52
"2020-10-03 03:45:17.5",3743683,-0.017,-0.115,0.035,293.4,32.55,19.51
"2020-10-03 03:45:17.6",3743684,0.004,-0.115,0.005,293.3,32.55,19.51
"2020-10-03 03:45:17.7",3743685,0.004,-0.115,0.005,293.3,32.54,19.53
"2020-10-03 03:45:17.8",3743686,0.003,-0.115,0.006,293.3,32.54,19.53
"2020-10-03 03:45:17.9",3743687,-0.008,-0.114,-0.015,293.3,32.57,19.57
"2020-10-03 03:45:18",3743688,-0.008,-0.115,-0.016,293.3,32.56,19.54
"2020-10-03 03:45:18.1",3743689,-0.017,-0.07,-0.006,293.4,32.56,19.53
"2020-10-03 03:45:18.2",3743690,-0.017,-0.069,-0.006,293.4,32.57,19.52
"2020-10-03 03:45:18.3",3743691,-0.018,-0.07,-0.006,293.4,32.57,19.51
"2020-10-03 03:45:18.4",3743692,0.002,-0.114,-0.026,293.4,32.56,19.51
"2020-10-03 03:45:18.5",3743693,0.003,-0.114,-0.026,293.4,32.55,19.52
"2020-10-03 03:45:18.6",3743694,-0.017,-0.114,-0.005,293.6,32.53,19.52
"2020-10-03 03:45:18.7",3743695,-0.016,-0.114,-0.006,293.6,32.53,19.53
"2020-10-03 03:45:18.8",3743696,-0.017,-0.114,-0.006,293.6,32.54,19.53
"2020-10-03 03:45:18.9",3743697,0.041,-0.154,-0.025,293.7,32.55,19.53
"2020-10-03 03:45:19",3743698,0.042,-0.153,-0.025,293.7,32.56,19.53
"2020-10-03 03:45:19.1",3743699,-0.008,-0.154,-0.006,293.8,32.6,19.52
"2020-10-03 03:45:19.2",3743700,-0.007,-0.153,-0.005,293.8,32.56,19.52
"2020-10-03 03:45:19.3",3743701,-0.008,-0.152,-0.006,293.8,32.56,19.51
"2020-10-03 03:45:19.4",3743702,-0.008,-0.154,-0.006,293.8,32.56,19.51
"2020-10-03 03:45:19.5",3743703,-0.008,-0.154,-0.006,293.8,32.55,19.51
"2020-10-03 03:45:19.6",3743704,-0.007,-0.154,-0.006,293.8,32.54,19.52
"2020-10-03 03:45:19.7",3743705,-0.008,-0.153,-0.005,293.8,32.53,19.53
"2020-10-03 03:45:19.8",3743706,-0.007,-0.153,-0.006,293.8,32.54,19.53
"2020-10-03 03:45:19.9",3743707,-0.047,-0.192,-0.005,293.7,32.55,19.53
"2020-10-03 03:45:20",3743708,-0.047,-0.192,-0.006,293.7,32.56,19.53
"2020-10-03 03:45:20.1",3743709,-0.066,-0.202,0.064,293.7,32.56,19.52
"2020-10-03 03:45:20.2",3743710,-0.066,-0.202,0.064,293.7,32.56,19.52
"2020-10-03 03:45:20.3",3743711,-0.066,-0.202,0.064,293.7,32.56,19.51
"2020-10-03 03:45:20.4",3743712,-0.066,-0.202,0.064,293.7,32.59,19.56
"2020-10-03 03:45:20.5",3743713,-0.065,-0.201,0.064,293.7,32.56,19.51
"2020-10-03 03:45:20.6",3743714,-0.066,-0.202,0.064,293.7,32.55,19.51
"2020-10-03 03:45:20.7",3743715,-0.065,-0.201,0.064,293.7,32.54,19.53
"2020-10-03 03:45:20.8",3743716,-0.066,-0.202,0.064,293.7,32.53,19.53
"2020-10-03 03:45:20.9",3743717,-0.008,-0.202,0.035,293.8,32.52,19.53
"2020-10-03 03:45:21",3743718,-0.008,-0.202,0.035,293.8,32.54,19.53
"2020-10-03 03:45:21.1",3743719,-0.027,-0.154,0.015,293.8,32.55,19.53
"2020-10-03 03:45:21.2",3743720,-0.027,-0.153,0.015,293.8,32.56,19.53
"2020-10-03 03:45:21.3",3743721,-0.027,-0.153,0.015,293.8,32.56,19.52
"2020-10-03 03:45:21.4",3743722,-0.067,-0.201,-0.006,293.8,32.57,19.52
"2020-10-03 03:45:21.5",3743723,-0.067,-0.201,-0.006,293.8,32.56,19.51
"2020-10-03 03:45:21.6",3743724,-0.057,-0.143,0.044,293.8,32.56,19.5
"2020-10-03 03:45:21.7",3743725,-0.056,-0.143,0.044,293.8,32.56,19.51
"2020-10-03 03:45:21.8",3743726,-0.056,-0.143,0.045,293.8,32.54,19.52
"2020-10-03 03:45:21.9",3743727,-0.056,-0.143,0.045,293.8,32.53,19.53
"2020-10-03 03:45:22",3743728,-0.057,-0.143,0.045,293.8,32.53,19.53
"2020-10-03 03:45:22.1",3743729,-0.067,-0.202,0.064,293.7,32.55,19.53
"2020-10-03 03:45:22.2",3743730,-0.067,-0.202,0.064,293.7,32.56,19.53
"2020-10-03 03:45:22.3",3743731,-0.067,-0.202,0.064,293.7,32.56,19.53
"2020-10-03 03:45:22.4",3743732,-0.017,-0.231,0.005,293.7,32.56,19.52
"2020-10-03 03:45:22.5",3743733,-0.018,-0.23,0.006,293.7,32.57,19.51
"2020-10-03 03:45:22.6",3743734,-0.067,-0.154,-0.006,293.7,32.56,19.51
"2020-10-03 03:45:22.7",3743735,-0.067,-0.154,-0.006,293.7,32.56,19.5
"2020-10-03 03:45:22.8",3743736,-0.065,-0.153,-0.006,293.7,32.54,19.53
"2020-10-03 03:45:22.9",3743737,-0.046,-0.192,-0.005,293.7,32.57,19.59
"2020-10-03 03:45:23",3743738,-0.045,-0.192,-0.005,293.7,32.53,19.53
"2020-10-03 03:45:23.1",3743739,-0.067,-0.153,-0.005,293.7,32.55,19.53
"2020-10-03 03:45:23.2",3743740,-0.067,-0.153,-0.006,293.7,32.56,19.53
"2020-10-03 03:45:23.3",3743741,-0.066,-0.153,-0.006,293.7,32.56,19.53
"2020-10-03 03:45:23.4",3743742,-0.027,-0.153,-0.035,293.7,32.56,19.52
"2020-10-03 03:45:23.5",3743743,-0.027,-0.152,-0.035,293.7,32.56,19.52
"2020-10-03 03:45:23.6",3743744,-0.027,-0.152,-0.035,293.7,32.56,19.51
"2020-10-03 03:45:23.7",3743745,-0.027,-0.153,-0.035,293.7,32.55,19.52
"2020-10-03 03:45:23.8",3743746,-0.026,-0.153,-0.035,293.7,32.53,19.52
"2020-10-03 03:45:23.9",3743747,-0.063,-0.154,-0.005,293.7,32.53,19.51
"2020-10-03 03:45:24",3743748,-0.067,-0.153,-0.005,293.7,32.55,19.53
"2020-10-03 03:45:24.1",3743749,-0.047,-0.193,-0.005,293.7,32.55,19.53
"2020-10-03 03:45:24.2",3743750,-0.047,-0.193,-0.006,293.7,32.55,19.53
"2020-10-03 03:45:24.3",3743751,-0.047,-0.193,-0.006,293.7,32.56,19.53
"2020-10-03 03:45:24.4",3743752,-0.008,-0.115,0.035,293.6,32.56,19.52
"2020-10-03 03:45:24.5",3743753,-0.008,-0.114,0.035,293.6,32.56,19.52
"2020-10-03 03:45:24.6",3743754,-0.007,-0.114,0.035,293.6,32.55,19.51
"2020-10-03 03:45:24.7",3743755,-0.007,-0.115,0.034,293.7,32.55,19.52
"2020-10-03 03:45:24.8",3743756,-0.008,-0.114,0.035,293.6,32.53,19.52
"2020-10-03 03:45:24.9",3743757,-0.046,-0.202,0.074,293.6,32.54,19.53
"2020-10-03 03:45:25",3743758,-0.046,-0.202,0.074,293.6,32.54,19.54
"2020-10-03 03:45:25.1",3743759,-0.047,-0.192,-0.005,293.6,32.53,19.53
"2020-10-03 03:45:25.2",3743760,-0.048,-0.193,-0.006,293.6,32.56,19.53
"2020-10-03 03:45:25.3",3743761,-0.046,-0.192,-0.006,293.6,32.56,19.53
"2020-10-03 03:45:25.4",3743762,-0.046,-0.193,-0.006,293.5,32.61,19.58
"2020-10-03 03:45:25.5",3743763,-0.046,-0.193,-0.006,293.5,32.56,19.51
"2020-10-03 03:45:25.6",3743764,-0.047,-0.192,-0.006,293.5,32.56,19.51
"2020-10-03 03:45:25.7",3743765,-0.047,-0.192,-0.006,293.5,32.56,19.51
"2020-10-03 03:45:25.8",3743766,-0.046,-0.192,-0.006,293.5,32.54,19.52
"2020-10-03 03:45:25.9",3743767,-0.046,-0.192,-0.005,293.5,32.53,19.53
"2020-10-03 03:45:26",3743768,-0.047,-0.192,-0.005,293.5,32.53,19.53
"2020-10-03 03:45:26.1",3743769,-0.047,-0.192,-0.005,293.5,32.55,19.53
"2020-10-03 03:45:26.2",3743770,-0.047,-0.193,-0.006,293.5,32.55,19.53
"2020-10-03 03:45:26.3",3743771,-0.047,-0.192,-0.006,293.5,32.56,19.53
"2020-10-03 03:45:26.4",3743772,-0.037,-0.113,-0.006,293.5,32.56,19.53
"2020-10-03 03:45:26.5",3743773,-0.037,-0.113,-0.006,293.6,32.56,19.51
"2020-10-03 03:45:26.6",3743774,0.002,-0.154,-0.006,293.6,32.57,19.51
"2020-10-03 03:45:26.7",3743775,0.003,-0.153,-0.006,293.6,32.56,19.52
"2020-10-03 03:45:26.8",3743776,0.004,-0.153,-0.006,293.6,32.54,19.52
"2020-10-03 03:45:26.9",3743777,0.004,-0.154,-0.006,293.6,32.54,19.52
"2020-10-03 03:45:27",3743778,0.003,-0.153,-0.006,293.6,32.53,19.53
"2020-10-03 03:45:27.1",3743779,0.002,-0.153,-0.005,293.6,32.54,19.53
"2020-10-03 03:45:27.2",3743780,0.003,-0.153,-0.006,293.6,32.55,19.53
"2020-10-03 03:45:27.3",3743781,0.002,-0.154,-0.005,293.6,32.55,19.53
"2020-10-03 03:45:27.4",3743782,-0.066,-0.152,-0.006,293.6,32.56,19.52
"2020-10-03 03:45:27.5",3743783,-0.066,-0.152,-0.005,293.6,32.56,19.52
"2020-10-03 03:45:27.6",3743784,-0.066,-0.153,-0.006,293.7,32.56,19.52
"2020-10-03 03:45:27.7",3743785,-0.066,-0.154,-0.006,293.7,32.56,19.51
"2020-10-03 03:45:27.8",3743786,-0.066,-0.153,-0.006,293.7,32.55,19.52
"2020-10-03 03:45:27.9",3743787,-0.007,-0.154,-0.006,293.8,32.59,19.57
"2020-10-03 03:45:28",3743788,-0.007,-0.153,-0.005,293.8,32.53,19.53
"2020-10-03 03:45:28.1",3743789,-0.008,-0.153,-0.005,293.8,32.54,19.53
"2020-10-03 03:45:28.2",3743790,-0.008,-0.153,-0.005,293.8,32.55,19.53
"2020-10-03 03:45:28.3",3743791,-0.008,-0.154,-0.006,293.8,32.55,19.53
"2020-10-03 03:45:28.4",3743792,-0.008,-0.153,-0.006,293.8,32.56,19.52
"2020-10-03 03:45:28.5",3743793,-0.008,-0.152,-0.006,293.8,32.56,19.52
"2020-10-03 03:45:28.6",3743794,-0.008,-0.152,-0.006,293.8,32.56,19.52
"2020-10-03 03:45:28.7",3743795,-0.007,-0.153,-0.006,293.8,32.55,19.51
"2020-10-03 03:45:28.8",3743796,-0.007,-0.153,-0.006,293.8,32.54,19.51
