"TOA5","10329","CR6","10329","CR6.Std.09.01 CR6-WIFI.04.00.01","CPU:YOUNG81000_HMP60_10Hz.CR6","51185","Young10Hz_hmp"
"TIMESTAMP","RECORD","U","V","W","TSonic","RH","T_HMP60"
"TS","RN","mV","mV","mV","mV","%","Deg C"
"","","Smp","Smp","Smp","Smp","Smp","Smp"
"2020-10-06 22:14:51",6789687,-10,-10,-10,220,-0.002,-40.01
"2020-10-06 22:14:51.1",6789688,-10,-10,-10,220,-0.002,-40.01
"2020-10-06 22:14:51.2",6789689,-10,-10,-10,220,-0.002,-40.01
"2020-10-06 22:14:51.3",6789690,-10,-10,-10,220,-0.002,-40.01
"2020-10-06 22:14:51.4",6789691,-10,-10,-10,220,-0.002,-40.01
"2020-10-06 22:14:51.5",6789692,-10,-10,-10,220,-0.002,-40.01
"2020-10-06 22:14:51.6",6789693,-10,-10,-10,220,-0.002,-40.01
"2020-10-06 22:14:51.7",6789694,-10,-10,-10,220,-0.002,-40.01
"2020-10-06 22:14:51.8",6789695,-10,-10,-10,220,-0.002,-40.01
"2020-10-06 22:14:51.9",6789696,-10,-10,-10,220,-0.002,-40.01
"2020-10-06 22:14:52",6789697,-10,-10,-10,220,-0.002,-40.01
"2020-10-06 22:14:52.1",6789698,-10,-10,-10,220,-0.002,-40.01
"2020-10-06 22:14:52.2",6789699,-10,-10,-10,220,-0.002,-40.01
"2020-10-06 22:14:52.3",6789700,-10,-10,-10,220,-0.002,-40.01
"2020-10-06 22:14:52.4",6789701,-10,-10,-10,220,-0.002,-40.01
"2020-10-06 22:14:52.5",6789702,-10,-10,-10,220,-0.002,-40.01
"2020-10-06 22:14:52.6",6789703,-10,-10,-10,220,-0.002,-40.01
"2020-10-06 22:14:52.7",6789704,-10,-10,-10,220,-0.002,-40.01
"2020-10-06 22:14:52.8",6789705,-10,-10,-10,220,-0.002,-40.01
"2020-10-06 22:14:52.9",6789706,-10,-10,-10,220,-0.002,-40.01
"2020-10-06 22:14:53",6789707,-10,-10,-10,220,-0.002,-40.01
"2020-10-06 22:14:53.1",6789708,-10,-10,-10,220,-0.002,-40.01
"2020-10-06 22:14:53.2",6789709,-10,-10,-10,220,-0.002,-40.01
"2020-10-06 22:14:53.3",6789710,-10,-10,-10,220,-0.002,-40.01
"2020-10-06 22:14:53.4",6789711,-10,-10,-10,220,-0.002,-40.01
"2020-10-06 22:14:53.5",6789712,-10,-10,-10,220,-0.002,-40.01
"2020-10-06 22:14:53.6",6789713,-10,-10,-10,220,-0.002,-40.01
"2020-10-06 22:14:53.7",6789714,-10,-10,-10,220,-0.002,-40.01
"2020-10-06 22:14:53.8",6789715,-10,-10,-10,220,-0.002,-40.01
"2020-10-06 22:14:53.9",6789716,-10,-10,-10,220,-0.002,-40.01
"2020-10-06 22:14:54",6789717,-10,-10,-10,220,-0.002,-40.01
"2020-10-06 22:14:54.1",6789718,-10,-10,-10,220,-0.002,-40.01
"2020-10-06 22:14:54.2",6789719,-10,-10,-10,220,-0.002,-40.01
"2020-10-06 22:14:54.3",6789720,-10,-10,-10,220,-0.002,-40.01
"2020-10-06 22:14:54.4",6789721,-10,-10,-10,220,-0.002,-40.01
"2020-10-06 22:14:54.5",6789722,-10,-10,-10,220,-0.002,-40.01
"2020-10-06 22:14:54.6",6789723,-10,-10,-10,220,-0.002,-40.01
"2020-10-06 22:14:54.7",6789724,-10,-10,-10,220,-0.002,-40.01
"2020-10-06 22:14:54.8",6789725,-10,-10,-10,220,-0.002,-40.01
"2020-10-06 22:14:54.9",6789726,-10,-10,-10,220,-0.002,-40.01
"2020-10-06 22:14:55",6789727,-10,-10,-10,220,-0.002,-40.01
"2020-10-06 22:14:55.1",6789728,-10,-10,-10,220,-0.002,-40.01
"2020-10-06 22:14:55.2",6789729,-10,-10,-10,220,-0.002,-40.01
"2020-10-06 22:14:55.3",6789730,-10,-10,-10,220,-0.002,-40.01
"2020-10-06 22:14:55.4",6789731,-10,-10,-10,220,-0.002,-40.01
"2020-10-06 22:14:55.5",6789732,-10,-10,-10,220,-0.002,-40.01
"2020-10-06 22:14:55.6",6789733,-10,-10,-10,220,-0.002,-40.01
"2020-10-06 22:14:55.7",6789734,-10,-10,-10,220,-0.002,-40.01
"2020-10-06 22:14:55.8",6789735,-10,-10,-10,220,-0.002,-40.01
"2020-10-06 22:14:55.9",6789736,-10,-10,-10,220,-0.002,-40.01
"2020-10-06 22:14:56",6789737,-10,-10,-10,220,-0.002,-40.01
"2020-10-06 22:14:56.1",6789738,-10,-10,-10,220,-0.002,-40.01
"2020-10-06 22:14:56.2",6789739,-10,-10,-10,220,-0.002,-40.01
"2020-10-06 22:14:56.3",6789740,-10,-10,-10,220,-0.002,-40.01
"2020-10-06 22:14:56.4",6789741,-10,-10,-10,220,-0.002,-40.01
"2020-10-06 22:14:56.5",6789742,-10,-10,-10,220,-0.002,-40.01
"2020-10-06 22:14:56.6",6789743,-10,-10,-10,220,-0.002,-40.01
"2020-10-06 22:14:56.7",6789744,-10,-10,-10,220,-0.002,-40.01
"2020-10-06 22:14:56.8",6789745,-10,-10,-10,220,-0.002,-40.01
"2020-10-06 22:14:56.9",6789746,-10,-10,-10,220,-0.002,-40.01
"2020-10-06 22:14:57",6789747,-10,-10,-10,220,-0.002,-40.01
"2020-10-06 22:14:57.1",6789748,-10,-10,-10,220,-0.002,-40.01
"2020-10-06 22:14:57.2",6789749,-10,-10,-10,220,-0.002,-40.01
"2020-10-06 22:14:57.3",6789750,-10,-10,-10,220,-0.002,-40.01
"2020-10-06 22:14:57.4",6789751,-10,-10,-10,220,-0.002,-40.01
"2020-10-06 22:14:57.5",6789752,-10,-10,-10,220,-0.002,-40.01
"2020-10-06 22:14:57.6",6789753,-10,-10,-10,220,-0.002,-40.01
"2020-10-06 22:14:57.7",6789754,-10,-10,-10,220,-0.002,-40.01
"2020-10-06 22:14:57.8",6789755,-10,-10,-10,220,-0.002,-40.01
"2020-10-06 22:14:57.9",6789756,-10,-10,-10,220,-0.002,-40.01
"2020-10-06 22:14:58",6789757,-10,-10,-10,220,-0.002,-40.01
"2020-10-06 22:14:58.1",6789758,-10,-10,-10,220,-0.002,-40.01
"2020-10-06 22:14:58.2",6789759,-10,-10,-10,220,-0.002,-40.01
"2020-10-06 22:14:58.3",6789760,-10,-10,-10,220,-0.002,-40.01
"2020-10-06 22:14:58.4",6789761,-10,-10,-10,220,-0.002,-40.01
"2020-10-06 22:14:58.5",6789762,-10,-10,-10,220,-0.002,-40.01
"2020-10-06 22:14:58.6",6789763,-10,-10,-10,220,-0.002,-40.01
"2020-10-06 22:14:58.7",6789764,-10,-10,-10,220,-0.002,-40.01
"2020-10-06 22:14:58.8",6789765,-10,-10,-10,220,-0.002,-40.01
"2020-10-06 22:14:58.9",6789766,-10,-10,-10,220,-0.002,-40.01
"2020-10-06 22:14:59",6789767,-10,-10,-10,220,-0.002,-40.01
"2020-10-06 22:14:59.1",6789768,-10,-10,-10,220,-0.002,-40.01
"2020-10-06 22:14:59.2",6789769,-10,-10,-10,220,-0.002,-40.01
"2020-10-06 22:14:59.3",6789770,-10,-10,-10,220,-0.002,-40.01
"2020-10-06 22:14:59.4",6789771,-10,-10,-10,220,-0.002,-40.01
"2020-10-06 22:14:59.5",6789772,-10,-10,-10,220,-0.002,-40.01
"2020-10-06 22:14:59.6",6789773,-10,-10,-10,220,-0.002,-40.01
"2020-10-06 22:14:59.7",6789774,-10,-10,-10,220,-0.002,-40.01
"2020-10-06 22:14:59.8",6789775,-10,-10,-10,220,-0.002,-40.01
"2020-10-06 22:14:59.9",6789776,-10,-10,-10,220,-0.002,-40.01
"2020-10-06 22:15:00",6789777,-10,-10,-10,220,-0.002,-40.01
"2020-10-06 22:15:00.1",6789778,-10,-10,-10,220,-0.008,-40.02
"2020-10-06 22:15:00.2",6789779,-10,-10,-10,220,-0.008,-40.02
"2020-10-06 22:15:00.3",6789780,-10,-10,-10,220,-0.002,-40
"2020-10-06 22:15:00.4",6789781,-10,-10,-10,220,-0.002,-40.01
"2020-10-06 22:15:00.5",6789782,-10,-10,-10,220,-0.002,-40.01
"2020-10-06 22:15:00.6",6789783,-10,-10,-10,220,-0.002,-40.01
"2020-10-06 22:15:00.7",6789784,-10,-10,-10,220,-0.002,-40.01
"2020-10-06 22:15:00.8",6789785,-10,-10,-10,220,-0.002,-40.01
"2020-10-06 22:15:00.9",6789786,-10,-10,-10,220,-0.002,-40.01
"2020-10-06 22:15:01",6789787,-10,-10,-10,220,-0.002,-40.01
"2020-10-06 22:15:01.1",6789788,-10,-10,-10,220,-0.002,-40.01
"2020-10-06 22:15:01.2",6789789,-10,-10,-10,220,-0.002,-40.01
"2020-10-06 22:15:01.3",6789790,-10,-10,-10,220,-0.002,-40.01
"2020-10-06 22:15:01.4",6789791,-10,-10,-10,220,-0.002,-40.01
"2020-10-06 22:15:01.5",6789792,-10,-10,-10,220,-0.002,-40.01
"2020-10-06 22:15:01.6",6789793,-10,-10,-10,220,-0.002,-40.01
"2020-10-06 22:15:01.7",6789794,-10,-10,-10,220,-0.002,-40.01
"2020-10-06 22:15:01.8",6789795,-10,-10,-10,220,-0.002,-40.01
"2020-10-06 22:15:01.9",6789796,-10,-10,-10,220,-0.002,-40.01
"2020-10-06 22:15:02",6789797,-10,-10,-10,220,-0.002,-40.01
"2020-10-06 22:15:02.1",6789798,-10,-10,-10,220,-0.002,-40.01
"2020-10-06 22:15:02.2",6789799,-10,-10,-10,220,-0.002,-40.01
"2020-10-06 22:15:02.3",6789800,-10,-10,-10,220,-0.002,-40.01
"2020-10-06 22:15:02.4",6789801,-10,-10,-10,220,-0.002,-40.01
"2020-10-06 22:15:02.5",6789802,-10,-10,-10,220,-0.002,-40.01
"2020-10-06 22:15:02.6",6789803,-10,-10,-10,220,-0.002,-40.01
"2020-10-06 22:15:02.7",6789804,-10,-10,-10,220,-0.002,-40.01
"2020-10-06 22:15:02.8",6789805,-10,-10,-10,220,-0.002,-40.01
"2020-10-06 22:15:02.9",6789806,-10,-10,-10,220,-0.002,-40.01
"2020-10-06 22:15:03",6789807,-10,-10,-10,220,-0.002,-40.01
"2020-10-06 22:15:03.1",6789808,-10,-10,-10,220,-0.002,-40.01
"2020-10-06 22:15:03.2",6789809,-10,-10,-10,220,-0.002,-40.01
"2020-10-06 22:15:03.3",6789810,-10,-10,-10,220,-0.002,-40.01
"2020-10-06 22:15:03.4",6789811,-10,-10,-10,220,-0.002,-40.01
"2020-10-06 22:15:03.5",6789812,-10,-10,-10,220,-0.002,-40.01
"2020-10-06 22:15:03.6",6789813,-10,-10,-10,220,-0.002,-40.01
"2020-10-06 22:15:03.7",6789814,-10,-10,-10,220,-0.002,-40.01
"2020-10-06 22:15:03.8",6789815,-10,-10,-10,220,-0.002,-40.01
"2020-10-06 22:15:03.9",6789816,-10,-10,-10,220,-0.002,-40.01
"2020-10-06 22:15:04",6789817,-10,-10,-10,220,-0.002,-40.01
"2020-10-06 22:15:04.1",6789818,-10,-10,-10,220,-0.002,-40.01
"2020-10-06 22:15:04.2",6789819,-10,-10,-10,220,-0.002,-40.01
"2020-10-06 22:15:04.3",6789820,-10,-10,-10,220,-0.002,-40.01
"2020-10-06 22:15:04.4",6789821,-10,-10,-10,220,-0.002,-40.01
"2020-10-06 22:15:04.5",6789822,-10,-10,-10,220,-0.002,-40.01
"2020-10-06 22:15:04.6",6789823,-10,-10,-10,220,-0.002,-40.01
"2020-10-06 22:15:04.7",6789824,-10,-10,-10,220,-0.002,-40.01
"2020-10-06 22:15:04.8",6789825,-10,-10,-10,220,-0.002,-40.01
"2020-10-06 22:15:04.9",6789826,-10,-10,-10,220,-0.002,-40.01
"2020-10-06 22:15:05",6789827,-10,-10,-10,220,-0.002,-40.01
"2020-10-06 22:15:05.1",6789828,-10,-10,-10,220,-0.002,-40.01
"2020-10-06 22:15:05.2",6789829,-10,-10,-10,220,-0.002,-40.01
"2020-10-06 22:15:05.3",6789830,-10,-10,-10,220,-0.002,-40.01
"2020-10-06 22:15:05.4",6789831,-10,-10,-10,220,-0.002,-40.01
"2020-10-06 22:15:05.5",6789832,-10,-10,-10,220,-0.002,-40.01
"2020-10-06 22:15:05.6",6789833,-10,-10,-10,220,-0.002,-40.01
"2020-10-06 22:15:05.7",6789834,-10,-10,-10,220,-0.002,-40.01
"2020-10-06 22:15:05.8",6789835,-10,-10,-10,220,-0.002,-40.01
"2020-10-06 22:15:05.9",6789836,-10,-10,-10,220,-0.002,-40.01
"2020-10-06 22:15:06",6789837,-10,-10,-10,220,-0.002,-40.01
"2020-10-06 22:15:06.1",6789838,-10,-10,-10,220,-0.002,-40.01
"2020-10-06 22:15:06.2",6789839,-10,-10,-10,220,-0.002,-40.01
"2020-10-06 22:15:06.3",6789840,-10,-10,-10,220,-0.002,-40.01
"2020-10-06 22:15:06.4",6789841,-10,-10,-10,220,-0.002,-40.01
"2020-10-06 22:15:06.5",6789842,-10,-10,-10,220,-0.002,-40.01
"2020-10-06 22:15:06.6",6789843,-10,-10,-10,220,-0.002,-40.01
"2020-10-06 22:15:06.7",6789844,-10,-10,-10,220,-0.002,-40.01
"2020-10-06 22:15:06.8",6789845,-10,-10,-10,220,-0.002,-40.01
"2020-10-06 22:15:06.9",6789846,-10,-10,-10,220,-0.002,-40.01
"2020-10-06 22:15:07",6789847,-10,-10,-10,220,-0.002,-40.01
"2020-10-06 22:15:07.1",6789848,-10,-10,-10,220,-0.002,-40.01
"2020-10-06 22:15:07.2",6789849,-10,-10,-10,220,-0.002,-40.01
"2020-10-06 22:15:07.3",6789850,-10,-10,-10,220,-0.002,-40.01
"2020-10-06 22:15:07.4",6789851,-10,-10,-10,220,-0.002,-40.01
"2020-10-06 22:15:07.5",6789852,-10,-10,-10,220,-0.002,-40.01
"2020-10-06 22:15:07.6",6789853,-10,-10,-10,220,-0.002,-40.01
"2020-10-06 22:15:07.7",6789854,-10,-10,-10,220,-0.002,-40.01
"2020-10-06 22:15:07.8",6789855,-10,-10,-10,220,-0.002,-40.01
"2020-10-06 22:15:07.9",6789856,-10,-10,-10,220,-0.002,-40.01
"2020-10-06 22:15:08",6789857,-10,-10,-10,220,-0.002,-40.01
"2020-10-06 22:15:08.1",6789858,-10,-10,-10,220,-0.002,-40.01
"2020-10-06 22:15:08.2",6789859,-10,-10,-10,220,-0.002,-40.01
"2020-10-06 22:15:08.3",6789860,-10,-10,-10,220,-0.002,-40.01
"2020-10-06 22:15:08.4",6789861,-10,-10,-10,220,-0.002,-40.01
"2020-10-06 22:15:08.5",6789862,-10,-10,-10,220,-0.002,-40.01
"2020-10-06 22:15:08.6",6789863,-10,-10,-10,220,-0.002,-40.01
"2020-10-06 22:15:08.7",6789864,-10,-10,-10,220,-0.002,-40.01
"2020-10-06 22:15:08.8",6789865,-10,-10,-10,220,-0.002,-40.01
"2020-10-06 22:15:08.9",6789866,-10,-10,-10,220,-0.002,-40.01
"2020-10-06 22:15:09",6789867,-10,-10,-10,220,-0.002,-40.01
"2020-10-06 22:15:09.1",6789868,-10,-10,-10,220,-0.002,-40.01
"2020-10-06 22:15:09.2",6789869,-10,-10,-10,220,-0.002,-40.01
"2020-10-06 22:15:09.3",6789870,-10,-10,-10,220,-0.002,-40.01
"2020-10-06 22:15:09.4",6789871,-10,-10,-10,220,-0.002,-40.01
"2020-10-06 22:15:09.5",6789872,-10,-10,-10,220,-0.002,-40.01
"2020-10-06 22:15:09.6",6789873,-10,-10,-10,220,-0.002,-40.01
"2020-10-06 22:15:09.7",6789874,-10,-10,-10,220,-0.002,-40.01
"2020-10-06 22:15:09.8",6789875,-10,-10,-10,220,-0.002,-40.01
"2020-10-06 22:15:09.9",6789876,-10,-10,-10,220,-0.002,-40.01
"2020-10-06 22:15:10",6789877,-10,-10,-10,220,-0.002,-40.01
"2020-10-06 22:15:10.1",6789878,-10,-10,-10,220,-0.002,-40.01
"2020-10-06 22:15:10.2",6789879,-10,-10,-10,220,-0.002,-40.01
"2020-10-06 22:15:10.3",6789880,-10,-10,-10,220,-0.002,-40.01
"2020-10-06 22:15:10.4",6789881,-10,-10,-10,220,-0.002,-40.01
"2020-10-06 22:15:10.5",6789882,-10,-10,-10,220,-0.002,-40.01
"2020-10-06 22:15:10.6",6789883,-10,-10,-10,220,-0.002,-40.01
"2020-10-06 22:15:10.7",6789884,-10,-10,-10,220,-0.002,-40.01
"2020-10-06 22:15:10.8",6789885,-10,-10,-10,220,-0.002,-40.01
"2020-10-06 22:15:10.9",6789886,-10,-10,-10,220,-0.002,-40.01
"2020-10-06 22:15:11",6789887,-10,-10,-10,220,-0.002,-40.01
"2020-10-06 22:15:11.1",6789888,-10,-10,-10,220,-0.002,-40.01
"2020-10-06 22:15:11.2",6789889,-10,-10,-10,220,-0.002,-40.01
"2020-10-06 22:15:11.3",6789890,-10,-10,-10,220,-0.002,-40.01
"2020-10-06 22:15:11.4",6789891,-10,-10,-10,220,-0.002,-40.01
"2020-10-06 22:15:11.5",6789892,-10,-10,-10,220,-0.002,-40.01
"2020-10-06 22:15:11.6",6789893,-10,-10,-10,220,-0.002,-40.01
"2020-10-06 22:15:11.7",6789894,-10,-10,-10,220,-0.002,-40.01
"2020-10-06 22:15:11.8",6789895,-10,-10,-10,220,-0.002,-40.01
"2020-10-06 22:15:11.9",6789896,-10,-10,-10,220,-0.002,-40.01
"2020-10-06 22:15:12",6789897,-10,-10,-10,220,-0.002,-40.01
"2020-10-06 22:15:12.1",6789898,-10,-10,-10,220,-0.002,-40.01
"2020-10-06 22:15:12.2",6789899,-10,-10,-10,220,-0.002,-40.01
"2020-10-06 22:15:12.3",6789900,-10,-10,-10,220,-0.002,-40.01
"2020-10-06 22:15:12.4",6789901,-10,-10,-10,220,-0.002,-40.01
"2020-10-06 22:15:12.5",6789902,-10,-10,-10,220,-0.002,-40.01
"2020-10-06 22:15:12.6",6789903,-10,-10,-10,220,-0.002,-40.01
"2020-10-06 22:15:12.7",6789904,-10,-10,-10,220,-0.002,-40.01
"2020-10-06 22:15:12.8",6789905,-10,-10,-10,220,-0.002,-40.01
"2020-10-06 22:15:12.9",6789906,-10,-10,-10,220,-0.002,-40.01
"2020-10-06 22:15:13",6789907,-10,-10,-10,220,-0.002,-40.01
"2020-10-06 22:15:13.1",6789908,-10,-10,-10,220,-0.002,-40.01
"2020-10-06 22:15:13.2",6789909,-10,-10,-10,220,-0.002,-40.01
"2020-10-06 22:15:13.3",6789910,-10,-10,-10,220,-0.002,-40.01
"2020-10-06 22:15:13.4",6789911,-10,-10,-10,220,-0.002,-40.01
"2020-10-06 22:15:13.5",6789912,-10,-10,-10,220,-0.002,-40.01
"2020-10-06 22:15:13.6",6789913,-10,-10,-10,220,-0.002,-40.01
"2020-10-06 22:15:13.7",6789914,-10,-10,-10,220,-0.002,-40.01
"2020-10-06 22:15:13.8",6789915,-10,-10,-10,220,-0.002,-40.01
"2020-10-06 22:15:13.9",6789916,-10,-10,-10,220,-0.002,-40.01
"2020-10-06 22:15:14",6789917,-10,-10,-10,220,-0.002,-40.01
"2020-10-06 22:15:14.1",6789918,-10,-10,-10,220,-0.002,-40.01
"2020-10-06 22:15:14.2",6789919,-10,-10,-10,220,-0.002,-40.01
"2020-10-06 22:15:14.3",6789920,-10,-10,-10,220,-0.002,-40.01
"2020-10-06 22:15:14.4",6789921,-10,-10,-10,220,-0.002,-40.01
"2020-10-06 22:15:14.5",6789922,-10,-10,-10,220,-0.002,-40.01
"2020-10-06 22:15:14.6",6789923,-10,-10,-10,220,-0.002,-40.01
"2020-10-06 22:15:14.7",6789924,-10,-10,-10,220,-0.002,-40.01
"2020-10-06 22:15:14.8",6789925,-10,-10,-10,220,-0.002,-40.01
"2020-10-06 22:15:14.9",6789926,-10,-10,-10,220,-0.002,-40.01
"2020-10-06 22:15:15",6789927,-10,-10,-10,220,-0.002,-40.01
"2020-10-06 22:15:15.1",6789928,-10,-10,-10,220,-0.002,-40.01
"2020-10-06 22:15:15.2",6789929,-10,-10,-10,220,-0.002,-40.01
"2020-10-06 22:15:15.3",6789930,-10,-10,-10,220,-0.002,-40.01
"2020-10-06 22:15:15.4",6789931,-10,-10,-10,220,-0.002,-40.01
"2020-10-06 22:15:15.5",6789932,-10,-10,-10,220,-0.002,-40.01
"2020-10-06 22:15:15.6",6789933,-10,-10,-10,220,-0.002,-40.01
"2020-10-06 22:15:15.7",6789934,-10,-10,-10,220,-0.002,-40.01
"2020-10-06 22:15:15.8",6789935,-10,-10,-10,220,-0.002,-40.01
"2020-10-06 22:15:15.9",6789936,-10,-10,-10,220,-0.002,-40.01
"2020-10-06 22:15:16",6789937,-10,-10,-10,220,-0.002,-40.01
"2020-10-06 22:15:16.1",6789938,-10,-10,-10,220,-0.002,-40.01
"2020-10-06 22:15:16.2",6789939,-10,-10,-10,220,-0.002,-40.01
"2020-10-06 22:15:16.3",6789940,-10,-10,-10,220,-0.002,-40.01
"2020-10-06 22:15:16.4",6789941,-10,-10,-10,220,-0.002,-40.01
"2020-10-06 22:15:16.5",6789942,-10,-10,-10,220,-0.002,-40.01
"2020-10-06 22:15:16.6",6789943,-10,-10,-10,220,-0.002,-40.01
"2020-10-06 22:15:16.7",6789944,-10,-10,-10,220,-0.002,-40.01
"2020-10-06 22:15:16.8",6789945,-10,-10,-10,220,-0.002,-40.01
"2020-10-06 22:15:16.9",6789946,-10,-10,-10,220,-0.002,-40.01
"2020-10-06 22:15:17",6789947,-10,-10,-10,220,-0.002,-40.01
"2020-10-06 22:15:17.1",6789948,-10,-10,-10,220,-0.002,-40.01
"2020-10-06 22:15:17.2",6789949,-10,-10,-10,220,-0.002,-40.01
"2020-10-06 22:15:17.3",6789950,-10,-10,-10,220,-0.002,-40.01
"2020-10-06 22:15:17.4",6789951,-10,-10,-10,220,-0.002,-40.01
"2020-10-06 22:15:17.5",6789952,-10,-10,-10,220,-0.002,-40.01
"2020-10-06 22:15:17.6",6789953,-10,-10,-10,220,-0.002,-40.01
"2020-10-06 22:15:17.7",6789954,-10,-10,-10,220,-0.002,-40.01
"2020-10-06 22:15:17.8",6789955,-10,-10,-10,220,-0.002,-40.01
"2020-10-06 22:15:17.9",6789956,-10,-10,-10,220,-0.002,-40.01
"2020-10-06 22:15:18",6789957,-10,-10,-10,220,-0.002,-40.01
"2020-10-06 22:15:18.1",6789958,-10,-10,-10,220,-0.002,-40.01
"2020-10-06 22:15:18.2",6789959,-10,-10,-10,220,-0.002,-40.01
"2020-10-06 22:15:18.3",6789960,-10,-10,-10,220,-0.002,-40.01
"2020-10-06 22:15:18.4",6789961,-10,-10,-10,220,-0.002,-40.01
"2020-10-06 22:15:18.5",6789962,-10,-10,-10,220,-0.002,-40.01
"2020-10-06 22:15:18.6",6789963,-10,-10,-10,220,-0.002,-40.01
"2020-10-06 22:15:18.7",6789964,-10,-10,-10,220,-0.002,-40.01
"2020-10-06 22:15:18.8",6789965,-10,-10,-10,220,-0.002,-40.01
"2020-10-06 22:15:18.9",6789966,-10,-10,-10,220,-0.002,-40.01
"2020-10-06 22:15:19",6789967,-10,-10,-10,220,-0.002,-40.01
"2020-10-06 22:15:19.1",6789968,-10,-10,-10,220,-0.002,-40.01
"2020-10-06 22:15:19.2",6789969,-10,-10,-10,220,-0.002,-40.01
"2020-10-06 22:15:19.3",6789970,-10,-10,-10,220,-0.002,-40.01
"2020-10-06 22:15:19.4",6789971,-10,-10,-10,220,-0.002,-40.01
"2020-10-06 22:15:19.5",6789972,-10,-10,-10,220,-0.002,-40.01
"2020-10-06 22:15:19.6",6789973,-10,-10,-10,220,-0.002,-40.01
"2020-10-06 22:15:19.7",6789974,-10,-10,-10,220,-0.002,-40.01
"2020-10-06 22:15:19.8",6789975,-10,-10,-10,220,-0.002,-40.01
"2020-10-06 22:15:19.9",6789976,-10,-10,-10,220,-0.002,-40.01
"2020-10-06 22:15:20",6789977,-10,-10,-10,220,-0.002,-40.01
"2020-10-06 22:15:20.1",6789978,-10,-10,-10,220,-0.002,-40.01
"2020-10-06 22:15:20.2",6789979,-10,-10,-10,220,-0.002,-40.01
"2020-10-06 22:15:20.3",6789980,-10,-10,-10,220,-0.002,-40.01
"2020-10-06 22:15:20.4",6789981,-10,-10,-10,220,-0.002,-40.01
"2020-10-06 22:15:20.5",6789982,-10,-10,-10,220,-0.002,-40.01
"2020-10-06 22:15:20.6",6789983,-10,-10,-10,220,-0.002,-40.01
"2020-10-06 22:15:20.7",6789984,-10,-10,-10,220,-0.002,-40.01
"2020-10-06 22:15:20.8",6789985,-10,-10,-10,220,-0.002,-40.01
"2020-10-06 22:15:20.9",6789986,-10,-10,-10,220,-0.002,-40.01
"2020-10-06 22:15:21",6789987,-10,-10,-10,220,-0.002,-40.01
"2020-10-06 22:15:21.1",6789988,-10,-10,-10,220,-0.002,-40.01
"2020-10-06 22:15:21.2",6789989,-10,-10,-10,220,-0.002,-40.01
"2020-10-06 22:15:21.3",6789990,-10,-10,-10,220,-0.002,-40.01
"2020-10-06 22:15:21.4",6789991,-10,-10,-10,220,-0.002,-40.01
"2020-10-06 22:15:21.5",6789992,-10,-10,-10,220,-0.002,-40.01
"2020-10-06 22:15:21.6",6789993,-10,-10,-10,220,-0.002,-40.01
"2020-10-06 22:15:21.7",6789994,-10,-10,-10,220,-0.002,-40.01
"2020-10-06 22:15:21.8",6789995,-10,-10,-10,220,-0.002,-40.01
"2020-10-06 22:15:21.9",6789996,-10,-10,-10,220,-0.002,-40.01
"2020-10-06 22:15:22",6789997,-10,-10,-10,220,-0.002,-40.01
"2020-10-06 22:15:22.1",6789998,-10,-10,-10,220,-0.002,-40.01
"2020-10-06 22:15:22.2",6789999,-10,-10,-10,220,-0.002,-40.01
"2020-10-06 22:15:22.3",6790000,-10,-10,-10,220,-0.002,-40.01
"2020-10-06 22:15:22.4",6790001,-10,-10,-10,220,-0.002,-40.01
"2020-10-06 22:15:22.5",6790002,-10,-10,-10,220,-0.002,-40.01
"2020-10-06 22:15:22.6",6790003,-10,-10,-10,220,-0.002,-40.01
"2020-10-06 22:15:22.7",6790004,-10,-10,-10,220,-0.002,-40.01
"2020-10-06 22:15:22.8",6790005,-10,-10,-10,220,-0.002,-40.01
"2020-10-06 22:15:22.9",6790006,-10,-10,-10,220,-0.002,-40.01
"2020-10-06 22:15:23",6790007,-10,-10,-10,220,-0.002,-40.01
"2020-10-06 22:15:23.1",6790008,-10,-10,-10,220,-0.002,-40.01
"2020-10-06 22:15:23.2",6790009,-10,-10,-10,220,-0.002,-40.01
"2020-10-06 22:15:23.3",6790010,-10,-10,-10,220,-0.002,-40.01
"2020-10-06 22:15:23.4",6790011,-10,-10,-10,220,-0.002,-40.01
"2020-10-06 22:15:23.5",6790012,-10,-10,-10,220,-0.002,-40.01
"2020-10-06 22:15:23.6",6790013,-10,-10,-10,220,-0.002,-40.01
"2020-10-06 22:15:23.7",6790014,-10,-10,-10,220,-0.002,-40.01
"2020-10-06 22:15:23.8",6790015,-10,-10,-10,220,-0.002,-40.01
"2020-10-06 22:15:23.9",6790016,-10,-10,-10,220,-0.002,-40.01
"2020-10-06 22:15:24",6790017,-10,-10,-10,220,-0.002,-40.01
"2020-10-06 22:15:24.1",6790018,-10,-10,-10,220,-0.002,-40.01
"2020-10-06 22:15:24.2",6790019,-10,-10,-10,220,-0.002,-40.01
"2020-10-06 22:15:24.3",6790020,-10,-10,-10,220,-0.002,-40.01
"2020-10-06 22:15:24.4",6790021,-10,-10,-10,220,-0.002,-40.01
"2020-10-06 22:15:24.5",6790022,-10,-10,-10,220,-0.002,-40.01
"2020-10-06 22:15:24.6",6790023,-10,-10,-10,220,-0.002,-40.01
"2020-10-06 22:15:24.7",6790024,-10,-10,-10,220,-0.002,-40.01
"2020-10-06 22:15:24.8",6790025,-10,-10,-10,220,-0.002,-40.01
"2020-10-06 22:15:24.9",6790026,-10,-10,-10,220,-0.002,-40.01
"2020-10-06 22:15:25",6790027,-10,-10,-10,220,-0.002,-40.01
"2020-10-06 22:15:25.1",6790028,-10,-10,-10,220,-0.002,-40.01
"2020-10-06 22:15:25.2",6790029,-10,-10,-10,220,-0.002,-40.01
"2020-10-06 22:15:25.3",6790030,-10,-10,-10,220,-0.002,-40.01
"2020-10-06 22:15:25.4",6790031,-10,-10,-10,220,-0.002,-40.01
"2020-10-06 22:15:25.5",6790032,-10,-10,-10,220,-0.002,-40.01
"2020-10-06 22:15:25.6",6790033,-10,-10,-10,220,-0.002,-40.01
"2020-10-06 22:15:25.7",6790034,-10,-10,-10,220,-0.002,-40.01
"2020-10-06 22:15:25.8",6790035,-10,-10,-10,220,-0.002,-40.01
"2020-10-06 22:15:25.9",6790036,-10,-10,-10,220,-0.002,-40.01
"2020-10-06 22:15:26",6790037,-10,-10,-10,220,-0.002,-40.01
"2020-10-06 22:15:26.1",6790038,-10,-10,-10,220,-0.002,-40.01
"2020-10-06 22:15:26.2",6790039,-10,-10,-10,220,-0.002,-40.01
"2020-10-06 22:15:26.3",6790040,-10,-10,-10,220,-0.002,-40.01
"2020-10-06 22:15:26.4",6790041,-10,-10,-10,220,-0.002,-40.01
"2020-10-06 22:15:26.5",6790042,-10,-10,-10,220,-0.002,-40.01
"2020-10-06 22:15:26.6",6790043,-10,-10,-10,220,-0.002,-40.01
"2020-10-06 22:15:26.7",6790044,-10,-10,-10,220,-0.002,-40.01
"2020-10-06 22:15:26.8",6790045,-10,-10,-10,220,-0.002,-40.01
"2020-10-06 22:15:26.9",6790046,-10,-10,-10,220,-0.002,-40.01
"2020-10-06 22:15:27",6790047,-10,-10,-10,220,-0.002,-40.01
"2020-10-06 22:15:27.1",6790048,-10,-10,-10,220,-0.002,-40.01
"2020-10-06 22:15:27.2",6790049,-10,-10,-10,220,-0.002,-40.01
"2020-10-06 22:15:27.3",6790050,-10,-10,-10,220,-0.002,-40.01
"2020-10-06 22:15:27.4",6790051,-10,-10,-10,220,-0.002,-40.01
"2020-10-06 22:15:27.5",6790052,-10,-10,-10,220,-0.002,-40.01
"2020-10-06 22:15:27.6",6790053,-10,-10,-10,220,-0.002,-40.01
"2020-10-06 22:15:27.7",6790054,-10,-10,-10,220,-0.002,-40.01
"2020-10-06 22:15:27.8",6790055,-10,-10,-10,220,-0.002,-40.01
"2020-10-06 22:15:27.9",6790056,-10,-10,-10,220,-0.002,-40.01
"2020-10-06 22:15:28",6790057,-10,-10,-10,220,-0.002,-40.01
"2020-10-06 22:15:28.1",6790058,-10,-10,-10,220,-0.002,-40.01
"2020-10-06 22:15:28.2",6790059,-10,-10,-10,220,-0.002,-40.01
"2020-10-06 22:15:28.3",6790060,-10,-10,-10,220,-0.002,-40.01
"2020-10-06 22:15:28.4",6790061,-10,-10,-10,220,-0.002,-40.01
"2020-10-06 22:15:28.5",6790062,-10,-10,-10,220,-0.002,-40.01
"2020-10-06 22:15:28.6",6790063,-10,-10,-10,220,-0.002,-40.01
"2020-10-06 22:15:28.7",6790064,-10,-10,-10,220,-0.002,-40.01
"2020-10-06 22:15:28.8",6790065,-10,-10,-10,220,-0.002,-40.01
"2020-10-06 22:15:28.9",6790066,-10,-10,-10,220,-0.002,-40.01
"2020-10-06 22:15:29",6790067,-10,-10,-10,220,-0.002,-40.01
"2020-10-06 22:15:29.1",6790068,-10,-10,-10,220,-0.002,-40.01
"2020-10-06 22:15:29.2",6790069,-10,-10,-10,220,-0.002,-40.01
"2020-10-06 22:15:29.3",6790070,-10,-10,-10,220,-0.002,-40.01
"2020-10-06 22:15:29.4",6790071,-10,-10,-10,220,-0.002,-40.01
"2020-10-06 22:15:29.5",6790072,-10,-10,-10,220,-0.002,-40.01
"2020-10-06 22:15:29.6",6790073,-10,-10,-10,220,-0.002,-40.01
"2020-10-06 22:15:29.7",6790074,-10,-10,-10,220,-0.002,-40.01
"2020-10-06 22:15:29.8",6790075,-10,-10,-10,220,-0.002,-40.01
"2020-10-06 22:15:29.9",6790076,-10,-10,-10,220,-0.002,-40.01
"2020-10-06 22:15:30",6790077,-10,-10,-10,220,-0.002,-40.01
"2020-10-06 22:15:30.1",6790078,-10,-10,-10,220,-0.002,-40.01
"2020-10-06 22:15:30.2",6790079,-10,-10,-10,220,-0.002,-40.01
"2020-10-06 22:15:30.3",6790080,-10,-10,-10,220,-0.002,-40.01
"2020-10-06 22:15:30.4",6790081,-10,-10,-10,220,-0.002,-40.01
"2020-10-06 22:15:30.5",6790082,-10,-10,-10,220,-0.002,-40.01
"2020-10-06 22:15:30.6",6790083,-10,-10,-10,220,-0.002,-40.01
"2020-10-06 22:15:30.7",6790084,-10,-10,-10,220,-0.002,-40.01
"2020-10-06 22:15:30.8",6790085,-10,-10,-10,220,-0.002,-40.01
"2020-10-06 22:15:30.9",6790086,-10,-10,-10,220,-0.002,-40.01
"2020-10-06 22:15:31",6790087,-10,-10,-10,220,-0.002,-40.01
"2020-10-06 22:15:31.1",6790088,-10,-10,-10,220,-0.002,-40.01
"2020-10-06 22:15:31.2",6790089,-10,-10,-10,220,-0.002,-40.01
"2020-10-06 22:15:31.3",6790090,-10,-10,-10,220,-0.002,-40.01
"2020-10-06 22:15:31.4",6790091,-10,-10,-10,220,-0.002,-40.01
"2020-10-06 22:15:31.5",6790092,-10,-10,-10,220,-0.002,-40.01
"2020-10-06 22:15:31.6",6790093,-10,-10,-10,220,-0.002,-40.01
"2020-10-06 22:15:31.7",6790094,-10,-10,-10,220,-0.002,-40.01
"2020-10-06 22:15:31.8",6790095,-10,-10,-10,220,-0.002,-40.01
"2020-10-06 22:15:31.9",6790096,-10,-10,-10,220,-0.002,-40.01
"2020-10-06 22:15:32",6790097,-10,-10,-10,220,-0.002,-40.01
"2020-10-06 22:15:32.1",6790098,-10,-10,-10,220,-0.002,-40.01
"2020-10-06 22:15:32.2",6790099,-10,-10,-10,220,-0.002,-40.01
"2020-10-06 22:15:32.3",6790100,-10,-10,-10,220,-0.002,-40.01
"2020-10-06 22:15:32.4",6790101,-10,-10,-10,220,-0.002,-40.01
"2020-10-06 22:15:32.5",6790102,-10,-10,-10,220,-0.002,-40.01
"2020-10-06 22:15:32.6",6790103,-10,-10,-10,220,-0.002,-40.01
"2020-10-06 22:15:32.7",6790104,-10,-10,-10,220,-0.002,-40.01
"2020-10-06 22:15:32.8",6790105,-10,-10,-10,220,-0.002,-40.01
"2020-10-06 22:15:32.9",6790106,-10,-10,-10,220,-0.002,-40.01
"2020-10-06 22:15:33",6790107,-10,-10,-10,220,-0.002,-40.01
"2020-10-06 22:15:33.1",6790108,-10,-10,-10,220,-0.002,-40.01
"2020-10-06 22:15:33.2",6790109,-10,-10,-10,220,-0.002,-40.01
"2020-10-06 22:15:33.3",6790110,-10,-10,-10,220,-0.002,-40.01
"2020-10-06 22:15:33.4",6790111,-10,-10,-10,220,-0.002,-40.01
"2020-10-06 22:15:33.5",6790112,-10,-10,-10,220,-0.002,-40.01
"2020-10-06 22:15:33.6",6790113,-10,-10,-10,220,-0.002,-40.01
"2020-10-06 22:15:33.7",6790114,-10,-10,-10,220,-0.002,-40.01
"2020-10-06 22:15:33.8",6790115,-10,-10,-10,220,-0.002,-40.01
"2020-10-06 22:15:33.9",6790116,-10,-10,-10,220,-0.002,-40.01
"2020-10-06 22:15:34",6790117,-10,-10,-10,220,-0.002,-40.01
"2020-10-06 22:15:34.1",6790118,-10,-10,-10,220,-0.002,-40.01
"2020-10-06 22:15:34.2",6790119,-10,-10,-10,220,-0.002,-40.01
"2020-10-06 22:15:34.3",6790120,-10,-10,-10,220,-0.002,-40.01
"2020-10-06 22:15:34.4",6790121,-10,-10,-10,220,-0.002,-40.01
"2020-10-06 22:15:34.5",6790122,-10,-10,-10,220,-0.002,-40.01
"2020-10-06 22:15:34.6",6790123,-10,-10,-10,220,-0.002,-40.01
"2020-10-06 22:15:34.7",6790124,-10,-10,-10,220,-0.002,-40.01
"2020-10-06 22:15:34.8",6790125,-10,-10,-10,220,-0.002,-40.01
"2020-10-06 22:15:34.9",6790126,-10,-10,-10,220,-0.002,-40.01
"2020-10-06 22:15:35",6790127,-10,-10,-10,220,-0.002,-40.01
"2020-10-06 22:15:35.1",6790128,-10,-10,-10,220,-0.002,-40.01
"2020-10-06 22:15:35.2",6790129,-10,-10,-10,220,-0.002,-40.01
"2020-10-06 22:15:35.3",6790130,-10,-10,-10,220,-0.002,-40.01
"2020-10-06 22:15:35.4",6790131,-10,-10,-10,220,-0.002,-40.01
"2020-10-06 22:15:35.5",6790132,-10,-10,-10,220,-0.002,-40.01
"2020-10-06 22:15:35.6",6790133,-10,-10,-10,220,-0.002,-40.01
"2020-10-06 22:15:35.7",6790134,-10,-10,-10,220,-0.002,-40.01
"2020-10-06 22:15:35.8",6790135,-10,-10,-10,220,-0.002,-40.01
"2020-10-06 22:15:35.9",6790136,-10,-10,-10,220,-0.002,-40.01
"2020-10-06 22:15:36",6790137,-10,-10,-10,220,-0.002,-40.01
"2020-10-06 22:15:36.1",6790138,-10,-10,-10,220,-0.002,-40.01
"2020-10-06 22:15:36.2",6790139,-10,-10,-10,220,-0.002,-40.01
"2020-10-06 22:15:36.3",6790140,-10,-10,-10,220,-0.002,-40.01
"2020-10-06 22:15:36.4",6790141,-10,-10,-10,220,-0.002,-40.01
"2020-10-06 22:15:36.5",6790142,-10,-10,-10,220,-0.002,-40.01
"2020-10-06 22:15:36.6",6790143,-10,-10,-10,220,-0.002,-40.01
"2020-10-06 22:15:36.7",6790144,-10,-10,-10,220,-0.002,-40.01
"2020-10-06 22:15:36.8",6790145,-10,-10,-10,220,-0.002,-40.01
"2020-10-06 22:15:36.9",6790146,-10,-10,-10,220,-0.002,-40.01
"2020-10-06 22:15:37",6790147,-10,-10,-10,220,-0.002,-40.01
"2020-10-06 22:15:37.1",6790148,-10,-10,-10,220,-0.002,-40.01
"2020-10-06 22:15:37.2",6790149,-10,-10,-10,220,-0.002,-40.01
"2020-10-06 22:15:37.3",6790150,-10,-10,-10,220,-0.002,-40.01
"2020-10-06 22:15:37.4",6790151,-10,-10,-10,220,-0.002,-40.01
"2020-10-06 22:15:37.5",6790152,-10,-10,-10,220,-0.002,-40.01
"2020-10-06 22:15:37.6",6790153,-10,-10,-10,220,-0.002,-40.01
"2020-10-06 22:15:37.7",6790154,-10,-10,-10,220,-0.002,-40.01
"2020-10-06 22:15:37.8",6790155,-10,-10,-10,220,-0.002,-40.01
"2020-10-06 22:15:37.9",6790156,-10,-10,-10,220,-0.002,-40.01
"2020-10-06 22:15:38",6790157,-10,-10,-10,220,-0.002,-40.01
"2020-10-06 22:15:38.1",6790158,-10,-10,-10,220,-0.002,-40.01
"2020-10-06 22:15:38.2",6790159,-10,-10,-10,220,-0.002,-40.01
"2020-10-06 22:15:38.3",6790160,-10,-10,-10,220,-0.002,-40.01
"2020-10-06 22:15:38.4",6790161,-10,-10,-10,220,-0.002,-40.01
"2020-10-06 22:15:38.5",6790162,-10,-10,-10,220,-0.002,-40.01
"2020-10-06 22:15:38.6",6790163,-10,-10,-10,220,-0.002,-40.01
"2020-10-06 22:15:38.7",6790164,-10,-10,-10,220,-0.002,-40.01
"2020-10-06 22:15:38.8",6790165,-10,-10,-10,220,-0.002,-40.01
"2020-10-06 22:15:38.9",6790166,-10,-10,-10,220,-0.002,-40.01
"2020-10-06 22:15:39",6790167,-10,-10,-10,220,-0.002,-40.01
"2020-10-06 22:15:39.1",6790168,-10,-10,-10,220,-0.002,-40.01
"2020-10-06 22:15:39.2",6790169,-10,-10,-10,220,-0.002,-40.01
"2020-10-06 22:15:39.3",6790170,-10,-10,-10,220,-0.002,-40.01
"2020-10-06 22:15:39.4",6790171,-10,-10,-10,220,-0.002,-40.01
"2020-10-06 22:15:39.5",6790172,-10,-10,-10,220,-0.002,-40.01
"2020-10-06 22:15:39.6",6790173,-10,-10,-10,220,-0.002,-40.01
"2020-10-06 22:15:39.7",6790174,-10,-10,-10,220,-0.002,-40.01
"2020-10-06 22:15:39.8",6790175,-10,-10,-10,220,-0.002,-40.01
"2020-10-06 22:15:39.9",6790176,-10,-10,-10,220,-0.002,-40.01
"2020-10-06 22:15:40",6790177,-10,-10,-10,220,-0.002,-40.01
"2020-10-06 22:15:40.1",6790178,-10,-10,-10,220,-0.002,-40.01
"2020-10-06 22:15:40.2",6790179,-10,-10,-10,220,-0.002,-40.01
"2020-10-06 22:15:40.3",6790180,-10,-10,-10,220,-0.002,-40.01
"2020-10-06 22:15:40.4",6790181,-10,-10,-10,220,-0.002,-40.01
"2020-10-06 22:15:40.5",6790182,-10,-10,-10,220,-0.002,-40.01
"2020-10-06 22:15:40.6",6790183,-10,-10,-10,220,-0.002,-40.01
"2020-10-06 22:15:40.7",6790184,-10,-10,-10,220,-0.002,-40.01
"2020-10-06 22:15:40.8",6790185,-10,-10,-10,220,-0.002,-40.01
"2020-10-06 22:15:40.9",6790186,-10,-10,-10,220,-0.002,-40.01
"2020-10-06 22:15:41",6790187,-10,-10,-10,220,-0.002,-40.01
"2020-10-06 22:15:41.1",6790188,-10,-10,-10,220,-0.002,-40.01
"2020-10-06 22:15:41.2",6790189,-10,-10,-10,220,-0.002,-40.01
"2020-10-06 22:15:41.3",6790190,-10,-10,-10,220,-0.002,-40.01
"2020-10-06 22:15:41.4",6790191,-10,-10,-10,220,-0.002,-40.01
"2020-10-06 22:15:41.5",6790192,-10,-10,-10,220,-0.002,-40.01
"2020-10-06 22:15:41.6",6790193,-10,-10,-10,220,-0.002,-40.01
"2020-10-06 22:15:41.7",6790194,-10,-10,-10,220,-0.002,-40.01
"2020-10-06 22:15:41.8",6790195,-10,-10,-10,220,-0.002,-40.01
"2020-10-06 22:15:41.9",6790196,-10,-10,-10,220,-0.002,-40.01
"2020-10-06 22:15:42",6790197,-10,-10,-10,220,-0.002,-40.01
"2020-10-06 22:15:42.1",6790198,-10,-10,-10,220,-0.002,-40.01
"2020-10-06 22:15:42.2",6790199,-10,-10,-10,220,-0.002,-40.01
"2020-10-06 22:15:42.3",6790200,-10,-10,-10,220,-0.002,-40.01
"2020-10-06 22:15:42.4",6790201,-10,-10,-10,220,-0.002,-40.01
"2020-10-06 22:15:42.5",6790202,-10,-10,-10,220,-0.002,-40.01
"2020-10-06 22:15:42.6",6790203,-10,-10,-10,220,-0.002,-40.01
"2020-10-06 22:15:42.7",6790204,-10,-10,-10,220,-0.002,-40.01
"2020-10-06 22:15:42.8",6790205,-10,-10,-10,220,-0.002,-40.01
"2020-10-06 22:15:42.9",6790206,-10,-10,-10,220,-0.002,-40.01
"2020-10-06 22:15:43",6790207,-10,-10,-10,220,-0.002,-40.01
"2020-10-06 22:15:43.1",6790208,-10,-10,-10,220,-0.002,-40.01
"2020-10-06 22:15:43.2",6790209,-10,-10,-10,220,-0.002,-40.01
"2020-10-06 22:15:43.3",6790210,-10,-10,-10,220,-0.002,-40.01
"2020-10-06 22:15:43.4",6790211,-10,-10,-10,220,-0.002,-40.01
"2020-10-06 22:15:43.5",6790212,-10,-10,-10,220,-0.002,-40.01
"2020-10-06 22:15:43.6",6790213,-10,-10,-10,220,-0.002,-40.01
"2020-10-06 22:15:43.7",6790214,-10,-10,-10,220,-0.002,-40.01
"2020-10-06 22:15:43.8",6790215,-10,-10,-10,220,-0.002,-40.01
"2020-10-06 22:15:43.9",6790216,-10,-10,-10,220,-0.002,-40.01
"2020-10-06 22:15:44",6790217,-10,-10,-10,220,-0.002,-40.01
"2020-10-06 22:15:44.1",6790218,-10,-10,-10,220,-0.002,-40.01
"2020-10-06 22:15:44.2",6790219,-10,-10,-10,220,-0.002,-40.01
"2020-10-06 22:15:44.3",6790220,-10,-10,-10,220,-0.002,-40.01
"2020-10-06 22:15:44.4",6790221,-10,-10,-10,220,-0.002,-40.01
"2020-10-06 22:15:44.5",6790222,-10,-10,-10,220,-0.002,-40.01
"2020-10-06 22:15:44.6",6790223,-10,-10,-10,220,-0.002,-40.01
"2020-10-06 22:15:44.7",6790224,-10,-10,-10,220,-0.002,-40.01
"2020-10-06 22:15:44.8",6790225,-10,-10,-10,220,-0.002,-40.01
"2020-10-06 22:15:44.9",6790226,-10,-10,-10,220,-0.002,-40.01
"2020-10-06 22:15:45",6790227,-10,-10,-10,220,-0.002,-40.01
"2020-10-06 22:15:45.1",6790228,-10,-10,-10,220,-0.002,-40.01
"2020-10-06 22:15:45.2",6790229,-10,-10,-10,220,-0.002,-40.01
"2020-10-06 22:15:45.3",6790230,-10,-10,-10,220,-0.002,-40.01
"2020-10-06 22:15:45.4",6790231,-10,-10,-10,220,-0.002,-40.01
"2020-10-06 22:15:45.5",6790232,-10,-10,-10,220,-0.002,-40.01
"2020-10-06 22:15:45.6",6790233,-10,-10,-10,220,-0.002,-40.01
"2020-10-06 22:15:45.7",6790234,-10,-10,-10,220,-0.002,-40.01
"2020-10-06 22:15:45.8",6790235,-10,-10,-10,220,-0.002,-40.01
"2020-10-06 22:15:45.9",6790236,-10,-10,-10,220,-0.002,-40.01
"2020-10-06 22:15:46",6790237,-10,-10,-10,220,-0.002,-40.01
"2020-10-06 22:15:46.1",6790238,-10,-10,-10,220,-0.002,-40.01
"2020-10-06 22:15:46.2",6790239,-10,-10,-10,220,-0.002,-40.01
"2020-10-06 22:15:46.3",6790240,-10,-10,-10,220,-0.002,-40.01
"2020-10-06 22:15:46.4",6790241,-10,-10,-10,220,-0.002,-40.01
"2020-10-06 22:15:46.5",6790242,-10,-10,-10,220,-0.002,-40.01
"2020-10-06 22:15:46.6",6790243,-10,-10,-10,220,-0.002,-40.01
"2020-10-06 22:15:46.7",6790244,-10,-10,-10,220,-0.002,-40.01
"2020-10-06 22:15:46.8",6790245,-10,-10,-10,220,-0.002,-40.01
"2020-10-06 22:15:46.9",6790246,-10,-10,-10,220,-0.002,-40.01
"2020-10-06 22:15:47",6790247,-10,-10,-10,220,-0.002,-40.01
"2020-10-06 22:15:47.1",6790248,-10,-10,-10,220,-0.002,-40.01
"2020-10-06 22:15:47.2",6790249,-10,-10,-10,220,-0.002,-40.01
"2020-10-06 22:15:47.3",6790250,-10,-10,-10,220,-0.002,-40.01
"2020-10-06 22:15:47.4",6790251,-10,-10,-10,220,-0.002,-40.01
"2020-10-06 22:15:47.5",6790252,-10,-10,-10,220,-0.002,-40.01
"2020-10-06 22:15:47.6",6790253,-10,-10,-10,220,-0.002,-40.01
"2020-10-06 22:15:47.7",6790254,-10,-10,-10,220,-0.002,-40.01
"2020-10-06 22:15:47.8",6790255,-10,-10,-10,220,-0.002,-40.01
"2020-10-06 22:15:47.9",6790256,-10,-10,-10,220,-0.002,-40.01
"2020-10-06 22:15:48",6790257,-10,-10,-10,220,-0.002,-40.01
"2020-10-06 22:15:48.1",6790258,-10,-10,-10,220,-0.002,-40.01
"2020-10-06 22:15:48.2",6790259,-10,-10,-10,220,-0.002,-40.01
"2020-10-06 22:15:48.3",6790260,-10,-10,-10,220,-0.002,-40.01
"2020-10-06 22:15:48.4",6790261,-10,-10,-10,220,-0.002,-40.01
"2020-10-06 22:15:48.5",6790262,-10,-10,-10,220,-0.002,-40.01
"2020-10-06 22:15:48.6",6790263,-10,-10,-10,220,-0.002,-40.01
"2020-10-06 22:15:48.7",6790264,-10,-10,-10,220,-0.002,-40.01
"2020-10-06 22:15:48.8",6790265,-10,-10,-10,220,-0.002,-40.01
"2020-10-06 22:15:48.9",6790266,-10,-10,-10,220,-0.002,-40.01
"2020-10-06 22:15:49",6790267,-10,-10,-10,220,-0.002,-40.01
"2020-10-06 22:15:49.1",6790268,-10,-10,-10,220,-0.002,-40.01
"2020-10-06 22:15:49.2",6790269,-10,-10,-10,220,-0.002,-40.01
"2020-10-06 22:15:49.3",6790270,-10,-10,-10,220,-0.002,-40.01
"2020-10-06 22:15:49.4",6790271,-10,-10,-10,220,-0.002,-40.01
"2020-10-06 22:15:49.5",6790272,-10,-10,-10,220,-0.002,-40.01
"2020-10-06 22:15:49.6",6790273,-10,-10,-10,220,-0.002,-40.01
"2020-10-06 22:15:49.7",6790274,-10,-10,-10,220,-0.002,-40.01
"2020-10-06 22:15:49.8",6790275,-10,-10,-10,220,-0.002,-40.01
"2020-10-06 22:15:49.9",6790276,-10,-10,-10,220,-0.002,-40.01
"2020-10-06 22:15:50",6790277,-10,-10,-10,220,-0.002,-40.01
"2020-10-06 22:15:50.1",6790278,-10,-10,-10,220,-0.002,-40.01
"2020-10-06 22:15:50.2",6790279,-10,-10,-10,220,-0.002,-40.01
"2020-10-06 22:15:50.3",6790280,-10,-10,-10,220,-0.002,-40.01
"2020-10-06 22:15:50.4",6790281,-10,-10,-10,220,-0.002,-40.01
"2020-10-06 22:15:50.5",6790282,-10,-10,-10,220,-0.002,-40.01
"2020-10-06 22:15:50.6",6790283,-10,-10,-10,220,-0.002,-40.01
"2020-10-06 22:15:50.7",6790284,-10,-10,-10,220,-0.002,-40.01
"2020-10-06 22:15:50.8",6790285,-10,-10,-10,220,-0.002,-40.01
"2020-10-06 22:15:50.9",6790286,-10,-10,-10,220,-0.002,-40.01
