"TOA5","10329","CR6","10329","CR6.Std.09.01 CR6-WIFI.04.00.01","CPU:YOUNG81000_HMP60_10Hz.CR6","51185","Young10Hz_hmp"
"TIMESTAMP","RECORD","U","V","W","TSonic","RH","T_HMP60"
"TS","RN","mV","mV","mV","mV","%","Deg C"
"","","Smp","Smp","Smp","Smp","Smp","Smp"
"2020-10-04 14:32:51",4784487,-10,-10,-10,220,-0.001,-40.01
"2020-10-04 14:32:51.1",4784488,-10,-10,-10,220,-0.001,-40.01
"2020-10-04 14:32:51.2",4784489,-10,-10,-10,220,-0.002,-40.01
"2020-10-04 14:32:51.3",4784490,-10,-10,-10,220,-0.002,-40.01
"2020-10-04 14:32:51.4",4784491,-10,-10,-10,220,-0.001,-40.01
"2020-10-04 14:32:51.5",4784492,-10,-10,-10,220,-0.001,-40.01
"2020-10-04 14:32:51.6",4784493,-10,-10,-10,220,-0.002,-40.01
"2020-10-04 14:32:51.7",4784494,-10,-10,-10,220,-0.001,-40.01
"2020-10-04 14:32:51.8",4784495,-10,-10,-10,220,-0.002,-40.01
"2020-10-04 14:32:51.9",4784496,-10,-10,-10,220,-0.002,-40.01
"2020-10-04 14:32:52",4784497,-10,-10,-10,220,-0.001,-40.01
"2020-10-04 14:32:52.1",4784498,-10,-10,-10,220,-0.001,-40.01
"2020-10-04 14:32:52.2",4784499,-10,-10,-10,220,-0.001,-40.01
"2020-10-04 14:32:52.3",4784500,-10,-10,-10,220,-0.002,-40.01
"2020-10-04 14:32:52.4",4784501,-10,-10,-10,220,-0.002,-40.01
"2020-10-04 14:32:52.5",4784502,-10,-10,-10,220,-0.001,-40.01
"2020-10-04 14:32:52.6",4784503,-10,-10,-10,220,-0.002,-40.01
"2020-10-04 14:32:52.7",4784504,-10,-10,-10,220,-0.002,-40.01
"2020-10-04 14:32:52.8",4784505,-10,-10,-10,220,-0.002,-40.01
"2020-10-04 14:32:52.9",4784506,-10,-10,-10,220,-0.001,-40.01
"2020-10-04 14:32:53",4784507,-10,-10,-10,220,-0.001,-40.01
"2020-10-04 14:32:53.1",4784508,-10,-10,-10,220,-0.001,-40.01
"2020-10-04 14:32:53.2",4784509,-10,-10,-10,220,-0.002,-40.01
"2020-10-04 14:32:53.3",4784510,-10,-10,-10,220,-0.001,-40.01
"2020-10-04 14:32:53.4",4784511,-10,-10,-10,220,-0.001,-40.01
"2020-10-04 14:32:53.5",4784512,-10,-10,-10,220,-0.002,-40.01
"2020-10-04 14:32:53.6",4784513,-10,-10,-10,220,-0.001,-40.01
"2020-10-04 14:32:53.7",4784514,-10,-10,-10,220,-0.001,-40.01
"2020-10-04 14:32:53.8",4784515,-10,-10,-10,220,-0.001,-40.01
"2020-10-04 14:32:53.9",4784516,-10,-10,-10,220,-0.001,-40.01
"2020-10-04 14:32:54",4784517,-10,-10,-10,220,-0.001,-40.01
"2020-10-04 14:32:54.1",4784518,-10,-10,-10,220,-0.001,-40.01
"2020-10-04 14:32:54.2",4784519,-10,-10,-10,220,-0.001,-40.01
"2020-10-04 14:32:54.3",4784520,-10,-10,-10,220,-0.002,-40.01
"2020-10-04 14:32:54.4",4784521,-10,-10,-10,220,-0.001,-40.01
"2020-10-04 14:32:54.5",4784522,-10,-10,-10,220,-0.001,-40.01
"2020-10-04 14:32:54.6",4784523,-10,-10,-10,220,-0.001,-40.01
"2020-10-04 14:32:54.7",4784524,-10,-10,-10,220,-0.002,-40.01
"2020-10-04 14:32:54.8",4784525,-10,-10,-10,220,-0.001,-40.01
"2020-10-04 14:32:54.9",4784526,-10,-10,-10,220,-0.001,-40.01
"2020-10-04 14:32:55",4784527,-10,-10,-10,220,-0.001,-40.01
"2020-10-04 14:32:55.1",4784528,-10,-10,-10,220,-0.001,-40.01
"2020-10-04 14:32:55.2",4784529,-10,-10,-10,220,-0.001,-40.01
"2020-10-04 14:32:55.3",4784530,-10,-10,-10,220,-0.001,-40.01
"2020-10-04 14:32:55.4",4784531,-10,-10,-10,220,-0.001,-40.01
"2020-10-04 14:32:55.5",4784532,-10,-10,-10,220,-0.001,-40.01
"2020-10-04 14:32:55.6",4784533,-10,-10,-10,220,-0.001,-40.01
"2020-10-04 14:32:55.7",4784534,-10,-10,-10,220,-0.001,-40.01
"2020-10-04 14:32:55.8",4784535,-10,-10,-10,220,-0.002,-40.01
"2020-10-04 14:32:55.9",4784536,-10,-10,-10,220,-0.001,-40.01
"2020-10-04 14:32:56",4784537,-10,-10,-10,220,-0.001,-40.01
"2020-10-04 14:32:56.1",4784538,-10,-10,-10,220,-0.001,-40.01
"2020-10-04 14:32:56.2",4784539,-10,-10,-10,220,-0.001,-40.01
"2020-10-04 14:32:56.3",4784540,-10,-10,-10,220,-0.002,-40.01
"2020-10-04 14:32:56.4",4784541,-10,-10,-10,220,-0.001,-40.01
"2020-10-04 14:32:56.5",4784542,-10,-10,-10,220,-0.001,-40.01
"2020-10-04 14:32:56.6",4784543,-10,-10,-10,220,-0.001,-40.01
"2020-10-04 14:32:56.7",4784544,-10,-10,-10,220,-0.001,-40.01
"2020-10-04 14:32:56.8",4784545,-10,-10,-10,220,-0.001,-40.01
"2020-10-04 14:32:56.9",4784546,-10,-10,-10,220,-0.001,-40.01
"2020-10-04 14:32:57",4784547,-10,-10,-10,220,-0.001,-40.01
"2020-10-04 14:32:57.1",4784548,-10,-10,-10,220,-0.001,-40.01
"2020-10-04 14:32:57.2",4784549,-10,-10,-10,220,-0.001,-40.01
"2020-10-04 14:32:57.3",4784550,-10,-10,-10,220,-0.001,-40.01
"2020-10-04 14:32:57.4",4784551,-10,-10,-10,220,-0.002,-40.01
"2020-10-04 14:32:57.5",4784552,-10,-10,-10,220,-0.001,-40.01
"2020-10-04 14:32:57.6",4784553,-10,-10,-10,220,-0.001,-40.01
"2020-10-04 14:32:57.7",4784554,-10,-10,-10,220,-0.001,-40.01
"2020-10-04 14:32:57.8",4784555,-10,-10,-10,220,-0.001,-40.01
"2020-10-04 14:32:57.9",4784556,-10,-10,-10,220,-0.001,-40.01
"2020-10-04 14:32:58",4784557,-10,-10,-10,220,-0.001,-40.01
"2020-10-04 14:32:58.1",4784558,-10,-10,-10,220,-0.001,-40.01
"2020-10-04 14:32:58.2",4784559,-10,-10,-10,220,-0.001,-40.01
"2020-10-04 14:32:58.3",4784560,-10,-10,-10,220,-0.001,-40.01
"2020-10-04 14:32:58.4",4784561,-10,-10,-10,220,-0.001,-40.01
"2020-10-04 14:32:58.5",4784562,-10,-10,-10,220,-0.001,-40.01
"2020-10-04 14:32:58.6",4784563,-10,-10,-10,220,-0.001,-40.01
"2020-10-04 14:32:58.7",4784564,-10,-10,-10,220,-0.001,-40.01
"2020-10-04 14:32:58.8",4784565,-10,-10,-10,220,-0.001,-40.01
"2020-10-04 14:32:58.9",4784566,-10,-10,-10,220,-0.001,-40.01
"2020-10-04 14:32:59",4784567,-10,-10,-10,220,-0.001,-40.01
"2020-10-04 14:32:59.1",4784568,-10,-10,-10,220,-0.001,-40.01
"2020-10-04 14:32:59.2",4784569,-10,-10,-10,220,-0.001,-40.01
"2020-10-04 14:32:59.3",4784570,-10,-10,-10,220,-0.001,-40.01
"2020-10-04 14:32:59.4",4784571,-10,-10,-10,220,-0.001,-40.01
"2020-10-04 14:32:59.5",4784572,-10,-10,-10,220,-0.001,-40.01
"2020-10-04 14:32:59.6",4784573,-10,-10,-10,220,-0.001,-40.01
"2020-10-04 14:32:59.7",4784574,-10,-10,-10,220,-0.001,-40.01
"2020-10-04 14:32:59.8",4784575,-10,-10,-10,220,-0.001,-40.01
"2020-10-04 14:32:59.9",4784576,-10,-10,-10,220,-0.001,-40.01
"2020-10-04 14:33:00",4784577,-10,-10,-10,220,-0.001,-40.01
"2020-10-04 14:33:00.1",4784578,-10,-10,-10,220,-0.008,-40.02
"2020-10-04 14:33:00.2",4784579,-10,-10,-10,220,-0.008,-40.02
"2020-10-04 14:33:00.3",4784580,-10,-10,-10,220,-0.001,-40.01
"2020-10-04 14:33:00.4",4784581,-10,-10,-10,220,-0.001,-40.01
"2020-10-04 14:33:00.5",4784582,-10,-10,-10,220,-0.001,-40.01
"2020-10-04 14:33:00.6",4784583,-10,-10,-10,220,-0.002,-40.01
"2020-10-04 14:33:00.7",4784584,-10,-10,-10,220,-0.001,-40.01
"2020-10-04 14:33:00.8",4784585,-10,-10,-10,220,-0.001,-40.01
"2020-10-04 14:33:00.9",4784586,-10,-10,-10,220,-0.001,-40.01
"2020-10-04 14:33:01",4784587,-10,-10,-10,220,-0.001,-40.01
"2020-10-04 14:33:01.1",4784588,-10,-10,-10,220,-0.001,-40.01
"2020-10-04 14:33:01.2",4784589,-10,-10,-10,220,-0.001,-40.01
"2020-10-04 14:33:01.3",4784590,-10,-10,-10,220,-0.001,-40.01
"2020-10-04 14:33:01.4",4784591,-10,-10,-10,220,-0.001,-40.01
"2020-10-04 14:33:01.5",4784592,-10,-10,-10,220,-0.001,-40.01
"2020-10-04 14:33:01.6",4784593,-10,-10,-10,220,-0.001,-40.01
"2020-10-04 14:33:01.7",4784594,-10,-10,-10,220,-0.002,-40.01
"2020-10-04 14:33:01.8",4784595,-10,-10,-10,220,-0.001,-40.01
"2020-10-04 14:33:01.9",4784596,-10,-10,-10,220,-0.001,-40.01
"2020-10-04 14:33:02",4784597,-10,-10,-10,220,-0.001,-40.01
"2020-10-04 14:33:02.1",4784598,-10,-10,-10,220,-0.001,-40.01
"2020-10-04 14:33:02.2",4784599,-10,-10,-10,220,-0.001,-40.01
"2020-10-04 14:33:02.3",4784600,-10,-10,-10,220,-0.001,-40.01
"2020-10-04 14:33:02.4",4784601,-10,-10,-10,220,-0.001,-40.01
"2020-10-04 14:33:02.5",4784602,-10,-10,-10,220,-0.002,-40.01
"2020-10-04 14:33:02.6",4784603,-10,-10,-10,220,-0.002,-40.01
"2020-10-04 14:33:02.7",4784604,-10,-10,-10,220,-0.001,-40.01
"2020-10-04 14:33:02.8",4784605,-10,-10,-10,220,-0.001,-40.01
"2020-10-04 14:33:02.9",4784606,-10,-10,-10,220,-0.002,-40.01
"2020-10-04 14:33:03",4784607,-10,-10,-10,220,-0.001,-40.01
"2020-10-04 14:33:03.1",4784608,-10,-10,-10,220,-0.001,-40.01
"2020-10-04 14:33:03.2",4784609,-10,-10,-10,220,-0.001,-40.01
"2020-10-04 14:33:03.3",4784610,-10,-10,-10,220,-0.001,-40.01
"2020-10-04 14:33:03.4",4784611,-10,-10,-10,220,-0.001,-40.01
"2020-10-04 14:33:03.5",4784612,-10,-10,-10,220,-0.001,-40.01
"2020-10-04 14:33:03.6",4784613,-10,-10,-10,220,-0.001,-40.01
"2020-10-04 14:33:03.7",4784614,-10,-10,-10,220,-0.001,-40.01
"2020-10-04 14:33:03.8",4784615,-10,-10,-10,220,-0.001,-40.01
"2020-10-04 14:33:03.9",4784616,-10,-10,-10,220,-0.002,-40.01
"2020-10-04 14:33:04",4784617,-10,-10,-10,220,-0.001,-40.01
"2020-10-04 14:33:04.1",4784618,-10,-10,-10,220,-0.001,-40.01
"2020-10-04 14:33:04.2",4784619,-10,-10,-10,220,-0.002,-40.01
"2020-10-04 14:33:04.3",4784620,-10,-10,-10,220,-0.001,-40.01
"2020-10-04 14:33:04.4",4784621,-10,-10,-10,220,-0.001,-40.01
"2020-10-04 14:33:04.5",4784622,-10,-10,-10,220,-0.001,-40.01
"2020-10-04 14:33:04.6",4784623,-10,-10,-10,220,-0.001,-40.01
"2020-10-04 14:33:04.7",4784624,-10,-10,-10,220,-0.001,-40.01
"2020-10-04 14:33:04.8",4784625,-10,-10,-10,220,-0.002,-40.01
"2020-10-04 14:33:04.9",4784626,-10,-10,-10,220,-0.001,-40.01
"2020-10-04 14:33:05",4784627,-10,-10,-10,220,-0.001,-40.01
"2020-10-04 14:33:05.1",4784628,-10,-10,-10,220,-0.001,-40.01
"2020-10-04 14:33:05.2",4784629,-10,-10,-10,220,-0.001,-40.01
"2020-10-04 14:33:05.3",4784630,-10,-10,-10,220,-0.001,-40.01
"2020-10-04 14:33:05.4",4784631,-10,-10,-10,220,-0.001,-40.01
"2020-10-04 14:33:05.5",4784632,-10,-10,-10,220,-0.001,-40.01
"2020-10-04 14:33:05.6",4784633,-10,-10,-10,220,-0.001,-40.01
"2020-10-04 14:33:05.7",4784634,-10,-10,-10,220,-0.002,-40.01
"2020-10-04 14:33:05.8",4784635,-10,-10,-10,220,-0.001,-40.01
"2020-10-04 14:33:05.9",4784636,-10,-10,-10,220,-0.001,-40.01
"2020-10-04 14:33:06",4784637,-10,-10,-10,220,-0.001,-40.01
"2020-10-04 14:33:06.1",4784638,-10,-10,-10,220,-0.002,-40.01
"2020-10-04 14:33:06.2",4784639,-10,-10,-10,220,-0.001,-40.01
"2020-10-04 14:33:06.3",4784640,-10,-10,-10,220,-0.001,-40.01
"2020-10-04 14:33:06.4",4784641,-10,-10,-10,220,-0.001,-40.01
"2020-10-04 14:33:06.5",4784642,-10,-10,-10,220,-0.001,-40.01
"2020-10-04 14:33:06.6",4784643,-10,-10,-10,220,-0.001,-40.01
"2020-10-04 14:33:06.7",4784644,-10,-10,-10,220,-0.001,-40.01
"2020-10-04 14:33:06.8",4784645,-10,-10,-10,220,-0.001,-40.01
"2020-10-04 14:33:06.9",4784646,-10,-10,-10,220,-0.001,-40.01
"2020-10-04 14:33:07",4784647,-10,-10,-10,220,-0.001,-40.01
"2020-10-04 14:33:07.1",4784648,-10,-10,-10,220,-0.001,-40.01
"2020-10-04 14:33:07.2",4784649,-10,-10,-10,220,-0.001,-40.01
"2020-10-04 14:33:07.3",4784650,-10,-10,-10,220,-0.001,-40.01
"2020-10-04 14:33:07.4",4784651,-10,-10,-10,220,-0.001,-40.01
"2020-10-04 14:33:07.5",4784652,-10,-10,-10,220,-0.001,-40.01
"2020-10-04 14:33:07.6",4784653,-10,-10,-10,220,-0.001,-40.01
"2020-10-04 14:33:07.7",4784654,-10,-10,-10,220,-0.001,-40.01
"2020-10-04 14:33:07.8",4784655,-10,-10,-10,220,-0.001,-40.01
"2020-10-04 14:33:07.9",4784656,-10,-10,-10,220,-0.001,-40.01
"2020-10-04 14:33:08",4784657,-10,-10,-10,220,-0.001,-40.01
"2020-10-04 14:33:08.1",4784658,-10,-10,-10,220,-0.001,-40.01
"2020-10-04 14:33:08.2",4784659,-10,-10,-10,220,-0.001,-40.01
"2020-10-04 14:33:08.3",4784660,-10,-10,-10,220,-0.001,-40.01
"2020-10-04 14:33:08.4",4784661,-10,-10,-10,220,-0.001,-40.01
"2020-10-04 14:33:08.5",4784662,-10,-10,-10,220,-0.002,-40.01
"2020-10-04 14:33:08.6",4784663,-10,-10,-10,220,-0.001,-40.01
"2020-10-04 14:33:08.7",4784664,-10,-10,-10,220,-0.001,-40.01
"2020-10-04 14:33:08.8",4784665,-10,-10,-10,220,-0.001,-40.01
"2020-10-04 14:33:08.9",4784666,-10,-10,-10,220,-0.001,-40.01
"2020-10-04 14:33:09",4784667,-10,-10,-10,220,-0.001,-40.01
"2020-10-04 14:33:09.1",4784668,-10,-10,-10,220,-0.001,-40.01
"2020-10-04 14:33:09.2",4784669,-10,-10,-10,220,-0.001,-40.01
"2020-10-04 14:33:09.3",4784670,-10,-10,-10,220,-0.001,-40.01
"2020-10-04 14:33:09.4",4784671,-10,-10,-10,220,-0.001,-40.01
"2020-10-04 14:33:09.5",4784672,-10,-10,-10,220,-0.001,-40.01
"2020-10-04 14:33:09.6",4784673,-10,-10,-10,220,-0.001,-40.01
"2020-10-04 14:33:09.7",4784674,-10,-10,-10,220,-0.001,-40.01
"2020-10-04 14:33:09.8",4784675,-10,-10,-10,220,-0.001,-40.01
"2020-10-04 14:33:09.9",4784676,-10,-10,-10,220,-0.001,-40.01
"2020-10-04 14:33:10",4784677,-10,-10,-10,220,-0.001,-40.01
"2020-10-04 14:33:10.1",4784678,-10,-10,-10,220,-0.001,-40.01
"2020-10-04 14:33:10.2",4784679,-10,-10,-10,220,-0.001,-40.01
"2020-10-04 14:33:10.3",4784680,-10,-10,-10,220,-0.001,-40.01
"2020-10-04 14:33:10.4",4784681,-10,-10,-10,220,-0.001,-40.01
"2020-10-04 14:33:10.5",4784682,-10,-10,-10,220,-0.001,-40.01
"2020-10-04 14:33:10.6",4784683,-10,-10,-10,220,-0.001,-40.01
"2020-10-04 14:33:10.7",4784684,-10,-10,-10,220,-0.001,-40.01
"2020-10-04 14:33:10.8",4784685,-10,-10,-10,220,-0.001,-40.01
"2020-10-04 14:33:10.9",4784686,-10,-10,-10,220,-0.001,-40.01
"2020-10-04 14:33:11",4784687,-10,-10,-10,220,-0.001,-40.01
"2020-10-04 14:33:11.1",4784688,-10,-10,-10,220,-0.001,-40.01
"2020-10-04 14:33:11.2",4784689,-10,-10,-10,220,-0.001,-40.01
"2020-10-04 14:33:11.3",4784690,-10,-10,-10,220,-0.002,-40.01
"2020-10-04 14:33:11.4",4784691,-10,-10,-10,220,-0.001,-40.01
"2020-10-04 14:33:11.5",4784692,-10,-10,-10,220,-0.001,-40.01
"2020-10-04 14:33:11.6",4784693,-10,-10,-10,220,-0.001,-40.01
"2020-10-04 14:33:11.7",4784694,-10,-10,-10,220,-0.001,-40.01
"2020-10-04 14:33:11.8",4784695,-10,-10,-10,220,-0.001,-40.01
"2020-10-04 14:33:11.9",4784696,-10,-10,-10,220,-0.001,-40.01
"2020-10-04 14:33:12",4784697,-10,-10,-10,220,-0.001,-40.01
"2020-10-04 14:33:12.1",4784698,-10,-10,-10,220,-0.001,-40.01
"2020-10-04 14:33:12.2",4784699,-10,-10,-10,220,-0.001,-40.01
"2020-10-04 14:33:12.3",4784700,-10,-10,-10,220,-0.001,-40.01
"2020-10-04 14:33:12.4",4784701,-10,-10,-10,220,-0.002,-40.01
"2020-10-04 14:33:12.5",4784702,-10,-10,-10,220,-0.001,-40.01
"2020-10-04 14:33:12.6",4784703,-10,-10,-10,220,-0.001,-40.01
"2020-10-04 14:33:12.7",4784704,-10,-10,-10,220,-0.001,-40.01
"2020-10-04 14:33:12.8",4784705,-10,-10,-10,220,-0.002,-40.01
"2020-10-04 14:33:12.9",4784706,-10,-10,-10,220,-0.001,-40.01
"2020-10-04 14:33:13",4784707,-10,-10,-10,220,-0.001,-40.01
"2020-10-04 14:33:13.1",4784708,-10,-10,-10,220,-0.001,-40.01
"2020-10-04 14:33:13.2",4784709,-10,-10,-10,220,-0.002,-40.01
"2020-10-04 14:33:13.3",4784710,-10,-10,-10,220,-0.001,-40.01
"2020-10-04 14:33:13.4",4784711,-10,-10,-10,220,-0.002,-40.01
"2020-10-04 14:33:13.5",4784712,-10,-10,-10,220,-0.001,-40.01
"2020-10-04 14:33:13.6",4784713,-10,-10,-10,220,-0.001,-40.01
"2020-10-04 14:33:13.7",4784714,-10,-10,-10,220,-0.001,-40.01
"2020-10-04 14:33:13.8",4784715,-10,-10,-10,220,-0.001,-40.01
"2020-10-04 14:33:13.9",4784716,-10,-10,-10,220,-0.001,-40.01
"2020-10-04 14:33:14",4784717,-10,-10,-10,220,-0.001,-40.01
"2020-10-04 14:33:14.1",4784718,-10,-10,-10,220,-0.001,-40.01
"2020-10-04 14:33:14.2",4784719,-10,-10,-10,220,-0.001,-40.01
"2020-10-04 14:33:14.3",4784720,-10,-10,-10,220,-0.001,-40.01
"2020-10-04 14:33:14.4",4784721,-10,-10,-10,220,-0.001,-40.01
"2020-10-04 14:33:14.5",4784722,-10,-10,-10,220,-0.001,-40.01
"2020-10-04 14:33:14.6",4784723,-10,-10,-10,220,-0.001,-40.01
"2020-10-04 14:33:14.7",4784724,-10,-10,-10,220,-0.001,-40.01
"2020-10-04 14:33:14.8",4784725,-10,-10,-10,220,-0.001,-40.01
"2020-10-04 14:33:14.9",4784726,-10,-10,-10,220,-0.001,-40.01
"2020-10-04 14:33:15",4784727,-10,-10,-10,220,-0.001,-40.01
"2020-10-04 14:33:15.1",4784728,-10,-10,-10,220,-0.001,-40.01
"2020-10-04 14:33:15.2",4784729,-10,-10,-10,220,-0.001,-40.01
"2020-10-04 14:33:15.3",4784730,-10,-10,-10,220,-0.001,-40.01
"2020-10-04 14:33:15.4",4784731,-10,-10,-10,220,-0.001,-40.01
"2020-10-04 14:33:15.5",4784732,-10,-10,-10,220,-0.001,-40.01
"2020-10-04 14:33:15.6",4784733,-10,-10,-10,220,-0.001,-40.01
"2020-10-04 14:33:15.7",4784734,-10,-10,-10,220,-0.002,-40.01
"2020-10-04 14:33:15.8",4784735,-10,-10,-10,220,-0.001,-40.01
"2020-10-04 14:33:15.9",4784736,-10,-10,-10,220,-0.001,-40.01
"2020-10-04 14:33:16",4784737,-10,-10,-10,220,-0.001,-40.01
"2020-10-04 14:33:16.1",4784738,-10,-10,-10,220,-0.001,-40.01
"2020-10-04 14:33:16.2",4784739,-10,-10,-10,220,-0.001,-40.01
"2020-10-04 14:33:16.3",4784740,-10,-10,-10,220,-0.001,-40.01
"2020-10-04 14:33:16.4",4784741,-10,-10,-10,220,-0.001,-40.01
"2020-10-04 14:33:16.5",4784742,-10,-10,-10,220,-0.001,-40.01
"2020-10-04 14:33:16.6",4784743,-10,-10,-10,220,-0.002,-40.01
"2020-10-04 14:33:16.7",4784744,-10,-10,-10,220,-0.001,-40.01
"2020-10-04 14:33:16.8",4784745,-10,-10,-10,220,-0.001,-40.01
"2020-10-04 14:33:16.9",4784746,-10,-10,-10,220,-0.001,-40.01
"2020-10-04 14:33:17",4784747,-10,-10,-10,220,-0.002,-40.01
"2020-10-04 14:33:17.1",4784748,-10,-10,-10,220,-0.001,-40.01
"2020-10-04 14:33:17.2",4784749,-10,-10,-10,220,-0.001,-40.01
"2020-10-04 14:33:17.3",4784750,-10,-10,-10,220,-0.001,-40.01
"2020-10-04 14:33:17.4",4784751,-10,-10,-10,220,-0.001,-40.01
"2020-10-04 14:33:17.5",4784752,-10,-10,-10,220,-0.001,-40.01
"2020-10-04 14:33:17.6",4784753,-10,-10,-10,220,-0.001,-40.01
"2020-10-04 14:33:17.7",4784754,-10,-10,-10,220,-0.001,-40.01
"2020-10-04 14:33:17.8",4784755,-10,-10,-10,220,-0.001,-40.01
"2020-10-04 14:33:17.9",4784756,-10,-10,-10,220,-0.001,-40.01
"2020-10-04 14:33:18",4784757,-10,-10,-10,220,-0.001,-40.01
"2020-10-04 14:33:18.1",4784758,-10,-10,-10,220,-0.001,-40.01
"2020-10-04 14:33:18.2",4784759,-10,-10,-10,220,-0.001,-40.01
"2020-10-04 14:33:18.3",4784760,-10,-10,-10,220,-0.001,-40.01
"2020-10-04 14:33:18.4",4784761,-10,-10,-10,220,-0.001,-40.01
"2020-10-04 14:33:18.5",4784762,-10,-10,-10,220,-0.001,-40.01
"2020-10-04 14:33:18.6",4784763,-10,-10,-10,220,-0.001,-40.01
"2020-10-04 14:33:18.7",4784764,-10,-10,-10,220,-0.001,-40.01
"2020-10-04 14:33:18.8",4784765,-10,-10,-10,220,-0.001,-40.01
"2020-10-04 14:33:18.9",4784766,-10,-10,-10,220,-0.001,-40.01
"2020-10-04 14:33:19",4784767,-10,-10,-10,220,-0.001,-40.01
"2020-10-04 14:33:19.1",4784768,-10,-10,-10,220,-0.002,-40.01
"2020-10-04 14:33:19.2",4784769,-10,-10,-10,220,-0.001,-40.01
"2020-10-04 14:33:19.3",4784770,-10,-10,-10,220,-0.001,-40.01
"2020-10-04 14:33:19.4",4784771,-10,-10,-10,220,-0.001,-40.01
"2020-10-04 14:33:19.5",4784772,-10,-10,-10,220,-0.001,-40.01
"2020-10-04 14:33:19.6",4784773,-10,-10,-10,220,-0.001,-40.01
"2020-10-04 14:33:19.7",4784774,-10,-10,-10,220,-0.001,-40.01
"2020-10-04 14:33:19.8",4784775,-10,-10,-10,220,-0.001,-40.01
"2020-10-04 14:33:19.9",4784776,-10,-10,-10,220,-0.001,-40.01
"2020-10-04 14:33:20",4784777,-10,-10,-10,220,-0.001,-40.01
"2020-10-04 14:33:20.1",4784778,-10,-10,-10,220,-0.001,-40.01
"2020-10-04 14:33:20.2",4784779,-10,-10,-10,220,-0.001,-40.01
"2020-10-04 14:33:20.3",4784780,-10,-10,-10,220,-0.001,-40.01
"2020-10-04 14:33:20.4",4784781,-10,-10,-10,220,-0.001,-40.01
"2020-10-04 14:33:20.5",4784782,-10,-10,-10,220,-0.001,-40.01
"2020-10-04 14:33:20.6",4784783,-10,-10,-10,220,-0.001,-40.01
"2020-10-04 14:33:20.7",4784784,-10,-10,-10,220,-0.001,-40.01
"2020-10-04 14:33:20.8",4784785,-10,-10,-10,220,-0.001,-40.01
"2020-10-04 14:33:20.9",4784786,-10,-10,-10,220,-0.001,-40.01
"2020-10-04 14:33:21",4784787,-10,-10,-10,220,-0.001,-40.01
"2020-10-04 14:33:21.1",4784788,-10,-10,-10,220,-0.001,-40.01
"2020-10-04 14:33:21.2",4784789,-10,-10,-10,220,-0.001,-40.01
"2020-10-04 14:33:21.3",4784790,-10,-10,-10,220,-0.001,-40.01
"2020-10-04 14:33:21.4",4784791,-10,-10,-10,220,-0.001,-40.01
"2020-10-04 14:33:21.5",4784792,-10,-10,-10,220,-0.001,-40.01
"2020-10-04 14:33:21.6",4784793,-10,-10,-10,220,-0.001,-40.01
"2020-10-04 14:33:21.7",4784794,-10,-10,-10,220,-0.001,-40.01
"2020-10-04 14:33:21.8",4784795,-10,-10,-10,220,-0.001,-40.01
"2020-10-04 14:33:21.9",4784796,-10,-10,-10,220,-0.001,-40.01
"2020-10-04 14:33:22",4784797,-10,-10,-10,220,-0.001,-40.01
"2020-10-04 14:33:22.1",4784798,-10,-10,-10,220,-0.001,-40.01
"2020-10-04 14:33:22.2",4784799,-10,-10,-10,220,-0.001,-40.01
"2020-10-04 14:33:22.3",4784800,-10,-10,-10,220,-0.001,-40.01
"2020-10-04 14:33:22.4",4784801,-10,-10,-10,220,-0.001,-40.01
"2020-10-04 14:33:22.5",4784802,-10,-10,-10,220,-0.002,-40.01
"2020-10-04 14:33:22.6",4784803,-10,-10,-10,220,-0.001,-40.01
"2020-10-04 14:33:22.7",4784804,-10,-10,-10,220,-0.001,-40.01
"2020-10-04 14:33:22.8",4784805,-10,-10,-10,220,-0.001,-40.01
"2020-10-04 14:33:22.9",4784806,-10,-10,-10,220,-0.001,-40.01
"2020-10-04 14:33:23",4784807,-10,-10,-10,220,-0.001,-40.01
"2020-10-04 14:33:23.1",4784808,-10,-10,-10,220,-0.001,-40.01
"2020-10-04 14:33:23.2",4784809,-10,-10,-10,220,-0.001,-40.01
"2020-10-04 14:33:23.3",4784810,-10,-10,-10,220,-0.001,-40.01
"2020-10-04 14:33:23.4",4784811,-10,-10,-10,220,-0.001,-40.01
"2020-10-04 14:33:23.5",4784812,-10,-10,-10,220,-0.001,-40.01
"2020-10-04 14:33:23.6",4784813,-10,-10,-10,220,-0.001,-40.01
"2020-10-04 14:33:23.7",4784814,-10,-10,-10,220,-0.001,-40.01
"2020-10-04 14:33:23.8",4784815,-10,-10,-10,220,-0.001,-40.01
"2020-10-04 14:33:23.9",4784816,-10,-10,-10,220,-0.001,-40.01
"2020-10-04 14:33:24",4784817,-10,-10,-10,220,-0.001,-40.01
"2020-10-04 14:33:24.1",4784818,-10,-10,-10,220,-0.001,-40.01
"2020-10-04 14:33:24.2",4784819,-10,-10,-10,220,-0.001,-40.01
"2020-10-04 14:33:24.3",4784820,-10,-10,-10,220,-0.001,-40.01
"2020-10-04 14:33:24.4",4784821,-10,-10,-10,220,-0.001,-40.01
"2020-10-04 14:33:24.5",4784822,-10,-10,-10,220,-0.001,-40.01
"2020-10-04 14:33:24.6",4784823,-10,-10,-10,220,-0.001,-40.01
"2020-10-04 14:33:24.7",4784824,-10,-10,-10,220,-0.001,-40.01
"2020-10-04 14:33:24.8",4784825,-10,-10,-10,220,-0.001,-40.01
"2020-10-04 14:33:24.9",4784826,-10,-10,-10,220,-0.001,-40.01
"2020-10-04 14:33:25",4784827,-10,-10,-10,220,-0.001,-40.01
"2020-10-04 14:33:25.1",4784828,-10,-10,-10,220,-0.001,-40.01
"2020-10-04 14:33:25.2",4784829,-10,-10,-10,220,-0.001,-40.01
"2020-10-04 14:33:25.3",4784830,-10,-10,-10,220,-0.001,-40.01
"2020-10-04 14:33:25.4",4784831,-10,-10,-10,220,-0.001,-40.01
"2020-10-04 14:33:25.5",4784832,-10,-10,-10,220,-0.001,-40.01
"2020-10-04 14:33:25.6",4784833,-10,-10,-10,220,-0.001,-40.01
"2020-10-04 14:33:25.7",4784834,-10,-10,-10,220,-0.001,-40.01
"2020-10-04 14:33:25.8",4784835,-10,-10,-10,220,-0.001,-40.01
"2020-10-04 14:33:25.9",4784836,-10,-10,-10,220,-0.001,-40.01
"2020-10-04 14:33:26",4784837,-10,-10,-10,220,-0.001,-40.01
"2020-10-04 14:33:26.1",4784838,-10,-10,-10,220,-0.001,-40.01
"2020-10-04 14:33:26.2",4784839,-10,-10,-10,220,-0.001,-40.01
"2020-10-04 14:33:26.3",4784840,-10,-10,-10,220,-0.001,-40.01
"2020-10-04 14:33:26.4",4784841,-10,-10,-10,220,-0.001,-40.01
"2020-10-04 14:33:26.5",4784842,-10,-10,-10,220,-0.001,-40.01
"2020-10-04 14:33:26.6",4784843,-10,-10,-10,220,-0.001,-40.01
"2020-10-04 14:33:26.7",4784844,-10,-10,-10,220,-0.001,-40.01
"2020-10-04 14:33:26.8",4784845,-10,-10,-10,220,-0.001,-40.01
"2020-10-04 14:33:26.9",4784846,-10,-10,-10,220,-0.001,-40.01
"2020-10-04 14:33:27",4784847,-10,-10,-10,220,-0.002,-40.01
"2020-10-04 14:33:27.1",4784848,-10,-10,-10,220,-0.001,-40.01
"2020-10-04 14:33:27.2",4784849,-10,-10,-10,220,-0.001,-40.01
"2020-10-04 14:33:27.3",4784850,-10,-10,-10,220,-0.001,-40.01
"2020-10-04 14:33:27.4",4784851,-10,-10,-10,220,-0.001,-40.01
"2020-10-04 14:33:27.5",4784852,-10,-10,-10,220,-0.001,-40.01
"2020-10-04 14:33:27.6",4784853,-10,-10,-10,220,-0.001,-40.01
"2020-10-04 14:33:27.7",4784854,-10,-10,-10,220,-0.001,-40.01
"2020-10-04 14:33:27.8",4784855,-10,-10,-10,220,-0.001,-40.01
"2020-10-04 14:33:27.9",4784856,-10,-10,-10,220,-0.002,-40.01
"2020-10-04 14:33:28",4784857,-10,-10,-10,220,-0.001,-40.01
"2020-10-04 14:33:28.1",4784858,-10,-10,-10,220,-0.002,-40.01
"2020-10-04 14:33:28.2",4784859,-10,-10,-10,220,-0.001,-40.01
"2020-10-04 14:33:28.3",4784860,-10,-10,-10,220,-0.001,-40.01
"2020-10-04 14:33:28.4",4784861,-10,-10,-10,220,-0.001,-40.01
"2020-10-04 14:33:28.5",4784862,-10,-10,-10,220,-0.001,-40.01
"2020-10-04 14:33:28.6",4784863,-10,-10,-10,220,-0.001,-40.01
"2020-10-04 14:33:28.7",4784864,-10,-10,-10,220,-0.001,-40.01
"2020-10-04 14:33:28.8",4784865,-10,-10,-10,220,-0.001,-40.01
"2020-10-04 14:33:28.9",4784866,-10,-10,-10,220,-0.001,-40.01
"2020-10-04 14:33:29",4784867,-10,-10,-10,220,-0.001,-40.01
"2020-10-04 14:33:29.1",4784868,-10,-10,-10,220,-0.001,-40.01
"2020-10-04 14:33:29.2",4784869,-10,-10,-10,220,-0.001,-40.01
"2020-10-04 14:33:29.3",4784870,-10,-10,-10,220,-0.001,-40.01
"2020-10-04 14:33:29.4",4784871,-10,-10,-10,220,-0.001,-40.01
"2020-10-04 14:33:29.5",4784872,-10,-10,-10,220,-0.001,-40.01
"2020-10-04 14:33:29.6",4784873,-10,-10,-10,220,-0.001,-40.01
"2020-10-04 14:33:29.7",4784874,-10,-10,-10,220,-0.001,-40.01
"2020-10-04 14:33:29.8",4784875,-10,-10,-10,220,-0.001,-40.01
"2020-10-04 14:33:29.9",4784876,-10,-10,-10,220,-0.001,-40.01
"2020-10-04 14:33:30",4784877,-10,-10,-10,220,-0.001,-40.01
"2020-10-04 14:33:30.1",4784878,-10,-10,-10,220,-0.001,-40.01
"2020-10-04 14:33:30.2",4784879,-10,-10,-10,220,-0.001,-40.01
"2020-10-04 14:33:30.3",4784880,-10,-10,-10,220,-0.001,-40.01
"2020-10-04 14:33:30.4",4784881,-10,-10,-10,220,-0.001,-40.01
"2020-10-04 14:33:30.5",4784882,-10,-10,-10,220,-0.001,-40.01
"2020-10-04 14:33:30.6",4784883,-10,-10,-10,220,-0.001,-40.01
"2020-10-04 14:33:30.7",4784884,-10,-10,-10,220,-0.001,-40.01
"2020-10-04 14:33:30.8",4784885,-10,-10,-10,220,-0.001,-40.01
"2020-10-04 14:33:30.9",4784886,-10,-10,-10,220,-0.001,-40.01
"2020-10-04 14:33:31",4784887,-10,-10,-10,220,-0.001,-40.01
"2020-10-04 14:33:31.1",4784888,-10,-10,-10,220,-0.001,-40.01
"2020-10-04 14:33:31.2",4784889,-10,-10,-10,220,-0.001,-40.01
"2020-10-04 14:33:31.3",4784890,-10,-10,-10,220,-0.001,-40.01
"2020-10-04 14:33:31.4",4784891,-10,-10,-10,220,-0.001,-40.01
"2020-10-04 14:33:31.5",4784892,-10,-10,-10,220,-0.001,-40.01
"2020-10-04 14:33:31.6",4784893,-10,-10,-10,220,-0.001,-40.01
"2020-10-04 14:33:31.7",4784894,-10,-10,-10,220,-0.001,-40.01
"2020-10-04 14:33:31.8",4784895,-10,-10,-10,220,-0.001,-40.01
"2020-10-04 14:33:31.9",4784896,-10,-10,-10,220,-0.001,-40.01
"2020-10-04 14:33:32",4784897,-10,-10,-10,220,-0.001,-40.01
"2020-10-04 14:33:32.1",4784898,-10,-10,-10,220,-0.001,-40.01
"2020-10-04 14:33:32.2",4784899,-10,-10,-10,220,-0.001,-40.01
"2020-10-04 14:33:32.3",4784900,-10,-10,-10,220,-0.001,-40.01
"2020-10-04 14:33:32.4",4784901,-10,-10,-10,220,-0.001,-40.01
"2020-10-04 14:33:32.5",4784902,-10,-10,-10,220,-0.001,-40.01
"2020-10-04 14:33:32.6",4784903,-10,-10,-10,220,-0.001,-40.01
"2020-10-04 14:33:32.7",4784904,-10,-10,-10,220,-0.001,-40.01
"2020-10-04 14:33:32.8",4784905,-10,-10,-10,220,-0.001,-40.01
"2020-10-04 14:33:32.9",4784906,-10,-10,-10,220,-0.001,-40.01
"2020-10-04 14:33:33",4784907,-10,-10,-10,220,-0.001,-40.01
"2020-10-04 14:33:33.1",4784908,-10,-10,-10,220,-0.001,-40.01
"2020-10-04 14:33:33.2",4784909,-10,-10,-10,220,-0.001,-40.01
"2020-10-04 14:33:33.3",4784910,-10,-10,-10,220,-0.001,-40.01
"2020-10-04 14:33:33.4",4784911,-10,-10,-10,220,-0.001,-40.01
"2020-10-04 14:33:33.5",4784912,-10,-10,-10,220,-0.001,-40.01
"2020-10-04 14:33:33.6",4784913,-10,-10,-10,220,-0.001,-40.01
"2020-10-04 14:33:33.7",4784914,-10,-10,-10,220,-0.001,-40.01
"2020-10-04 14:33:33.8",4784915,-10,-10,-10,220,-0.001,-40.01
"2020-10-04 14:33:33.9",4784916,-10,-10,-10,220,-0.001,-40.01
"2020-10-04 14:33:34",4784917,-10,-10,-10,220,-0.001,-40.01
"2020-10-04 14:33:34.1",4784918,-10,-10,-10,220,-0.001,-40.01
"2020-10-04 14:33:34.2",4784919,-10,-10,-10,220,-0.001,-40.01
"2020-10-04 14:33:34.3",4784920,-10,-10,-10,220,-0.001,-40.01
"2020-10-04 14:33:34.4",4784921,-10,-10,-10,220,-0.001,-40.01
"2020-10-04 14:33:34.5",4784922,-10,-10,-10,220,-0.001,-40.01
"2020-10-04 14:33:34.6",4784923,-10,-10,-10,220,-0.001,-40.01
"2020-10-04 14:33:34.7",4784924,-10,-10,-10,220,-0.001,-40.01
"2020-10-04 14:33:34.8",4784925,-10,-10,-10,220,-0.001,-40.01
"2020-10-04 14:33:34.9",4784926,-10,-10,-10,220,-0.001,-40.01
"2020-10-04 14:33:35",4784927,-10,-10,-10,220,-0.001,-40.01
"2020-10-04 14:33:35.1",4784928,-10,-10,-10,220,-0.001,-40.01
"2020-10-04 14:33:35.2",4784929,-10,-10,-10,220,-0.001,-40.01
"2020-10-04 14:33:35.3",4784930,-10,-10,-10,220,-0.001,-40.01
"2020-10-04 14:33:35.4",4784931,-10,-10,-10,220,-0.001,-40.01
"2020-10-04 14:33:35.5",4784932,-10,-10,-10,220,-0.001,-40.01
"2020-10-04 14:33:35.6",4784933,-10,-10,-10,220,-0.001,-40.01
"2020-10-04 14:33:35.7",4784934,-10,-10,-10,220,-0.001,-40.01
"2020-10-04 14:33:35.8",4784935,-10,-10,-10,220,-0.002,-40.01
"2020-10-04 14:33:35.9",4784936,-10,-10,-10,220,-0.001,-40.01
"2020-10-04 14:33:36",4784937,-10,-10,-10,220,-0.001,-40.01
"2020-10-04 14:33:36.1",4784938,-10,-10,-10,220,-0.001,-40.01
"2020-10-04 14:33:36.2",4784939,-10,-10,-10,220,-0.002,-40.01
"2020-10-04 14:33:36.3",4784940,-10,-10,-10,220,-0.001,-40.01
"2020-10-04 14:33:36.4",4784941,-10,-10,-10,220,-0.001,-40.01
"2020-10-04 14:33:36.5",4784942,-10,-10,-10,220,-0.001,-40.01
"2020-10-04 14:33:36.6",4784943,-10,-10,-10,220,-0.001,-40.01
"2020-10-04 14:33:36.7",4784944,-10,-10,-10,220,-0.001,-40.01
"2020-10-04 14:33:36.8",4784945,-10,-10,-10,220,-0.001,-40.01
"2020-10-04 14:33:36.9",4784946,-10,-10,-10,220,-0.001,-40.01
"2020-10-04 14:33:37",4784947,-10,-10,-10,220,-0.001,-40.01
"2020-10-04 14:33:37.1",4784948,-10,-10,-10,220,-0.001,-40.01
"2020-10-04 14:33:37.2",4784949,-10,-10,-10,220,-0.001,-40.01
"2020-10-04 14:33:37.3",4784950,-10,-10,-10,220,-0.001,-40.01
"2020-10-04 14:33:37.4",4784951,-10,-10,-10,220,-0.001,-40.01
"2020-10-04 14:33:37.5",4784952,-10,-10,-10,220,-0.001,-40.01
"2020-10-04 14:33:37.6",4784953,-10,-10,-10,220,-0.001,-40.01
"2020-10-04 14:33:37.7",4784954,-10,-10,-10,220,-0.001,-40.01
"2020-10-04 14:33:37.8",4784955,-10,-10,-10,220,-0.001,-40.01
"2020-10-04 14:33:37.9",4784956,-10,-10,-10,220,-0.001,-40.01
"2020-10-04 14:33:38",4784957,-10,-10,-10,220,-0.001,-40.01
"2020-10-04 14:33:38.1",4784958,-10,-10,-10,220,-0.001,-40.01
"2020-10-04 14:33:38.2",4784959,-10,-10,-10,220,-0.001,-40.01
"2020-10-04 14:33:38.3",4784960,-10,-10,-10,220,-0.001,-40.01
"2020-10-04 14:33:38.4",4784961,-10,-10,-10,220,-0.001,-40.01
"2020-10-04 14:33:38.5",4784962,-10,-10,-10,220,-0.001,-40.01
"2020-10-04 14:33:38.6",4784963,-10,-10,-10,220,-0.001,-40.01
"2020-10-04 14:33:38.7",4784964,-10,-10,-10,220,-0.001,-40.01
"2020-10-04 14:33:38.8",4784965,-10,-10,-10,220,-0.001,-40.01
"2020-10-04 14:33:38.9",4784966,-10,-10,-10,220,-0.001,-40.01
"2020-10-04 14:33:39",4784967,-10,-10,-10,220,-0.001,-40.01
"2020-10-04 14:33:39.1",4784968,-10,-10,-10,220,-0.001,-40.01
"2020-10-04 14:33:39.2",4784969,-10,-10,-10,220,-0.001,-40.01
"2020-10-04 14:33:39.3",4784970,-10,-10,-10,220,-0.001,-40.01
"2020-10-04 14:33:39.4",4784971,-10,-10,-10,220,-0.001,-40.01
"2020-10-04 14:33:39.5",4784972,-10,-10,-10,220,-0.001,-40.01
"2020-10-04 14:33:39.6",4784973,-10,-10,-10,220,-0.001,-40.01
"2020-10-04 14:33:39.7",4784974,-10,-10,-10,220,-0.001,-40.01
"2020-10-04 14:33:39.8",4784975,-10,-10,-10,220,-0.001,-40.01
"2020-10-04 14:33:39.9",4784976,-10,-10,-10,220,-0.001,-40.01
"2020-10-04 14:33:40",4784977,-10,-10,-10,220,-0.001,-40.01
"2020-10-04 14:33:40.1",4784978,-10,-10,-10,220,-0.001,-40.01
"2020-10-04 14:33:40.2",4784979,-10,-10,-10,220,-0.001,-40.01
"2020-10-04 14:33:40.3",4784980,-10,-10,-10,220,-0.001,-40.01
"2020-10-04 14:33:40.4",4784981,-10,-10,-10,220,-0.001,-40.01
"2020-10-04 14:33:40.5",4784982,-10,-10,-10,220,-0.002,-40.01
"2020-10-04 14:33:40.6",4784983,-10,-10,-10,220,-0.001,-40.01
"2020-10-04 14:33:40.7",4784984,-10,-10,-10,220,-0.001,-40.01
"2020-10-04 14:33:40.8",4784985,-10,-10,-10,220,-0.001,-40.01
"2020-10-04 14:33:40.9",4784986,-10,-10,-10,220,-0.001,-40.01
"2020-10-04 14:33:41",4784987,-10,-10,-10,220,-0.001,-40.01
"2020-10-04 14:33:41.1",4784988,-10,-10,-10,220,-0.001,-40.01
"2020-10-04 14:33:41.2",4784989,-10,-10,-10,220,-0.001,-40.01
"2020-10-04 14:33:41.3",4784990,-10,-10,-10,220,-0.001,-40.01
"2020-10-04 14:33:41.4",4784991,-10,-10,-10,220,-0.001,-40.01
"2020-10-04 14:33:41.5",4784992,-10,-10,-10,220,-0.001,-40.01
"2020-10-04 14:33:41.6",4784993,-10,-10,-10,220,-0.001,-40.01
"2020-10-04 14:33:41.7",4784994,-10,-10,-10,220,-0.001,-40.01
"2020-10-04 14:33:41.8",4784995,-10,-10,-10,220,-0.001,-40.01
"2020-10-04 14:33:41.9",4784996,-10,-10,-10,220,-0.001,-40.01
"2020-10-04 14:33:42",4784997,-10,-10,-10,220,-0.001,-40.01
"2020-10-04 14:33:42.1",4784998,-10,-10,-10,220,-0.001,-40.01
"2020-10-04 14:33:42.2",4784999,-10,-10,-10,220,-0.001,-40.01
"2020-10-04 14:33:42.3",4785000,-10,-10,-10,220,-0.001,-40.01
"2020-10-04 14:33:42.4",4785001,-10,-10,-10,220,-0.001,-40.01
"2020-10-04 14:33:42.5",4785002,-10,-10,-10,220,-0.002,-40.01
"2020-10-04 14:33:42.6",4785003,-10,-10,-10,220,-0.001,-40.01
"2020-10-04 14:33:42.7",4785004,-10,-10,-10,220,-0.001,-40.01
"2020-10-04 14:33:42.8",4785005,-10,-10,-10,220,-0.001,-40.01
"2020-10-04 14:33:42.9",4785006,-10,-10,-10,220,-0.001,-40.01
"2020-10-04 14:33:43",4785007,-10,-10,-10,220,-0.001,-40.01
"2020-10-04 14:33:43.1",4785008,-10,-10,-10,220,-0.001,-40.01
"2020-10-04 14:33:43.2",4785009,-10,-10,-10,220,-0.001,-40.01
"2020-10-04 14:33:43.3",4785010,-10,-10,-10,220,-0.001,-40.01
"2020-10-04 14:33:43.4",4785011,-10,-10,-10,220,-0.001,-40.01
"2020-10-04 14:33:43.5",4785012,-10,-10,-10,220,-0.001,-40.01
"2020-10-04 14:33:43.6",4785013,-10,-10,-10,220,-0.001,-40.01
"2020-10-04 14:33:43.7",4785014,-10,-10,-10,220,-0.001,-40.01
"2020-10-04 14:33:43.8",4785015,-10,-10,-10,220,-0.001,-40.01
"2020-10-04 14:33:43.9",4785016,-10,-10,-10,220,-0.001,-40.01
"2020-10-04 14:33:44",4785017,-10,-10,-10,220,-0.001,-40.01
"2020-10-04 14:33:44.1",4785018,-10,-10,-10,220,-0.001,-40.01
"2020-10-04 14:33:44.2",4785019,-10,-10,-10,220,-0.001,-40.01
"2020-10-04 14:33:44.3",4785020,-10,-10,-10,220,-0.001,-40.01
"2020-10-04 14:33:44.4",4785021,-10,-10,-10,220,-0.001,-40.01
"2020-10-04 14:33:44.5",4785022,-10,-10,-10,220,-0.001,-40.01
"2020-10-04 14:33:44.6",4785023,-10,-10,-10,220,-0.001,-40.01
"2020-10-04 14:33:44.7",4785024,-10,-10,-10,220,-0.002,-40.01
"2020-10-04 14:33:44.8",4785025,-10,-10,-10,220,-0.001,-40.01
"2020-10-04 14:33:44.9",4785026,-10,-10,-10,220,-0.001,-40.01
"2020-10-04 14:33:45",4785027,-10,-10,-10,220,-0.001,-40.01
"2020-10-04 14:33:45.1",4785028,-10,-10,-10,220,-0.001,-40.01
"2020-10-04 14:33:45.2",4785029,-10,-10,-10,220,-0.001,-40.01
"2020-10-04 14:33:45.3",4785030,-10,-10,-10,220,-0.001,-40.01
"2020-10-04 14:33:45.4",4785031,-10,-10,-10,220,-0.001,-40.01
"2020-10-04 14:33:45.5",4785032,-10,-10,-10,220,-0.001,-40.01
"2020-10-04 14:33:45.6",4785033,-10,-10,-10,220,-0.001,-40.01
"2020-10-04 14:33:45.7",4785034,-10,-10,-10,220,-0.001,-40.01
"2020-10-04 14:33:45.8",4785035,-10,-10,-10,220,-0.001,-40.01
"2020-10-04 14:33:45.9",4785036,-10,-10,-10,220,-0.001,-40.01
"2020-10-04 14:33:46",4785037,-10,-10,-10,220,-0.001,-40.01
"2020-10-04 14:33:46.1",4785038,-10,-10,-10,220,-0.001,-40.01
"2020-10-04 14:33:46.2",4785039,-10,-10,-10,220,-0.001,-40.01
"2020-10-04 14:33:46.3",4785040,-10,-10,-10,220,-0.001,-40.01
"2020-10-04 14:33:46.4",4785041,-10,-10,-10,220,-0.001,-40.01
"2020-10-04 14:33:46.5",4785042,-10,-10,-10,220,-0.001,-40.01
"2020-10-04 14:33:46.6",4785043,-10,-10,-10,220,-0.001,-40.01
"2020-10-04 14:33:46.7",4785044,-10,-10,-10,220,-0.001,-40.01
"2020-10-04 14:33:46.8",4785045,-10,-10,-10,220,-0.001,-40.01
"2020-10-04 14:33:46.9",4785046,-10,-10,-10,220,-0.001,-40.01
"2020-10-04 14:33:47",4785047,-10,-10,-10,220,-0.001,-40.01
"2020-10-04 14:33:47.1",4785048,-10,-10,-10,220,-0.002,-40.01
"2020-10-04 14:33:47.2",4785049,-10,-10,-10,220,-0.001,-40.01
"2020-10-04 14:33:47.3",4785050,-10,-10,-10,220,-0.001,-40.01
"2020-10-04 14:33:47.4",4785051,-10,-10,-10,220,-0.001,-40.01
"2020-10-04 14:33:47.5",4785052,-10,-10,-10,220,-0.001,-40.01
"2020-10-04 14:33:47.6",4785053,-10,-10,-10,220,-0.001,-40.01
"2020-10-04 14:33:47.7",4785054,-10,-10,-10,220,-0.001,-40.01
"2020-10-04 14:33:47.8",4785055,-10,-10,-10,220,-0.001,-40.01
"2020-10-04 14:33:47.9",4785056,-10,-10,-10,220,-0.001,-40.01
"2020-10-04 14:33:48",4785057,-10,-10,-10,220,-0.001,-40.01
"2020-10-04 14:33:48.1",4785058,-10,-10,-10,220,-0.001,-40.01
"2020-10-04 14:33:48.2",4785059,-10,-10,-10,220,-0.001,-40.01
"2020-10-04 14:33:48.3",4785060,-10,-10,-10,220,-0.001,-40.01
"2020-10-04 14:33:48.4",4785061,-10,-10,-10,220,-0.001,-40.01
"2020-10-04 14:33:48.5",4785062,-10,-10,-10,220,-0.001,-40.01
"2020-10-04 14:33:48.6",4785063,-10,-10,-10,220,-0.002,-40.01
"2020-10-04 14:33:48.7",4785064,-10,-10,-10,220,-0.001,-40.01
"2020-10-04 14:33:48.8",4785065,-10,-10,-10,220,-0.001,-40.01
"2020-10-04 14:33:48.9",4785066,-10,-10,-10,220,-0.001,-40.01
"2020-10-04 14:33:49",4785067,-10,-10,-10,220,-0.001,-40.01
"2020-10-04 14:33:49.1",4785068,-10,-10,-10,220,-0.001,-40.01
"2020-10-04 14:33:49.2",4785069,-10,-10,-10,220,-0.001,-40.01
"2020-10-04 14:33:49.3",4785070,-10,-10,-10,220,-0.001,-40.01
"2020-10-04 14:33:49.4",4785071,-10,-10,-10,220,-0.001,-40.01
"2020-10-04 14:33:49.5",4785072,-10,-10,-10,220,-0.001,-40.01
"2020-10-04 14:33:49.6",4785073,-10,-10,-10,220,-0.001,-40.01
"2020-10-04 14:33:49.7",4785074,-10,-10,-10,220,-0.001,-40.01
"2020-10-04 14:33:49.8",4785075,-10,-10,-10,220,-0.001,-40.01
"2020-10-04 14:33:49.9",4785076,-10,-10,-10,220,-0.001,-40.01
"2020-10-04 14:33:50",4785077,-10,-10,-10,220,-0.001,-40.01
"2020-10-04 14:33:50.1",4785078,-10,-10,-10,220,-0.001,-40.01
"2020-10-04 14:33:50.2",4785079,-10,-10,-10,220,-0.001,-40.01
"2020-10-04 14:33:50.3",4785080,-10,-10,-10,220,-0.001,-40.01
"2020-10-04 14:33:50.4",4785081,-10,-10,-10,220,-0.001,-40.01
"2020-10-04 14:33:50.5",4785082,-10,-10,-10,220,-0.001,-40.01
"2020-10-04 14:33:50.6",4785083,-10,-10,-10,220,-0.001,-40.01
"2020-10-04 14:33:50.7",4785084,-10,-10,-10,220,-0.001,-40.01
"2020-10-04 14:33:50.8",4785085,-10,-10,-10,220,-0.001,-40.01
"2020-10-04 14:33:50.9",4785086,-10,-10,-10,220,-0.001,-40.01
