"TOA5","10329","CR6","10329","CR6.Std.09.01 CR6-WIFI.04.00.01","CPU:YOUNG81000_HMP60_10Hz.CR6","51185","Young10Hz_hmp"
"TIMESTAMP","RECORD","U","V","W","TSonic","RH","T_HMP60"
"TS","RN","mV","mV","mV","mV","%","Deg C"
"","","Smp","Smp","Smp","Smp","Smp","Smp"
"2020-10-06 14:09:51",6498687,-10,-10,-10,220,-0.003,-40.01
"2020-10-06 14:09:51.1",6498688,-10,-10,-10,220,-0.003,-40.01
"2020-10-06 14:09:51.2",6498689,-10,-10,-10,220,-0.003,-40.01
"2020-10-06 14:09:51.3",6498690,-10,-10,-10,220,-0.003,-40.01
"2020-10-06 14:09:51.4",6498691,-10,-10,-10,220,-0.003,-40.01
"2020-10-06 14:09:51.5",6498692,-10,-10,-10,220,-0.003,-40.01
"2020-10-06 14:09:51.6",6498693,-10,-10,-10,220,-0.003,-40.01
"2020-10-06 14:09:51.7",6498694,-10,-10,-10,220,-0.003,-40.01
"2020-10-06 14:09:51.8",6498695,-10,-10,-10,220,-0.003,-40.01
"2020-10-06 14:09:51.9",6498696,-10,-10,-10,220,-0.003,-40.01
"2020-10-06 14:09:52",6498697,-10,-10,-10,220,-0.003,-40.01
"2020-10-06 14:09:52.1",6498698,-10,-10,-10,220,-0.003,-40.01
"2020-10-06 14:09:52.2",6498699,-10,-10,-10,220,-0.003,-40.01
"2020-10-06 14:09:52.3",6498700,-10,-10,-10,220,-0.003,-40.01
"2020-10-06 14:09:52.4",6498701,-10,-10,-10,220,-0.003,-40.01
"2020-10-06 14:09:52.5",6498702,-10,-10,-10,220,-0.003,-40.01
"2020-10-06 14:09:52.6",6498703,-10,-10,-10,220,-0.003,-40.01
"2020-10-06 14:09:52.7",6498704,-10,-10,-10,220,-0.003,-40.01
"2020-10-06 14:09:52.8",6498705,-10,-10,-10,220,-0.003,-40.01
"2020-10-06 14:09:52.9",6498706,-10,-10,-10,220,-0.003,-40.01
"2020-10-06 14:09:53",6498707,-10,-10,-10,220,-0.003,-40.01
"2020-10-06 14:09:53.1",6498708,-10,-10,-10,220,-0.003,-40.01
"2020-10-06 14:09:53.2",6498709,-10,-10,-10,220,-0.003,-40.01
"2020-10-06 14:09:53.3",6498710,-10,-10,-10,220,-0.003,-40.01
"2020-10-06 14:09:53.4",6498711,-10,-10,-10,220,-0.003,-40.01
"2020-10-06 14:09:53.5",6498712,-10,-10,-10,220,-0.003,-40.01
"2020-10-06 14:09:53.6",6498713,-10,-10,-10,220,-0.003,-40.01
"2020-10-06 14:09:53.7",6498714,-10,-10,-10,220,-0.003,-40.01
"2020-10-06 14:09:53.8",6498715,-10,-10,-10,220,-0.003,-40.01
"2020-10-06 14:09:53.9",6498716,-10,-10,-10,220,-0.003,-40.01
"2020-10-06 14:09:54",6498717,-10,-10,-10,220,-0.003,-40.01
"2020-10-06 14:09:54.1",6498718,-10,-10,-10,220,-0.003,-40.01
"2020-10-06 14:09:54.2",6498719,-10,-10,-10,220,-0.003,-40.01
"2020-10-06 14:09:54.3",6498720,-10,-10,-10,220,-0.003,-40.01
"2020-10-06 14:09:54.4",6498721,-10,-10,-10,220,-0.003,-40.01
"2020-10-06 14:09:54.5",6498722,-10,-10,-10,220,-0.003,-40.01
"2020-10-06 14:09:54.6",6498723,-10,-10,-10,220,-0.003,-40.01
"2020-10-06 14:09:54.7",6498724,-10,-10,-10,220,-0.003,-40.01
"2020-10-06 14:09:54.8",6498725,-10,-10,-10,220,-0.003,-40.01
"2020-10-06 14:09:54.9",6498726,-10,-10,-10,220,-0.003,-40.01
"2020-10-06 14:09:55",6498727,-10,-10,-10,220,-0.003,-40.01
"2020-10-06 14:09:55.1",6498728,-10,-10,-10,220,-0.003,-40.01
"2020-10-06 14:09:55.2",6498729,-10,-10,-10,220,-0.003,-40.01
"2020-10-06 14:09:55.3",6498730,-10,-10,-10,220,-0.003,-40.01
"2020-10-06 14:09:55.4",6498731,-10,-10,-10,220,-0.003,-40.01
"2020-10-06 14:09:55.5",6498732,-10,-10,-10,220,-0.003,-40.01
"2020-10-06 14:09:55.6",6498733,-10,-10,-10,220,-0.003,-40.01
"2020-10-06 14:09:55.7",6498734,-10,-10,-10,220,-0.003,-40.01
"2020-10-06 14:09:55.8",6498735,-10,-10,-10,220,-0.003,-40.01
"2020-10-06 14:09:55.9",6498736,-10,-10,-10,220,-0.003,-40.01
"2020-10-06 14:09:56",6498737,-10,-10,-10,220,-0.003,-40.01
"2020-10-06 14:09:56.1",6498738,-10,-10,-10,220,-0.003,-40.01
"2020-10-06 14:09:56.2",6498739,-10,-10,-10,220,-0.003,-40.01
"2020-10-06 14:09:56.3",6498740,-10,-10,-10,220,-0.003,-40.01
"2020-10-06 14:09:56.4",6498741,-10,-10,-10,220,-0.003,-40.01
"2020-10-06 14:09:56.5",6498742,-10,-10,-10,220,-0.003,-40.01
"2020-10-06 14:09:56.6",6498743,-10,-10,-10,220,-0.003,-40.01
"2020-10-06 14:09:56.7",6498744,-10,-10,-10,220,-0.003,-40.01
"2020-10-06 14:09:56.8",6498745,-10,-10,-10,220,-0.003,-40.01
"2020-10-06 14:09:56.9",6498746,-10,-10,-10,220,-0.003,-40.01
"2020-10-06 14:09:57",6498747,-10,-10,-10,220,-0.003,-40.01
"2020-10-06 14:09:57.1",6498748,-10,-10,-10,220,-0.003,-40.01
"2020-10-06 14:09:57.2",6498749,-10,-10,-10,220,-0.003,-40.01
"2020-10-06 14:09:57.3",6498750,-10,-10,-10,220,-0.003,-40.01
"2020-10-06 14:09:57.4",6498751,-10,-10,-10,220,-0.003,-40.01
"2020-10-06 14:09:57.5",6498752,-10,-10,-10,220,-0.003,-40.01
"2020-10-06 14:09:57.6",6498753,-10,-10,-10,220,-0.003,-40.01
"2020-10-06 14:09:57.7",6498754,-10,-10,-10,220,-0.003,-40.01
"2020-10-06 14:09:57.8",6498755,-10,-10,-10,220,-0.003,-40.01
"2020-10-06 14:09:57.9",6498756,-10,-10,-10,220,-0.003,-40.01
"2020-10-06 14:09:58",6498757,-10,-10,-10,220,-0.003,-40.01
"2020-10-06 14:09:58.1",6498758,-10,-10,-10,220,-0.003,-40.01
"2020-10-06 14:09:58.2",6498759,-10,-10,-10,220,-0.003,-40.01
"2020-10-06 14:09:58.3",6498760,-10,-10,-10,220,-0.003,-40.01
"2020-10-06 14:09:58.4",6498761,-10,-10,-10,220,-0.003,-40.01
"2020-10-06 14:09:58.5",6498762,-10,-10,-10,220,-0.003,-40.01
"2020-10-06 14:09:58.6",6498763,-10,-10,-10,220,-0.003,-40.01
"2020-10-06 14:09:58.7",6498764,-10,-10,-10,220,-0.003,-40.01
"2020-10-06 14:09:58.8",6498765,-10,-10,-10,220,-0.003,-40.01
"2020-10-06 14:09:58.9",6498766,-10,-10,-10,220,-0.003,-40.01
"2020-10-06 14:09:59",6498767,-10,-10,-10,220,-0.003,-40.01
"2020-10-06 14:09:59.1",6498768,-10,-10,-10,220,-0.003,-40.01
"2020-10-06 14:09:59.2",6498769,-10,-10,-10,220,-0.003,-40.01
"2020-10-06 14:09:59.3",6498770,-10,-10,-10,220,-0.003,-40.01
"2020-10-06 14:09:59.4",6498771,-10,-10,-10,220,-0.003,-40.01
"2020-10-06 14:09:59.5",6498772,-10,-10,-10,220,-0.003,-40.01
"2020-10-06 14:09:59.6",6498773,-10,-10,-10,220,-0.003,-40.01
"2020-10-06 14:09:59.7",6498774,-10,-10,-10,220,-0.003,-40.01
"2020-10-06 14:09:59.8",6498775,-10,-10,-10,220,-0.003,-40.01
"2020-10-06 14:09:59.9",6498776,-10,-10,-10,220,-0.003,-40.01
"2020-10-06 14:10:00",6498777,-10,-10,-10,220,-0.003,-40.01
"2020-10-06 14:10:00.1",6498778,-10,-10,-10,220,-0.008,-40.02
"2020-10-06 14:10:00.2",6498779,-10,-10,-10,220,-0.008,-40.02
"2020-10-06 14:10:00.3",6498780,-10,-10,-10,220,-0.002,-40
"2020-10-06 14:10:00.4",6498781,-10,-10,-10,220,-0.003,-40.01
"2020-10-06 14:10:00.5",6498782,-10,-10,-10,220,-0.003,-40.01
"2020-10-06 14:10:00.6",6498783,-10,-10,-10,220,-0.003,-40.01
"2020-10-06 14:10:00.7",6498784,-10,-10,-10,220,-0.003,-40.01
"2020-10-06 14:10:00.8",6498785,-10,-10,-10,220,-0.003,-40.01
"2020-10-06 14:10:00.9",6498786,-10,-10,-10,220,-0.003,-40.01
"2020-10-06 14:10:01",6498787,-10,-10,-10,220,-0.003,-40.01
"2020-10-06 14:10:01.1",6498788,-10,-10,-10,220,-0.003,-40.01
"2020-10-06 14:10:01.2",6498789,-10,-10,-10,220,-0.003,-40.01
"2020-10-06 14:10:01.3",6498790,-10,-10,-10,220,-0.003,-40.01
"2020-10-06 14:10:01.4",6498791,-10,-10,-10,220,-0.003,-40.01
"2020-10-06 14:10:01.5",6498792,-10,-10,-10,220,-0.003,-40.01
"2020-10-06 14:10:01.6",6498793,-10,-10,-10,220,-0.003,-40.01
"2020-10-06 14:10:01.7",6498794,-10,-10,-10,220,-0.003,-40.01
"2020-10-06 14:10:01.8",6498795,-10,-10,-10,220,-0.003,-40.01
"2020-10-06 14:10:01.9",6498796,-10,-10,-10,220,-0.003,-40.01
"2020-10-06 14:10:02",6498797,-10,-10,-10,220,-0.003,-40.01
"2020-10-06 14:10:02.1",6498798,-10,-10,-10,220,-0.003,-40.01
"2020-10-06 14:10:02.2",6498799,-10,-10,-10,220,-0.003,-40.01
"2020-10-06 14:10:02.3",6498800,-10,-10,-10,220,-0.003,-40.01
"2020-10-06 14:10:02.4",6498801,-10,-10,-10,220,-0.003,-40.01
"2020-10-06 14:10:02.5",6498802,-10,-10,-10,220,-0.003,-40.01
"2020-10-06 14:10:02.6",6498803,-10,-10,-10,220,-0.003,-40.01
"2020-10-06 14:10:02.7",6498804,-10,-10,-10,220,-0.003,-40.01
"2020-10-06 14:10:02.8",6498805,-10,-10,-10,220,-0.003,-40.01
"2020-10-06 14:10:02.9",6498806,-10,-10,-10,220,-0.003,-40.01
"2020-10-06 14:10:03",6498807,-10,-10,-10,220,-0.003,-40.01
"2020-10-06 14:10:03.1",6498808,-10,-10,-10,220,-0.003,-40.01
"2020-10-06 14:10:03.2",6498809,-10,-10,-10,220,-0.003,-40.01
"2020-10-06 14:10:03.3",6498810,-10,-10,-10,220,-0.003,-40.01
"2020-10-06 14:10:03.4",6498811,-10,-10,-10,220,-0.003,-40.01
"2020-10-06 14:10:03.5",6498812,-10,-10,-10,220,-0.003,-40.01
"2020-10-06 14:10:03.6",6498813,-10,-10,-10,220,-0.003,-40.01
"2020-10-06 14:10:03.7",6498814,-10,-10,-10,220,-0.003,-40.01
"2020-10-06 14:10:03.8",6498815,-10,-10,-10,220,-0.003,-40.01
"2020-10-06 14:10:03.9",6498816,-10,-10,-10,220,-0.003,-40.01
"2020-10-06 14:10:04",6498817,-10,-10,-10,220,-0.003,-40.01
"2020-10-06 14:10:04.1",6498818,-10,-10,-10,220,-0.003,-40.01
"2020-10-06 14:10:04.2",6498819,-10,-10,-10,220,-0.003,-40.01
"2020-10-06 14:10:04.3",6498820,-10,-10,-10,220,-0.003,-40.01
"2020-10-06 14:10:04.4",6498821,-10,-10,-10,220,-0.003,-40.01
"2020-10-06 14:10:04.5",6498822,-10,-10,-10,220,-0.003,-40.01
"2020-10-06 14:10:04.6",6498823,-10,-10,-10,220,-0.003,-40.01
"2020-10-06 14:10:04.7",6498824,-10,-10,-10,220,-0.003,-40.01
"2020-10-06 14:10:04.8",6498825,-10,-10,-10,220,-0.003,-40.01
"2020-10-06 14:10:04.9",6498826,-10,-10,-10,220,-0.003,-40.01
"2020-10-06 14:10:05",6498827,-10,-10,-10,220,-0.003,-40.01
"2020-10-06 14:10:05.1",6498828,-10,-10,-10,220,-0.003,-40.01
"2020-10-06 14:10:05.2",6498829,-10,-10,-10,220,-0.003,-40.01
"2020-10-06 14:10:05.3",6498830,-10,-10,-10,220,-0.003,-40.01
"2020-10-06 14:10:05.4",6498831,-10,-10,-10,220,-0.003,-40.01
"2020-10-06 14:10:05.5",6498832,-10,-10,-10,220,-0.003,-40.01
"2020-10-06 14:10:05.6",6498833,-10,-10,-10,220,-0.003,-40.01
"2020-10-06 14:10:05.7",6498834,-10,-10,-10,220,-0.003,-40.01
"2020-10-06 14:10:05.8",6498835,-10,-10,-10,220,-0.003,-40.01
"2020-10-06 14:10:05.9",6498836,-10,-10,-10,220,-0.003,-40.01
"2020-10-06 14:10:06",6498837,-10,-10,-10,220,-0.003,-40.01
"2020-10-06 14:10:06.1",6498838,-10,-10,-10,220,-0.003,-40.01
"2020-10-06 14:10:06.2",6498839,-10,-10,-10,220,-0.003,-40.01
"2020-10-06 14:10:06.3",6498840,-10,-10,-10,220,-0.003,-40.01
"2020-10-06 14:10:06.4",6498841,-10,-10,-10,220,-0.003,-40.01
"2020-10-06 14:10:06.5",6498842,-10,-10,-10,220,-0.003,-40.01
"2020-10-06 14:10:06.6",6498843,-10,-10,-10,220,-0.003,-40.01
"2020-10-06 14:10:06.7",6498844,-10,-10,-10,220,-0.003,-40.01
"2020-10-06 14:10:06.8",6498845,-10,-10,-10,220,-0.003,-40.01
"2020-10-06 14:10:06.9",6498846,-10,-10,-10,220,-0.003,-40.01
"2020-10-06 14:10:07",6498847,-10,-10,-10,220,-0.003,-40.01
"2020-10-06 14:10:07.1",6498848,-10,-10,-10,220,-0.003,-40.01
"2020-10-06 14:10:07.2",6498849,-10,-10,-10,220,-0.003,-40.01
"2020-10-06 14:10:07.3",6498850,-10,-10,-10,220,-0.003,-40.01
"2020-10-06 14:10:07.4",6498851,-10,-10,-10,220,-0.003,-40.01
"2020-10-06 14:10:07.5",6498852,-10,-10,-10,220,-0.003,-40.01
"2020-10-06 14:10:07.6",6498853,-10,-10,-10,220,-0.003,-40.01
"2020-10-06 14:10:07.7",6498854,-10,-10,-10,220,-0.003,-40.01
"2020-10-06 14:10:07.8",6498855,-10,-10,-10,220,-0.003,-40.01
"2020-10-06 14:10:07.9",6498856,-10,-10,-10,220,-0.003,-40.01
"2020-10-06 14:10:08",6498857,-10,-10,-10,220,-0.003,-40.01
"2020-10-06 14:10:08.1",6498858,-10,-10,-10,220,-0.003,-40.01
"2020-10-06 14:10:08.2",6498859,-10,-10,-10,220,-0.003,-40.01
"2020-10-06 14:10:08.3",6498860,-10,-10,-10,220,-0.003,-40.01
"2020-10-06 14:10:08.4",6498861,-10,-10,-10,220,-0.003,-40.01
"2020-10-06 14:10:08.5",6498862,-10,-10,-10,220,-0.003,-40.01
"2020-10-06 14:10:08.6",6498863,-10,-10,-10,220,-0.003,-40.01
"2020-10-06 14:10:08.7",6498864,-10,-10,-10,220,-0.003,-40.01
"2020-10-06 14:10:08.8",6498865,-10,-10,-10,220,-0.003,-40.01
"2020-10-06 14:10:08.9",6498866,-10,-10,-10,220,-0.003,-40.01
"2020-10-06 14:10:09",6498867,-10,-10,-10,220,-0.003,-40.01
"2020-10-06 14:10:09.1",6498868,-10,-10,-10,220,-0.003,-40.01
"2020-10-06 14:10:09.2",6498869,-10,-10,-10,220,-0.003,-40.01
"2020-10-06 14:10:09.3",6498870,-10,-10,-10,220,-0.003,-40.01
"2020-10-06 14:10:09.4",6498871,-10,-10,-10,220,-0.003,-40.01
"2020-10-06 14:10:09.5",6498872,-10,-10,-10,220,-0.003,-40.01
"2020-10-06 14:10:09.6",6498873,-10,-10,-10,220,-0.003,-40.01
"2020-10-06 14:10:09.7",6498874,-10,-10,-10,220,-0.003,-40.01
"2020-10-06 14:10:09.8",6498875,-10,-10,-10,220,-0.003,-40.01
"2020-10-06 14:10:09.9",6498876,-10,-10,-10,220,-0.003,-40.01
"2020-10-06 14:10:10",6498877,-10,-10,-10,220,-0.003,-40.01
"2020-10-06 14:10:10.1",6498878,-10,-10,-10,220,-0.003,-40.01
"2020-10-06 14:10:10.2",6498879,-10,-10,-10,220,-0.003,-40.01
"2020-10-06 14:10:10.3",6498880,-10,-10,-10,220,-0.003,-40.01
"2020-10-06 14:10:10.4",6498881,-10,-10,-10,220,-0.003,-40.01
"2020-10-06 14:10:10.5",6498882,-10,-10,-10,220,-0.003,-40.01
"2020-10-06 14:10:10.6",6498883,-10,-10,-10,220,-0.003,-40.01
"2020-10-06 14:10:10.7",6498884,-10,-10,-10,220,-0.003,-40.01
"2020-10-06 14:10:10.8",6498885,-10,-10,-10,220,-0.003,-40.01
"2020-10-06 14:10:10.9",6498886,-10,-10,-10,220,-0.003,-40.01
"2020-10-06 14:10:11",6498887,-10,-10,-10,220,-0.003,-40.01
"2020-10-06 14:10:11.1",6498888,-10,-10,-10,220,-0.003,-40.01
"2020-10-06 14:10:11.2",6498889,-10,-10,-10,220,-0.003,-40.01
"2020-10-06 14:10:11.3",6498890,-10,-10,-10,220,-0.003,-40.01
"2020-10-06 14:10:11.4",6498891,-10,-10,-10,220,-0.003,-40.01
"2020-10-06 14:10:11.5",6498892,-10,-10,-10,220,-0.003,-40.01
"2020-10-06 14:10:11.6",6498893,-10,-10,-10,220,-0.003,-40.01
"2020-10-06 14:10:11.7",6498894,-10,-10,-10,220,-0.003,-40.01
"2020-10-06 14:10:11.8",6498895,-10,-10,-10,220,-0.003,-40.01
"2020-10-06 14:10:11.9",6498896,-10,-10,-10,220,-0.003,-40.01
"2020-10-06 14:10:12",6498897,-10,-10,-10,220,-0.003,-40.01
"2020-10-06 14:10:12.1",6498898,-10,-10,-10,220,-0.003,-40.01
"2020-10-06 14:10:12.2",6498899,-10,-10,-10,220,-0.003,-40.01
"2020-10-06 14:10:12.3",6498900,-10,-10,-10,220,-0.003,-40.01
"2020-10-06 14:10:12.4",6498901,-10,-10,-10,220,-0.003,-40.01
"2020-10-06 14:10:12.5",6498902,-10,-10,-10,220,-0.003,-40.01
"2020-10-06 14:10:12.6",6498903,-10,-10,-10,220,-0.003,-40.01
"2020-10-06 14:10:12.7",6498904,-10,-10,-10,220,-0.003,-40.01
"2020-10-06 14:10:12.8",6498905,-10,-10,-10,220,-0.003,-40.01
"2020-10-06 14:10:12.9",6498906,-10,-10,-10,220,-0.003,-40.01
"2020-10-06 14:10:13",6498907,-10,-10,-10,220,-0.003,-40.01
"2020-10-06 14:10:13.1",6498908,-10,-10,-10,220,-0.003,-40.01
"2020-10-06 14:10:13.2",6498909,-10,-10,-10,220,-0.003,-40.01
"2020-10-06 14:10:13.3",6498910,-10,-10,-10,220,-0.003,-40.01
"2020-10-06 14:10:13.4",6498911,-10,-10,-10,220,-0.003,-40.01
"2020-10-06 14:10:13.5",6498912,-10,-10,-10,220,-0.003,-40.01
"2020-10-06 14:10:13.6",6498913,-10,-10,-10,220,-0.003,-40.01
"2020-10-06 14:10:13.7",6498914,-10,-10,-10,220,-0.003,-40.01
"2020-10-06 14:10:13.8",6498915,-10,-10,-10,220,-0.003,-40.01
"2020-10-06 14:10:13.9",6498916,-10,-10,-10,220,-0.003,-40.01
"2020-10-06 14:10:14",6498917,-10,-10,-10,220,-0.003,-40.01
"2020-10-06 14:10:14.1",6498918,-10,-10,-10,220,-0.003,-40.01
"2020-10-06 14:10:14.2",6498919,-10,-10,-10,220,-0.003,-40.01
"2020-10-06 14:10:14.3",6498920,-10,-10,-10,220,-0.003,-40.01
"2020-10-06 14:10:14.4",6498921,-10,-10,-10,220,-0.003,-40.01
"2020-10-06 14:10:14.5",6498922,-10,-10,-10,220,-0.003,-40.01
"2020-10-06 14:10:14.6",6498923,-10,-10,-10,220,-0.003,-40.01
"2020-10-06 14:10:14.7",6498924,-10,-10,-10,220,-0.003,-40.01
"2020-10-06 14:10:14.8",6498925,-10,-10,-10,220,-0.003,-40.01
"2020-10-06 14:10:14.9",6498926,-10,-10,-10,220,-0.003,-40.01
"2020-10-06 14:10:15",6498927,-10,-10,-10,220,-0.003,-40.01
"2020-10-06 14:10:15.1",6498928,-10,-10,-10,220,-0.003,-40.01
"2020-10-06 14:10:15.2",6498929,-10,-10,-10,220,-0.003,-40.01
"2020-10-06 14:10:15.3",6498930,-10,-10,-10,220,-0.003,-40.01
"2020-10-06 14:10:15.4",6498931,-10,-10,-10,220,-0.003,-40.01
"2020-10-06 14:10:15.5",6498932,-10,-10,-10,220,-0.003,-40.01
"2020-10-06 14:10:15.6",6498933,-10,-10,-10,220,-0.003,-40.01
"2020-10-06 14:10:15.7",6498934,-10,-10,-10,220,-0.003,-40.01
"2020-10-06 14:10:15.8",6498935,-10,-10,-10,220,-0.003,-40.01
"2020-10-06 14:10:15.9",6498936,-10,-10,-10,220,-0.003,-40.01
"2020-10-06 14:10:16",6498937,-10,-10,-10,220,-0.003,-40.01
"2020-10-06 14:10:16.1",6498938,-10,-10,-10,220,-0.003,-40.01
"2020-10-06 14:10:16.2",6498939,-10,-10,-10,220,-0.003,-40.01
"2020-10-06 14:10:16.3",6498940,-10,-10,-10,220,-0.003,-40.01
"2020-10-06 14:10:16.4",6498941,-10,-10,-10,220,-0.003,-40.01
"2020-10-06 14:10:16.5",6498942,-10,-10,-10,220,-0.003,-40.01
"2020-10-06 14:10:16.6",6498943,-10,-10,-10,220,-0.003,-40.01
"2020-10-06 14:10:16.7",6498944,-10,-10,-10,220,-0.003,-40.01
"2020-10-06 14:10:16.8",6498945,-10,-10,-10,220,-0.003,-40.01
"2020-10-06 14:10:16.9",6498946,-10,-10,-10,220,-0.003,-40.01
"2020-10-06 14:10:17",6498947,-10,-10,-10,220,-0.003,-40.01
"2020-10-06 14:10:17.1",6498948,-10,-10,-10,220,-0.003,-40.01
"2020-10-06 14:10:17.2",6498949,-10,-10,-10,220,-0.003,-40.01
"2020-10-06 14:10:17.3",6498950,-10,-10,-10,220,-0.003,-40.01
"2020-10-06 14:10:17.4",6498951,-10,-10,-10,220,-0.003,-40.01
"2020-10-06 14:10:17.5",6498952,-10,-10,-10,220,-0.003,-40.01
"2020-10-06 14:10:17.6",6498953,-10,-10,-10,220,-0.003,-40.01
"2020-10-06 14:10:17.7",6498954,-10,-10,-10,220,-0.003,-40.01
"2020-10-06 14:10:17.8",6498955,-10,-10,-10,220,-0.003,-40.01
"2020-10-06 14:10:17.9",6498956,-10,-10,-10,220,-0.003,-40.01
"2020-10-06 14:10:18",6498957,-10,-10,-10,220,-0.003,-40.01
"2020-10-06 14:10:18.1",6498958,-10,-10,-10,220,-0.003,-40.01
"2020-10-06 14:10:18.2",6498959,-10,-10,-10,220,-0.003,-40.01
"2020-10-06 14:10:18.3",6498960,-10,-10,-10,220,-0.003,-40.01
"2020-10-06 14:10:18.4",6498961,-10,-10,-10,220,-0.003,-40.01
"2020-10-06 14:10:18.5",6498962,-10,-10,-10,220,-0.003,-40.01
"2020-10-06 14:10:18.6",6498963,-10,-10,-10,220,-0.003,-40.01
"2020-10-06 14:10:18.7",6498964,-10,-10,-10,220,-0.003,-40.01
"2020-10-06 14:10:18.8",6498965,-10,-10,-10,220,-0.003,-40.01
"2020-10-06 14:10:18.9",6498966,-10,-10,-10,220,-0.003,-40.01
"2020-10-06 14:10:19",6498967,-10,-10,-10,220,-0.003,-40.01
"2020-10-06 14:10:19.1",6498968,-10,-10,-10,220,-0.003,-40.01
"2020-10-06 14:10:19.2",6498969,-10,-10,-10,220,-0.003,-40.01
"2020-10-06 14:10:19.3",6498970,-10,-10,-10,220,-0.003,-40.01
"2020-10-06 14:10:19.4",6498971,-10,-10,-10,220,-0.003,-40.01
"2020-10-06 14:10:19.5",6498972,-10,-10,-10,220,-0.003,-40.01
"2020-10-06 14:10:19.6",6498973,-10,-10,-10,220,-0.003,-40.01
"2020-10-06 14:10:19.7",6498974,-10,-10,-10,220,-0.003,-40.01
"2020-10-06 14:10:19.8",6498975,-10,-10,-10,220,-0.003,-40.01
"2020-10-06 14:10:19.9",6498976,-10,-10,-10,220,-0.003,-40.01
"2020-10-06 14:10:20",6498977,-10,-10,-10,220,-0.003,-40.01
"2020-10-06 14:10:20.1",6498978,-10,-10,-10,220,-0.003,-40.01
"2020-10-06 14:10:20.2",6498979,-10,-10,-10,220,-0.003,-40.01
"2020-10-06 14:10:20.3",6498980,-10,-10,-10,220,-0.003,-40.01
"2020-10-06 14:10:20.4",6498981,-10,-10,-10,220,-0.003,-40.01
"2020-10-06 14:10:20.5",6498982,-10,-10,-10,220,-0.003,-40.01
"2020-10-06 14:10:20.6",6498983,-10,-10,-10,220,-0.003,-40.01
"2020-10-06 14:10:20.7",6498984,-10,-10,-10,220,-0.003,-40.01
"2020-10-06 14:10:20.8",6498985,-10,-10,-10,220,-0.003,-40.01
"2020-10-06 14:10:20.9",6498986,-10,-10,-10,220,-0.003,-40.01
"2020-10-06 14:10:21",6498987,-10,-10,-10,220,-0.003,-40.01
"2020-10-06 14:10:21.1",6498988,-10,-10,-10,220,-0.003,-40.01
"2020-10-06 14:10:21.2",6498989,-10,-10,-10,220,-0.003,-40.01
"2020-10-06 14:10:21.3",6498990,-10,-10,-10,220,-0.003,-40.01
"2020-10-06 14:10:21.4",6498991,-10,-10,-10,220,-0.003,-40.01
"2020-10-06 14:10:21.5",6498992,-10,-10,-10,220,-0.003,-40.01
"2020-10-06 14:10:21.6",6498993,-10,-10,-10,220,-0.003,-40.01
"2020-10-06 14:10:21.7",6498994,-10,-10,-10,220,-0.003,-40.01
"2020-10-06 14:10:21.8",6498995,-10,-10,-10,220,-0.003,-40.01
"2020-10-06 14:10:21.9",6498996,-10,-10,-10,220,-0.003,-40.01
"2020-10-06 14:10:22",6498997,-10,-10,-10,220,-0.003,-40.01
"2020-10-06 14:10:22.1",6498998,-10,-10,-10,220,-0.003,-40.01
"2020-10-06 14:10:22.2",6498999,-10,-10,-10,220,-0.003,-40.01
"2020-10-06 14:10:22.3",6499000,-10,-10,-10,220,-0.003,-40.01
"2020-10-06 14:10:22.4",6499001,-10,-10,-10,220,-0.003,-40.01
"2020-10-06 14:10:22.5",6499002,-10,-10,-10,220,-0.003,-40.01
"2020-10-06 14:10:22.6",6499003,-10,-10,-10,220,-0.003,-40.01
"2020-10-06 14:10:22.7",6499004,-10,-10,-10,220,-0.003,-40.01
"2020-10-06 14:10:22.8",6499005,-10,-10,-10,220,-0.003,-40.01
"2020-10-06 14:10:22.9",6499006,-10,-10,-10,220,-0.003,-40.01
"2020-10-06 14:10:23",6499007,-10,-10,-10,220,-0.003,-40.01
"2020-10-06 14:10:23.1",6499008,-10,-10,-10,220,-0.003,-40.01
"2020-10-06 14:10:23.2",6499009,-10,-10,-10,220,-0.003,-40.01
"2020-10-06 14:10:23.3",6499010,-10,-10,-10,220,-0.003,-40.01
"2020-10-06 14:10:23.4",6499011,-10,-10,-10,220,-0.003,-40.01
"2020-10-06 14:10:23.5",6499012,-10,-10,-10,220,-0.003,-40.01
"2020-10-06 14:10:23.6",6499013,-10,-10,-10,220,-0.003,-40.01
"2020-10-06 14:10:23.7",6499014,-10,-10,-10,220,-0.003,-40.01
"2020-10-06 14:10:23.8",6499015,-10,-10,-10,220,-0.003,-40.01
"2020-10-06 14:10:23.9",6499016,-10,-10,-10,220,-0.003,-40.01
"2020-10-06 14:10:24",6499017,-10,-10,-10,220,-0.003,-40.01
"2020-10-06 14:10:24.1",6499018,-10,-10,-10,220,-0.003,-40.01
"2020-10-06 14:10:24.2",6499019,-10,-10,-10,220,-0.003,-40.01
"2020-10-06 14:10:24.3",6499020,-10,-10,-10,220,-0.003,-40.01
"2020-10-06 14:10:24.4",6499021,-10,-10,-10,220,-0.003,-40.01
"2020-10-06 14:10:24.5",6499022,-10,-10,-10,220,-0.003,-40.01
"2020-10-06 14:10:24.6",6499023,-10,-10,-10,220,-0.003,-40.01
"2020-10-06 14:10:24.7",6499024,-10,-10,-10,220,-0.003,-40.01
"2020-10-06 14:10:24.8",6499025,-10,-10,-10,220,-0.003,-40.01
"2020-10-06 14:10:24.9",6499026,-10,-10,-10,220,-0.003,-40.01
"2020-10-06 14:10:25",6499027,-10,-10,-10,220,-0.003,-40.01
"2020-10-06 14:10:25.1",6499028,-10,-10,-10,220,-0.003,-40.01
"2020-10-06 14:10:25.2",6499029,-10,-10,-10,220,-0.003,-40.01
"2020-10-06 14:10:25.3",6499030,-10,-10,-10,220,-0.003,-40.01
"2020-10-06 14:10:25.4",6499031,-10,-10,-10,220,-0.003,-40.01
"2020-10-06 14:10:25.5",6499032,-10,-10,-10,220,-0.003,-40.01
"2020-10-06 14:10:25.6",6499033,-10,-10,-10,220,-0.003,-40.01
"2020-10-06 14:10:25.7",6499034,-10,-10,-10,220,-0.003,-40.01
"2020-10-06 14:10:25.8",6499035,-10,-10,-10,220,-0.003,-40.01
"2020-10-06 14:10:25.9",6499036,-10,-10,-10,220,-0.003,-40.01
"2020-10-06 14:10:26",6499037,-10,-10,-10,220,-0.003,-40.01
"2020-10-06 14:10:26.1",6499038,-10,-10,-10,220,-0.003,-40.01
"2020-10-06 14:10:26.2",6499039,-10,-10,-10,220,-0.003,-40.01
"2020-10-06 14:10:26.3",6499040,-10,-10,-10,220,-0.003,-40.01
"2020-10-06 14:10:26.4",6499041,-10,-10,-10,220,-0.003,-40.01
"2020-10-06 14:10:26.5",6499042,-10,-10,-10,220,-0.003,-40.01
"2020-10-06 14:10:26.6",6499043,-10,-10,-10,220,-0.003,-40.01
"2020-10-06 14:10:26.7",6499044,-10,-10,-10,220,-0.003,-40.01
"2020-10-06 14:10:26.8",6499045,-10,-10,-10,220,-0.003,-40.01
"2020-10-06 14:10:26.9",6499046,-10,-10,-10,220,-0.003,-40.01
"2020-10-06 14:10:27",6499047,-10,-10,-10,220,-0.003,-40.01
"2020-10-06 14:10:27.1",6499048,-10,-10,-10,220,-0.003,-40.01
"2020-10-06 14:10:27.2",6499049,-10,-10,-10,220,-0.003,-40.01
"2020-10-06 14:10:27.3",6499050,-10,-10,-10,220,-0.003,-40.01
"2020-10-06 14:10:27.4",6499051,-10,-10,-10,220,-0.003,-40.01
"2020-10-06 14:10:27.5",6499052,-10,-10,-10,220,-0.003,-40.01
"2020-10-06 14:10:27.6",6499053,-10,-10,-10,220,-0.003,-40.01
"2020-10-06 14:10:27.7",6499054,-10,-10,-10,220,-0.003,-40.01
"2020-10-06 14:10:27.8",6499055,-10,-10,-10,220,-0.003,-40.01
"2020-10-06 14:10:27.9",6499056,-10,-10,-10,220,-0.003,-40.01
"2020-10-06 14:10:28",6499057,-10,-10,-10,220,-0.003,-40.01
"2020-10-06 14:10:28.1",6499058,-10,-10,-10,220,-0.003,-40.01
"2020-10-06 14:10:28.2",6499059,-10,-10,-10,220,-0.003,-40.01
"2020-10-06 14:10:28.3",6499060,-10,-10,-10,220,-0.003,-40.01
"2020-10-06 14:10:28.4",6499061,-10,-10,-10,220,-0.003,-40.01
"2020-10-06 14:10:28.5",6499062,-10,-10,-10,220,-0.003,-40.01
"2020-10-06 14:10:28.6",6499063,-10,-10,-10,220,-0.003,-40.01
"2020-10-06 14:10:28.7",6499064,-10,-10,-10,220,-0.003,-40.01
"2020-10-06 14:10:28.8",6499065,-10,-10,-10,220,-0.003,-40.01
"2020-10-06 14:10:28.9",6499066,-10,-10,-10,220,-0.003,-40.01
"2020-10-06 14:10:29",6499067,-10,-10,-10,220,-0.003,-40.01
"2020-10-06 14:10:29.1",6499068,-10,-10,-10,220,-0.003,-40.01
"2020-10-06 14:10:29.2",6499069,-10,-10,-10,220,-0.003,-40.01
"2020-10-06 14:10:29.3",6499070,-10,-10,-10,220,-0.003,-40.01
"2020-10-06 14:10:29.4",6499071,-10,-10,-10,220,-0.003,-40.01
"2020-10-06 14:10:29.5",6499072,-10,-10,-10,220,-0.003,-40.01
"2020-10-06 14:10:29.6",6499073,-10,-10,-10,220,-0.003,-40.01
"2020-10-06 14:10:29.7",6499074,-10,-10,-10,220,-0.003,-40.01
"2020-10-06 14:10:29.8",6499075,-10,-10,-10,220,-0.003,-40.01
"2020-10-06 14:10:29.9",6499076,-10,-10,-10,220,-0.003,-40.01
"2020-10-06 14:10:30",6499077,-10,-10,-10,220,-0.003,-40.01
"2020-10-06 14:10:30.1",6499078,-10,-10,-10,220,-0.003,-40.01
"2020-10-06 14:10:30.2",6499079,-10,-10,-10,220,-0.003,-40.01
"2020-10-06 14:10:30.3",6499080,-10,-10,-10,220,-0.003,-40.01
"2020-10-06 14:10:30.4",6499081,-10,-10,-10,220,-0.003,-40.01
"2020-10-06 14:10:30.5",6499082,-10,-10,-10,220,-0.003,-40.01
"2020-10-06 14:10:30.6",6499083,-10,-10,-10,220,-0.003,-40.01
"2020-10-06 14:10:30.7",6499084,-10,-10,-10,220,-0.003,-40.01
"2020-10-06 14:10:30.8",6499085,-10,-10,-10,220,-0.003,-40.01
"2020-10-06 14:10:30.9",6499086,-10,-10,-10,220,-0.003,-40.01
"2020-10-06 14:10:31",6499087,-10,-10,-10,220,-0.003,-40.01
"2020-10-06 14:10:31.1",6499088,-10,-10,-10,220,-0.003,-40.01
"2020-10-06 14:10:31.2",6499089,-10,-10,-10,220,-0.003,-40.01
"2020-10-06 14:10:31.3",6499090,-10,-10,-10,220,-0.003,-40.01
"2020-10-06 14:10:31.4",6499091,-10,-10,-10,220,-0.003,-40.01
"2020-10-06 14:10:31.5",6499092,-10,-10,-10,220,-0.003,-40.01
"2020-10-06 14:10:31.6",6499093,-10,-10,-10,220,-0.003,-40.01
"2020-10-06 14:10:31.7",6499094,-10,-10,-10,220,-0.003,-40.01
"2020-10-06 14:10:31.8",6499095,-10,-10,-10,220,-0.003,-40.01
"2020-10-06 14:10:31.9",6499096,-10,-10,-10,220,-0.003,-40.01
"2020-10-06 14:10:32",6499097,-10,-10,-10,220,-0.003,-40.01
"2020-10-06 14:10:32.1",6499098,-10,-10,-10,220,-0.003,-40.01
"2020-10-06 14:10:32.2",6499099,-10,-10,-10,220,-0.003,-40.01
"2020-10-06 14:10:32.3",6499100,-10,-10,-10,220,-0.003,-40.01
"2020-10-06 14:10:32.4",6499101,-10,-10,-10,220,-0.003,-40.01
"2020-10-06 14:10:32.5",6499102,-10,-10,-10,220,-0.003,-40.01
"2020-10-06 14:10:32.6",6499103,-10,-10,-10,220,-0.003,-40.01
"2020-10-06 14:10:32.7",6499104,-10,-10,-10,220,-0.003,-40.01
"2020-10-06 14:10:32.8",6499105,-10,-10,-10,220,-0.003,-40.01
"2020-10-06 14:10:32.9",6499106,-10,-10,-10,220,-0.003,-40.01
"2020-10-06 14:10:33",6499107,-10,-10,-10,220,-0.003,-40.01
"2020-10-06 14:10:33.1",6499108,-10,-10,-10,220,-0.003,-40.01
"2020-10-06 14:10:33.2",6499109,-10,-10,-10,220,-0.003,-40.01
"2020-10-06 14:10:33.3",6499110,-10,-10,-10,220,-0.003,-40.01
"2020-10-06 14:10:33.4",6499111,-10,-10,-10,220,-0.003,-40.01
"2020-10-06 14:10:33.5",6499112,-10,-10,-10,220,-0.003,-40.01
"2020-10-06 14:10:33.6",6499113,-10,-10,-10,220,-0.003,-40.01
"2020-10-06 14:10:33.7",6499114,-10,-10,-10,220,-0.003,-40.01
"2020-10-06 14:10:33.8",6499115,-10,-10,-10,220,-0.003,-40.01
"2020-10-06 14:10:33.9",6499116,-10,-10,-10,220,-0.003,-40.01
"2020-10-06 14:10:34",6499117,-10,-10,-10,220,-0.003,-40.01
"2020-10-06 14:10:34.1",6499118,-10,-10,-10,220,-0.003,-40.01
"2020-10-06 14:10:34.2",6499119,-10,-10,-10,220,-0.003,-40.01
"2020-10-06 14:10:34.3",6499120,-10,-10,-10,220,-0.003,-40.01
"2020-10-06 14:10:34.4",6499121,-10,-10,-10,220,-0.003,-40.01
"2020-10-06 14:10:34.5",6499122,-10,-10,-10,220,-0.003,-40.01
"2020-10-06 14:10:34.6",6499123,-10,-10,-10,220,-0.003,-40.01
"2020-10-06 14:10:34.7",6499124,-10,-10,-10,220,-0.003,-40.01
"2020-10-06 14:10:34.8",6499125,-10,-10,-10,220,-0.003,-40.01
"2020-10-06 14:10:34.9",6499126,-10,-10,-10,220,-0.003,-40.01
"2020-10-06 14:10:35",6499127,-10,-10,-10,220,-0.003,-40.01
"2020-10-06 14:10:35.1",6499128,-10,-10,-10,220,-0.003,-40.01
"2020-10-06 14:10:35.2",6499129,-10,-10,-10,220,-0.003,-40.01
"2020-10-06 14:10:35.3",6499130,-10,-10,-10,220,-0.003,-40.01
"2020-10-06 14:10:35.4",6499131,-10,-10,-10,220,-0.003,-40.01
"2020-10-06 14:10:35.5",6499132,-10,-10,-10,220,-0.003,-40.01
"2020-10-06 14:10:35.6",6499133,-10,-10,-10,220,-0.003,-40.01
"2020-10-06 14:10:35.7",6499134,-10,-10,-10,220,-0.003,-40.01
"2020-10-06 14:10:35.8",6499135,-10,-10,-10,220,-0.003,-40.01
"2020-10-06 14:10:35.9",6499136,-10,-10,-10,220,-0.003,-40.01
"2020-10-06 14:10:36",6499137,-10,-10,-10,220,-0.003,-40.01
"2020-10-06 14:10:36.1",6499138,-10,-10,-10,220,-0.003,-40.01
"2020-10-06 14:10:36.2",6499139,-10,-10,-10,220,-0.003,-40.01
"2020-10-06 14:10:36.3",6499140,-10,-10,-10,220,-0.003,-40.01
"2020-10-06 14:10:36.4",6499141,-10,-10,-10,220,-0.003,-40.01
"2020-10-06 14:10:36.5",6499142,-10,-10,-10,220,-0.003,-40.01
"2020-10-06 14:10:36.6",6499143,-10,-10,-10,220,-0.003,-40.01
"2020-10-06 14:10:36.7",6499144,-10,-10,-10,220,-0.003,-40.01
"2020-10-06 14:10:36.8",6499145,-10,-10,-10,220,-0.003,-40.01
"2020-10-06 14:10:36.9",6499146,-10,-10,-10,220,-0.003,-40.01
"2020-10-06 14:10:37",6499147,-10,-10,-10,220,-0.003,-40.01
"2020-10-06 14:10:37.1",6499148,-10,-10,-10,220,-0.003,-40.01
"2020-10-06 14:10:37.2",6499149,-10,-10,-10,220,-0.003,-40.01
"2020-10-06 14:10:37.3",6499150,-10,-10,-10,220,-0.003,-40.01
"2020-10-06 14:10:37.4",6499151,-10,-10,-10,220,-0.003,-40.01
"2020-10-06 14:10:37.5",6499152,-10,-10,-10,220,-0.003,-40.01
"2020-10-06 14:10:37.6",6499153,-10,-10,-10,220,-0.003,-40.01
"2020-10-06 14:10:37.7",6499154,-10,-10,-10,220,-0.003,-40.01
"2020-10-06 14:10:37.8",6499155,-10,-10,-10,220,-0.003,-40.01
"2020-10-06 14:10:37.9",6499156,-10,-10,-10,220,-0.003,-40.01
"2020-10-06 14:10:38",6499157,-10,-10,-10,220,-0.003,-40.01
"2020-10-06 14:10:38.1",6499158,-10,-10,-10,220,-0.003,-40.01
"2020-10-06 14:10:38.2",6499159,-10,-10,-10,220,-0.003,-40.01
"2020-10-06 14:10:38.3",6499160,-10,-10,-10,220,-0.003,-40.01
"2020-10-06 14:10:38.4",6499161,-10,-10,-10,220,-0.003,-40.01
"2020-10-06 14:10:38.5",6499162,-10,-10,-10,220,-0.003,-40.01
"2020-10-06 14:10:38.6",6499163,-10,-10,-10,220,-0.003,-40.01
"2020-10-06 14:10:38.7",6499164,-10,-10,-10,220,-0.003,-40.01
"2020-10-06 14:10:38.8",6499165,-10,-10,-10,220,-0.003,-40.01
"2020-10-06 14:10:38.9",6499166,-10,-10,-10,220,-0.003,-40.01
"2020-10-06 14:10:39",6499167,-10,-10,-10,220,-0.003,-40.01
"2020-10-06 14:10:39.1",6499168,-10,-10,-10,220,-0.003,-40.01
"2020-10-06 14:10:39.2",6499169,-10,-10,-10,220,-0.003,-40.01
"2020-10-06 14:10:39.3",6499170,-10,-10,-10,220,-0.003,-40.01
"2020-10-06 14:10:39.4",6499171,-10,-10,-10,220,-0.003,-40.01
"2020-10-06 14:10:39.5",6499172,-10,-10,-10,220,-0.003,-40.01
"2020-10-06 14:10:39.6",6499173,-10,-10,-10,220,-0.003,-40.01
"2020-10-06 14:10:39.7",6499174,-10,-10,-10,220,-0.003,-40.01
"2020-10-06 14:10:39.8",6499175,-10,-10,-10,220,-0.003,-40.01
"2020-10-06 14:10:39.9",6499176,-10,-10,-10,220,-0.003,-40.01
"2020-10-06 14:10:40",6499177,-10,-10,-10,220,-0.003,-40.01
"2020-10-06 14:10:40.1",6499178,-10,-10,-10,220,-0.003,-40.01
"2020-10-06 14:10:40.2",6499179,-10,-10,-10,220,-0.003,-40.01
"2020-10-06 14:10:40.3",6499180,-10,-10,-10,220,-0.003,-40.01
"2020-10-06 14:10:40.4",6499181,-10,-10,-10,220,-0.003,-40.01
"2020-10-06 14:10:40.5",6499182,-10,-10,-10,220,-0.003,-40.01
"2020-10-06 14:10:40.6",6499183,-10,-10,-10,220,-0.003,-40.01
"2020-10-06 14:10:40.7",6499184,-10,-10,-10,220,-0.003,-40.01
"2020-10-06 14:10:40.8",6499185,-10,-10,-10,220,-0.003,-40.01
"2020-10-06 14:10:40.9",6499186,-10,-10,-10,220,-0.003,-40.01
"2020-10-06 14:10:41",6499187,-10,-10,-10,220,-0.003,-40.01
"2020-10-06 14:10:41.1",6499188,-10,-10,-10,220,-0.003,-40.01
"2020-10-06 14:10:41.2",6499189,-10,-10,-10,220,-0.003,-40.01
"2020-10-06 14:10:41.3",6499190,-10,-10,-10,220,-0.003,-40.01
"2020-10-06 14:10:41.4",6499191,-10,-10,-10,220,-0.003,-40.01
"2020-10-06 14:10:41.5",6499192,-10,-10,-10,220,-0.003,-40.01
"2020-10-06 14:10:41.6",6499193,-10,-10,-10,220,-0.003,-40.01
"2020-10-06 14:10:41.7",6499194,-10,-10,-10,220,-0.003,-40.01
"2020-10-06 14:10:41.8",6499195,-10,-10,-10,220,-0.003,-40.01
"2020-10-06 14:10:41.9",6499196,-10,-10,-10,220,-0.003,-40.01
"2020-10-06 14:10:42",6499197,-10,-10,-10,220,-0.003,-40.01
"2020-10-06 14:10:42.1",6499198,-10,-10,-10,220,-0.003,-40.01
"2020-10-06 14:10:42.2",6499199,-10,-10,-10,220,-0.003,-40.01
"2020-10-06 14:10:42.3",6499200,-10,-10,-10,220,-0.003,-40.01
"2020-10-06 14:10:42.4",6499201,-10,-10,-10,220,-0.003,-40.01
"2020-10-06 14:10:42.5",6499202,-10,-10,-10,220,-0.003,-40.01
"2020-10-06 14:10:42.6",6499203,-10,-10,-10,220,-0.003,-40.01
"2020-10-06 14:10:42.7",6499204,-10,-10,-10,220,-0.003,-40.01
"2020-10-06 14:10:42.8",6499205,-10,-10,-10,220,-0.003,-40.01
"2020-10-06 14:10:42.9",6499206,-10,-10,-10,220,-0.003,-40.01
"2020-10-06 14:10:43",6499207,-10,-10,-10,220,-0.003,-40.01
"2020-10-06 14:10:43.1",6499208,-10,-10,-10,220,-0.003,-40.01
"2020-10-06 14:10:43.2",6499209,-10,-10,-10,220,-0.003,-40.01
"2020-10-06 14:10:43.3",6499210,-10,-10,-10,220,-0.003,-40.01
"2020-10-06 14:10:43.4",6499211,-10,-10,-10,220,-0.003,-40.01
"2020-10-06 14:10:43.5",6499212,-10,-10,-10,220,-0.003,-40.01
"2020-10-06 14:10:43.6",6499213,-10,-10,-10,220,-0.003,-40.01
"2020-10-06 14:10:43.7",6499214,-10,-10,-10,220,-0.003,-40.01
"2020-10-06 14:10:43.8",6499215,-10,-10,-10,220,-0.003,-40.01
"2020-10-06 14:10:43.9",6499216,-10,-10,-10,220,-0.003,-40.01
"2020-10-06 14:10:44",6499217,-10,-10,-10,220,-0.003,-40.01
"2020-10-06 14:10:44.1",6499218,-10,-10,-10,220,-0.003,-40.01
"2020-10-06 14:10:44.2",6499219,-10,-10,-10,220,-0.003,-40.01
"2020-10-06 14:10:44.3",6499220,-10,-10,-10,220,-0.003,-40.01
"2020-10-06 14:10:44.4",6499221,-10,-10,-10,220,-0.003,-40.01
"2020-10-06 14:10:44.5",6499222,-10,-10,-10,220,-0.003,-40.01
"2020-10-06 14:10:44.6",6499223,-10,-10,-10,220,-0.003,-40.01
"2020-10-06 14:10:44.7",6499224,-10,-10,-10,220,-0.003,-40.01
"2020-10-06 14:10:44.8",6499225,-10,-10,-10,220,-0.003,-40.01
"2020-10-06 14:10:44.9",6499226,-10,-10,-10,220,-0.003,-40.01
"2020-10-06 14:10:45",6499227,-10,-10,-10,220,-0.003,-40.01
"2020-10-06 14:10:45.1",6499228,-10,-10,-10,220,-0.003,-40.01
"2020-10-06 14:10:45.2",6499229,-10,-10,-10,220,-0.003,-40.01
"2020-10-06 14:10:45.3",6499230,-10,-10,-10,220,-0.003,-40.01
"2020-10-06 14:10:45.4",6499231,-10,-10,-10,220,-0.003,-40.01
"2020-10-06 14:10:45.5",6499232,-10,-10,-10,220,-0.003,-40.01
"2020-10-06 14:10:45.6",6499233,-10,-10,-10,220,-0.003,-40.01
"2020-10-06 14:10:45.7",6499234,-10,-10,-10,220,-0.003,-40.01
"2020-10-06 14:10:45.8",6499235,-10,-10,-10,220,-0.003,-40.01
"2020-10-06 14:10:45.9",6499236,-10,-10,-10,220,-0.003,-40.01
"2020-10-06 14:10:46",6499237,-10,-10,-10,220,-0.003,-40.01
"2020-10-06 14:10:46.1",6499238,-10,-10,-10,220,-0.003,-40.01
"2020-10-06 14:10:46.2",6499239,-10,-10,-10,220,-0.003,-40.01
"2020-10-06 14:10:46.3",6499240,-10,-10,-10,220,-0.003,-40.01
"2020-10-06 14:10:46.4",6499241,-10,-10,-10,220,-0.003,-40.01
"2020-10-06 14:10:46.5",6499242,-10,-10,-10,220,-0.003,-40.01
"2020-10-06 14:10:46.6",6499243,-10,-10,-10,220,-0.003,-40.01
"2020-10-06 14:10:46.7",6499244,-10,-10,-10,220,-0.003,-40.01
"2020-10-06 14:10:46.8",6499245,-10,-10,-10,220,-0.003,-40.01
"2020-10-06 14:10:46.9",6499246,-10,-10,-10,220,-0.003,-40.01
"2020-10-06 14:10:47",6499247,-10,-10,-10,220,-0.003,-40.01
"2020-10-06 14:10:47.1",6499248,-10,-10,-10,220,-0.003,-40.01
"2020-10-06 14:10:47.2",6499249,-10,-10,-10,220,-0.003,-40.01
"2020-10-06 14:10:47.3",6499250,-10,-10,-10,220,-0.003,-40.01
"2020-10-06 14:10:47.4",6499251,-10,-10,-10,220,-0.003,-40.01
"2020-10-06 14:10:47.5",6499252,-10,-10,-10,220,-0.003,-40.01
"2020-10-06 14:10:47.6",6499253,-10,-10,-10,220,-0.003,-40.01
"2020-10-06 14:10:47.7",6499254,-10,-10,-10,220,-0.003,-40.01
"2020-10-06 14:10:47.8",6499255,-10,-10,-10,220,-0.003,-40.01
"2020-10-06 14:10:47.9",6499256,-10,-10,-10,220,-0.003,-40.01
"2020-10-06 14:10:48",6499257,-10,-10,-10,220,-0.003,-40.01
"2020-10-06 14:10:48.1",6499258,-10,-10,-10,220,-0.003,-40.01
"2020-10-06 14:10:48.2",6499259,-10,-10,-10,220,-0.003,-40.01
"2020-10-06 14:10:48.3",6499260,-10,-10,-10,220,-0.003,-40.01
"2020-10-06 14:10:48.4",6499261,-10,-10,-10,220,-0.003,-40.01
"2020-10-06 14:10:48.5",6499262,-10,-10,-10,220,-0.003,-40.01
"2020-10-06 14:10:48.6",6499263,-10,-10,-10,220,-0.003,-40.01
"2020-10-06 14:10:48.7",6499264,-10,-10,-10,220,-0.003,-40.01
"2020-10-06 14:10:48.8",6499265,-10,-10,-10,220,-0.003,-40.01
"2020-10-06 14:10:48.9",6499266,-10,-10,-10,220,-0.003,-40.01
"2020-10-06 14:10:49",6499267,-10,-10,-10,220,-0.003,-40.01
"2020-10-06 14:10:49.1",6499268,-10,-10,-10,220,-0.003,-40.01
"2020-10-06 14:10:49.2",6499269,-10,-10,-10,220,-0.003,-40.01
"2020-10-06 14:10:49.3",6499270,-10,-10,-10,220,-0.003,-40.01
"2020-10-06 14:10:49.4",6499271,-10,-10,-10,220,-0.003,-40.01
"2020-10-06 14:10:49.5",6499272,-10,-10,-10,220,-0.003,-40.01
"2020-10-06 14:10:49.6",6499273,-10,-10,-10,220,-0.003,-40.01
"2020-10-06 14:10:49.7",6499274,-10,-10,-10,220,-0.003,-40.01
"2020-10-06 14:10:49.8",6499275,-10,-10,-10,220,-0.003,-40.01
"2020-10-06 14:10:49.9",6499276,-10,-10,-10,220,-0.003,-40.01
"2020-10-06 14:10:50",6499277,-10,-10,-10,220,-0.003,-40.01
"2020-10-06 14:10:50.1",6499278,-10,-10,-10,220,-0.003,-40.01
"2020-10-06 14:10:50.2",6499279,-10,-10,-10,220,-0.003,-40.01
"2020-10-06 14:10:50.3",6499280,-10,-10,-10,220,-0.003,-40.01
"2020-10-06 14:10:50.4",6499281,-10,-10,-10,220,-0.003,-40.01
"2020-10-06 14:10:50.5",6499282,-10,-10,-10,220,-0.003,-40.01
"2020-10-06 14:10:50.6",6499283,-10,-10,-10,220,-0.003,-40.01
"2020-10-06 14:10:50.7",6499284,-10,-10,-10,220,-0.003,-40.01
"2020-10-06 14:10:50.8",6499285,-10,-10,-10,220,-0.003,-40.01
"2020-10-06 14:10:50.9",6499286,-10,-10,-10,220,-0.003,-40.01
