"TOA5","10329","CR6","10329","CR6.Std.09.01 CR6-WIFI.04.00.01","CPU:YOUNG81000_HMP60_10Hz.CR6","51185","Young10Hz_hmp"
"TIMESTAMP","RECORD","U","V","W","TSonic","RH","T_HMP60"
"TS","RN","mV","mV","mV","mV","%","Deg C"
"","","Smp","Smp","Smp","Smp","Smp","Smp"
"2020-10-05 23:36:51",5974887,-10,-10,-10,220,-0.001,-40.01
"2020-10-05 23:36:51.1",5974888,-10,-10,-10,220,-0.001,-40.01
"2020-10-05 23:36:51.2",5974889,-10,-10,-10,220,-0.001,-40.01
"2020-10-05 23:36:51.3",5974890,-10,-10,-10,220,-0.001,-40.01
"2020-10-05 23:36:51.4",5974891,-10,-10,-10,220,-0.001,-40.01
"2020-10-05 23:36:51.5",5974892,-10,-10,-10,220,-0.001,-40.01
"2020-10-05 23:36:51.6",5974893,-10,-10,-10,220,-0.001,-40.01
"2020-10-05 23:36:51.7",5974894,-10,-10,-10,220,-0.001,-40.01
"2020-10-05 23:36:51.8",5974895,-10,-10,-10,220,-0.001,-40.01
"2020-10-05 23:36:51.9",5974896,-10,-10,-10,220,-0.001,-40.01
"2020-10-05 23:36:52",5974897,-10,-10,-10,220,-0.001,-40.01
"2020-10-05 23:36:52.1",5974898,-10,-10,-10,220,-0.001,-40.01
"2020-10-05 23:36:52.2",5974899,-10,-10,-10,220,-0.001,-40.01
"2020-10-05 23:36:52.3",5974900,-10,-10,-10,220,-0.001,-40.01
"2020-10-05 23:36:52.4",5974901,-10,-10,-10,220,-0.001,-40.01
"2020-10-05 23:36:52.5",5974902,-10,-10,-10,220,-0.001,-40.01
"2020-10-05 23:36:52.6",5974903,-10,-10,-10,220,-0.001,-40.01
"2020-10-05 23:36:52.7",5974904,-10,-10,-10,220,-0.001,-40.01
"2020-10-05 23:36:52.8",5974905,-10,-10,-10,220,-0.001,-40.01
"2020-10-05 23:36:52.9",5974906,-10,-10,-10,220,-0.001,-40.01
"2020-10-05 23:36:53",5974907,-10,-10,-10,220,-0.001,-40.01
"2020-10-05 23:36:53.1",5974908,-10,-10,-10,220,-0.001,-40.01
"2020-10-05 23:36:53.2",5974909,-10,-10,-10,220,-0.001,-40.01
"2020-10-05 23:36:53.3",5974910,-10,-10,-10,220,-0.001,-40.01
"2020-10-05 23:36:53.4",5974911,-10,-10,-10,220,-0.001,-40.01
"2020-10-05 23:36:53.5",5974912,-10,-10,-10,220,-0.001,-40.01
"2020-10-05 23:36:53.6",5974913,-10,-10,-10,220,-0.001,-40.01
"2020-10-05 23:36:53.7",5974914,-10,-10,-10,220,-0.001,-40.01
"2020-10-05 23:36:53.8",5974915,-10,-10,-10,220,-0.001,-40.01
"2020-10-05 23:36:53.9",5974916,-10,-10,-10,220,-0.001,-40.01
"2020-10-05 23:36:54",5974917,-10,-10,-10,220,-0.001,-40.01
"2020-10-05 23:36:54.1",5974918,-10,-10,-10,220,-0.001,-40.01
"2020-10-05 23:36:54.2",5974919,-10,-10,-10,220,-0.001,-40.01
"2020-10-05 23:36:54.3",5974920,-10,-10,-10,220,-0.001,-40.01
"2020-10-05 23:36:54.4",5974921,-10,-10,-10,220,-0.001,-40.01
"2020-10-05 23:36:54.5",5974922,-10,-10,-10,220,-0.001,-40.01
"2020-10-05 23:36:54.6",5974923,-10,-10,-10,220,-0.001,-40.01
"2020-10-05 23:36:54.7",5974924,-10,-10,-10,220,-0.001,-40.01
"2020-10-05 23:36:54.8",5974925,-10,-10,-10,220,-0.001,-40.01
"2020-10-05 23:36:54.9",5974926,-10,-10,-10,220,-0.001,-40.01
"2020-10-05 23:36:55",5974927,-10,-10,-10,220,-0.001,-40.01
"2020-10-05 23:36:55.1",5974928,-10,-10,-10,220,-0.001,-40.01
"2020-10-05 23:36:55.2",5974929,-10,-10,-10,220,-0.001,-40.01
"2020-10-05 23:36:55.3",5974930,-10,-10,-10,220,-0.001,-40.01
"2020-10-05 23:36:55.4",5974931,-10,-10,-10,220,-0.001,-40.01
"2020-10-05 23:36:55.5",5974932,-10,-10,-10,220,-0.001,-40.01
"2020-10-05 23:36:55.6",5974933,-10,-10,-10,220,-0.001,-40.01
"2020-10-05 23:36:55.7",5974934,-10,-10,-10,220,-0.001,-40.01
"2020-10-05 23:36:55.8",5974935,-10,-10,-10,220,-0.001,-40.01
"2020-10-05 23:36:55.9",5974936,-10,-10,-10,220,-0.001,-40.01
"2020-10-05 23:36:56",5974937,-10,-10,-10,220,-0.001,-40.01
"2020-10-05 23:36:56.1",5974938,-10,-10,-10,220,-0.001,-40.01
"2020-10-05 23:36:56.2",5974939,-10,-10,-10,220,-0.001,-40.01
"2020-10-05 23:36:56.3",5974940,-10,-10,-10,220,-0.001,-40.01
"2020-10-05 23:36:56.4",5974941,-10,-10,-10,220,-0.001,-40.01
"2020-10-05 23:36:56.5",5974942,-10,-10,-10,220,-0.001,-40.01
"2020-10-05 23:36:56.6",5974943,-10,-10,-10,220,-0.001,-40.01
"2020-10-05 23:36:56.7",5974944,-10,-10,-10,220,-0.001,-40.01
"2020-10-05 23:36:56.8",5974945,-10,-10,-10,220,-0.001,-40.01
"2020-10-05 23:36:56.9",5974946,-10,-10,-10,220,-0.001,-40.01
"2020-10-05 23:36:57",5974947,-10,-10,-10,220,-0.001,-40.01
"2020-10-05 23:36:57.1",5974948,-10,-10,-10,220,-0.001,-40.01
"2020-10-05 23:36:57.2",5974949,-10,-10,-10,220,-0.001,-40.01
"2020-10-05 23:36:57.3",5974950,-10,-10,-10,220,-0.001,-40.01
"2020-10-05 23:36:57.4",5974951,-10,-10,-10,220,-0.001,-40.01
"2020-10-05 23:36:57.5",5974952,-10,-10,-10,220,-0.001,-40.01
"2020-10-05 23:36:57.6",5974953,-10,-10,-10,220,-0.001,-40.01
"2020-10-05 23:36:57.7",5974954,-10,-10,-10,220,-0.001,-40.01
"2020-10-05 23:36:57.8",5974955,-10,-10,-10,220,-0.001,-40.01
"2020-10-05 23:36:57.9",5974956,-10,-10,-10,220,-0.001,-40.01
"2020-10-05 23:36:58",5974957,-10,-10,-10,220,-0.001,-40.01
"2020-10-05 23:36:58.1",5974958,-10,-10,-10,220,-0.001,-40.01
"2020-10-05 23:36:58.2",5974959,-10,-10,-10,220,-0.001,-40.01
"2020-10-05 23:36:58.3",5974960,-10,-10,-10,220,-0.001,-40.01
"2020-10-05 23:36:58.4",5974961,-10,-10,-10,220,-0.002,-40.01
"2020-10-05 23:36:58.5",5974962,-10,-10,-10,220,-0.001,-40.01
"2020-10-05 23:36:58.6",5974963,-10,-10,-10,220,-0.002,-40.01
"2020-10-05 23:36:58.7",5974964,-10,-10,-10,220,-0.001,-40.01
"2020-10-05 23:36:58.8",5974965,-10,-10,-10,220,-0.001,-40.01
"2020-10-05 23:36:58.9",5974966,-10,-10,-10,220,-0.001,-40.01
"2020-10-05 23:36:59",5974967,-10,-10,-10,220,-0.001,-40.01
"2020-10-05 23:36:59.1",5974968,-10,-10,-10,220,-0.001,-40.01
"2020-10-05 23:36:59.2",5974969,-10,-10,-10,220,-0.001,-40.01
"2020-10-05 23:36:59.3",5974970,-10,-10,-10,220,-0.001,-40.01
"2020-10-05 23:36:59.4",5974971,-10,-10,-10,220,-0.001,-40.01
"2020-10-05 23:36:59.5",5974972,-10,-10,-10,220,-0.001,-40.01
"2020-10-05 23:36:59.6",5974973,-10,-10,-10,220,-0.001,-40.01
"2020-10-05 23:36:59.7",5974974,-10,-10,-10,220,-0.001,-40.01
"2020-10-05 23:36:59.8",5974975,-10,-10,-10,220,-0.001,-40.01
"2020-10-05 23:36:59.9",5974976,-10,-10,-10,220,-0.001,-40.01
"2020-10-05 23:37:00",5974977,-10,-10,-10,220,-0.001,-40.01
"2020-10-05 23:37:00.1",5974978,-10,-10,-10,220,-0.008,-40.02
"2020-10-05 23:37:00.2",5974979,-10,-10,-10,220,-0.008,-40.02
"2020-10-05 23:37:00.3",5974980,-10,-10,-10,220,-0.001,-40.01
"2020-10-05 23:37:00.4",5974981,-10,-10,-10,220,-0.001,-40.01
"2020-10-05 23:37:00.5",5974982,-10,-10,-10,220,-0.001,-40.01
"2020-10-05 23:37:00.6",5974983,-10,-10,-10,220,-0.002,-40.01
"2020-10-05 23:37:00.7",5974984,-10,-10,-10,220,-0.002,-40.01
"2020-10-05 23:37:00.8",5974985,-10,-10,-10,220,-0.001,-40.01
"2020-10-05 23:37:00.9",5974986,-10,-10,-10,220,-0.001,-40.01
"2020-10-05 23:37:01",5974987,-10,-10,-10,220,-0.001,-40.01
"2020-10-05 23:37:01.1",5974988,-10,-10,-10,220,-0.001,-40.01
"2020-10-05 23:37:01.2",5974989,-10,-10,-10,220,-0.001,-40.01
"2020-10-05 23:37:01.3",5974990,-10,-10,-10,220,-0.001,-40.01
"2020-10-05 23:37:01.4",5974991,-10,-10,-10,220,-0.001,-40.01
"2020-10-05 23:37:01.5",5974992,-10,-10,-10,220,-0.001,-40.01
"2020-10-05 23:37:01.6",5974993,-10,-10,-10,220,-0.001,-40.01
"2020-10-05 23:37:01.7",5974994,-10,-10,-10,220,-0.002,-40.01
"2020-10-05 23:37:01.8",5974995,-10,-10,-10,220,-0.001,-40.01
"2020-10-05 23:37:01.9",5974996,-10,-10,-10,220,-0.002,-40.01
"2020-10-05 23:37:02",5974997,-10,-10,-10,220,-0.001,-40.01
"2020-10-05 23:37:02.1",5974998,-10,-10,-10,220,-0.001,-40.01
"2020-10-05 23:37:02.2",5974999,-10,-10,-10,220,-0.002,-40.01
"2020-10-05 23:37:02.3",5975000,-10,-10,-10,220,-0.001,-40.01
"2020-10-05 23:37:02.4",5975001,-10,-10,-10,220,-0.001,-40.01
"2020-10-05 23:37:02.5",5975002,-10,-10,-10,220,-0.001,-40.01
"2020-10-05 23:37:02.6",5975003,-10,-10,-10,220,-0.001,-40.01
"2020-10-05 23:37:02.7",5975004,-10,-10,-10,220,-0.001,-40.01
"2020-10-05 23:37:02.8",5975005,-10,-10,-10,220,-0.001,-40.01
"2020-10-05 23:37:02.9",5975006,-10,-10,-10,220,-0.001,-40.01
"2020-10-05 23:37:03",5975007,-10,-10,-10,220,-0.001,-40.01
"2020-10-05 23:37:03.1",5975008,-10,-10,-10,220,-0.001,-40.01
"2020-10-05 23:37:03.2",5975009,-10,-10,-10,220,-0.001,-40.01
"2020-10-05 23:37:03.3",5975010,-10,-10,-10,220,-0.001,-40.01
"2020-10-05 23:37:03.4",5975011,-10,-10,-10,220,-0.001,-40.01
"2020-10-05 23:37:03.5",5975012,-10,-10,-10,220,-0.001,-40.01
"2020-10-05 23:37:03.6",5975013,-10,-10,-10,220,-0.001,-40.01
"2020-10-05 23:37:03.7",5975014,-10,-10,-10,220,-0.001,-40.01
"2020-10-05 23:37:03.8",5975015,-10,-10,-10,220,-0.001,-40.01
"2020-10-05 23:37:03.9",5975016,-10,-10,-10,220,-0.001,-40.01
"2020-10-05 23:37:04",5975017,-10,-10,-10,220,-0.001,-40.01
"2020-10-05 23:37:04.1",5975018,-10,-10,-10,220,-0.001,-40.01
"2020-10-05 23:37:04.2",5975019,-10,-10,-10,220,-0.002,-40.01
"2020-10-05 23:37:04.3",5975020,-10,-10,-10,220,-0.001,-40.01
"2020-10-05 23:37:04.4",5975021,-10,-10,-10,220,-0.001,-40.01
"2020-10-05 23:37:04.5",5975022,-10,-10,-10,220,-0.001,-40.01
"2020-10-05 23:37:04.6",5975023,-10,-10,-10,220,-0.001,-40.01
"2020-10-05 23:37:04.7",5975024,-10,-10,-10,220,-0.001,-40.01
"2020-10-05 23:37:04.8",5975025,-10,-10,-10,220,-0.001,-40.01
"2020-10-05 23:37:04.9",5975026,-10,-10,-10,220,-0.001,-40.01
"2020-10-05 23:37:05",5975027,-10,-10,-10,220,-0.001,-40.01
"2020-10-05 23:37:05.1",5975028,-10,-10,-10,220,-0.002,-40.01
"2020-10-05 23:37:05.2",5975029,-10,-10,-10,220,-0.001,-40.01
"2020-10-05 23:37:05.3",5975030,-10,-10,-10,220,-0.001,-40.01
"2020-10-05 23:37:05.4",5975031,-10,-10,-10,220,-0.001,-40.01
"2020-10-05 23:37:05.5",5975032,-10,-10,-10,220,-0.001,-40.01
"2020-10-05 23:37:05.6",5975033,-10,-10,-10,220,-0.001,-40.01
"2020-10-05 23:37:05.7",5975034,-10,-10,-10,220,-0.001,-40.01
"2020-10-05 23:37:05.8",5975035,-10,-10,-10,220,-0.002,-40.01
"2020-10-05 23:37:05.9",5975036,-10,-10,-10,220,-0.001,-40.01
"2020-10-05 23:37:06",5975037,-10,-10,-10,220,-0.001,-40.01
"2020-10-05 23:37:06.1",5975038,-10,-10,-10,220,-0.001,-40.01
"2020-10-05 23:37:06.2",5975039,-10,-10,-10,220,-0.001,-40.01
"2020-10-05 23:37:06.3",5975040,-10,-10,-10,220,-0.002,-40.01
"2020-10-05 23:37:06.4",5975041,-10,-10,-10,220,-0.001,-40.01
"2020-10-05 23:37:06.5",5975042,-10,-10,-10,220,-0.001,-40.01
"2020-10-05 23:37:06.6",5975043,-10,-10,-10,220,-0.001,-40.01
"2020-10-05 23:37:06.7",5975044,-10,-10,-10,220,-0.001,-40.01
"2020-10-05 23:37:06.8",5975045,-10,-10,-10,220,-0.002,-40.01
"2020-10-05 23:37:06.9",5975046,-10,-10,-10,220,-0.001,-40.01
"2020-10-05 23:37:07",5975047,-10,-10,-10,220,-0.001,-40.01
"2020-10-05 23:37:07.1",5975048,-10,-10,-10,220,-0.001,-40.01
"2020-10-05 23:37:07.2",5975049,-10,-10,-10,220,-0.002,-40.01
"2020-10-05 23:37:07.3",5975050,-10,-10,-10,220,-0.002,-40.01
"2020-10-05 23:37:07.4",5975051,-10,-10,-10,220,-0.002,-40.01
"2020-10-05 23:37:07.5",5975052,-10,-10,-10,220,-0.001,-40.01
"2020-10-05 23:37:07.6",5975053,-10,-10,-10,220,-0.001,-40.01
"2020-10-05 23:37:07.7",5975054,-10,-10,-10,220,-0.001,-40.01
"2020-10-05 23:37:07.8",5975055,-10,-10,-10,220,-0.001,-40.01
"2020-10-05 23:37:07.9",5975056,-10,-10,-10,220,-0.001,-40.01
"2020-10-05 23:37:08",5975057,-10,-10,-10,220,-0.001,-40.01
"2020-10-05 23:37:08.1",5975058,-10,-10,-10,220,-0.001,-40.01
"2020-10-05 23:37:08.2",5975059,-10,-10,-10,220,-0.001,-40.01
"2020-10-05 23:37:08.3",5975060,-10,-10,-10,220,-0.001,-40.01
"2020-10-05 23:37:08.4",5975061,-10,-10,-10,220,-0.001,-40.01
"2020-10-05 23:37:08.5",5975062,-10,-10,-10,220,-0.001,-40.01
"2020-10-05 23:37:08.6",5975063,-10,-10,-10,220,-0.001,-40.01
"2020-10-05 23:37:08.7",5975064,-10,-10,-10,220,-0.001,-40.01
"2020-10-05 23:37:08.8",5975065,-10,-10,-10,220,-0.001,-40.01
"2020-10-05 23:37:08.9",5975066,-10,-10,-10,220,-0.001,-40.01
"2020-10-05 23:37:09",5975067,-10,-10,-10,220,-0.001,-40.01
"2020-10-05 23:37:09.1",5975068,-10,-10,-10,220,-0.001,-40.01
"2020-10-05 23:37:09.2",5975069,-10,-10,-10,220,-0.001,-40.01
"2020-10-05 23:37:09.3",5975070,-10,-10,-10,220,-0.001,-40.01
"2020-10-05 23:37:09.4",5975071,-10,-10,-10,220,-0.002,-40.01
"2020-10-05 23:37:09.5",5975072,-10,-10,-10,220,-0.001,-40.01
"2020-10-05 23:37:09.6",5975073,-10,-10,-10,220,-0.001,-40.01
"2020-10-05 23:37:09.7",5975074,-10,-10,-10,220,-0.001,-40.01
"2020-10-05 23:37:09.8",5975075,-10,-10,-10,220,-0.001,-40.01
"2020-10-05 23:37:09.9",5975076,-10,-10,-10,220,-0.001,-40.01
"2020-10-05 23:37:10",5975077,-10,-10,-10,220,-0.001,-40.01
"2020-10-05 23:37:10.1",5975078,-10,-10,-10,220,-0.001,-40.01
"2020-10-05 23:37:10.2",5975079,-10,-10,-10,220,-0.001,-40.01
"2020-10-05 23:37:10.3",5975080,-10,-10,-10,220,-0.001,-40.01
"2020-10-05 23:37:10.4",5975081,-10,-10,-10,220,-0.001,-40.01
"2020-10-05 23:37:10.5",5975082,-10,-10,-10,220,-0.002,-40.01
"2020-10-05 23:37:10.6",5975083,-10,-10,-10,220,-0.001,-40.01
"2020-10-05 23:37:10.7",5975084,-10,-10,-10,220,-0.001,-40.01
"2020-10-05 23:37:10.8",5975085,-10,-10,-10,220,-0.001,-40.01
"2020-10-05 23:37:10.9",5975086,-10,-10,-10,220,-0.001,-40.01
"2020-10-05 23:37:11",5975087,-10,-10,-10,220,-0.001,-40.01
"2020-10-05 23:37:11.1",5975088,-10,-10,-10,220,-0.001,-40.01
"2020-10-05 23:37:11.2",5975089,-10,-10,-10,220,-0.001,-40.01
"2020-10-05 23:37:11.3",5975090,-10,-10,-10,220,-0.001,-40.01
"2020-10-05 23:37:11.4",5975091,-10,-10,-10,220,-0.001,-40.01
"2020-10-05 23:37:11.5",5975092,-10,-10,-10,220,-0.001,-40.01
"2020-10-05 23:37:11.6",5975093,-10,-10,-10,220,-0.001,-40.01
"2020-10-05 23:37:11.7",5975094,-10,-10,-10,220,-0.001,-40.01
"2020-10-05 23:37:11.8",5975095,-10,-10,-10,220,-0.002,-40.01
"2020-10-05 23:37:11.9",5975096,-10,-10,-10,220,-0.002,-40.01
"2020-10-05 23:37:12",5975097,-10,-10,-10,220,-0.001,-40.01
"2020-10-05 23:37:12.1",5975098,-10,-10,-10,220,-0.001,-40.01
"2020-10-05 23:37:12.2",5975099,-10,-10,-10,220,-0.001,-40.01
"2020-10-05 23:37:12.3",5975100,-10,-10,-10,220,-0.001,-40.01
"2020-10-05 23:37:12.4",5975101,-10,-10,-10,220,-0.001,-40.01
"2020-10-05 23:37:12.5",5975102,-10,-10,-10,220,-0.001,-40.01
"2020-10-05 23:37:12.6",5975103,-10,-10,-10,220,-0.001,-40.01
"2020-10-05 23:37:12.7",5975104,-10,-10,-10,220,-0.001,-40.01
"2020-10-05 23:37:12.8",5975105,-10,-10,-10,220,-0.001,-40.01
"2020-10-05 23:37:12.9",5975106,-10,-10,-10,220,-0.002,-40.01
"2020-10-05 23:37:13",5975107,-10,-10,-10,220,-0.001,-40.01
"2020-10-05 23:37:13.1",5975108,-10,-10,-10,220,-0.002,-40.01
"2020-10-05 23:37:13.2",5975109,-10,-10,-10,220,-0.001,-40.01
"2020-10-05 23:37:13.3",5975110,-10,-10,-10,220,-0.001,-40.01
"2020-10-05 23:37:13.4",5975111,-10,-10,-10,220,-0.001,-40.01
"2020-10-05 23:37:13.5",5975112,-10,-10,-10,220,-0.001,-40.01
"2020-10-05 23:37:13.6",5975113,-10,-10,-10,220,-0.001,-40.01
"2020-10-05 23:37:13.7",5975114,-10,-10,-10,220,-0.001,-40.01
"2020-10-05 23:37:13.8",5975115,-10,-10,-10,220,-0.001,-40.01
"2020-10-05 23:37:13.9",5975116,-10,-10,-10,220,-0.001,-40.01
"2020-10-05 23:37:14",5975117,-10,-10,-10,220,-0.001,-40.01
"2020-10-05 23:37:14.1",5975118,-10,-10,-10,220,-0.001,-40.01
"2020-10-05 23:37:14.2",5975119,-10,-10,-10,220,-0.001,-40.01
"2020-10-05 23:37:14.3",5975120,-10,-10,-10,220,-0.001,-40.01
"2020-10-05 23:37:14.4",5975121,-10,-10,-10,220,-0.001,-40.01
"2020-10-05 23:37:14.5",5975122,-10,-10,-10,220,-0.001,-40.01
"2020-10-05 23:37:14.6",5975123,-10,-10,-10,220,-0.001,-40.01
"2020-10-05 23:37:14.7",5975124,-10,-10,-10,220,-0.001,-40.01
"2020-10-05 23:37:14.8",5975125,-10,-10,-10,220,-0.001,-40.01
"2020-10-05 23:37:14.9",5975126,-10,-10,-10,220,-0.001,-40.01
"2020-10-05 23:37:15",5975127,-10,-10,-10,220,-0.001,-40.01
"2020-10-05 23:37:15.1",5975128,-10,-10,-10,220,-0.001,-40.01
"2020-10-05 23:37:15.2",5975129,-10,-10,-10,220,-0.001,-40.01
"2020-10-05 23:37:15.3",5975130,-10,-10,-10,220,-0.001,-40.01
"2020-10-05 23:37:15.4",5975131,-10,-10,-10,220,-0.001,-40.01
"2020-10-05 23:37:15.5",5975132,-10,-10,-10,220,-0.001,-40.01
"2020-10-05 23:37:15.6",5975133,-10,-10,-10,220,-0.001,-40.01
"2020-10-05 23:37:15.7",5975134,-10,-10,-10,220,-0.001,-40.01
"2020-10-05 23:37:15.8",5975135,-10,-10,-10,220,-0.002,-40.01
"2020-10-05 23:37:15.9",5975136,-10,-10,-10,220,-0.001,-40.01
"2020-10-05 23:37:16",5975137,-10,-10,-10,220,-0.002,-40.01
"2020-10-05 23:37:16.1",5975138,-10,-10,-10,220,-0.001,-40.01
"2020-10-05 23:37:16.2",5975139,-10,-10,-10,220,-0.001,-40.01
"2020-10-05 23:37:16.3",5975140,-10,-10,-10,220,-0.001,-40.01
"2020-10-05 23:37:16.4",5975141,-10,-10,-10,220,-0.001,-40.01
"2020-10-05 23:37:16.5",5975142,-10,-10,-10,220,-0.001,-40.01
"2020-10-05 23:37:16.6",5975143,-10,-10,-10,220,-0.001,-40.01
"2020-10-05 23:37:16.7",5975144,-10,-10,-10,220,-0.001,-40.01
"2020-10-05 23:37:16.8",5975145,-10,-10,-10,220,-0.001,-40.01
"2020-10-05 23:37:16.9",5975146,-10,-10,-10,220,-0.001,-40.01
"2020-10-05 23:37:17",5975147,-10,-10,-10,220,-0.001,-40.01
"2020-10-05 23:37:17.1",5975148,-10,-10,-10,220,-0.001,-40.01
"2020-10-05 23:37:17.2",5975149,-10,-10,-10,220,-0.001,-40.01
"2020-10-05 23:37:17.3",5975150,-10,-10,-10,220,-0.001,-40.01
"2020-10-05 23:37:17.4",5975151,-10,-10,-10,220,-0.001,-40.01
"2020-10-05 23:37:17.5",5975152,-10,-10,-10,220,-0.001,-40.01
"2020-10-05 23:37:17.6",5975153,-10,-10,-10,220,-0.001,-40.01
"2020-10-05 23:37:17.7",5975154,-10,-10,-10,220,-0.002,-40.01
"2020-10-05 23:37:17.8",5975155,-10,-10,-10,220,-0.001,-40.01
"2020-10-05 23:37:17.9",5975156,-10,-10,-10,220,-0.001,-40.01
"2020-10-05 23:37:18",5975157,-10,-10,-10,220,-0.001,-40.01
"2020-10-05 23:37:18.1",5975158,-10,-10,-10,220,-0.001,-40.01
"2020-10-05 23:37:18.2",5975159,-10,-10,-10,220,-0.001,-40.01
"2020-10-05 23:37:18.3",5975160,-10,-10,-10,220,-0.002,-40.01
"2020-10-05 23:37:18.4",5975161,-10,-10,-10,220,-0.001,-40.01
"2020-10-05 23:37:18.5",5975162,-10,-10,-10,220,-0.001,-40.01
"2020-10-05 23:37:18.6",5975163,-10,-10,-10,220,-0.001,-40.01
"2020-10-05 23:37:18.7",5975164,-10,-10,-10,220,-0.001,-40.01
"2020-10-05 23:37:18.8",5975165,-10,-10,-10,220,-0.001,-40.01
"2020-10-05 23:37:18.9",5975166,-10,-10,-10,220,-0.001,-40.01
"2020-10-05 23:37:19",5975167,-10,-10,-10,220,-0.002,-40.01
"2020-10-05 23:37:19.1",5975168,-10,-10,-10,220,-0.001,-40.01
"2020-10-05 23:37:19.2",5975169,-10,-10,-10,220,-0.001,-40.01
"2020-10-05 23:37:19.3",5975170,-10,-10,-10,220,-0.001,-40.01
"2020-10-05 23:37:19.4",5975171,-10,-10,-10,220,-0.001,-40.01
"2020-10-05 23:37:19.5",5975172,-10,-10,-10,220,-0.001,-40.01
"2020-10-05 23:37:19.6",5975173,-10,-10,-10,220,-0.001,-40.01
"2020-10-05 23:37:19.7",5975174,-10,-10,-10,220,-0.002,-40.01
"2020-10-05 23:37:19.8",5975175,-10,-10,-10,220,-0.001,-40.01
"2020-10-05 23:37:19.9",5975176,-10,-10,-10,220,-0.001,-40.01
"2020-10-05 23:37:20",5975177,-10,-10,-10,220,-0.002,-40.01
"2020-10-05 23:37:20.1",5975178,-10,-10,-10,220,-0.001,-40.01
"2020-10-05 23:37:20.2",5975179,-10,-10,-10,220,-0.001,-40.01
"2020-10-05 23:37:20.3",5975180,-10,-10,-10,220,-0.001,-40.01
"2020-10-05 23:37:20.4",5975181,-10,-10,-10,220,-0.001,-40.01
"2020-10-05 23:37:20.5",5975182,-10,-10,-10,220,-0.001,-40.01
"2020-10-05 23:37:20.6",5975183,-10,-10,-10,220,-0.001,-40.01
"2020-10-05 23:37:20.7",5975184,-10,-10,-10,220,-0.001,-40.01
"2020-10-05 23:37:20.8",5975185,-10,-10,-10,220,-0.001,-40.01
"2020-10-05 23:37:20.9",5975186,-10,-10,-10,220,-0.001,-40.01
"2020-10-05 23:37:21",5975187,-10,-10,-10,220,-0.001,-40.01
"2020-10-05 23:37:21.1",5975188,-10,-10,-10,220,-0.001,-40.01
"2020-10-05 23:37:21.2",5975189,-10,-10,-10,220,-0.001,-40.01
"2020-10-05 23:37:21.3",5975190,-10,-10,-10,220,-0.002,-40.01
"2020-10-05 23:37:21.4",5975191,-10,-10,-10,220,-0.001,-40.01
"2020-10-05 23:37:21.5",5975192,-10,-10,-10,220,-0.001,-40.01
"2020-10-05 23:37:21.6",5975193,-10,-10,-10,220,-0.001,-40.01
"2020-10-05 23:37:21.7",5975194,-10,-10,-10,220,-0.001,-40.01
"2020-10-05 23:37:21.8",5975195,-10,-10,-10,220,-0.001,-40.01
"2020-10-05 23:37:21.9",5975196,-10,-10,-10,220,-0.001,-40.01
"2020-10-05 23:37:22",5975197,-10,-10,-10,220,-0.001,-40.01
"2020-10-05 23:37:22.1",5975198,-10,-10,-10,220,-0.002,-40.01
"2020-10-05 23:37:22.2",5975199,-10,-10,-10,220,-0.001,-40.01
"2020-10-05 23:37:22.3",5975200,-10,-10,-10,220,-0.001,-40.01
"2020-10-05 23:37:22.4",5975201,-10,-10,-10,220,-0.001,-40.01
"2020-10-05 23:37:22.5",5975202,-10,-10,-10,220,-0.002,-40.01
"2020-10-05 23:37:22.6",5975203,-10,-10,-10,220,-0.001,-40.01
"2020-10-05 23:37:22.7",5975204,-10,-10,-10,220,-0.001,-40.01
"2020-10-05 23:37:22.8",5975205,-10,-10,-10,220,-0.001,-40.01
"2020-10-05 23:37:22.9",5975206,-10,-10,-10,220,-0.001,-40.01
"2020-10-05 23:37:23",5975207,-10,-10,-10,220,-0.002,-40.01
"2020-10-05 23:37:23.1",5975208,-10,-10,-10,220,-0.001,-40.01
"2020-10-05 23:37:23.2",5975209,-10,-10,-10,220,-0.001,-40.01
"2020-10-05 23:37:23.3",5975210,-10,-10,-10,220,-0.001,-40.01
"2020-10-05 23:37:23.4",5975211,-10,-10,-10,220,-0.001,-40.01
"2020-10-05 23:37:23.5",5975212,-10,-10,-10,220,-0.001,-40.01
"2020-10-05 23:37:23.6",5975213,-10,-10,-10,220,-0.001,-40.01
"2020-10-05 23:37:23.7",5975214,-10,-10,-10,220,-0.001,-40.01
"2020-10-05 23:37:23.8",5975215,-10,-10,-10,220,-0.001,-40.01
"2020-10-05 23:37:23.9",5975216,-10,-10,-10,220,-0.001,-40.01
"2020-10-05 23:37:24",5975217,-10,-10,-10,220,-0.001,-40.01
"2020-10-05 23:37:24.1",5975218,-10,-10,-10,220,-0.001,-40.01
"2020-10-05 23:37:24.2",5975219,-10,-10,-10,220,-0.001,-40.01
"2020-10-05 23:37:24.3",5975220,-10,-10,-10,220,-0.001,-40.01
"2020-10-05 23:37:24.4",5975221,-10,-10,-10,220,-0.001,-40.01
"2020-10-05 23:37:24.5",5975222,-10,-10,-10,220,-0.002,-40.01
"2020-10-05 23:37:24.6",5975223,-10,-10,-10,220,-0.001,-40.01
"2020-10-05 23:37:24.7",5975224,-10,-10,-10,220,-0.001,-40.01
"2020-10-05 23:37:24.8",5975225,-10,-10,-10,220,-0.001,-40.01
"2020-10-05 23:37:24.9",5975226,-10,-10,-10,220,-0.001,-40.01
"2020-10-05 23:37:25",5975227,-10,-10,-10,220,-0.001,-40.01
"2020-10-05 23:37:25.1",5975228,-10,-10,-10,220,-0.001,-40.01
"2020-10-05 23:37:25.2",5975229,-10,-10,-10,220,-0.002,-40.01
"2020-10-05 23:37:25.3",5975230,-10,-10,-10,220,-0.001,-40.01
"2020-10-05 23:37:25.4",5975231,-10,-10,-10,220,-0.001,-40.01
"2020-10-05 23:37:25.5",5975232,-10,-10,-10,220,-0.001,-40.01
"2020-10-05 23:37:25.6",5975233,-10,-10,-10,220,-0.001,-40.01
"2020-10-05 23:37:25.7",5975234,-10,-10,-10,220,-0.001,-40.01
"2020-10-05 23:37:25.8",5975235,-10,-10,-10,220,-0.001,-40.01
"2020-10-05 23:37:25.9",5975236,-10,-10,-10,220,-0.001,-40.01
"2020-10-05 23:37:26",5975237,-10,-10,-10,220,-0.001,-40.01
"2020-10-05 23:37:26.1",5975238,-10,-10,-10,220,-0.001,-40.01
"2020-10-05 23:37:26.2",5975239,-10,-10,-10,220,-0.002,-40.01
"2020-10-05 23:37:26.3",5975240,-10,-10,-10,220,-0.001,-40.01
"2020-10-05 23:37:26.4",5975241,-10,-10,-10,220,-0.001,-40.01
"2020-10-05 23:37:26.5",5975242,-10,-10,-10,220,-0.001,-40.01
"2020-10-05 23:37:26.6",5975243,-10,-10,-10,220,-0.001,-40.01
"2020-10-05 23:37:26.7",5975244,-10,-10,-10,220,-0.001,-40.01
"2020-10-05 23:37:26.8",5975245,-10,-10,-10,220,-0.001,-40.01
"2020-10-05 23:37:26.9",5975246,-10,-10,-10,220,-0.002,-40.01
"2020-10-05 23:37:27",5975247,-10,-10,-10,220,-0.001,-40.01
"2020-10-05 23:37:27.1",5975248,-10,-10,-10,220,-0.001,-40.01
"2020-10-05 23:37:27.2",5975249,-10,-10,-10,220,-0.001,-40.01
"2020-10-05 23:37:27.3",5975250,-10,-10,-10,220,-0.001,-40.01
"2020-10-05 23:37:27.4",5975251,-10,-10,-10,220,-0.001,-40.01
"2020-10-05 23:37:27.5",5975252,-10,-10,-10,220,-0.001,-40.01
"2020-10-05 23:37:27.6",5975253,-10,-10,-10,220,-0.001,-40.01
"2020-10-05 23:37:27.7",5975254,-10,-10,-10,220,-0.001,-40.01
"2020-10-05 23:37:27.8",5975255,-10,-10,-10,220,-0.001,-40.01
"2020-10-05 23:37:27.9",5975256,-10,-10,-10,220,-0.002,-40.01
"2020-10-05 23:37:28",5975257,-10,-10,-10,220,-0.001,-40.01
"2020-10-05 23:37:28.1",5975258,-10,-10,-10,220,-0.002,-40.01
"2020-10-05 23:37:28.2",5975259,-10,-10,-10,220,-0.001,-40.01
"2020-10-05 23:37:28.3",5975260,-10,-10,-10,220,-0.001,-40.01
"2020-10-05 23:37:28.4",5975261,-10,-10,-10,220,-0.001,-40.01
"2020-10-05 23:37:28.5",5975262,-10,-10,-10,220,-0.001,-40.01
"2020-10-05 23:37:28.6",5975263,-10,-10,-10,220,-0.001,-40.01
"2020-10-05 23:37:28.7",5975264,-10,-10,-10,220,-0.001,-40.01
"2020-10-05 23:37:28.8",5975265,-10,-10,-10,220,-0.001,-40.01
"2020-10-05 23:37:28.9",5975266,-10,-10,-10,220,-0.002,-40.01
"2020-10-05 23:37:29",5975267,-10,-10,-10,220,-0.001,-40.01
"2020-10-05 23:37:29.1",5975268,-10,-10,-10,220,-0.001,-40.01
"2020-10-05 23:37:29.2",5975269,-10,-10,-10,220,-0.002,-40.01
"2020-10-05 23:37:29.3",5975270,-10,-10,-10,220,-0.001,-40.01
"2020-10-05 23:37:29.4",5975271,-10,-10,-10,220,-0.002,-40.01
"2020-10-05 23:37:29.5",5975272,-10,-10,-10,220,-0.001,-40.01
"2020-10-05 23:37:29.6",5975273,-10,-10,-10,220,-0.001,-40.01
"2020-10-05 23:37:29.7",5975274,-10,-10,-10,220,-0.001,-40.01
"2020-10-05 23:37:29.8",5975275,-10,-10,-10,220,-0.001,-40.01
"2020-10-05 23:37:29.9",5975276,-10,-10,-10,220,-0.001,-40.01
"2020-10-05 23:37:30",5975277,-10,-10,-10,220,-0.001,-40.01
"2020-10-05 23:37:30.1",5975278,-10,-10,-10,220,-0.001,-40.01
"2020-10-05 23:37:30.2",5975279,-10,-10,-10,220,-0.002,-40.01
"2020-10-05 23:37:30.3",5975280,-10,-10,-10,220,-0.001,-40.01
"2020-10-05 23:37:30.4",5975281,-10,-10,-10,220,-0.001,-40.01
"2020-10-05 23:37:30.5",5975282,-10,-10,-10,220,-0.002,-40.01
"2020-10-05 23:37:30.6",5975283,-10,-10,-10,220,-0.001,-40.01
"2020-10-05 23:37:30.7",5975284,-10,-10,-10,220,-0.001,-40.01
"2020-10-05 23:37:30.8",5975285,-10,-10,-10,220,-0.001,-40.01
"2020-10-05 23:37:30.9",5975286,-10,-10,-10,220,-0.001,-40.01
"2020-10-05 23:37:31",5975287,-10,-10,-10,220,-0.001,-40.01
"2020-10-05 23:37:31.1",5975288,-10,-10,-10,220,-0.001,-40.01
"2020-10-05 23:37:31.2",5975289,-10,-10,-10,220,-0.001,-40.01
"2020-10-05 23:37:31.3",5975290,-10,-10,-10,220,-0.001,-40.01
"2020-10-05 23:37:31.4",5975291,-10,-10,-10,220,-0.001,-40.01
"2020-10-05 23:37:31.5",5975292,-10,-10,-10,220,-0.001,-40.01
"2020-10-05 23:37:31.6",5975293,-10,-10,-10,220,-0.001,-40.01
"2020-10-05 23:37:31.7",5975294,-10,-10,-10,220,-0.001,-40.01
"2020-10-05 23:37:31.8",5975295,-10,-10,-10,220,-0.001,-40.01
"2020-10-05 23:37:31.9",5975296,-10,-10,-10,220,-0.001,-40.01
"2020-10-05 23:37:32",5975297,-10,-10,-10,220,-0.001,-40.01
"2020-10-05 23:37:32.1",5975298,-10,-10,-10,220,-0.001,-40.01
"2020-10-05 23:37:32.2",5975299,-10,-10,-10,220,-0.001,-40.01
"2020-10-05 23:37:32.3",5975300,-10,-10,-10,220,-0.001,-40.01
"2020-10-05 23:37:32.4",5975301,-10,-10,-10,220,-0.001,-40.01
"2020-10-05 23:37:32.5",5975302,-10,-10,-10,220,-0.001,-40.01
"2020-10-05 23:37:32.6",5975303,-10,-10,-10,220,-0.001,-40.01
"2020-10-05 23:37:32.7",5975304,-10,-10,-10,220,-0.001,-40.01
"2020-10-05 23:37:32.8",5975305,-10,-10,-10,220,-0.001,-40.01
"2020-10-05 23:37:32.9",5975306,-10,-10,-10,220,-0.001,-40.01
"2020-10-05 23:37:33",5975307,-10,-10,-10,220,-0.001,-40.01
"2020-10-05 23:37:33.1",5975308,-10,-10,-10,220,-0.001,-40.01
"2020-10-05 23:37:33.2",5975309,-10,-10,-10,220,-0.001,-40.01
"2020-10-05 23:37:33.3",5975310,-10,-10,-10,220,-0.001,-40.01
"2020-10-05 23:37:33.4",5975311,-10,-10,-10,220,-0.001,-40.01
"2020-10-05 23:37:33.5",5975312,-10,-10,-10,220,-0.001,-40.01
"2020-10-05 23:37:33.6",5975313,-10,-10,-10,220,-0.001,-40.01
"2020-10-05 23:37:33.7",5975314,-10,-10,-10,220,-0.001,-40.01
"2020-10-05 23:37:33.8",5975315,-10,-10,-10,220,-0.002,-40.01
"2020-10-05 23:37:33.9",5975316,-10,-10,-10,220,-0.002,-40.01
"2020-10-05 23:37:34",5975317,-10,-10,-10,220,-0.001,-40.01
"2020-10-05 23:37:34.1",5975318,-10,-10,-10,220,-0.001,-40.01
"2020-10-05 23:37:34.2",5975319,-10,-10,-10,220,-0.001,-40.01
"2020-10-05 23:37:34.3",5975320,-10,-10,-10,220,-0.001,-40.01
"2020-10-05 23:37:34.4",5975321,-10,-10,-10,220,-0.002,-40.01
"2020-10-05 23:37:34.5",5975322,-10,-10,-10,220,-0.001,-40.01
"2020-10-05 23:37:34.6",5975323,-10,-10,-10,220,-0.001,-40.01
"2020-10-05 23:37:34.7",5975324,-10,-10,-10,220,-0.002,-40.01
"2020-10-05 23:37:34.8",5975325,-10,-10,-10,220,-0.001,-40.01
"2020-10-05 23:37:34.9",5975326,-10,-10,-10,220,-0.001,-40.01
"2020-10-05 23:37:35",5975327,-10,-10,-10,220,-0.001,-40.01
"2020-10-05 23:37:35.1",5975328,-10,-10,-10,220,-0.001,-40.01
"2020-10-05 23:37:35.2",5975329,-10,-10,-10,220,-0.001,-40.01
"2020-10-05 23:37:35.3",5975330,-10,-10,-10,220,-0.001,-40.01
"2020-10-05 23:37:35.4",5975331,-10,-10,-10,220,-0.001,-40.01
"2020-10-05 23:37:35.5",5975332,-10,-10,-10,220,-0.001,-40.01
"2020-10-05 23:37:35.6",5975333,-10,-10,-10,220,-0.001,-40.01
"2020-10-05 23:37:35.7",5975334,-10,-10,-10,220,-0.001,-40.01
"2020-10-05 23:37:35.8",5975335,-10,-10,-10,220,-0.001,-40.01
"2020-10-05 23:37:35.9",5975336,-10,-10,-10,220,-0.001,-40.01
"2020-10-05 23:37:36",5975337,-10,-10,-10,220,-0.002,-40.01
"2020-10-05 23:37:36.1",5975338,-10,-10,-10,220,-0.001,-40.01
"2020-10-05 23:37:36.2",5975339,-10,-10,-10,220,-0.001,-40.01
"2020-10-05 23:37:36.3",5975340,-10,-10,-10,220,-0.001,-40.01
"2020-10-05 23:37:36.4",5975341,-10,-10,-10,220,-0.001,-40.01
"2020-10-05 23:37:36.5",5975342,-10,-10,-10,220,-0.002,-40.01
"2020-10-05 23:37:36.6",5975343,-10,-10,-10,220,-0.001,-40.01
"2020-10-05 23:37:36.7",5975344,-10,-10,-10,220,-0.001,-40.01
"2020-10-05 23:37:36.8",5975345,-10,-10,-10,220,-0.001,-40.01
"2020-10-05 23:37:36.9",5975346,-10,-10,-10,220,-0.001,-40.01
"2020-10-05 23:37:37",5975347,-10,-10,-10,220,-0.001,-40.01
"2020-10-05 23:37:37.1",5975348,-10,-10,-10,220,-0.001,-40.01
"2020-10-05 23:37:37.2",5975349,-10,-10,-10,220,-0.001,-40.01
"2020-10-05 23:37:37.3",5975350,-10,-10,-10,220,-0.001,-40.01
"2020-10-05 23:37:37.4",5975351,-10,-10,-10,220,-0.001,-40.01
"2020-10-05 23:37:37.5",5975352,-10,-10,-10,220,-0.001,-40.01
"2020-10-05 23:37:37.6",5975353,-10,-10,-10,220,-0.001,-40.01
"2020-10-05 23:37:37.7",5975354,-10,-10,-10,220,-0.001,-40.01
"2020-10-05 23:37:37.8",5975355,-10,-10,-10,220,-0.001,-40.01
"2020-10-05 23:37:37.9",5975356,-10,-10,-10,220,-0.001,-40.01
"2020-10-05 23:37:38",5975357,-10,-10,-10,220,-0.001,-40.01
"2020-10-05 23:37:38.1",5975358,-10,-10,-10,220,-0.001,-40.01
"2020-10-05 23:37:38.2",5975359,-10,-10,-10,220,-0.001,-40.01
"2020-10-05 23:37:38.3",5975360,-10,-10,-10,220,-0.001,-40.01
"2020-10-05 23:37:38.4",5975361,-10,-10,-10,220,-0.002,-40.01
"2020-10-05 23:37:38.5",5975362,-10,-10,-10,220,-0.001,-40.01
"2020-10-05 23:37:38.6",5975363,-10,-10,-10,220,-0.001,-40.01
"2020-10-05 23:37:38.7",5975364,-10,-10,-10,220,-0.001,-40.01
"2020-10-05 23:37:38.8",5975365,-10,-10,-10,220,-0.002,-40.01
"2020-10-05 23:37:38.9",5975366,-10,-10,-10,220,-0.001,-40.01
"2020-10-05 23:37:39",5975367,-10,-10,-10,220,-0.001,-40.01
"2020-10-05 23:37:39.1",5975368,-10,-10,-10,220,-0.001,-40.01
"2020-10-05 23:37:39.2",5975369,-10,-10,-10,220,-0.001,-40.01
"2020-10-05 23:37:39.3",5975370,-10,-10,-10,220,-0.001,-40.01
"2020-10-05 23:37:39.4",5975371,-10,-10,-10,220,-0.001,-40.01
"2020-10-05 23:37:39.5",5975372,-10,-10,-10,220,-0.001,-40.01
"2020-10-05 23:37:39.6",5975373,-10,-10,-10,220,-0.001,-40.01
"2020-10-05 23:37:39.7",5975374,-10,-10,-10,220,-0.001,-40.01
"2020-10-05 23:37:39.8",5975375,-10,-10,-10,220,-0.001,-40.01
"2020-10-05 23:37:39.9",5975376,-10,-10,-10,220,-0.001,-40.01
"2020-10-05 23:37:40",5975377,-10,-10,-10,220,-0.001,-40.01
"2020-10-05 23:37:40.1",5975378,-10,-10,-10,220,-0.001,-40.01
"2020-10-05 23:37:40.2",5975379,-10,-10,-10,220,-0.001,-40.01
"2020-10-05 23:37:40.3",5975380,-10,-10,-10,220,-0.001,-40.01
"2020-10-05 23:37:40.4",5975381,-10,-10,-10,220,-0.002,-40.01
"2020-10-05 23:37:40.5",5975382,-10,-10,-10,220,-0.001,-40.01
"2020-10-05 23:37:40.6",5975383,-10,-10,-10,220,-0.001,-40.01
"2020-10-05 23:37:40.7",5975384,-10,-10,-10,220,-0.001,-40.01
"2020-10-05 23:37:40.8",5975385,-10,-10,-10,220,-0.001,-40.01
"2020-10-05 23:37:40.9",5975386,-10,-10,-10,220,-0.001,-40.01
"2020-10-05 23:37:41",5975387,-10,-10,-10,220,-0.001,-40.01
"2020-10-05 23:37:41.1",5975388,-10,-10,-10,220,-0.001,-40.01
"2020-10-05 23:37:41.2",5975389,-10,-10,-10,220,-0.001,-40.01
"2020-10-05 23:37:41.3",5975390,-10,-10,-10,220,-0.001,-40.01
"2020-10-05 23:37:41.4",5975391,-10,-10,-10,220,-0.001,-40.01
"2020-10-05 23:37:41.5",5975392,-10,-10,-10,220,-0.002,-40.01
"2020-10-05 23:37:41.6",5975393,-10,-10,-10,220,-0.001,-40.01
"2020-10-05 23:37:41.7",5975394,-10,-10,-10,220,-0.001,-40.01
"2020-10-05 23:37:41.8",5975395,-10,-10,-10,220,-0.001,-40.01
"2020-10-05 23:37:41.9",5975396,-10,-10,-10,220,-0.001,-40.01
"2020-10-05 23:37:42",5975397,-10,-10,-10,220,-0.001,-40.01
"2020-10-05 23:37:42.1",5975398,-10,-10,-10,220,-0.001,-40.01
"2020-10-05 23:37:42.2",5975399,-10,-10,-10,220,-0.001,-40.01
"2020-10-05 23:37:42.3",5975400,-10,-10,-10,220,-0.001,-40.01
"2020-10-05 23:37:42.4",5975401,-10,-10,-10,220,-0.001,-40.01
"2020-10-05 23:37:42.5",5975402,-10,-10,-10,220,-0.001,-40.01
"2020-10-05 23:37:42.6",5975403,-10,-10,-10,220,-0.001,-40.01
"2020-10-05 23:37:42.7",5975404,-10,-10,-10,220,-0.001,-40.01
"2020-10-05 23:37:42.8",5975405,-10,-10,-10,220,-0.001,-40.01
"2020-10-05 23:37:42.9",5975406,-10,-10,-10,220,-0.001,-40.01
"2020-10-05 23:37:43",5975407,-10,-10,-10,220,-0.001,-40.01
"2020-10-05 23:37:43.1",5975408,-10,-10,-10,220,-0.001,-40.01
"2020-10-05 23:37:43.2",5975409,-10,-10,-10,220,-0.001,-40.01
"2020-10-05 23:37:43.3",5975410,-10,-10,-10,220,-0.001,-40.01
"2020-10-05 23:37:43.4",5975411,-10,-10,-10,220,-0.002,-40.01
"2020-10-05 23:37:43.5",5975412,-10,-10,-10,220,-0.001,-40.01
"2020-10-05 23:37:43.6",5975413,-10,-10,-10,220,-0.002,-40.01
"2020-10-05 23:37:43.7",5975414,-10,-10,-10,220,-0.001,-40.01
"2020-10-05 23:37:43.8",5975415,-10,-10,-10,220,-0.002,-40.01
"2020-10-05 23:37:43.9",5975416,-10,-10,-10,220,-0.001,-40.01
"2020-10-05 23:37:44",5975417,-10,-10,-10,220,-0.002,-40.01
"2020-10-05 23:37:44.1",5975418,-10,-10,-10,220,-0.001,-40.01
"2020-10-05 23:37:44.2",5975419,-10,-10,-10,220,-0.001,-40.01
"2020-10-05 23:37:44.3",5975420,-10,-10,-10,220,-0.001,-40.01
"2020-10-05 23:37:44.4",5975421,-10,-10,-10,220,-0.001,-40.01
"2020-10-05 23:37:44.5",5975422,-10,-10,-10,220,-0.001,-40.01
"2020-10-05 23:37:44.6",5975423,-10,-10,-10,220,-0.001,-40.01
"2020-10-05 23:37:44.7",5975424,-10,-10,-10,220,-0.001,-40.01
"2020-10-05 23:37:44.8",5975425,-10,-10,-10,220,-0.001,-40.01
"2020-10-05 23:37:44.9",5975426,-10,-10,-10,220,-0.001,-40.01
"2020-10-05 23:37:45",5975427,-10,-10,-10,220,-0.001,-40.01
"2020-10-05 23:37:45.1",5975428,-10,-10,-10,220,-0.001,-40.01
"2020-10-05 23:37:45.2",5975429,-10,-10,-10,220,-0.001,-40.01
"2020-10-05 23:37:45.3",5975430,-10,-10,-10,220,-0.001,-40.01
"2020-10-05 23:37:45.4",5975431,-10,-10,-10,220,-0.001,-40.01
"2020-10-05 23:37:45.5",5975432,-10,-10,-10,220,-0.001,-40.01
"2020-10-05 23:37:45.6",5975433,-10,-10,-10,220,-0.002,-40.01
"2020-10-05 23:37:45.7",5975434,-10,-10,-10,220,-0.001,-40.01
"2020-10-05 23:37:45.8",5975435,-10,-10,-10,220,-0.001,-40.01
"2020-10-05 23:37:45.9",5975436,-10,-10,-10,220,-0.001,-40.01
"2020-10-05 23:37:46",5975437,-10,-10,-10,220,-0.001,-40.01
"2020-10-05 23:37:46.1",5975438,-10,-10,-10,220,-0.001,-40.01
"2020-10-05 23:37:46.2",5975439,-10,-10,-10,220,-0.001,-40.01
"2020-10-05 23:37:46.3",5975440,-10,-10,-10,220,-0.001,-40.01
"2020-10-05 23:37:46.4",5975441,-10,-10,-10,220,-0.001,-40.01
"2020-10-05 23:37:46.5",5975442,-10,-10,-10,220,-0.001,-40.01
"2020-10-05 23:37:46.6",5975443,-10,-10,-10,220,-0.001,-40.01
"2020-10-05 23:37:46.7",5975444,-10,-10,-10,220,-0.001,-40.01
"2020-10-05 23:37:46.8",5975445,-10,-10,-10,220,-0.001,-40.01
"2020-10-05 23:37:46.9",5975446,-10,-10,-10,220,-0.001,-40.01
"2020-10-05 23:37:47",5975447,-10,-10,-10,220,-0.001,-40.01
"2020-10-05 23:37:47.1",5975448,-10,-10,-10,220,-0.001,-40.01
"2020-10-05 23:37:47.2",5975449,-10,-10,-10,220,-0.001,-40.01
"2020-10-05 23:37:47.3",5975450,-10,-10,-10,220,-0.001,-40.01
"2020-10-05 23:37:47.4",5975451,-10,-10,-10,220,-0.001,-40.01
"2020-10-05 23:37:47.5",5975452,-10,-10,-10,220,-0.001,-40.01
"2020-10-05 23:37:47.6",5975453,-10,-10,-10,220,-0.001,-40.01
"2020-10-05 23:37:47.7",5975454,-10,-10,-10,220,-0.001,-40.01
"2020-10-05 23:37:47.8",5975455,-10,-10,-10,220,-0.002,-40.01
"2020-10-05 23:37:47.9",5975456,-10,-10,-10,220,-0.001,-40.01
"2020-10-05 23:37:48",5975457,-10,-10,-10,220,-0.001,-40.01
"2020-10-05 23:37:48.1",5975458,-10,-10,-10,220,-0.002,-40.01
"2020-10-05 23:37:48.2",5975459,-10,-10,-10,220,-0.001,-40.01
"2020-10-05 23:37:48.3",5975460,-10,-10,-10,220,-0.002,-40.01
"2020-10-05 23:37:48.4",5975461,-10,-10,-10,220,-0.001,-40.01
"2020-10-05 23:37:48.5",5975462,-10,-10,-10,220,-0.002,-40.01
"2020-10-05 23:37:48.6",5975463,-10,-10,-10,220,-0.001,-40.01
"2020-10-05 23:37:48.7",5975464,-10,-10,-10,220,-0.001,-40.01
"2020-10-05 23:37:48.8",5975465,-10,-10,-10,220,-0.001,-40.01
"2020-10-05 23:37:48.9",5975466,-10,-10,-10,220,-0.001,-40.01
"2020-10-05 23:37:49",5975467,-10,-10,-10,220,-0.001,-40.01
"2020-10-05 23:37:49.1",5975468,-10,-10,-10,220,-0.001,-40.01
"2020-10-05 23:37:49.2",5975469,-10,-10,-10,220,-0.001,-40.01
"2020-10-05 23:37:49.3",5975470,-10,-10,-10,220,-0.002,-40.01
"2020-10-05 23:37:49.4",5975471,-10,-10,-10,220,-0.001,-40.01
"2020-10-05 23:37:49.5",5975472,-10,-10,-10,220,-0.001,-40.01
"2020-10-05 23:37:49.6",5975473,-10,-10,-10,220,-0.001,-40.01
"2020-10-05 23:37:49.7",5975474,-10,-10,-10,220,-0.001,-40.01
"2020-10-05 23:37:49.8",5975475,-10,-10,-10,220,-0.001,-40.01
"2020-10-05 23:37:49.9",5975476,-10,-10,-10,220,-0.001,-40.01
"2020-10-05 23:37:50",5975477,-10,-10,-10,220,-0.001,-40.01
"2020-10-05 23:37:50.1",5975478,-10,-10,-10,220,-0.001,-40.01
"2020-10-05 23:37:50.2",5975479,-10,-10,-10,220,-0.001,-40.01
"2020-10-05 23:37:50.3",5975480,-10,-10,-10,220,-0.001,-40.01
"2020-10-05 23:37:50.4",5975481,-10,-10,-10,220,-0.001,-40.01
"2020-10-05 23:37:50.5",5975482,-10,-10,-10,220,-0.001,-40.01
"2020-10-05 23:37:50.6",5975483,-10,-10,-10,220,-0.001,-40.01
"2020-10-05 23:37:50.7",5975484,-10,-10,-10,220,-0.001,-40.01
"2020-10-05 23:37:50.8",5975485,-10,-10,-10,220,-0.001,-40.01
"2020-10-05 23:37:50.9",5975486,-10,-10,-10,220,-0.001,-40.01
