"TOA5","10329","CR6","10329","CR6.Std.09.01 CR6-WIFI.04.00.01","CPU:YOUNG81000_HMP60_10Hz.CR6","51185","Young10Hz_hmp"
"TIMESTAMP","RECORD","U","V","W","TSonic","RH","T_HMP60"
"TS","RN","mV","mV","mV","mV","%","Deg C"
"","","Smp","Smp","Smp","Smp","Smp","Smp"
"2020-10-04 17:16:51",4882887,-10,-10,-10,220,-0.001,-40.01
"2020-10-04 17:16:51.1",4882888,-10,-10,-10,220,-0.001,-40.01
"2020-10-04 17:16:51.2",4882889,-10,-10,-10,220,-0.001,-40.01
"2020-10-04 17:16:51.3",4882890,-10,-10,-10,220,-0.001,-40.01
"2020-10-04 17:16:51.4",4882891,-10,-10,-10,220,-0.001,-40.01
"2020-10-04 17:16:51.5",4882892,-10,-10,-10,220,-0.001,-40.01
"2020-10-04 17:16:51.6",4882893,-10,-10,-10,220,-0.001,-40.01
"2020-10-04 17:16:51.7",4882894,-10,-10,-10,220,-0.001,-40.01
"2020-10-04 17:16:51.8",4882895,-10,-10,-10,220,-0.001,-40.01
"2020-10-04 17:16:51.9",4882896,-10,-10,-10,220,-0.001,-40.01
"2020-10-04 17:16:52",4882897,-10,-10,-10,220,-0.001,-40.01
"2020-10-04 17:16:52.1",4882898,-10,-10,-10,220,-0.001,-40.01
"2020-10-04 17:16:52.2",4882899,-10,-10,-10,220,-0.001,-40.01
"2020-10-04 17:16:52.3",4882900,-10,-10,-10,220,-0.001,-40.01
"2020-10-04 17:16:52.4",4882901,-10,-10,-10,220,-0.001,-40.01
"2020-10-04 17:16:52.5",4882902,-10,-10,-10,220,-0.001,-40.01
"2020-10-04 17:16:52.6",4882903,-10,-10,-10,220,-0.001,-40.01
"2020-10-04 17:16:52.7",4882904,-10,-10,-10,220,-0.001,-40.01
"2020-10-04 17:16:52.8",4882905,-10,-10,-10,220,-0.001,-40.01
"2020-10-04 17:16:52.9",4882906,-10,-10,-10,220,-0.001,-40.01
"2020-10-04 17:16:53",4882907,-10,-10,-10,220,-0.001,-40.01
"2020-10-04 17:16:53.1",4882908,-10,-10,-10,220,-0.001,-40.01
"2020-10-04 17:16:53.2",4882909,-10,-10,-10,220,-0.001,-40.01
"2020-10-04 17:16:53.3",4882910,-10,-10,-10,220,-0.001,-40.01
"2020-10-04 17:16:53.4",4882911,-10,-10,-10,220,-0.001,-40.01
"2020-10-04 17:16:53.5",4882912,-10,-10,-10,220,-0.001,-40.01
"2020-10-04 17:16:53.6",4882913,-10,-10,-10,220,-0.001,-40.01
"2020-10-04 17:16:53.7",4882914,-10,-10,-10,220,-0.001,-40.01
"2020-10-04 17:16:53.8",4882915,-10,-10,-10,220,-0.001,-40.01
"2020-10-04 17:16:53.9",4882916,-10,-10,-10,220,-0.001,-40.01
"2020-10-04 17:16:54",4882917,-10,-10,-10,220,-0.001,-40.01
"2020-10-04 17:16:54.1",4882918,-10,-10,-10,220,-0.001,-40.01
"2020-10-04 17:16:54.2",4882919,-10,-10,-10,220,-0.002,-40.01
"2020-10-04 17:16:54.3",4882920,-10,-10,-10,220,-0.001,-40.01
"2020-10-04 17:16:54.4",4882921,-10,-10,-10,220,-0.001,-40.01
"2020-10-04 17:16:54.5",4882922,-10,-10,-10,220,-0.001,-40.01
"2020-10-04 17:16:54.6",4882923,-10,-10,-10,220,-0.001,-40.01
"2020-10-04 17:16:54.7",4882924,-10,-10,-10,220,-0.001,-40.01
"2020-10-04 17:16:54.8",4882925,-10,-10,-10,220,-0.001,-40.01
"2020-10-04 17:16:54.9",4882926,-10,-10,-10,220,-0.001,-40.01
"2020-10-04 17:16:55",4882927,-10,-10,-10,220,-0.001,-40.01
"2020-10-04 17:16:55.1",4882928,-10,-10,-10,220,-0.001,-40.01
"2020-10-04 17:16:55.2",4882929,-10,-10,-10,220,-0.001,-40.01
"2020-10-04 17:16:55.3",4882930,-10,-10,-10,220,-0.001,-40.01
"2020-10-04 17:16:55.4",4882931,-10,-10,-10,220,-0.001,-40.01
"2020-10-04 17:16:55.5",4882932,-10,-10,-10,220,-0.001,-40.01
"2020-10-04 17:16:55.6",4882933,-10,-10,-10,220,-0.001,-40.01
"2020-10-04 17:16:55.7",4882934,-10,-10,-10,220,-0.001,-40.01
"2020-10-04 17:16:55.8",4882935,-10,-10,-10,220,-0.001,-40.01
"2020-10-04 17:16:55.9",4882936,-10,-10,-10,220,-0.001,-40.01
"2020-10-04 17:16:56",4882937,-10,-10,-10,220,-0.001,-40.01
"2020-10-04 17:16:56.1",4882938,-10,-10,-10,220,-0.001,-40.01
"2020-10-04 17:16:56.2",4882939,-10,-10,-10,220,-0.001,-40.01
"2020-10-04 17:16:56.3",4882940,-10,-10,-10,220,-0.001,-40.01
"2020-10-04 17:16:56.4",4882941,-10,-10,-10,220,-0.001,-40.01
"2020-10-04 17:16:56.5",4882942,-10,-10,-10,220,-0.001,-40.01
"2020-10-04 17:16:56.6",4882943,-10,-10,-10,220,-0.001,-40.01
"2020-10-04 17:16:56.7",4882944,-10,-10,-10,220,-0.001,-40.01
"2020-10-04 17:16:56.8",4882945,-10,-10,-10,220,-0.001,-40.01
"2020-10-04 17:16:56.9",4882946,-10,-10,-10,220,-0.001,-40.01
"2020-10-04 17:16:57",4882947,-10,-10,-10,220,-0.001,-40.01
"2020-10-04 17:16:57.1",4882948,-10,-10,-10,220,-0.001,-40.01
"2020-10-04 17:16:57.2",4882949,-10,-10,-10,220,-0.001,-40.01
"2020-10-04 17:16:57.3",4882950,-10,-10,-10,220,-0.001,-40.01
"2020-10-04 17:16:57.4",4882951,-10,-10,-10,220,-0.001,-40.01
"2020-10-04 17:16:57.5",4882952,-10,-10,-10,220,-0.001,-40.01
"2020-10-04 17:16:57.6",4882953,-10,-10,-10,220,-0.001,-40.01
"2020-10-04 17:16:57.7",4882954,-10,-10,-10,220,-0.001,-40.01
"2020-10-04 17:16:57.8",4882955,-10,-10,-10,220,-0.001,-40.01
"2020-10-04 17:16:57.9",4882956,-10,-10,-10,220,-0.001,-40.01
"2020-10-04 17:16:58",4882957,-10,-10,-10,220,-0.001,-40.01
"2020-10-04 17:16:58.1",4882958,-10,-10,-10,220,-0.001,-40.01
"2020-10-04 17:16:58.2",4882959,-10,-10,-10,220,-0.001,-40.01
"2020-10-04 17:16:58.3",4882960,-10,-10,-10,220,-0.001,-40.01
"2020-10-04 17:16:58.4",4882961,-10,-10,-10,220,-0.001,-40.01
"2020-10-04 17:16:58.5",4882962,-10,-10,-10,220,-0.001,-40.01
"2020-10-04 17:16:58.6",4882963,-10,-10,-10,220,-0.001,-40.01
"2020-10-04 17:16:58.7",4882964,-10,-10,-10,220,-0.001,-40.01
"2020-10-04 17:16:58.8",4882965,-10,-10,-10,220,-0.001,-40.01
"2020-10-04 17:16:58.9",4882966,-10,-10,-10,220,-0.001,-40.01
"2020-10-04 17:16:59",4882967,-10,-10,-10,220,-0.001,-40.01
"2020-10-04 17:16:59.1",4882968,-10,-10,-10,220,-0.001,-40.01
"2020-10-04 17:16:59.2",4882969,-10,-10,-10,220,-0.001,-40.01
"2020-10-04 17:16:59.3",4882970,-10,-10,-10,220,-0.001,-40.01
"2020-10-04 17:16:59.4",4882971,-10,-10,-10,220,-0.001,-40.01
"2020-10-04 17:16:59.5",4882972,-10,-10,-10,220,-0.001,-40.01
"2020-10-04 17:16:59.6",4882973,-10,-10,-10,220,-0.001,-40.01
"2020-10-04 17:16:59.7",4882974,-10,-10,-10,220,-0.001,-40.01
"2020-10-04 17:16:59.8",4882975,-10,-10,-10,220,-0.001,-40.01
"2020-10-04 17:16:59.9",4882976,-10,-10,-10,220,-0.001,-40.01
"2020-10-04 17:17:00",4882977,-10,-10,-10,220,-0.001,-40.01
"2020-10-04 17:17:00.1",4882978,-10,-10,-10,220,-0.008,-40.02
"2020-10-04 17:17:00.2",4882979,-10,-10,-10,220,-0.008,-40.02
"2020-10-04 17:17:00.3",4882980,-10,-10,-10,220,-0.001,-40.01
"2020-10-04 17:17:00.4",4882981,-10,-10,-10,220,-0.001,-40.01
"2020-10-04 17:17:00.5",4882982,-10,-10,-10,220,-0.001,-40.01
"2020-10-04 17:17:00.6",4882983,-10,-10,-10,220,-0.001,-40.01
"2020-10-04 17:17:00.7",4882984,-10,-10,-10,220,-0.001,-40.01
"2020-10-04 17:17:00.8",4882985,-10,-10,-10,220,-0.001,-40.01
"2020-10-04 17:17:00.9",4882986,-10,-10,-10,220,-0.001,-40.01
"2020-10-04 17:17:01",4882987,-10,-10,-10,220,-0.001,-40.01
"2020-10-04 17:17:01.1",4882988,-10,-10,-10,220,-0.001,-40.01
"2020-10-04 17:17:01.2",4882989,-10,-10,-10,220,-0.001,-40.01
"2020-10-04 17:17:01.3",4882990,-10,-10,-10,220,-0.001,-40.01
"2020-10-04 17:17:01.4",4882991,-10,-10,-10,220,-0.001,-40.01
"2020-10-04 17:17:01.5",4882992,-10,-10,-10,220,-0.001,-40.01
"2020-10-04 17:17:01.6",4882993,-10,-10,-10,220,-0.001,-40.01
"2020-10-04 17:17:01.7",4882994,-10,-10,-10,220,-0.001,-40.01
"2020-10-04 17:17:01.8",4882995,-10,-10,-10,220,-0.001,-40.01
"2020-10-04 17:17:01.9",4882996,-10,-10,-10,220,-0.001,-40.01
"2020-10-04 17:17:02",4882997,-10,-10,-10,220,-0.001,-40.01
"2020-10-04 17:17:02.1",4882998,-10,-10,-10,220,-0.001,-40.01
"2020-10-04 17:17:02.2",4882999,-10,-10,-10,220,-0.001,-40.01
"2020-10-04 17:17:02.3",4883000,-10,-10,-10,220,-0.001,-40.01
"2020-10-04 17:17:02.4",4883001,-10,-10,-10,220,-0.001,-40.01
"2020-10-04 17:17:02.5",4883002,-10,-10,-10,220,-0.001,-40.01
"2020-10-04 17:17:02.6",4883003,-10,-10,-10,220,-0.001,-40.01
"2020-10-04 17:17:02.7",4883004,-10,-10,-10,220,-0.001,-40.01
"2020-10-04 17:17:02.8",4883005,-10,-10,-10,220,-0.001,-40.01
"2020-10-04 17:17:02.9",4883006,-10,-10,-10,220,-0.001,-40.01
"2020-10-04 17:17:03",4883007,-10,-10,-10,220,-0.001,-40.01
"2020-10-04 17:17:03.1",4883008,-10,-10,-10,220,-0.001,-40.01
"2020-10-04 17:17:03.2",4883009,-10,-10,-10,220,-0.001,-40.01
"2020-10-04 17:17:03.3",4883010,-10,-10,-10,220,-0.001,-40.01
"2020-10-04 17:17:03.4",4883011,-10,-10,-10,220,-0.001,-40.01
"2020-10-04 17:17:03.5",4883012,-10,-10,-10,220,-0.001,-40.01
"2020-10-04 17:17:03.6",4883013,-10,-10,-10,220,-0.001,-40.01
"2020-10-04 17:17:03.7",4883014,-10,-10,-10,220,-0.001,-40.01
"2020-10-04 17:17:03.8",4883015,-10,-10,-10,220,-0.001,-40.01
"2020-10-04 17:17:03.9",4883016,-10,-10,-10,220,-0.001,-40.01
"2020-10-04 17:17:04",4883017,-10,-10,-10,220,-0.001,-40.01
"2020-10-04 17:17:04.1",4883018,-10,-10,-10,220,-0.001,-40.01
"2020-10-04 17:17:04.2",4883019,-10,-10,-10,220,-0.001,-40.01
"2020-10-04 17:17:04.3",4883020,-10,-10,-10,220,-0.001,-40.01
"2020-10-04 17:17:04.4",4883021,-10,-10,-10,220,-0.001,-40.01
"2020-10-04 17:17:04.5",4883022,-10,-10,-10,220,-0.001,-40.01
"2020-10-04 17:17:04.6",4883023,-10,-10,-10,220,-0.001,-40.01
"2020-10-04 17:17:04.7",4883024,-10,-10,-10,220,-0.001,-40.01
"2020-10-04 17:17:04.8",4883025,-10,-10,-10,220,-0.001,-40.01
"2020-10-04 17:17:04.9",4883026,-10,-10,-10,220,-0.001,-40.01
"2020-10-04 17:17:05",4883027,-10,-10,-10,220,-0.001,-40.01
"2020-10-04 17:17:05.1",4883028,-10,-10,-10,220,-0.001,-40.01
"2020-10-04 17:17:05.2",4883029,-10,-10,-10,220,-0.001,-40.01
"2020-10-04 17:17:05.3",4883030,-10,-10,-10,220,-0.001,-40.01
"2020-10-04 17:17:05.4",4883031,-10,-10,-10,220,-0.001,-40.01
"2020-10-04 17:17:05.5",4883032,-10,-10,-10,220,-0.001,-40.01
"2020-10-04 17:17:05.6",4883033,-10,-10,-10,220,-0.001,-40.01
"2020-10-04 17:17:05.7",4883034,-10,-10,-10,220,-0.001,-40.01
"2020-10-04 17:17:05.8",4883035,-10,-10,-10,220,-0.001,-40.01
"2020-10-04 17:17:05.9",4883036,-10,-10,-10,220,-0.001,-40.01
"2020-10-04 17:17:06",4883037,-10,-10,-10,220,-0.001,-40.01
"2020-10-04 17:17:06.1",4883038,-10,-10,-10,220,-0.001,-40.01
"2020-10-04 17:17:06.2",4883039,-10,-10,-10,220,-0.001,-40.01
"2020-10-04 17:17:06.3",4883040,-10,-10,-10,220,-0.001,-40.01
"2020-10-04 17:17:06.4",4883041,-10,-10,-10,220,-0.001,-40.01
"2020-10-04 17:17:06.5",4883042,-10,-10,-10,220,-0.001,-40.01
"2020-10-04 17:17:06.6",4883043,-10,-10,-10,220,-0.001,-40.01
"2020-10-04 17:17:06.7",4883044,-10,-10,-10,220,-0.001,-40.01
"2020-10-04 17:17:06.8",4883045,-10,-10,-10,220,-0.001,-40.01
"2020-10-04 17:17:06.9",4883046,-10,-10,-10,220,-0.001,-40.01
"2020-10-04 17:17:07",4883047,-10,-10,-10,220,-0.001,-40.01
"2020-10-04 17:17:07.1",4883048,-10,-10,-10,220,-0.001,-40.01
"2020-10-04 17:17:07.2",4883049,-10,-10,-10,220,-0.001,-40.01
"2020-10-04 17:17:07.3",4883050,-10,-10,-10,220,-0.001,-40.01
"2020-10-04 17:17:07.4",4883051,-10,-10,-10,220,-0.001,-40.01
"2020-10-04 17:17:07.5",4883052,-10,-10,-10,220,-0.002,-40.01
"2020-10-04 17:17:07.6",4883053,-10,-10,-10,220,-0.001,-40.01
"2020-10-04 17:17:07.7",4883054,-10,-10,-10,220,-0.001,-40.01
"2020-10-04 17:17:07.8",4883055,-10,-10,-10,220,-0.001,-40.01
"2020-10-04 17:17:07.9",4883056,-10,-10,-10,220,-0.001,-40.01
"2020-10-04 17:17:08",4883057,-10,-10,-10,220,-0.001,-40.01
"2020-10-04 17:17:08.1",4883058,-10,-10,-10,220,-0.001,-40.01
"2020-10-04 17:17:08.2",4883059,-10,-10,-10,220,-0.001,-40.01
"2020-10-04 17:17:08.3",4883060,-10,-10,-10,220,-0.001,-40.01
"2020-10-04 17:17:08.4",4883061,-10,-10,-10,220,-0.001,-40.01
"2020-10-04 17:17:08.5",4883062,-10,-10,-10,220,-0.001,-40.01
"2020-10-04 17:17:08.6",4883063,-10,-10,-10,220,-0.001,-40.01
"2020-10-04 17:17:08.7",4883064,-10,-10,-10,220,-0.001,-40.01
"2020-10-04 17:17:08.8",4883065,-10,-10,-10,220,-0.001,-40.01
"2020-10-04 17:17:08.9",4883066,-10,-10,-10,220,-0.001,-40.01
"2020-10-04 17:17:09",4883067,-10,-10,-10,220,-0.001,-40.01
"2020-10-04 17:17:09.1",4883068,-10,-10,-10,220,-0.001,-40.01
"2020-10-04 17:17:09.2",4883069,-10,-10,-10,220,-0.001,-40.01
"2020-10-04 17:17:09.3",4883070,-10,-10,-10,220,-0.001,-40.01
"2020-10-04 17:17:09.4",4883071,-10,-10,-10,220,-0.001,-40.01
"2020-10-04 17:17:09.5",4883072,-10,-10,-10,220,-0.001,-40.01
"2020-10-04 17:17:09.6",4883073,-10,-10,-10,220,-0.001,-40.01
"2020-10-04 17:17:09.7",4883074,-10,-10,-10,220,-0.001,-40.01
"2020-10-04 17:17:09.8",4883075,-10,-10,-10,220,-0.001,-40.01
"2020-10-04 17:17:09.9",4883076,-10,-10,-10,220,-0.001,-40.01
"2020-10-04 17:17:10",4883077,-10,-10,-10,220,-0.001,-40.01
"2020-10-04 17:17:10.1",4883078,-10,-10,-10,220,-0.001,-40.01
"2020-10-04 17:17:10.2",4883079,-10,-10,-10,220,-0.001,-40.01
"2020-10-04 17:17:10.3",4883080,-10,-10,-10,220,-0.001,-40.01
"2020-10-04 17:17:10.4",4883081,-10,-10,-10,220,-0.001,-40.01
"2020-10-04 17:17:10.5",4883082,-10,-10,-10,220,-0.001,-40.01
"2020-10-04 17:17:10.6",4883083,-10,-10,-10,220,-0.001,-40.01
"2020-10-04 17:17:10.7",4883084,-10,-10,-10,220,-0.001,-40.01
"2020-10-04 17:17:10.8",4883085,-10,-10,-10,220,-0.001,-40.01
"2020-10-04 17:17:10.9",4883086,-10,-10,-10,220,-0.001,-40.01
"2020-10-04 17:17:11",4883087,-10,-10,-10,220,-0.001,-40.01
"2020-10-04 17:17:11.1",4883088,-10,-10,-10,220,-0.001,-40.01
"2020-10-04 17:17:11.2",4883089,-10,-10,-10,220,-0.001,-40.01
"2020-10-04 17:17:11.3",4883090,-10,-10,-10,220,-0.001,-40.01
"2020-10-04 17:17:11.4",4883091,-10,-10,-10,220,-0.001,-40.01
"2020-10-04 17:17:11.5",4883092,-10,-10,-10,220,-0.001,-40.01
"2020-10-04 17:17:11.6",4883093,-10,-10,-10,220,-0.001,-40.01
"2020-10-04 17:17:11.7",4883094,-10,-10,-10,220,-0.001,-40.01
"2020-10-04 17:17:11.8",4883095,-10,-10,-10,220,-0.001,-40.01
"2020-10-04 17:17:11.9",4883096,-10,-10,-10,220,-0.001,-40.01
"2020-10-04 17:17:12",4883097,-10,-10,-10,220,-0.001,-40.01
"2020-10-04 17:17:12.1",4883098,-10,-10,-10,220,-0.001,-40.01
"2020-10-04 17:17:12.2",4883099,-10,-10,-10,220,-0.001,-40.01
"2020-10-04 17:17:12.3",4883100,-10,-10,-10,220,-0.002,-40.01
"2020-10-04 17:17:12.4",4883101,-10,-10,-10,220,-0.001,-40.01
"2020-10-04 17:17:12.5",4883102,-10,-10,-10,220,-0.001,-40.01
"2020-10-04 17:17:12.6",4883103,-10,-10,-10,220,-0.001,-40.01
"2020-10-04 17:17:12.7",4883104,-10,-10,-10,220,-0.001,-40.01
"2020-10-04 17:17:12.8",4883105,-10,-10,-10,220,-0.001,-40.01
"2020-10-04 17:17:12.9",4883106,-10,-10,-10,220,-0.001,-40.01
"2020-10-04 17:17:13",4883107,-10,-10,-10,220,-0.001,-40.01
"2020-10-04 17:17:13.1",4883108,-10,-10,-10,220,-0.001,-40.01
"2020-10-04 17:17:13.2",4883109,-10,-10,-10,220,-0.001,-40.01
"2020-10-04 17:17:13.3",4883110,-10,-10,-10,220,-0.001,-40.01
"2020-10-04 17:17:13.4",4883111,-10,-10,-10,220,-0.001,-40.01
"2020-10-04 17:17:13.5",4883112,-10,-10,-10,220,-0.001,-40.01
"2020-10-04 17:17:13.6",4883113,-10,-10,-10,220,-0.001,-40.01
"2020-10-04 17:17:13.7",4883114,-10,-10,-10,220,-0.001,-40.01
"2020-10-04 17:17:13.8",4883115,-10,-10,-10,220,-0.001,-40.01
"2020-10-04 17:17:13.9",4883116,-10,-10,-10,220,-0.001,-40.01
"2020-10-04 17:17:14",4883117,-10,-10,-10,220,-0.001,-40.01
"2020-10-04 17:17:14.1",4883118,-10,-10,-10,220,-0.001,-40.01
"2020-10-04 17:17:14.2",4883119,-10,-10,-10,220,-0.001,-40.01
"2020-10-04 17:17:14.3",4883120,-10,-10,-10,220,-0.001,-40.01
"2020-10-04 17:17:14.4",4883121,-10,-10,-10,220,-0.001,-40.01
"2020-10-04 17:17:14.5",4883122,-10,-10,-10,220,-0.001,-40.01
"2020-10-04 17:17:14.6",4883123,-10,-10,-10,220,-0.001,-40.01
"2020-10-04 17:17:14.7",4883124,-10,-10,-10,220,-0.001,-40.01
"2020-10-04 17:17:14.8",4883125,-10,-10,-10,220,-0.001,-40.01
"2020-10-04 17:17:14.9",4883126,-10,-10,-10,220,-0.001,-40.01
"2020-10-04 17:17:15",4883127,-10,-10,-10,220,-0.001,-40.01
"2020-10-04 17:17:15.1",4883128,-10,-10,-10,220,-0.001,-40.01
"2020-10-04 17:17:15.2",4883129,-10,-10,-10,220,-0.001,-40.01
"2020-10-04 17:17:15.3",4883130,-10,-10,-10,220,-0.001,-40.01
"2020-10-04 17:17:15.4",4883131,-10,-10,-10,220,-0.001,-40.01
"2020-10-04 17:17:15.5",4883132,-10,-10,-10,220,-0.001,-40.01
"2020-10-04 17:17:15.6",4883133,-10,-10,-10,220,-0.001,-40.01
"2020-10-04 17:17:15.7",4883134,-10,-10,-10,220,-0.001,-40.01
"2020-10-04 17:17:15.8",4883135,-10,-10,-10,220,-0.001,-40.01
"2020-10-04 17:17:15.9",4883136,-10,-10,-10,220,-0.001,-40.01
"2020-10-04 17:17:16",4883137,-10,-10,-10,220,-0.001,-40.01
"2020-10-04 17:17:16.1",4883138,-10,-10,-10,220,-0.001,-40.01
"2020-10-04 17:17:16.2",4883139,-10,-10,-10,220,-0.001,-40.01
"2020-10-04 17:17:16.3",4883140,-10,-10,-10,220,-0.001,-40.01
"2020-10-04 17:17:16.4",4883141,-10,-10,-10,220,-0.001,-40.01
"2020-10-04 17:17:16.5",4883142,-10,-10,-10,220,-0.002,-40.01
"2020-10-04 17:17:16.6",4883143,-10,-10,-10,220,-0.001,-40.01
"2020-10-04 17:17:16.7",4883144,-10,-10,-10,220,-0.001,-40.01
"2020-10-04 17:17:16.8",4883145,-10,-10,-10,220,-0.002,-40.01
"2020-10-04 17:17:16.9",4883146,-10,-10,-10,220,-0.001,-40.01
"2020-10-04 17:17:17",4883147,-10,-10,-10,220,-0.001,-40.01
"2020-10-04 17:17:17.1",4883148,-10,-10,-10,220,-0.001,-40.01
"2020-10-04 17:17:17.2",4883149,-10,-10,-10,220,-0.001,-40.01
"2020-10-04 17:17:17.3",4883150,-10,-10,-10,220,-0.001,-40.01
"2020-10-04 17:17:17.4",4883151,-10,-10,-10,220,-0.001,-40.01
"2020-10-04 17:17:17.5",4883152,-10,-10,-10,220,-0.001,-40.01
"2020-10-04 17:17:17.6",4883153,-10,-10,-10,220,-0.001,-40.01
"2020-10-04 17:17:17.7",4883154,-10,-10,-10,220,-0.002,-40.01
"2020-10-04 17:17:17.8",4883155,-10,-10,-10,220,-0.001,-40.01
"2020-10-04 17:17:17.9",4883156,-10,-10,-10,220,-0.001,-40.01
"2020-10-04 17:17:18",4883157,-10,-10,-10,220,-0.001,-40.01
"2020-10-04 17:17:18.1",4883158,-10,-10,-10,220,-0.001,-40.01
"2020-10-04 17:17:18.2",4883159,-10,-10,-10,220,-0.001,-40.01
"2020-10-04 17:17:18.3",4883160,-10,-10,-10,220,-0.001,-40.01
"2020-10-04 17:17:18.4",4883161,-10,-10,-10,220,-0.001,-40.01
"2020-10-04 17:17:18.5",4883162,-10,-10,-10,220,-0.001,-40.01
"2020-10-04 17:17:18.6",4883163,-10,-10,-10,220,-0.001,-40.01
"2020-10-04 17:17:18.7",4883164,-10,-10,-10,220,-0.001,-40.01
"2020-10-04 17:17:18.8",4883165,-10,-10,-10,220,-0.001,-40.01
"2020-10-04 17:17:18.9",4883166,-10,-10,-10,220,-0.001,-40.01
"2020-10-04 17:17:19",4883167,-10,-10,-10,220,-0.001,-40.01
"2020-10-04 17:17:19.1",4883168,-10,-10,-10,220,-0.001,-40.01
"2020-10-04 17:17:19.2",4883169,-10,-10,-10,220,-0.001,-40.01
"2020-10-04 17:17:19.3",4883170,-10,-10,-10,220,-0.001,-40.01
"2020-10-04 17:17:19.4",4883171,-10,-10,-10,220,-0.001,-40.01
"2020-10-04 17:17:19.5",4883172,-10,-10,-10,220,-0.001,-40.01
"2020-10-04 17:17:19.6",4883173,-10,-10,-10,220,-0.001,-40.01
"2020-10-04 17:17:19.7",4883174,-10,-10,-10,220,-0.001,-40.01
"2020-10-04 17:17:19.8",4883175,-10,-10,-10,220,-0.001,-40.01
"2020-10-04 17:17:19.9",4883176,-10,-10,-10,220,-0.001,-40.01
"2020-10-04 17:17:20",4883177,-10,-10,-10,220,-0.001,-40.01
"2020-10-04 17:17:20.1",4883178,-10,-10,-10,220,-0.001,-40.01
"2020-10-04 17:17:20.2",4883179,-10,-10,-10,220,-0.001,-40.01
"2020-10-04 17:17:20.3",4883180,-10,-10,-10,220,-0.001,-40.01
"2020-10-04 17:17:20.4",4883181,-10,-10,-10,220,-0.001,-40.01
"2020-10-04 17:17:20.5",4883182,-10,-10,-10,220,-0.001,-40.01
"2020-10-04 17:17:20.6",4883183,-10,-10,-10,220,-0.001,-40.01
"2020-10-04 17:17:20.7",4883184,-10,-10,-10,220,-0.001,-40.01
"2020-10-04 17:17:20.8",4883185,-10,-10,-10,220,-0.001,-40.01
"2020-10-04 17:17:20.9",4883186,-10,-10,-10,220,-0.001,-40.01
"2020-10-04 17:17:21",4883187,-10,-10,-10,220,-0.001,-40.01
"2020-10-04 17:17:21.1",4883188,-10,-10,-10,220,-0.001,-40.01
"2020-10-04 17:17:21.2",4883189,-10,-10,-10,220,-0.001,-40.01
"2020-10-04 17:17:21.3",4883190,-10,-10,-10,220,-0.001,-40.01
"2020-10-04 17:17:21.4",4883191,-10,-10,-10,220,-0.001,-40.01
"2020-10-04 17:17:21.5",4883192,-10,-10,-10,220,-0.001,-40.01
"2020-10-04 17:17:21.6",4883193,-10,-10,-10,220,-0.001,-40.01
"2020-10-04 17:17:21.7",4883194,-10,-10,-10,220,-0.001,-40.01
"2020-10-04 17:17:21.8",4883195,-10,-10,-10,220,-0.001,-40.01
"2020-10-04 17:17:21.9",4883196,-10,-10,-10,220,-0.001,-40.01
"2020-10-04 17:17:22",4883197,-10,-10,-10,220,-0.001,-40.01
"2020-10-04 17:17:22.1",4883198,-10,-10,-10,220,-0.001,-40.01
"2020-10-04 17:17:22.2",4883199,-10,-10,-10,220,-0.001,-40.01
"2020-10-04 17:17:22.3",4883200,-10,-10,-10,220,-0.001,-40.01
"2020-10-04 17:17:22.4",4883201,-10,-10,-10,220,-0.001,-40.01
"2020-10-04 17:17:22.5",4883202,-10,-10,-10,220,-0.001,-40.01
"2020-10-04 17:17:22.6",4883203,-10,-10,-10,220,-0.001,-40.01
"2020-10-04 17:17:22.7",4883204,-10,-10,-10,220,-0.001,-40.01
"2020-10-04 17:17:22.8",4883205,-10,-10,-10,220,-0.001,-40.01
"2020-10-04 17:17:22.9",4883206,-10,-10,-10,220,-0.001,-40.01
"2020-10-04 17:17:23",4883207,-10,-10,-10,220,-0.001,-40.01
"2020-10-04 17:17:23.1",4883208,-10,-10,-10,220,-0.001,-40.01
"2020-10-04 17:17:23.2",4883209,-10,-10,-10,220,-0.001,-40.01
"2020-10-04 17:17:23.3",4883210,-10,-10,-10,220,-0.001,-40.01
"2020-10-04 17:17:23.4",4883211,-10,-10,-10,220,-0.001,-40.01
"2020-10-04 17:17:23.5",4883212,-10,-10,-10,220,-0.001,-40.01
"2020-10-04 17:17:23.6",4883213,-10,-10,-10,220,-0.001,-40.01
"2020-10-04 17:17:23.7",4883214,-10,-10,-10,220,-0.001,-40.01
"2020-10-04 17:17:23.8",4883215,-10,-10,-10,220,-0.001,-40.01
"2020-10-04 17:17:23.9",4883216,-10,-10,-10,220,-0.001,-40.01
"2020-10-04 17:17:24",4883217,-10,-10,-10,220,-0.001,-40.01
"2020-10-04 17:17:24.1",4883218,-10,-10,-10,220,-0.001,-40.01
"2020-10-04 17:17:24.2",4883219,-10,-10,-10,220,-0.001,-40.01
"2020-10-04 17:17:24.3",4883220,-10,-10,-10,220,-0.001,-40.01
"2020-10-04 17:17:24.4",4883221,-10,-10,-10,220,-0.001,-40.01
"2020-10-04 17:17:24.5",4883222,-10,-10,-10,220,-0.001,-40.01
"2020-10-04 17:17:24.6",4883223,-10,-10,-10,220,-0.001,-40.01
"2020-10-04 17:17:24.7",4883224,-10,-10,-10,220,-0.001,-40.01
"2020-10-04 17:17:24.8",4883225,-10,-10,-10,220,-0.001,-40.01
"2020-10-04 17:17:24.9",4883226,-10,-10,-10,220,-0.001,-40.01
"2020-10-04 17:17:25",4883227,-10,-10,-10,220,-0.001,-40.01
"2020-10-04 17:17:25.1",4883228,-10,-10,-10,220,-0.001,-40.01
"2020-10-04 17:17:25.2",4883229,-10,-10,-10,220,-0.001,-40.01
"2020-10-04 17:17:25.3",4883230,-10,-10,-10,220,-0.001,-40.01
"2020-10-04 17:17:25.4",4883231,-10,-10,-10,220,-0.001,-40.01
"2020-10-04 17:17:25.5",4883232,-10,-10,-10,220,-0.001,-40.01
"2020-10-04 17:17:25.6",4883233,-10,-10,-10,220,-0.001,-40.01
"2020-10-04 17:17:25.7",4883234,-10,-10,-10,220,-0.001,-40.01
"2020-10-04 17:17:25.8",4883235,-10,-10,-10,220,-0.001,-40.01
"2020-10-04 17:17:25.9",4883236,-10,-10,-10,220,-0.001,-40.01
"2020-10-04 17:17:26",4883237,-10,-10,-10,220,-0.001,-40.01
"2020-10-04 17:17:26.1",4883238,-10,-10,-10,220,-0.001,-40.01
"2020-10-04 17:17:26.2",4883239,-10,-10,-10,220,-0.001,-40.01
"2020-10-04 17:17:26.3",4883240,-10,-10,-10,220,-0.001,-40.01
"2020-10-04 17:17:26.4",4883241,-10,-10,-10,220,-0.001,-40.01
"2020-10-04 17:17:26.5",4883242,-10,-10,-10,220,-0.001,-40.01
"2020-10-04 17:17:26.6",4883243,-10,-10,-10,220,-0.001,-40.01
"2020-10-04 17:17:26.7",4883244,-10,-10,-10,220,-0.001,-40.01
"2020-10-04 17:17:26.8",4883245,-10,-10,-10,220,-0.001,-40.01
"2020-10-04 17:17:26.9",4883246,-10,-10,-10,220,-0.001,-40.01
"2020-10-04 17:17:27",4883247,-10,-10,-10,220,-0.001,-40.01
"2020-10-04 17:17:27.1",4883248,-10,-10,-10,220,-0.001,-40.01
"2020-10-04 17:17:27.2",4883249,-10,-10,-10,220,-0.001,-40.01
"2020-10-04 17:17:27.3",4883250,-10,-10,-10,220,-0.001,-40.01
"2020-10-04 17:17:27.4",4883251,-10,-10,-10,220,-0.001,-40.01
"2020-10-04 17:17:27.5",4883252,-10,-10,-10,220,-0.001,-40.01
"2020-10-04 17:17:27.6",4883253,-10,-10,-10,220,-0.001,-40.01
"2020-10-04 17:17:27.7",4883254,-10,-10,-10,220,-0.001,-40.01
"2020-10-04 17:17:27.8",4883255,-10,-10,-10,220,-0.001,-40.01
"2020-10-04 17:17:27.9",4883256,-10,-10,-10,220,-0.001,-40.01
"2020-10-04 17:17:28",4883257,-10,-10,-10,220,-0.001,-40.01
"2020-10-04 17:17:28.1",4883258,-10,-10,-10,220,-0.001,-40.01
"2020-10-04 17:17:28.2",4883259,-10,-10,-10,220,-0.001,-40.01
"2020-10-04 17:17:28.3",4883260,-10,-10,-10,220,-0.001,-40.01
"2020-10-04 17:17:28.4",4883261,-10,-10,-10,220,-0.001,-40.01
"2020-10-04 17:17:28.5",4883262,-10,-10,-10,220,-0.001,-40.01
"2020-10-04 17:17:28.6",4883263,-10,-10,-10,220,-0.001,-40.01
"2020-10-04 17:17:28.7",4883264,-10,-10,-10,220,-0.001,-40.01
"2020-10-04 17:17:28.8",4883265,-10,-10,-10,220,-0.001,-40.01
"2020-10-04 17:17:28.9",4883266,-10,-10,-10,220,-0.001,-40.01
"2020-10-04 17:17:29",4883267,-10,-10,-10,220,-0.001,-40.01
"2020-10-04 17:17:29.1",4883268,-10,-10,-10,220,-0.001,-40.01
"2020-10-04 17:17:29.2",4883269,-10,-10,-10,220,-0.001,-40.01
"2020-10-04 17:17:29.3",4883270,-10,-10,-10,220,-0.001,-40.01
"2020-10-04 17:17:29.4",4883271,-10,-10,-10,220,-0.001,-40.01
"2020-10-04 17:17:29.5",4883272,-10,-10,-10,220,-0.001,-40.01
"2020-10-04 17:17:29.6",4883273,-10,-10,-10,220,-0.001,-40.01
"2020-10-04 17:17:29.7",4883274,-10,-10,-10,220,-0.001,-40.01
"2020-10-04 17:17:29.8",4883275,-10,-10,-10,220,-0.001,-40.01
"2020-10-04 17:17:29.9",4883276,-10,-10,-10,220,-0.001,-40.01
"2020-10-04 17:17:30",4883277,-10,-10,-10,220,-0.001,-40.01
"2020-10-04 17:17:30.1",4883278,-10,-10,-10,220,-0.001,-40.01
"2020-10-04 17:17:30.2",4883279,-10,-10,-10,220,-0.001,-40.01
"2020-10-04 17:17:30.3",4883280,-10,-10,-10,220,-0.001,-40.01
"2020-10-04 17:17:30.4",4883281,-10,-10,-10,220,-0.001,-40.01
"2020-10-04 17:17:30.5",4883282,-10,-10,-10,220,-0.001,-40.01
"2020-10-04 17:17:30.6",4883283,-10,-10,-10,220,-0.001,-40.01
"2020-10-04 17:17:30.7",4883284,-10,-10,-10,220,-0.001,-40.01
"2020-10-04 17:17:30.8",4883285,-10,-10,-10,220,-0.001,-40.01
"2020-10-04 17:17:30.9",4883286,-10,-10,-10,220,-0.001,-40.01
"2020-10-04 17:17:31",4883287,-10,-10,-10,220,-0.001,-40.01
"2020-10-04 17:17:31.1",4883288,-10,-10,-10,220,-0.001,-40.01
"2020-10-04 17:17:31.2",4883289,-10,-10,-10,220,-0.001,-40.01
"2020-10-04 17:17:31.3",4883290,-10,-10,-10,220,-0.001,-40.01
"2020-10-04 17:17:31.4",4883291,-10,-10,-10,220,-0.001,-40.01
"2020-10-04 17:17:31.5",4883292,-10,-10,-10,220,-0.001,-40.01
"2020-10-04 17:17:31.6",4883293,-10,-10,-10,220,-0.001,-40.01
"2020-10-04 17:17:31.7",4883294,-10,-10,-10,220,-0.001,-40.01
"2020-10-04 17:17:31.8",4883295,-10,-10,-10,220,-0.001,-40.01
"2020-10-04 17:17:31.9",4883296,-10,-10,-10,220,-0.001,-40.01
"2020-10-04 17:17:32",4883297,-10,-10,-10,220,-0.001,-40.01
"2020-10-04 17:17:32.1",4883298,-10,-10,-10,220,-0.001,-40.01
"2020-10-04 17:17:32.2",4883299,-10,-10,-10,220,-0.001,-40.01
"2020-10-04 17:17:32.3",4883300,-10,-10,-10,220,-0.001,-40.01
"2020-10-04 17:17:32.4",4883301,-10,-10,-10,220,-0.002,-40.01
"2020-10-04 17:17:32.5",4883302,-10,-10,-10,220,-0.001,-40.01
"2020-10-04 17:17:32.6",4883303,-10,-10,-10,220,-0.001,-40.01
"2020-10-04 17:17:32.7",4883304,-10,-10,-10,220,-0.001,-40.01
"2020-10-04 17:17:32.8",4883305,-10,-10,-10,220,-0.001,-40.01
"2020-10-04 17:17:32.9",4883306,-10,-10,-10,220,-0.001,-40.01
"2020-10-04 17:17:33",4883307,-10,-10,-10,220,-0.001,-40.01
"2020-10-04 17:17:33.1",4883308,-10,-10,-10,220,-0.001,-40.01
"2020-10-04 17:17:33.2",4883309,-10,-10,-10,220,-0.001,-40.01
"2020-10-04 17:17:33.3",4883310,-10,-10,-10,220,-0.001,-40.01
"2020-10-04 17:17:33.4",4883311,-10,-10,-10,220,-0.001,-40.01
"2020-10-04 17:17:33.5",4883312,-10,-10,-10,220,-0.001,-40.01
"2020-10-04 17:17:33.6",4883313,-10,-10,-10,220,-0.001,-40.01
"2020-10-04 17:17:33.7",4883314,-10,-10,-10,220,-0.001,-40.01
"2020-10-04 17:17:33.8",4883315,-10,-10,-10,220,-0.001,-40.01
"2020-10-04 17:17:33.9",4883316,-10,-10,-10,220,-0.001,-40.01
"2020-10-04 17:17:34",4883317,-10,-10,-10,220,-0.001,-40.01
"2020-10-04 17:17:34.1",4883318,-10,-10,-10,220,-0.001,-40.01
"2020-10-04 17:17:34.2",4883319,-10,-10,-10,220,-0.001,-40.01
"2020-10-04 17:17:34.3",4883320,-10,-10,-10,220,-0.002,-40.01
"2020-10-04 17:17:34.4",4883321,-10,-10,-10,220,-0.001,-40.01
"2020-10-04 17:17:34.5",4883322,-10,-10,-10,220,-0.001,-40.01
"2020-10-04 17:17:34.6",4883323,-10,-10,-10,220,-0.001,-40.01
"2020-10-04 17:17:34.7",4883324,-10,-10,-10,220,-0.001,-40.01
"2020-10-04 17:17:34.8",4883325,-10,-10,-10,220,-0.001,-40.01
"2020-10-04 17:17:34.9",4883326,-10,-10,-10,220,-0.001,-40.01
"2020-10-04 17:17:35",4883327,-10,-10,-10,220,-0.001,-40.01
"2020-10-04 17:17:35.1",4883328,-10,-10,-10,220,-0.001,-40.01
"2020-10-04 17:17:35.2",4883329,-10,-10,-10,220,-0.001,-40.01
"2020-10-04 17:17:35.3",4883330,-10,-10,-10,220,-0.001,-40.01
"2020-10-04 17:17:35.4",4883331,-10,-10,-10,220,-0.001,-40.01
"2020-10-04 17:17:35.5",4883332,-10,-10,-10,220,-0.001,-40.01
"2020-10-04 17:17:35.6",4883333,-10,-10,-10,220,-0.001,-40.01
"2020-10-04 17:17:35.7",4883334,-10,-10,-10,220,-0.001,-40.01
"2020-10-04 17:17:35.8",4883335,-10,-10,-10,220,-0.001,-40.01
"2020-10-04 17:17:35.9",4883336,-10,-10,-10,220,-0.001,-40.01
"2020-10-04 17:17:36",4883337,-10,-10,-10,220,-0.001,-40.01
"2020-10-04 17:17:36.1",4883338,-10,-10,-10,220,-0.001,-40.01
"2020-10-04 17:17:36.2",4883339,-10,-10,-10,220,-0.001,-40.01
"2020-10-04 17:17:36.3",4883340,-10,-10,-10,220,-0.001,-40.01
"2020-10-04 17:17:36.4",4883341,-10,-10,-10,220,-0.001,-40.01
"2020-10-04 17:17:36.5",4883342,-10,-10,-10,220,-0.001,-40.01
"2020-10-04 17:17:36.6",4883343,-10,-10,-10,220,-0.001,-40.01
"2020-10-04 17:17:36.7",4883344,-10,-10,-10,220,-0.001,-40.01
"2020-10-04 17:17:36.8",4883345,-10,-10,-10,220,-0.001,-40.01
"2020-10-04 17:17:36.9",4883346,-10,-10,-10,220,-0.001,-40.01
"2020-10-04 17:17:37",4883347,-10,-10,-10,220,-0.001,-40.01
"2020-10-04 17:17:37.1",4883348,-10,-10,-10,220,-0.001,-40.01
"2020-10-04 17:17:37.2",4883349,-10,-10,-10,220,-0.001,-40.01
"2020-10-04 17:17:37.3",4883350,-10,-10,-10,220,-0.001,-40.01
"2020-10-04 17:17:37.4",4883351,-10,-10,-10,220,-0.001,-40.01
"2020-10-04 17:17:37.5",4883352,-10,-10,-10,220,-0.001,-40.01
"2020-10-04 17:17:37.6",4883353,-10,-10,-10,220,-0.001,-40.01
"2020-10-04 17:17:37.7",4883354,-10,-10,-10,220,-0.001,-40.01
"2020-10-04 17:17:37.8",4883355,-10,-10,-10,220,-0.001,-40.01
"2020-10-04 17:17:37.9",4883356,-10,-10,-10,220,-0.001,-40.01
"2020-10-04 17:17:38",4883357,-10,-10,-10,220,-0.001,-40.01
"2020-10-04 17:17:38.1",4883358,-10,-10,-10,220,-0.001,-40.01
"2020-10-04 17:17:38.2",4883359,-10,-10,-10,220,-0.001,-40.01
"2020-10-04 17:17:38.3",4883360,-10,-10,-10,220,-0.001,-40.01
"2020-10-04 17:17:38.4",4883361,-10,-10,-10,220,-0.001,-40.01
"2020-10-04 17:17:38.5",4883362,-10,-10,-10,220,-0.001,-40.01
"2020-10-04 17:17:38.6",4883363,-10,-10,-10,220,-0.001,-40.01
"2020-10-04 17:17:38.7",4883364,-10,-10,-10,220,-0.001,-40.01
"2020-10-04 17:17:38.8",4883365,-10,-10,-10,220,-0.001,-40.01
"2020-10-04 17:17:38.9",4883366,-10,-10,-10,220,-0.001,-40.01
"2020-10-04 17:17:39",4883367,-10,-10,-10,220,-0.001,-40.01
"2020-10-04 17:17:39.1",4883368,-10,-10,-10,220,-0.001,-40.01
"2020-10-04 17:17:39.2",4883369,-10,-10,-10,220,-0.001,-40.01
"2020-10-04 17:17:39.3",4883370,-10,-10,-10,220,-0.001,-40.01
"2020-10-04 17:17:39.4",4883371,-10,-10,-10,220,-0.001,-40.01
"2020-10-04 17:17:39.5",4883372,-10,-10,-10,220,-0.001,-40.01
"2020-10-04 17:17:39.6",4883373,-10,-10,-10,220,-0.001,-40.01
"2020-10-04 17:17:39.7",4883374,-10,-10,-10,220,-0.001,-40.01
"2020-10-04 17:17:39.8",4883375,-10,-10,-10,220,-0.001,-40.01
"2020-10-04 17:17:39.9",4883376,-10,-10,-10,220,-0.001,-40.01
"2020-10-04 17:17:40",4883377,-10,-10,-10,220,-0.001,-40.01
"2020-10-04 17:17:40.1",4883378,-10,-10,-10,220,-0.001,-40.01
"2020-10-04 17:17:40.2",4883379,-10,-10,-10,220,-0.001,-40.01
"2020-10-04 17:17:40.3",4883380,-10,-10,-10,220,-0.001,-40.01
"2020-10-04 17:17:40.4",4883381,-10,-10,-10,220,-0.001,-40.01
"2020-10-04 17:17:40.5",4883382,-10,-10,-10,220,-0.001,-40.01
"2020-10-04 17:17:40.6",4883383,-10,-10,-10,220,-0.001,-40.01
"2020-10-04 17:17:40.7",4883384,-10,-10,-10,220,-0.001,-40.01
"2020-10-04 17:17:40.8",4883385,-10,-10,-10,220,-0.001,-40.01
"2020-10-04 17:17:40.9",4883386,-10,-10,-10,220,-0.001,-40.01
"2020-10-04 17:17:41",4883387,-10,-10,-10,220,-0.001,-40.01
"2020-10-04 17:17:41.1",4883388,-10,-10,-10,220,-0.001,-40.01
"2020-10-04 17:17:41.2",4883389,-10,-10,-10,220,-0.001,-40.01
"2020-10-04 17:17:41.3",4883390,-10,-10,-10,220,-0.001,-40.01
"2020-10-04 17:17:41.4",4883391,-10,-10,-10,220,-0.001,-40.01
"2020-10-04 17:17:41.5",4883392,-10,-10,-10,220,-0.001,-40.01
"2020-10-04 17:17:41.6",4883393,-10,-10,-10,220,-0.001,-40.01
"2020-10-04 17:17:41.7",4883394,-10,-10,-10,220,-0.001,-40.01
"2020-10-04 17:17:41.8",4883395,-10,-10,-10,220,-0.001,-40.01
"2020-10-04 17:17:41.9",4883396,-10,-10,-10,220,-0.001,-40.01
"2020-10-04 17:17:42",4883397,-10,-10,-10,220,-0.001,-40.01
"2020-10-04 17:17:42.1",4883398,-10,-10,-10,220,-0.001,-40.01
"2020-10-04 17:17:42.2",4883399,-10,-10,-10,220,-0.001,-40.01
"2020-10-04 17:17:42.3",4883400,-10,-10,-10,220,-0.001,-40.01
"2020-10-04 17:17:42.4",4883401,-10,-10,-10,220,-0.001,-40.01
"2020-10-04 17:17:42.5",4883402,-10,-10,-10,220,-0.001,-40.01
"2020-10-04 17:17:42.6",4883403,-10,-10,-10,220,-0.001,-40.01
"2020-10-04 17:17:42.7",4883404,-10,-10,-10,220,-0.001,-40.01
"2020-10-04 17:17:42.8",4883405,-10,-10,-10,220,-0.001,-40.01
"2020-10-04 17:17:42.9",4883406,-10,-10,-10,220,-0.001,-40.01
"2020-10-04 17:17:43",4883407,-10,-10,-10,220,-0.001,-40.01
"2020-10-04 17:17:43.1",4883408,-10,-10,-10,220,-0.001,-40.01
"2020-10-04 17:17:43.2",4883409,-10,-10,-10,220,-0.001,-40.01
"2020-10-04 17:17:43.3",4883410,-10,-10,-10,220,-0.001,-40.01
"2020-10-04 17:17:43.4",4883411,-10,-10,-10,220,-0.001,-40.01
"2020-10-04 17:17:43.5",4883412,-10,-10,-10,220,-0.001,-40.01
"2020-10-04 17:17:43.6",4883413,-10,-10,-10,220,-0.001,-40.01
"2020-10-04 17:17:43.7",4883414,-10,-10,-10,220,-0.001,-40.01
"2020-10-04 17:17:43.8",4883415,-10,-10,-10,220,-0.001,-40.01
"2020-10-04 17:17:43.9",4883416,-10,-10,-10,220,-0.001,-40.01
"2020-10-04 17:17:44",4883417,-10,-10,-10,220,-0.001,-40.01
"2020-10-04 17:17:44.1",4883418,-10,-10,-10,220,-0.001,-40.01
"2020-10-04 17:17:44.2",4883419,-10,-10,-10,220,-0.001,-40.01
"2020-10-04 17:17:44.3",4883420,-10,-10,-10,220,-0.001,-40.01
"2020-10-04 17:17:44.4",4883421,-10,-10,-10,220,-0.001,-40.01
"2020-10-04 17:17:44.5",4883422,-10,-10,-10,220,-0.001,-40.01
"2020-10-04 17:17:44.6",4883423,-10,-10,-10,220,-0.001,-40.01
"2020-10-04 17:17:44.7",4883424,-10,-10,-10,220,-0.001,-40.01
"2020-10-04 17:17:44.8",4883425,-10,-10,-10,220,-0.001,-40.01
"2020-10-04 17:17:44.9",4883426,-10,-10,-10,220,-0.001,-40.01
"2020-10-04 17:17:45",4883427,-10,-10,-10,220,-0.001,-40.01
"2020-10-04 17:17:45.1",4883428,-10,-10,-10,220,-0.001,-40.01
"2020-10-04 17:17:45.2",4883429,-10,-10,-10,220,-0.001,-40.01
"2020-10-04 17:17:45.3",4883430,-10,-10,-10,220,-0.001,-40.01
"2020-10-04 17:17:45.4",4883431,-10,-10,-10,220,-0.001,-40.01
"2020-10-04 17:17:45.5",4883432,-10,-10,-10,220,-0.001,-40.01
"2020-10-04 17:17:45.6",4883433,-10,-10,-10,220,-0.001,-40.01
"2020-10-04 17:17:45.7",4883434,-10,-10,-10,220,-0.001,-40.01
"2020-10-04 17:17:45.8",4883435,-10,-10,-10,220,-0.001,-40.01
"2020-10-04 17:17:45.9",4883436,-10,-10,-10,220,-0.001,-40.01
"2020-10-04 17:17:46",4883437,-10,-10,-10,220,-0.001,-40.01
"2020-10-04 17:17:46.1",4883438,-10,-10,-10,220,-0.001,-40.01
"2020-10-04 17:17:46.2",4883439,-10,-10,-10,220,-0.001,-40.01
"2020-10-04 17:17:46.3",4883440,-10,-10,-10,220,-0.001,-40.01
"2020-10-04 17:17:46.4",4883441,-10,-10,-10,220,-0.001,-40.01
"2020-10-04 17:17:46.5",4883442,-10,-10,-10,220,-0.001,-40.01
"2020-10-04 17:17:46.6",4883443,-10,-10,-10,220,-0.001,-40.01
"2020-10-04 17:17:46.7",4883444,-10,-10,-10,220,-0.001,-40.01
"2020-10-04 17:17:46.8",4883445,-10,-10,-10,220,-0.001,-40.01
"2020-10-04 17:17:46.9",4883446,-10,-10,-10,220,-0.001,-40.01
"2020-10-04 17:17:47",4883447,-10,-10,-10,220,-0.001,-40.01
"2020-10-04 17:17:47.1",4883448,-10,-10,-10,220,-0.001,-40.01
"2020-10-04 17:17:47.2",4883449,-10,-10,-10,220,-0.001,-40.01
"2020-10-04 17:17:47.3",4883450,-10,-10,-10,220,-0.001,-40.01
"2020-10-04 17:17:47.4",4883451,-10,-10,-10,220,-0.001,-40.01
"2020-10-04 17:17:47.5",4883452,-10,-10,-10,220,-0.001,-40.01
"2020-10-04 17:17:47.6",4883453,-10,-10,-10,220,-0.001,-40.01
"2020-10-04 17:17:47.7",4883454,-10,-10,-10,220,-0.001,-40.01
"2020-10-04 17:17:47.8",4883455,-10,-10,-10,220,-0.001,-40.01
"2020-10-04 17:17:47.9",4883456,-10,-10,-10,220,-0.001,-40.01
"2020-10-04 17:17:48",4883457,-10,-10,-10,220,-0.001,-40.01
"2020-10-04 17:17:48.1",4883458,-10,-10,-10,220,-0.001,-40.01
"2020-10-04 17:17:48.2",4883459,-10,-10,-10,220,-0.001,-40.01
"2020-10-04 17:17:48.3",4883460,-10,-10,-10,220,-0.001,-40.01
"2020-10-04 17:17:48.4",4883461,-10,-10,-10,220,-0.001,-40.01
"2020-10-04 17:17:48.5",4883462,-10,-10,-10,220,-0.001,-40.01
"2020-10-04 17:17:48.6",4883463,-10,-10,-10,220,-0.001,-40.01
"2020-10-04 17:17:48.7",4883464,-10,-10,-10,220,-0.001,-40.01
"2020-10-04 17:17:48.8",4883465,-10,-10,-10,220,-0.001,-40.01
"2020-10-04 17:17:48.9",4883466,-10,-10,-10,220,-0.001,-40.01
"2020-10-04 17:17:49",4883467,-10,-10,-10,220,-0.001,-40.01
"2020-10-04 17:17:49.1",4883468,-10,-10,-10,220,-0.001,-40.01
"2020-10-04 17:17:49.2",4883469,-10,-10,-10,220,-0.001,-40.01
"2020-10-04 17:17:49.3",4883470,-10,-10,-10,220,-0.001,-40.01
"2020-10-04 17:17:49.4",4883471,-10,-10,-10,220,-0.001,-40.01
"2020-10-04 17:17:49.5",4883472,-10,-10,-10,220,-0.002,-40.01
"2020-10-04 17:17:49.6",4883473,-10,-10,-10,220,-0.001,-40.01
"2020-10-04 17:17:49.7",4883474,-10,-10,-10,220,-0.001,-40.01
"2020-10-04 17:17:49.8",4883475,-10,-10,-10,220,-0.001,-40.01
"2020-10-04 17:17:49.9",4883476,-10,-10,-10,220,-0.001,-40.01
"2020-10-04 17:17:50",4883477,-10,-10,-10,220,-0.001,-40.01
"2020-10-04 17:17:50.1",4883478,-10,-10,-10,220,-0.001,-40.01
"2020-10-04 17:17:50.2",4883479,-10,-10,-10,220,-0.001,-40.01
"2020-10-04 17:17:50.3",4883480,-10,-10,-10,220,-0.001,-40.01
"2020-10-04 17:17:50.4",4883481,-10,-10,-10,220,-0.001,-40.01
"2020-10-04 17:17:50.5",4883482,-10,-10,-10,220,-0.001,-40.01
"2020-10-04 17:17:50.6",4883483,-10,-10,-10,220,-0.001,-40.01
"2020-10-04 17:17:50.7",4883484,-10,-10,-10,220,-0.001,-40.01
"2020-10-04 17:17:50.8",4883485,-10,-10,-10,220,-0.001,-40.01
"2020-10-04 17:17:50.9",4883486,-10,-10,-10,220,-0.001,-40.01
