"TOA5","10329","CR6","10329","CR6.Std.09.01 CR6-WIFI.04.00.01","CPU:YOUNG81000_HMP60_10Hz.CR6","51185","Young10Hz_hmp"
"TIMESTAMP","RECORD","U","V","W","TSonic","RH","T_HMP60"
"TS","RN","mV","mV","mV","mV","%","Deg C"
"","","Smp","Smp","Smp","Smp","Smp","Smp"
"2020-10-08 09:25:17.2",8046921,0.002,-0.242,-0.197,295.5,31.65,21.78
"2020-10-08 09:25:17.3",8046922,0.002,-0.242,-0.196,295.5,31.65,21.78
"2020-10-08 09:25:17.4",8046923,-0.028,-0.393,-0.138,295.7,31.65,21.78
"2020-10-08 09:25:17.5",8046924,-0.028,-0.393,-0.138,295.7,31.65,21.78
"2020-10-08 09:25:17.6",8046925,-0.018,-0.373,-0.158,295.6,31.65,21.78
"2020-10-08 09:25:17.7",8046926,-0.018,-0.373,-0.157,295.6,31.65,21.78
"2020-10-08 09:25:17.8",8046927,-0.018,-0.373,-0.158,295.6,31.65,21.78
"2020-10-08 09:25:17.9",8046928,0.051,-0.31,-0.094,295.5,31.7,21.8
"2020-10-08 09:25:18",8046929,0.051,-0.31,-0.094,295.5,31.65,21.78
"2020-10-08 09:25:18.1",8046930,-0.12,-0.364,0.005,295.5,31.65,21.78
"2020-10-08 09:25:18.2",8046931,-0.12,-0.363,0.005,295.5,31.65,21.78
"2020-10-08 09:25:18.3",8046932,-0.121,-0.363,0.005,295.5,31.65,21.78
"2020-10-08 09:25:18.4",8046933,-0.018,-0.363,-0.026,295.3,31.65,21.78
"2020-10-08 09:25:18.5",8046934,-0.018,-0.363,-0.026,295.3,31.65,21.79
"2020-10-08 09:25:18.6",8046935,-0.018,-0.373,-0.157,295.3,31.65,21.78
"2020-10-08 09:25:18.7",8046936,-0.018,-0.373,-0.157,295.3,31.65,21.78
"2020-10-08 09:25:18.8",8046937,-0.018,-0.373,-0.158,295.3,31.65,21.79
"2020-10-08 09:25:18.9",8046938,-0.267,-0.412,-0.065,295.4,31.65,21.78
"2020-10-08 09:25:19",8046939,-0.267,-0.413,-0.065,295.4,31.65,21.78
"2020-10-08 09:25:19.1",8046940,-0.34,-0.364,-0.016,295.5,31.65,21.79
"2020-10-08 09:25:19.2",8046941,-0.34,-0.364,-0.016,295.5,31.66,21.82
"2020-10-08 09:25:19.3",8046942,-0.34,-0.364,-0.016,295.5,31.65,21.79
"2020-10-08 09:25:19.4",8046943,-0.12,-0.373,-0.128,295.5,31.65,21.78
"2020-10-08 09:25:19.5",8046944,-0.121,-0.373,-0.128,295.5,31.65,21.78
"2020-10-08 09:25:19.6",8046945,0.07,-0.242,-0.036,295.6,31.65,21.78
"2020-10-08 09:25:19.7",8046946,0.07,-0.242,-0.035,295.6,31.65,21.78
"2020-10-08 09:25:19.8",8046947,0.07,-0.242,-0.035,295.6,31.65,21.78
"2020-10-08 09:25:19.9",8046948,0.153,-0.271,-0.045,295.8,31.65,21.78
"2020-10-08 09:25:20",8046949,0.153,-0.271,-0.045,295.8,31.65,21.78
"2020-10-08 09:25:20.1",8046950,0.173,-0.232,-0.016,295.9,31.65,21.79
"2020-10-08 09:25:20.2",8046951,0.173,-0.232,-0.016,295.9,31.65,21.79
"2020-10-08 09:25:20.3",8046952,0.173,-0.232,-0.016,295.9,31.65,21.79
"2020-10-08 09:25:20.4",8046953,0.114,-0.271,-0.104,295.7,31.69,21.79
"2020-10-08 09:25:20.5",8046954,0.114,-0.271,-0.104,295.7,31.65,21.78
"2020-10-08 09:25:20.6",8046955,0.012,-0.281,-0.036,295.5,31.65,21.78
"2020-10-08 09:25:20.7",8046956,0.012,-0.281,-0.035,295.5,31.65,21.78
"2020-10-08 09:25:20.8",8046957,0.012,-0.281,-0.036,295.5,31.65,21.78
"2020-10-08 09:25:20.9",8046958,-0.018,-0.271,-0.016,295.6,31.65,21.78
"2020-10-08 09:25:21",8046959,-0.018,-0.271,-0.016,295.6,31.65,21.78
"2020-10-08 09:25:21.1",8046960,-0.018,-0.232,0.005,295.6,31.65,21.79
"2020-10-08 09:25:21.2",8046961,-0.018,-0.232,0.005,295.6,31.65,21.79
"2020-10-08 09:25:21.3",8046962,-0.018,-0.232,0.005,295.6,31.65,21.78
"2020-10-08 09:25:21.4",8046963,-0.008,-0.202,0.034,295.6,31.65,21.79
"2020-10-08 09:25:21.5",8046964,-0.008,-0.203,0.034,295.6,31.65,21.78
"2020-10-08 09:25:21.6",8046965,-0.057,-0.144,0.044,295.6,31.65,21.78
"2020-10-08 09:25:21.7",8046966,-0.057,-0.144,0.044,295.6,31.68,21.83
"2020-10-08 09:25:21.8",8046967,-0.057,-0.144,0.044,295.6,31.64,21.78
"2020-10-08 09:25:21.9",8046968,0.021,-0.115,0.025,295.6,31.64,21.79
"2020-10-08 09:25:22",8046969,0.022,-0.115,0.025,295.6,31.64,21.79
"2020-10-08 09:25:22.1",8046970,-0.008,-0.163,0.074,295.6,31.63,21.79
"2020-10-08 09:25:22.2",8046971,-0.008,-0.163,0.073,295.6,31.63,21.79
"2020-10-08 09:25:22.3",8046972,-0.008,-0.163,0.073,295.6,31.63,21.79
"2020-10-08 09:25:22.4",8046973,-0.008,-0.115,0.034,295.6,31.63,21.79
"2020-10-08 09:25:22.5",8046974,-0.008,-0.115,0.035,295.6,31.63,21.79
"2020-10-08 09:25:22.6",8046975,-0.14,-0.031,-0.006,295.7,31.63,21.78
"2020-10-08 09:25:22.7",8046976,-0.14,-0.031,-0.006,295.7,31.63,21.78
"2020-10-08 09:25:22.8",8046977,-0.14,-0.031,-0.006,295.7,31.63,21.78
"2020-10-08 09:25:22.9",8046978,-0.218,-0.002,-0.016,295.6,31.65,21.78
"2020-10-08 09:25:23",8046979,-0.218,-0.002,-0.016,295.6,31.63,21.78
"2020-10-08 09:25:23.1",8046980,-0.189,0.008,-0.074,295.6,31.63,21.78
"2020-10-08 09:25:23.2",8046981,-0.189,0.008,-0.074,295.6,31.63,21.79
"2020-10-08 09:25:23.3",8046982,-0.189,0.008,-0.075,295.6,31.63,21.79
"2020-10-08 09:25:23.4",8046983,-0.277,-0.022,-0.104,295.5,31.63,21.78
"2020-10-08 09:25:23.5",8046984,-0.277,-0.022,-0.103,295.5,31.63,21.78
"2020-10-08 09:25:23.6",8046985,-0.257,-0.08,-0.074,295.5,31.63,21.78
"2020-10-08 09:25:23.7",8046986,-0.257,-0.08,-0.075,295.5,31.63,21.78
"2020-10-08 09:25:23.8",8046987,-0.257,-0.081,-0.075,295.5,31.63,21.78
"2020-10-08 09:25:23.9",8046988,-0.179,-0.09,-0.045,295.4,31.63,21.78
"2020-10-08 09:25:24",8046989,-0.179,-0.09,-0.045,295.4,31.63,21.79
"2020-10-08 09:25:24.1",8046990,-0.179,-0.09,-0.045,295.4,31.63,21.79
"2020-10-08 09:25:24.2",8046991,-0.179,-0.09,-0.045,295.4,31.66,21.84
"2020-10-08 09:25:24.3",8046992,-0.179,-0.09,-0.045,295.4,31.63,21.79
"2020-10-08 09:25:24.4",8046993,-0.228,-0.08,-0.084,295.4,31.63,21.79
"2020-10-08 09:25:24.5",8046994,-0.228,-0.08,-0.084,295.4,31.63,21.79
"2020-10-08 09:25:24.6",8046995,-0.14,-0.08,-0.138,295.4,31.63,21.79
"2020-10-08 09:25:24.7",8046996,-0.14,-0.081,-0.138,295.4,31.63,21.79
"2020-10-08 09:25:24.8",8046997,-0.14,-0.081,-0.138,295.4,31.63,21.79
"2020-10-08 09:25:24.9",8046998,-0.296,-0.032,-0.157,295.5,31.63,21.79
"2020-10-08 09:25:25",8046999,-0.296,-0.032,-0.158,295.5,31.63,21.79
"2020-10-08 09:25:25.1",8047000,-0.13,-0.251,-0.128,295.6,31.63,21.79
"2020-10-08 09:25:25.2",8047001,-0.13,-0.251,-0.128,295.6,31.63,21.79
"2020-10-08 09:25:25.3",8047002,-0.13,-0.251,-0.128,295.6,31.63,21.79
"2020-10-08 09:25:25.4",8047003,-0.096,-0.212,-0.177,295.6,31.63,21.79
"2020-10-08 09:25:25.5",8047004,-0.096,-0.212,-0.177,295.6,31.63,21.78
"2020-10-08 09:25:25.6",8047005,-0.018,-0.281,-0.158,295.7,31.63,21.78
"2020-10-08 09:25:25.7",8047006,-0.018,-0.281,-0.158,295.7,31.63,21.78
"2020-10-08 09:25:25.8",8047007,-0.018,-0.281,-0.158,295.7,31.63,21.78
"2020-10-08 09:25:25.9",8047008,-0.018,-0.242,-0.177,295.7,31.63,21.79
"2020-10-08 09:25:26",8047009,-0.018,-0.242,-0.177,295.7,31.63,21.79
"2020-10-08 09:25:26.1",8047010,-0.077,-0.334,-0.158,295.6,31.63,21.79
"2020-10-08 09:25:26.2",8047011,-0.077,-0.334,-0.158,295.6,31.63,21.79
"2020-10-08 09:25:26.3",8047012,-0.077,-0.334,-0.158,295.6,31.63,21.79
"2020-10-08 09:25:26.4",8047013,-0.228,-0.251,-0.158,295.5,31.63,21.79
"2020-10-08 09:25:26.5",8047014,-0.228,-0.251,-0.158,295.5,31.63,21.79
"2020-10-08 09:25:26.6",8047015,-0.286,-0.183,-0.128,295.4,31.63,21.79
"2020-10-08 09:25:26.7",8047016,-0.286,-0.183,-0.128,295.4,31.66,21.84
"2020-10-08 09:25:26.8",8047017,-0.286,-0.183,-0.128,295.4,31.63,21.78
"2020-10-08 09:25:26.9",8047018,-0.267,-0.144,-0.104,295.5,31.63,21.78
"2020-10-08 09:25:27",8047019,-0.267,-0.144,-0.104,295.5,31.63,21.79
"2020-10-08 09:25:27.1",8047020,-0.257,-0.08,-0.074,295.5,31.63,21.79
"2020-10-08 09:25:27.2",8047021,-0.257,-0.08,-0.074,295.5,31.63,21.79
"2020-10-08 09:25:27.3",8047022,-0.257,-0.08,-0.075,295.5,31.63,21.79
"2020-10-08 09:25:27.4",8047023,-0.257,-0.08,-0.074,295.5,31.63,21.79
"2020-10-08 09:25:27.5",8047024,-0.257,-0.08,-0.074,295.5,31.63,21.79
"2020-10-08 09:25:27.6",8047025,-0.257,-0.08,-0.075,295.5,31.63,21.78
"2020-10-08 09:25:27.7",8047026,-0.257,-0.081,-0.074,295.5,31.63,21.78
"2020-10-08 09:25:27.8",8047027,-0.257,-0.081,-0.075,295.4,31.63,21.78
"2020-10-08 09:25:27.9",8047028,-0.238,-0.041,-0.035,295.5,31.63,21.79
"2020-10-08 09:25:28",8047029,-0.238,-0.041,-0.035,295.5,31.63,21.78
"2020-10-08 09:25:28.1",8047030,-0.238,-0.041,-0.035,295.5,31.63,21.78
"2020-10-08 09:25:28.2",8047031,-0.238,-0.041,-0.035,295.5,31.63,21.78
"2020-10-08 09:25:28.3",8047032,-0.238,-0.041,-0.036,295.5,31.63,21.78
"2020-10-08 09:25:28.4",8047033,-0.131,-0.154,-0.006,295.5,31.63,21.78
"2020-10-08 09:25:28.5",8047034,-0.13,-0.154,-0.006,295.5,31.63,21.79
"2020-10-08 09:25:28.6",8047035,-0.169,-0.163,0.005,295.5,31.63,21.79
"2020-10-08 09:25:28.7",8047036,-0.169,-0.163,0.005,295.5,31.63,21.79
"2020-10-08 09:25:28.8",8047037,-0.169,-0.163,0.005,295.5,31.63,21.79
"2020-10-08 09:25:28.9",8047038,-0.13,-0.154,-0.006,295.5,31.63,21.79
"2020-10-08 09:25:29",8047039,-0.13,-0.154,-0.006,295.5,31.63,21.79
"2020-10-08 09:25:29.1",8047040,-0.008,-0.115,-0.016,295.6,31.63,21.79
"2020-10-08 09:25:29.2",8047041,-0.008,-0.115,-0.016,295.6,31.68,21.84
"2020-10-08 09:25:29.3",8047042,-0.008,-0.115,-0.016,295.6,31.63,21.79
"2020-10-08 09:25:29.4",8047043,-0.086,-0.124,0.005,295.6,31.63,21.79
"2020-10-08 09:25:29.5",8047044,-0.086,-0.124,0.005,295.6,31.63,21.78
"2020-10-08 09:25:29.6",8047045,-0.086,-0.081,0.034,295.5,31.63,21.78
"2020-10-08 09:25:29.7",8047046,-0.086,-0.081,0.034,295.5,31.63,21.78
"2020-10-08 09:25:29.8",8047047,-0.086,-0.081,0.034,295.5,31.63,21.79
"2020-10-08 09:25:29.9",8047048,-0.13,-0.163,0.073,295.6,31.63,21.78
"2020-10-08 09:25:30",8047049,-0.13,-0.163,0.073,295.6,31.63,21.78
"2020-10-08 09:25:30.1",8047050,-0.086,-0.203,0.015,295.6,31.63,21.78
"2020-10-08 09:25:30.2",8047051,-0.086,-0.202,0.015,295.6,31.63,21.79
"2020-10-08 09:25:30.3",8047052,-0.086,-0.202,0.015,295.6,31.63,21.79
"2020-10-08 09:25:30.4",8047053,-0.047,-0.193,-0.006,295.6,31.63,21.79
"2020-10-08 09:25:30.5",8047054,-0.047,-0.193,-0.006,295.6,31.63,21.8
"2020-10-08 09:25:30.6",8047055,0.09,-0.164,0.005,295.7,31.63,21.79
"2020-10-08 09:25:30.7",8047056,0.09,-0.163,0.005,295.7,31.63,21.79
"2020-10-08 09:25:30.8",8047057,0.09,-0.163,0.005,295.7,31.63,21.78
"2020-10-08 09:25:30.9",8047058,0.09,-0.163,0.005,295.7,31.63,21.78
"2020-10-08 09:25:31",8047059,0.09,-0.163,0.005,295.7,31.63,21.79
"2020-10-08 09:25:31.1",8047060,0.163,-0.134,0.015,295.7,31.63,21.79
"2020-10-08 09:25:31.2",8047061,0.163,-0.134,0.015,295.7,31.63,21.79
"2020-10-08 09:25:31.3",8047062,0.163,-0.134,0.015,295.7,31.63,21.79
"2020-10-08 09:25:31.4",8047063,0.241,-0.203,-0.016,295.8,31.63,21.79
"2020-10-08 09:25:31.5",8047064,0.241,-0.202,-0.016,295.8,31.63,21.79
"2020-10-08 09:25:31.6",8047065,0.105,-0.202,0.034,295.7,31.63,21.78
"2020-10-08 09:25:31.7",8047066,0.105,-0.202,0.034,295.7,31.68,21.83
"2020-10-08 09:25:31.8",8047067,0.105,-0.202,0.034,295.7,31.63,21.78
"2020-10-08 09:25:31.9",8047068,0.07,-0.251,0.005,295.6,31.63,21.78
"2020-10-08 09:25:32",8047069,0.07,-0.251,0.005,295.6,31.63,21.78
"2020-10-08 09:25:32.1",8047070,0.105,-0.334,0.005,295.6,31.63,21.79
"2020-10-08 09:25:32.2",8047071,0.105,-0.334,0.005,295.6,31.63,21.79
"2020-10-08 09:25:32.3",8047072,0.105,-0.334,0.005,295.6,31.63,21.79
"2020-10-08 09:25:32.4",8047073,0.032,-0.251,-0.026,295.5,31.63,21.79
"2020-10-08 09:25:32.5",8047074,0.032,-0.251,-0.025,295.5,31.63,21.79
"2020-10-08 09:25:32.6",8047075,-0.008,-0.232,-0.075,295.5,31.63,21.79
"2020-10-08 09:25:32.7",8047076,-0.008,-0.232,-0.074,295.5,31.63,21.79
"2020-10-08 09:25:32.8",8047077,-0.008,-0.232,-0.074,295.5,31.63,21.79
"2020-10-08 09:25:32.9",8047078,-0.008,-0.281,-0.016,295.4,31.63,21.79
"2020-10-08 09:25:33",8047079,-0.008,-0.281,-0.016,295.4,31.63,21.81
"2020-10-08 09:25:33.1",8047080,-0.008,-0.281,0.025,295.5,31.63,21.78
"2020-10-08 09:25:33.2",8047081,-0.008,-0.281,0.025,295.5,31.63,21.78
"2020-10-08 09:25:33.3",8047082,-0.008,-0.281,0.025,295.5,31.63,21.77
"2020-10-08 09:25:33.4",8047083,0.104,-0.29,-0.016,295.5,31.63,21.77
"2020-10-08 09:25:33.5",8047084,0.105,-0.29,-0.016,295.5,31.63,21.77
"2020-10-08 09:25:33.6",8047085,0.202,-0.212,-0.016,295.5,31.63,21.77
"2020-10-08 09:25:33.7",8047086,0.202,-0.212,-0.016,295.5,31.63,21.77
"2020-10-08 09:25:33.8",8047087,0.202,-0.212,-0.016,295.5,31.63,21.77
"2020-10-08 09:25:33.9",8047088,0.051,-0.202,-0.084,295.5,31.63,21.77
"2020-10-08 09:25:34",8047089,0.051,-0.202,-0.084,295.5,31.63,21.77
"2020-10-08 09:25:34.1",8047090,0.032,-0.261,-0.084,295.4,31.63,21.77
"2020-10-08 09:25:34.2",8047091,0.031,-0.261,-0.084,295.4,31.68,21.79
"2020-10-08 09:25:34.3",8047092,0.031,-0.261,-0.084,295.4,31.63,21.77
"2020-10-08 09:25:34.4",8047093,0.012,-0.202,-0.177,295.5,31.63,21.77
"2020-10-08 09:25:34.5",8047094,0.012,-0.202,-0.177,295.5,31.63,21.77
"2020-10-08 09:25:34.6",8047095,0.022,-0.124,-0.104,295.5,31.63,21.77
"2020-10-08 09:25:34.7",8047096,0.022,-0.124,-0.104,295.5,31.63,21.77
"2020-10-08 09:25:34.8",8047097,0.022,-0.124,-0.104,295.5,31.63,21.77
"2020-10-08 09:25:34.9",8047098,-0.018,-0.124,-0.158,295.5,31.63,21.77
"2020-10-08 09:25:35",8047099,-0.018,-0.124,-0.158,295.5,31.63,21.77
"2020-10-08 09:25:35.1",8047100,-0.047,-0.051,-0.138,295.5,31.63,21.77
"2020-10-08 09:25:35.2",8047101,-0.047,-0.051,-0.138,295.5,31.63,21.77
"2020-10-08 09:25:35.3",8047102,-0.047,-0.051,-0.138,295.5,31.63,21.77
"2020-10-08 09:25:35.4",8047103,-0.16,-0.051,-0.084,295.5,31.63,21.77
"2020-10-08 09:25:35.5",8047104,-0.16,-0.051,-0.084,295.5,31.63,21.8
"2020-10-08 09:25:35.6",8047105,-0.218,-0.07,-0.016,295.5,31.63,21.77
"2020-10-08 09:25:35.7",8047106,-0.218,-0.07,-0.016,295.5,31.63,21.77
"2020-10-08 09:25:35.8",8047107,-0.218,-0.071,-0.016,295.5,31.63,21.76
"2020-10-08 09:25:35.9",8047108,-0.33,-0.071,-0.045,295.6,31.63,21.77
"2020-10-08 09:25:36",8047109,-0.331,-0.071,-0.045,295.6,31.63,21.77
"2020-10-08 09:25:36.1",8047110,-0.33,-0.193,-0.045,295.5,31.63,21.77
"2020-10-08 09:25:36.2",8047111,-0.33,-0.193,-0.045,295.5,31.63,21.77
"2020-10-08 09:25:36.3",8047112,-0.331,-0.193,-0.045,295.5,31.63,21.77
"2020-10-08 09:25:36.4",8047113,-0.287,-0.281,-0.016,295.6,31.63,21.77
"2020-10-08 09:25:36.5",8047114,-0.286,-0.28,-0.016,295.6,31.63,21.77
"2020-10-08 09:25:36.6",8047115,-0.096,-0.281,-0.035,295.6,31.63,21.77
"2020-10-08 09:25:36.7",8047116,-0.096,-0.281,-0.035,295.6,31.68,21.77
"2020-10-08 09:25:36.8",8047117,-0.096,-0.281,-0.035,295.6,31.63,21.76
"2020-10-08 09:25:36.9",8047118,0.002,-0.232,-0.065,295.6,31.63,21.77
"2020-10-08 09:25:37",8047119,0.002,-0.232,-0.065,295.6,31.63,21.76
"2020-10-08 09:25:37.1",8047120,0.012,-0.202,-0.104,295.6,31.63,21.77
"2020-10-08 09:25:37.2",8047121,0.012,-0.202,-0.104,295.6,31.63,21.77
"2020-10-08 09:25:37.3",8047122,0.012,-0.203,-0.104,295.6,31.63,21.77
"2020-10-08 09:25:37.4",8047123,0.08,-0.252,-0.104,295.6,31.63,21.76
"2020-10-08 09:25:37.5",8047124,0.08,-0.252,-0.104,295.6,31.63,21.77
"2020-10-08 09:25:37.6",8047125,0.114,-0.212,-0.016,295.6,31.63,21.77
"2020-10-08 09:25:37.7",8047126,0.114,-0.212,-0.016,295.6,31.63,21.76
"2020-10-08 09:25:37.8",8047127,0.114,-0.212,-0.016,295.6,31.63,21.76
"2020-10-08 09:25:37.9",8047128,0.041,-0.163,-0.084,295.5,31.63,21.76
"2020-10-08 09:25:38",8047129,0.041,-0.163,-0.084,295.5,31.66,21.8
"2020-10-08 09:25:38.1",8047130,0.012,-0.202,-0.104,295.6,31.63,21.76
"2020-10-08 09:25:38.2",8047131,0.012,-0.202,-0.104,295.6,31.64,21.76
"2020-10-08 09:25:38.3",8047132,0.012,-0.203,-0.104,295.6,31.64,21.76
"2020-10-08 09:25:38.4",8047133,0.021,-0.125,-0.177,295.5,31.64,21.76
"2020-10-08 09:25:38.5",8047134,0.022,-0.124,-0.177,295.5,31.65,21.76
"2020-10-08 09:25:38.6",8047135,-0.179,-0.173,-0.104,295.5,31.65,21.76
"2020-10-08 09:25:38.7",8047136,-0.179,-0.173,-0.104,295.5,31.65,21.77
"2020-10-08 09:25:38.8",8047137,-0.179,-0.173,-0.104,295.5,31.65,21.76
"2020-10-08 09:25:38.9",8047138,-0.067,-0.163,-0.157,295.5,31.65,21.76
"2020-10-08 09:25:39",8047139,-0.067,-0.163,-0.158,295.5,31.65,21.77
"2020-10-08 09:25:39.1",8047140,-0.067,-0.163,-0.157,295.5,31.65,21.76
"2020-10-08 09:25:39.2",8047141,-0.067,-0.163,-0.157,295.5,31.67,21.76
"2020-10-08 09:25:39.3",8047142,-0.067,-0.163,-0.157,295.5,31.65,21.76
"2020-10-08 09:25:39.4",8047143,-0.047,-0.124,-0.197,295.5,31.65,21.76
"2020-10-08 09:25:39.5",8047144,-0.047,-0.125,-0.197,295.5,31.65,21.76
"2020-10-08 09:25:39.6",8047145,-0.17,-0.163,-0.035,295.4,31.65,21.76
"2020-10-08 09:25:39.7",8047146,-0.169,-0.163,-0.035,295.4,31.65,21.76
"2020-10-08 09:25:39.8",8047147,-0.169,-0.164,-0.036,295.4,31.65,21.76
"2020-10-08 09:25:39.9",8047148,-0.16,-0.051,-0.084,295.5,31.65,21.76
"2020-10-08 09:25:40",8047149,-0.159,-0.051,-0.084,295.5,31.65,21.76
"2020-10-08 09:25:40.1",8047150,-0.159,-0.051,-0.084,295.5,31.65,21.76
"2020-10-08 09:25:40.2",8047151,-0.16,-0.051,-0.084,295.5,31.65,21.76
"2020-10-08 09:25:40.3",8047152,-0.16,-0.051,-0.084,295.5,31.65,21.77
"2020-10-08 09:25:40.4",8047153,-0.16,-0.051,-0.084,295.5,31.65,21.77
"2020-10-08 09:25:40.5",8047154,-0.16,-0.051,-0.084,295.5,31.68,21.82
"2020-10-08 09:25:40.6",8047155,-0.16,-0.051,-0.084,295.5,31.65,21.77
"2020-10-08 09:25:40.7",8047156,-0.159,-0.051,-0.084,295.5,31.65,21.77
"2020-10-08 09:25:40.8",8047157,-0.16,-0.051,-0.085,295.5,31.65,21.77
"2020-10-08 09:25:40.9",8047158,-0.16,-0.051,-0.084,295.5,31.65,21.77
"2020-10-08 09:25:41",8047159,-0.16,-0.051,-0.084,295.5,31.65,21.77
"2020-10-08 09:25:41.1",8047160,-0.16,-0.051,-0.084,295.5,31.65,21.77
"2020-10-08 09:25:41.2",8047161,-0.16,-0.051,-0.084,295.5,31.65,21.77
"2020-10-08 09:25:41.3",8047162,-0.16,-0.051,-0.084,295.5,31.65,21.77
"2020-10-08 09:25:41.4",8047163,-0.159,-0.051,-0.084,295.5,31.65,21.77
"2020-10-08 09:25:41.5",8047164,-0.16,-0.051,-0.084,295.5,31.65,21.77
"2020-10-08 09:25:41.6",8047165,-0.228,-0.002,-0.158,295.5,31.65,21.77
"2020-10-08 09:25:41.7",8047166,-0.228,-0.002,-0.157,295.5,31.65,21.76
"2020-10-08 09:25:41.8",8047167,-0.228,-0.002,-0.158,295.5,31.65,21.76
"2020-10-08 09:25:41.9",8047168,-0.15,-0.124,-0.226,295.5,31.65,21.76
"2020-10-08 09:25:42",8047169,-0.15,-0.124,-0.226,295.5,31.65,21.76
"2020-10-08 09:25:42.1",8047170,-0.228,-0.173,-0.226,295.5,31.65,21.76
"2020-10-08 09:25:42.2",8047171,-0.228,-0.173,-0.226,295.5,31.65,21.76
"2020-10-08 09:25:42.3",8047172,-0.228,-0.173,-0.226,295.5,31.65,21.77
"2020-10-08 09:25:42.4",8047173,-0.208,-0.203,-0.128,295.5,31.65,21.77
"2020-10-08 09:25:42.5",8047174,-0.208,-0.202,-0.128,295.5,31.65,21.77
"2020-10-08 09:25:42.6",8047175,-0.228,-0.071,-0.084,295.6,31.65,21.77
"2020-10-08 09:25:42.7",8047176,-0.228,-0.071,-0.084,295.6,31.65,21.77
"2020-10-08 09:25:42.8",8047177,-0.228,-0.071,-0.084,295.6,31.65,21.77
"2020-10-08 09:25:42.9",8047178,-0.169,-0.061,-0.036,295.6,31.65,21.77
"2020-10-08 09:25:43",8047179,-0.169,-0.061,-0.035,295.6,31.69,21.82
"2020-10-08 09:25:43.1",8047180,-0.121,-0.154,-0.065,295.6,31.65,21.76
"2020-10-08 09:25:43.2",8047181,-0.121,-0.153,-0.065,295.6,31.65,21.76
"2020-10-08 09:25:43.3",8047182,-0.121,-0.154,-0.065,295.6,31.65,21.76
"2020-10-08 09:25:43.4",8047183,-0.086,-0.08,-0.084,295.5,31.65,21.76
"2020-10-08 09:25:43.5",8047184,-0.086,-0.08,-0.084,295.5,31.65,21.77
"2020-10-08 09:25:43.6",8047185,-0.047,-0.051,-0.065,295.6,31.65,21.77
"2020-10-08 09:25:43.7",8047186,-0.047,-0.051,-0.065,295.6,31.65,21.76
"2020-10-08 09:25:43.8",8047187,-0.047,-0.051,-0.065,295.6,31.65,21.76
"2020-10-08 09:25:43.9",8047188,-0.018,-0.08,-0.065,295.6,31.65,21.76
"2020-10-08 09:25:44",8047189,-0.018,-0.08,-0.065,295.6,31.65,21.77
"2020-10-08 09:25:44.1",8047190,0.022,-0.124,-0.104,295.6,31.65,21.77
"2020-10-08 09:25:44.2",8047191,0.022,-0.124,-0.104,295.6,31.65,21.76
"2020-10-08 09:25:44.3",8047192,0.021,-0.124,-0.104,295.6,31.65,21.77
"2020-10-08 09:25:44.4",8047193,-0.028,-0.08,-0.035,295.6,31.65,21.77
"2020-10-08 09:25:44.5",8047194,-0.028,-0.08,-0.035,295.6,31.65,21.77
"2020-10-08 09:25:44.6",8047195,-0.008,-0.032,-0.016,295.6,31.65,21.77
"2020-10-08 09:25:44.7",8047196,-0.008,-0.032,-0.016,295.6,31.65,21.77
"2020-10-08 09:25:44.8",8047197,-0.008,-0.032,-0.016,295.6,31.65,21.77
"2020-10-08 09:25:44.9",8047198,-0.028,-0.08,-0.035,295.6,31.65,21.77
"2020-10-08 09:25:45",8047199,-0.028,-0.08,-0.035,295.6,31.65,21.77
"2020-10-08 09:25:45.1",8047200,0.012,-0.041,-0.036,295.6,31.65,21.77
"2020-10-08 09:25:45.2",8047201,0.012,-0.041,-0.036,295.6,31.65,21.77
"2020-10-08 09:25:45.3",8047202,0.012,-0.041,-0.036,295.6,31.65,21.77
"2020-10-08 09:25:45.4",8047203,0.012,-0.041,-0.035,295.6,31.65,21.77
"2020-10-08 09:25:45.5",8047204,0.012,-0.041,-0.035,295.6,31.71,21.82
"2020-10-08 09:25:45.6",8047205,0.012,-0.041,-0.035,295.6,31.65,21.76
"2020-10-08 09:25:45.7",8047206,0.012,-0.041,-0.036,295.6,31.65,21.76
"2020-10-08 09:25:45.8",8047207,0.012,-0.041,-0.035,295.6,31.65,21.76
"2020-10-08 09:25:45.9",8047208,-0.018,-0.041,-0.084,295.6,31.65,21.76
"2020-10-08 09:25:46",8047209,-0.018,-0.041,-0.084,295.6,31.65,21.76
"2020-10-08 09:25:46.1",8047210,0.012,-0.041,-0.104,295.6,31.65,21.77
"2020-10-08 09:25:46.2",8047211,0.012,-0.041,-0.103,295.6,31.65,21.77
"2020-10-08 09:25:46.3",8047212,0.012,-0.041,-0.104,295.6,31.65,21.77
"2020-10-08 09:25:46.4",8047213,-0.028,-0.081,-0.035,295.5,31.65,21.77
"2020-10-08 09:25:46.5",8047214,-0.028,-0.08,-0.035,295.5,31.65,21.77
"2020-10-08 09:25:46.6",8047215,-0.028,-0.08,-0.035,295.5,31.65,21.77
"2020-10-08 09:25:46.7",8047216,-0.028,-0.08,-0.035,295.5,31.65,21.77
"2020-10-08 09:25:46.8",8047217,-0.028,-0.08,-0.036,295.5,31.65,21.79
"2020-10-08 09:25:46.9",8047218,-0.14,-0.08,-0.064,295.5,31.65,21.77
"2020-10-08 09:25:47",8047219,-0.14,-0.08,-0.065,295.5,31.65,21.77
"2020-10-08 09:25:47.1",8047220,-0.13,-0.002,-0.065,295.5,31.65,21.76
"2020-10-08 09:25:47.2",8047221,-0.13,-0.002,-0.065,295.5,31.65,21.77
"2020-10-08 09:25:47.3",8047222,-0.13,-0.002,-0.065,295.5,31.65,21.77
"2020-10-08 09:25:47.4",8047223,-0.086,0.008,-0.035,295.5,31.65,21.77
"2020-10-08 09:25:47.5",8047224,-0.086,0.008,-0.035,295.5,31.65,21.77
"2020-10-08 09:25:47.6",8047225,-0.047,-0.041,-0.006,295.5,31.65,21.77
"2020-10-08 09:25:47.7",8047226,-0.047,-0.041,-0.006,295.5,31.65,21.76
"2020-10-08 09:25:47.8",8047227,-0.047,-0.041,-0.006,295.5,31.65,21.76
"2020-10-08 09:25:47.9",8047228,-0.047,-0.041,-0.006,295.5,31.65,21.77
"2020-10-08 09:25:48",8047229,-0.047,-0.041,-0.006,295.5,31.7,21.79
"2020-10-08 09:25:48.1",8047230,-0.199,0.008,-0.006,295.5,31.65,21.76
"2020-10-08 09:25:48.2",8047231,-0.199,0.009,-0.006,295.5,31.65,21.76
"2020-10-08 09:25:48.3",8047232,-0.199,0.008,-0.006,295.5,31.65,21.77
"2020-10-08 09:25:48.4",8047233,-0.169,-0.012,0.015,295.5,31.65,21.77
"2020-10-08 09:25:48.5",8047234,-0.169,-0.012,0.015,295.5,31.65,21.77
"2020-10-08 09:25:48.6",8047235,-0.047,0.009,-0.006,295.5,31.65,21.77
"2020-10-08 09:25:48.7",8047236,-0.047,0.009,-0.006,295.5,31.65,21.77
"2020-10-08 09:25:48.8",8047237,-0.047,0.008,-0.006,295.5,31.65,21.77
"2020-10-08 09:25:48.9",8047238,-0.028,-0.002,0.025,295.5,31.65,21.77
"2020-10-08 09:25:49",8047239,-0.028,-0.002,0.024,295.5,31.65,21.77
"2020-10-08 09:25:49.1",8047240,-0.028,-0.002,0.025,295.5,31.65,21.77
"2020-10-08 09:25:49.2",8047241,-0.028,-0.002,0.025,295.5,31.65,21.77
"2020-10-08 09:25:49.3",8047242,-0.028,-0.002,0.025,295.5,31.65,21.79
"2020-10-08 09:25:49.4",8047243,-0.057,0.008,0.073,295.5,31.65,21.76
"2020-10-08 09:25:49.5",8047244,-0.057,0.008,0.073,295.5,31.65,21.76
"2020-10-08 09:25:49.6",8047245,-0.008,-0.002,0.073,295.5,31.65,21.76
"2020-10-08 09:25:49.7",8047246,-0.008,-0.002,0.074,295.5,31.65,21.77
"2020-10-08 09:25:49.8",8047247,-0.008,-0.002,0.074,295.5,31.65,21.77
"2020-10-08 09:25:49.9",8047248,-0.008,-0.002,0.074,295.5,31.65,21.76
"2020-10-08 09:25:50",8047249,-0.008,-0.002,0.074,295.5,31.65,21.77
"2020-10-08 09:25:50.1",8047250,-0.008,-0.002,0.073,295.5,31.65,21.77
"2020-10-08 09:25:50.2",8047251,-0.008,-0.002,0.073,295.5,31.65,21.77
"2020-10-08 09:25:50.3",8047252,-0.008,-0.002,0.073,295.5,31.65,21.77
"2020-10-08 09:25:50.4",8047253,0.012,0.008,0.025,295.6,31.65,21.77
"2020-10-08 09:25:50.5",8047254,0.012,0.008,0.025,295.6,31.7,21.77
"2020-10-08 09:25:50.6",8047255,-0.008,0.008,0.044,295.6,31.65,21.77
"2020-10-08 09:25:50.7",8047256,-0.008,0.008,0.044,295.6,31.65,21.77
"2020-10-08 09:25:50.8",8047257,-0.008,0.008,0.044,295.6,31.65,21.76
"2020-10-08 09:25:50.9",8047258,-0.028,-0.002,0.025,295.6,31.65,21.77
"2020-10-08 09:25:51",8047259,-0.028,-0.002,0.025,295.6,31.65,21.77
"2020-10-08 09:25:51.1",8047260,-0.008,-0.002,-0.006,295.6,31.65,21.77
"2020-10-08 09:25:51.2",8047261,-0.008,-0.002,-0.006,295.6,31.65,21.77
"2020-10-08 09:25:51.3",8047262,-0.008,-0.002,-0.006,295.6,31.65,21.77
"2020-10-08 09:25:51.4",8047263,-0.008,-0.032,-0.016,295.6,31.65,21.77
"2020-10-08 09:25:51.5",8047264,-0.008,-0.031,-0.016,295.6,31.65,21.77
"2020-10-08 09:25:51.6",8047265,-0.018,-0.081,-0.138,295.5,31.65,21.77
"2020-10-08 09:25:51.7",8047266,-0.018,-0.08,-0.138,295.5,31.65,21.77
"2020-10-08 09:25:51.8",8047267,-0.018,-0.081,-0.138,295.5,31.68,21.8
"2020-10-08 09:25:51.9",8047268,0.031,-0.002,-0.084,295.5,31.65,21.76
"2020-10-08 09:25:52",8047269,0.031,-0.002,-0.084,295.5,31.65,21.76
"2020-10-08 09:25:52.1",8047270,0.051,0.018,-0.006,295.5,31.65,21.76
"2020-10-08 09:25:52.2",8047271,0.051,0.018,-0.006,295.5,31.65,21.77
"2020-10-08 09:25:52.3",8047272,0.051,0.018,-0.006,295.5,31.65,21.77
"2020-10-08 09:25:52.4",8047273,0.09,0.008,-0.006,295.5,31.65,21.77
"2020-10-08 09:25:52.5",8047274,0.09,0.008,-0.006,295.5,31.65,21.77
"2020-10-08 09:25:52.6",8047275,0.104,-0.031,0.034,295.5,31.65,21.77
"2020-10-08 09:25:52.7",8047276,0.105,-0.032,0.034,295.5,31.65,21.77
"2020-10-08 09:25:52.8",8047277,0.105,-0.032,0.034,295.5,31.65,21.77
"2020-10-08 09:25:52.9",8047278,0.031,-0.002,0.044,295.4,31.65,21.77
"2020-10-08 09:25:53",8047279,0.031,-0.002,0.044,295.4,31.67,21.77
"2020-10-08 09:25:53.1",8047280,-0.008,-0.115,0.034,295.5,31.65,21.77
"2020-10-08 09:25:53.2",8047281,-0.008,-0.115,0.035,295.5,31.65,21.77
"2020-10-08 09:25:53.3",8047282,-0.008,-0.115,0.034,295.5,31.65,21.77
"2020-10-08 09:25:53.4",8047283,-0.106,-0.222,0.093,295.5,31.65,21.77
"2020-10-08 09:25:53.5",8047284,-0.106,-0.222,0.093,295.5,31.65,21.77
"2020-10-08 09:25:53.6",8047285,-0.208,-0.124,-0.006,295.5,31.65,21.77
"2020-10-08 09:25:53.7",8047286,-0.208,-0.124,-0.006,295.5,31.65,21.77
"2020-10-08 09:25:53.8",8047287,-0.208,-0.124,-0.006,295.5,31.65,21.77
"2020-10-08 09:25:53.9",8047288,-0.121,-0.154,-0.065,295.7,31.65,21.76
"2020-10-08 09:25:54",8047289,-0.121,-0.154,-0.065,295.7,31.65,21.77
"2020-10-08 09:25:54.1",8047290,-0.086,-0.202,0.015,295.6,31.65,21.77
"2020-10-08 09:25:54.2",8047291,-0.086,-0.202,0.015,295.6,31.65,21.77
"2020-10-08 09:25:54.3",8047292,-0.086,-0.202,0.015,295.6,31.68,21.82
"2020-10-08 09:25:54.4",8047293,-0.086,-0.261,0.117,295.5,31.65,21.76
"2020-10-08 09:25:54.5",8047294,-0.086,-0.261,0.117,295.5,31.65,21.76
"2020-10-08 09:25:54.6",8047295,-0.106,-0.222,0.093,295.5,31.65,21.76
"2020-10-08 09:25:54.7",8047296,-0.106,-0.222,0.093,295.5,31.65,21.77
"2020-10-08 09:25:54.8",8047297,-0.106,-0.222,0.093,295.5,31.65,21.76
"2020-10-08 09:25:54.9",8047298,-0.018,-0.242,-0.035,295.4,31.65,21.77
"2020-10-08 09:25:55",8047299,-0.018,-0.242,-0.035,295.4,31.65,21.77
"2020-10-08 09:25:55.1",8047300,-0.008,-0.202,-0.084,295.5,31.65,21.77
"2020-10-08 09:25:55.2",8047301,-0.008,-0.202,-0.084,295.5,31.65,21.77
"2020-10-08 09:25:55.3",8047302,-0.008,-0.202,-0.084,295.5,31.65,21.77
"2020-10-08 09:25:55.4",8047303,-0.008,-0.163,-0.065,295.5,31.65,21.77
"2020-10-08 09:25:55.5",8047304,-0.008,-0.163,-0.065,295.5,31.65,21.77
"2020-10-08 09:25:55.6",8047305,-0.067,-0.154,-0.006,295.5,31.65,21.76
"2020-10-08 09:25:55.7",8047306,-0.067,-0.154,-0.006,295.5,31.65,21.77
"2020-10-08 09:25:55.8",8047307,-0.067,-0.154,-0.006,295.5,31.65,21.77
"2020-10-08 09:25:55.9",8047308,-0.096,-0.124,0.093,295.5,31.65,21.77
"2020-10-08 09:25:56",8047309,-0.096,-0.124,0.093,295.5,31.65,21.76
"2020-10-08 09:25:56.1",8047310,-0.14,-0.081,0.074,295.5,31.65,21.77
"2020-10-08 09:25:56.2",8047311,-0.14,-0.08,0.074,295.5,31.65,21.76
"2020-10-08 09:25:56.3",8047312,-0.14,-0.081,0.073,295.5,31.65,21.77
"2020-10-08 09:25:56.4",8047313,-0.047,-0.051,0.073,295.6,31.65,21.77
"2020-10-08 09:25:56.5",8047314,-0.047,-0.051,0.074,295.6,31.65,21.77
"2020-10-08 09:25:56.6",8047315,-0.077,-0.002,0.044,295.5,31.65,21.77
"2020-10-08 09:25:56.7",8047316,-0.077,-0.002,0.044,295.5,31.65,21.77
"2020-10-08 09:25:56.8",8047317,-0.077,-0.002,0.044,295.5,31.69,21.82
"2020-10-08 09:25:56.9",8047318,-0.096,-0.041,0.015,295.5,31.65,21.77
"2020-10-08 09:25:57",8047319,-0.096,-0.041,0.015,295.5,31.65,21.77
"2020-10-08 09:25:57.1",8047320,-0.018,-0.041,0.044,295.5,31.65,21.77
"2020-10-08 09:25:57.2",8047321,-0.018,-0.041,0.044,295.5,31.65,21.77
"2020-10-08 09:25:57.3",8047322,-0.018,-0.041,0.044,295.5,31.65,21.77
"2020-10-08 09:25:57.4",8047323,-0.018,-0.08,0.074,295.5,31.65,21.77
"2020-10-08 09:25:57.5",8047324,-0.018,-0.08,0.073,295.5,31.65,21.77
"2020-10-08 09:25:57.6",8047325,-0.028,-0.071,0.015,295.5,31.65,21.77
"2020-10-08 09:25:57.7",8047326,-0.028,-0.071,0.015,295.5,31.65,21.77
"2020-10-08 09:25:57.8",8047327,-0.028,-0.071,0.015,295.5,31.65,21.77
"2020-10-08 09:25:57.9",8047328,-0.028,-0.071,0.015,295.6,31.65,21.77
"2020-10-08 09:25:58",8047329,-0.028,-0.07,0.015,295.6,31.65,21.77
"2020-10-08 09:25:58.1",8047330,0.012,-0.041,0.025,295.6,31.65,21.76
"2020-10-08 09:25:58.2",8047331,0.012,-0.041,0.025,295.6,31.65,21.77
"2020-10-08 09:25:58.3",8047332,0.012,-0.041,0.025,295.6,31.65,21.77
"2020-10-08 09:25:58.4",8047333,-0.028,-0.002,0.093,295.5,31.65,21.77
"2020-10-08 09:25:58.5",8047334,-0.028,-0.002,0.093,295.5,31.65,21.77
"2020-10-08 09:25:58.6",8047335,-0.018,-0.041,0.118,295.6,31.65,21.77
"2020-10-08 09:25:58.7",8047336,-0.018,-0.041,0.117,295.6,31.65,21.77
"2020-10-08 09:25:58.8",8047337,-0.018,-0.041,0.117,295.6,31.65,21.77
"2020-10-08 09:25:58.9",8047338,-0.018,-0.041,0.117,295.6,31.65,21.77
"2020-10-08 09:25:59",8047339,-0.018,-0.041,0.117,295.6,31.65,21.77
"2020-10-08 09:25:59.1",8047340,0.002,-0.002,0.083,295.6,31.65,21.77
"2020-10-08 09:25:59.2",8047341,0.002,-0.002,0.083,295.6,31.65,21.77
"2020-10-08 09:25:59.3",8047342,0.002,-0.002,0.083,295.6,31.7,21.82
"2020-10-08 09:25:59.4",8047343,0.002,-0.002,0.083,295.6,31.65,21.77
"2020-10-08 09:25:59.5",8047344,0.002,-0.002,0.083,295.6,31.65,21.77
"2020-10-08 09:25:59.6",8047345,-0.018,-0.041,0.044,295.6,31.65,21.77
"2020-10-08 09:25:59.7",8047346,-0.018,-0.041,0.044,295.6,31.65,21.77
"2020-10-08 09:25:59.8",8047347,-0.018,-0.041,0.044,295.6,31.65,21.77
"2020-10-08 09:25:59.9",8047348,-0.008,-0.031,-0.016,295.6,31.65,21.77
"2020-10-08 09:26:00",8047349,-0.008,-0.031,-0.016,295.6,31.65,21.76
"2020-10-08 09:26:00.1",8047350,0.07,-0.002,-0.036,295.6,31.65,21.77
"2020-10-08 09:26:00.2",8047351,0.07,-0.002,-0.035,295.6,31.65,21.77
"2020-10-08 09:26:00.3",8047352,0.07,-0.002,-0.035,295.6,31.65,21.77
"2020-10-08 09:26:00.4",8047353,0.07,-0.08,-0.045,295.5,31.65,21.77
"2020-10-08 09:26:00.5",8047354,0.07,-0.081,-0.045,295.5,31.65,21.77
"2020-10-08 09:26:00.6",8047355,0.071,-0.251,0.005,295.5,31.65,21.79
"2020-10-08 09:26:00.7",8047356,0.071,-0.251,0.005,295.5,31.65,21.76
"2020-10-08 09:26:00.8",8047357,0.07,-0.252,0.005,295.4,31.65,21.77
"2020-10-08 09:26:00.9",8047358,0.153,-0.051,-0.035,295.5,31.65,21.76
"2020-10-08 09:26:01",8047359,0.153,-0.051,-0.035,295.5,31.65,21.77
"2020-10-08 09:26:01.1",8047360,0.241,0.009,-0.026,295.6,31.65,21.77
"2020-10-08 09:26:01.2",8047361,0.241,0.008,-0.026,295.6,31.65,21.77
"2020-10-08 09:26:01.3",8047362,0.241,0.008,-0.026,295.6,31.65,21.77
"2020-10-08 09:26:01.4",8047363,0.124,0.131,-0.006,295.6,31.65,21.77
"2020-10-08 09:26:01.5",8047364,0.124,0.13,-0.006,295.6,31.65,21.77
"2020-10-08 09:26:01.6",8047365,0.002,0.17,-0.006,295.6,31.65,21.77
"2020-10-08 09:26:01.7",8047366,0.002,0.169,-0.006,295.6,31.65,21.77
"2020-10-08 09:26:01.8",8047367,0.002,0.169,-0.006,295.6,31.7,21.79
"2020-10-08 09:26:01.9",8047368,-0.008,0.13,-0.006,295.6,31.65,21.77
"2020-10-08 09:26:02",8047369,-0.008,0.131,-0.006,295.6,31.65,21.77
"2020-10-08 09:26:02.1",8047370,-0.028,0.121,-0.035,295.6,31.65,21.76
"2020-10-08 09:26:02.2",8047371,-0.028,0.121,-0.035,295.6,31.65,21.76
"2020-10-08 09:26:02.3",8047372,-0.028,0.121,-0.036,295.6,31.65,21.76
"2020-10-08 09:26:02.4",8047373,-0.008,0.087,-0.016,295.6,31.65,21.77
"2020-10-08 09:26:02.5",8047374,-0.008,0.087,-0.016,295.6,31.65,21.77
"2020-10-08 09:26:02.6",8047375,-0.008,0.096,0.044,295.6,31.65,21.77
"2020-10-08 09:26:02.7",8047376,-0.008,0.096,0.044,295.6,31.65,21.77
"2020-10-08 09:26:02.8",8047377,-0.008,0.096,0.044,295.6,31.65,21.77
"2020-10-08 09:26:02.9",8047378,-0.008,0.131,-0.006,295.6,31.65,21.77
"2020-10-08 09:26:03",8047379,-0.008,0.131,-0.006,295.6,31.65,21.77
"2020-10-08 09:26:03.1",8047380,0.002,0.17,-0.006,295.6,31.65,21.8
"2020-10-08 09:26:03.2",8047381,0.002,0.17,-0.006,295.6,31.65,21.77
"2020-10-08 09:26:03.3",8047382,0.002,0.169,-0.006,295.6,31.65,21.77
"2020-10-08 09:26:03.4",8047383,-0.008,0.096,0.044,295.6,31.65,21.76
"2020-10-08 09:26:03.5",8047384,-0.008,0.097,0.044,295.6,31.65,21.77
"2020-10-08 09:26:03.6",8047385,0.012,0.077,0.015,295.6,31.65,21.76
"2020-10-08 09:26:03.7",8047386,0.012,0.077,0.015,295.6,31.65,21.76
"2020-10-08 09:26:03.8",8047387,0.012,0.077,0.015,295.6,31.65,21.77
"2020-10-08 09:26:03.9",8047388,0.041,0.038,0.044,295.6,31.65,21.77
"2020-10-08 09:26:04",8047389,0.041,0.038,0.044,295.6,31.65,21.76
"2020-10-08 09:26:04.1",8047390,-0.028,0.047,0.093,295.6,31.65,21.76
"2020-10-08 09:26:04.2",8047391,-0.028,0.048,0.093,295.6,31.65,21.77
"2020-10-08 09:26:04.3",8047392,-0.028,0.047,0.093,295.6,31.7,21.77
"2020-10-08 09:26:04.4",8047393,-0.008,0.048,0.074,295.6,31.65,21.76
"2020-10-08 09:26:04.5",8047394,-0.008,0.047,0.074,295.6,31.65,21.76
"2020-10-08 09:26:04.6",8047395,-0.008,0.009,0.117,295.6,31.65,21.76
"2020-10-08 09:26:04.7",8047396,-0.008,0.009,0.117,295.6,31.65,21.77
"2020-10-08 09:26:04.8",8047397,-0.008,0.008,0.117,295.6,31.65,21.77
"2020-10-08 09:26:04.9",8047398,-0.008,0.008,0.117,295.6,31.65,21.77
"2020-10-08 09:26:05",8047399,-0.008,0.009,0.117,295.6,31.65,21.77
"2020-10-08 09:26:05.1",8047400,-0.038,0.038,0.083,295.7,31.65,21.77
"2020-10-08 09:26:05.2",8047401,-0.038,0.038,0.083,295.7,31.65,21.77
"2020-10-08 09:26:05.3",8047402,-0.038,0.038,0.083,295.7,31.65,21.77
"2020-10-08 09:26:05.4",8047403,-0.057,-0.041,0.137,295.7,31.65,21.77
"2020-10-08 09:26:05.5",8047404,-0.057,-0.041,0.137,295.7,31.65,21.77
"2020-10-08 09:26:05.6",8047405,-0.008,-0.051,0.117,295.7,31.68,21.8
"2020-10-08 09:26:05.7",8047406,-0.008,-0.051,0.117,295.7,31.65,21.77
"2020-10-08 09:26:05.8",8047407,-0.008,-0.051,0.117,295.7,31.65,21.77
"2020-10-08 09:26:05.9",8047408,-0.008,-0.115,0.035,295.6,31.65,21.76
"2020-10-08 09:26:06",8047409,-0.008,-0.114,0.034,295.6,31.65,21.77
"2020-10-08 09:26:06.1",8047410,-0.057,-0.125,0.073,295.6,31.65,21.76
"2020-10-08 09:26:06.2",8047411,-0.057,-0.124,0.073,295.6,31.65,21.76
"2020-10-08 09:26:06.3",8047412,-0.057,-0.124,0.074,295.6,31.65,21.76
"2020-10-08 09:26:06.4",8047413,-0.008,-0.002,0.147,295.6,31.65,21.77
"2020-10-08 09:26:06.5",8047414,-0.008,-0.002,0.147,295.6,31.65,21.77
"2020-10-08 09:26:06.6",8047415,-0.028,-0.002,0.093,295.6,31.65,21.77
"2020-10-08 09:26:06.7",8047416,-0.028,-0.002,0.093,295.6,31.65,21.77
"2020-10-08 09:26:06.8",8047417,-0.028,-0.002,0.093,295.6,31.68,21.77
"2020-10-08 09:26:06.9",8047418,-0.028,-0.002,0.093,295.6,31.65,21.76
"2020-10-08 09:26:07",8047419,-0.028,-0.002,0.093,295.6,31.65,21.76
"2020-10-08 09:26:07.1",8047420,-0.018,-0.071,-0.006,295.7,31.65,21.76
"2020-10-08 09:26:07.2",8047421,-0.018,-0.071,-0.006,295.7,31.65,21.76
"2020-10-08 09:26:07.3",8047422,-0.018,-0.071,-0.006,295.7,31.65,21.76
"2020-10-08 09:26:07.4",8047423,0.202,0.258,-0.406,295.7,31.65,21.76
"2020-10-08 09:26:07.5",8047424,0.202,0.257,-0.406,295.7,31.65,21.76
"2020-10-08 09:26:07.6",8047425,0.383,0.248,-0.426,295.7,31.65,21.76
"2020-10-08 09:26:07.7",8047426,0.383,0.248,-0.426,295.7,31.65,21.76
"2020-10-08 09:26:07.8",8047427,0.383,0.248,-0.426,295.7,31.65,21.77
"2020-10-08 09:26:07.9",8047428,0.344,0.247,-0.265,295.8,31.65,21.76
"2020-10-08 09:26:08",8047429,0.343,0.248,-0.265,295.8,31.65,21.76
"2020-10-08 09:26:08.1",8047430,0.222,0.209,-0.177,295.9,31.68,21.82
"2020-10-08 09:26:08.2",8047431,0.222,0.208,-0.177,295.9,31.65,21.76
"2020-10-08 09:26:08.3",8047432,0.222,0.209,-0.177,295.9,31.65,21.77
"2020-10-08 09:26:08.4",8047433,0.061,0.409,-0.016,295.8,31.65,21.76
"2020-10-08 09:26:08.5",8047434,0.061,0.409,-0.016,295.8,31.65,21.77
"2020-10-08 09:26:08.6",8047435,0.144,0.54,-0.026,295.6,31.65,21.77
"2020-10-08 09:26:08.7",8047436,0.144,0.541,-0.026,295.6,31.65,21.77
"2020-10-08 09:26:08.8",8047437,0.143,0.54,-0.026,295.6,31.65,21.77
"2020-10-08 09:26:08.9",8047438,0.49,0.531,-0.138,295.6,31.65,21.77
"2020-10-08 09:26:09",8047439,0.49,0.531,-0.138,295.6,31.65,21.77
"2020-10-08 09:26:09.1",8047440,0.573,1.136,0.034,295.8,31.65,21.77
"2020-10-08 09:26:09.2",8047441,0.573,1.136,0.034,295.8,31.65,21.77
"2020-10-08 09:26:09.3",8047442,0.573,1.136,0.034,295.8,31.66,21.77
"2020-10-08 09:26:09.4",8047443,0.324,1.146,-0.045,296.1,31.65,21.76
"2020-10-08 09:26:09.5",8047444,0.324,1.146,-0.045,296.1,31.66,21.76
"2020-10-08 09:26:09.6",8047445,0.08,1.288,0.117,296.1,31.66,21.76
"2020-10-08 09:26:09.7",8047446,0.08,1.288,0.117,296.1,31.66,21.77
"2020-10-08 09:26:09.8",8047447,0.08,1.288,0.117,296.1,31.66,21.77
"2020-10-08 09:26:09.9",8047448,0.134,1.346,0.015,296.1,31.67,21.77
"2020-10-08 09:26:10",8047449,0.134,1.346,0.015,296.1,31.67,21.77
"2020-10-08 09:26:10.1",8047450,0.212,1.288,0.186,296.1,31.67,21.76
"2020-10-08 09:26:10.2",8047451,0.212,1.288,0.186,296.1,31.67,21.77
"2020-10-08 09:26:10.3",8047452,0.212,1.288,0.185,296.1,31.67,21.77
"2020-10-08 09:26:10.4",8047453,0.051,1.298,-0.006,296.1,31.67,21.77
"2020-10-08 09:26:10.5",8047454,0.051,1.297,-0.006,296.1,31.67,21.77
"2020-10-08 09:26:10.6",8047455,-0.008,1.278,0.156,296,31.7,21.82
"2020-10-08 09:26:10.7",8047456,-0.008,1.278,0.156,296,31.67,21.76
"2020-10-08 09:26:10.8",8047457,-0.008,1.278,0.156,296,31.68,21.76
"2020-10-08 09:26:10.9",8047458,0.022,1.259,0.117,295.8,31.68,21.76
"2020-10-08 09:26:11",8047459,0.022,1.259,0.117,295.8,31.68,21.76
"2020-10-08 09:26:11.1",8047460,0.241,1.317,0.127,296.1,31.69,21.76
"2020-10-08 09:26:11.2",8047461,0.241,1.317,0.127,296.1,31.69,21.77
"2020-10-08 09:26:11.3",8047462,0.241,1.317,0.127,296.1,31.69,21.77
"2020-10-08 09:26:11.4",8047463,0.09,1.371,0.054,296.1,31.69,21.77
"2020-10-08 09:26:11.5",8047464,0.09,1.371,0.054,296.1,31.69,21.77
"2020-10-08 09:26:11.6",8047465,-0.028,1.307,0.195,296.1,31.69,21.77
"2020-10-08 09:26:11.7",8047466,-0.028,1.307,0.195,296.1,31.69,21.77
"2020-10-08 09:26:11.8",8047467,-0.028,1.307,0.195,296.1,31.69,21.77
"2020-10-08 09:26:11.9",8047468,0.012,1.347,0.054,296,31.69,21.77
"2020-10-08 09:26:12",8047469,0.012,1.347,0.054,296,31.71,21.77
"2020-10-08 09:26:12.1",8047470,0.163,1.297,0.108,296,31.72,21.77
"2020-10-08 09:26:12.2",8047471,0.163,1.297,0.108,296,31.73,21.77
"2020-10-08 09:26:12.3",8047472,0.163,1.297,0.107,296,31.74,21.76
"2020-10-08 09:26:12.4",8047473,0.022,1.258,0.054,295.9,31.74,21.76
"2020-10-08 09:26:12.5",8047474,0.022,1.258,0.054,295.9,31.74,21.76
"2020-10-08 09:26:12.6",8047475,-0.096,1.259,0.117,296.1,31.74,21.76
"2020-10-08 09:26:12.7",8047476,-0.096,1.258,0.117,296.1,31.75,21.76
"2020-10-08 09:26:12.8",8047477,-0.096,1.258,0.117,296.1,31.75,21.77
"2020-10-08 09:26:12.9",8047478,-0.008,1.307,0.034,296.1,31.75,21.77
"2020-10-08 09:26:13",8047479,-0.008,1.307,0.034,296.1,31.75,21.77
"2020-10-08 09:26:13.1",8047480,0.09,1.287,0.117,296.1,31.79,21.82
"2020-10-08 09:26:13.2",8047481,0.09,1.288,0.117,296.1,31.75,21.76
"2020-10-08 09:26:13.3",8047482,0.09,1.288,0.117,296.1,31.76,21.76
"2020-10-08 09:26:13.4",8047483,-0.057,1.17,0.015,296,31.76,21.76
"2020-10-08 09:26:13.5",8047484,-0.057,1.17,0.015,296,31.76,21.76
"2020-10-08 09:26:13.6",8047485,-0.189,1.18,0.186,296.1,31.77,21.77
"2020-10-08 09:26:13.7",8047486,-0.189,1.181,0.185,296.1,31.77,21.77
"2020-10-08 09:26:13.8",8047487,-0.189,1.18,0.185,296.1,31.77,21.77
"2020-10-08 09:26:13.9",8047488,-0.057,1.171,0.093,296.1,31.77,21.77
"2020-10-08 09:26:14",8047489,-0.057,1.17,0.093,296.1,31.77,21.77
"2020-10-08 09:26:14.1",8047490,0.022,1.268,0.195,296.1,31.77,21.77
"2020-10-08 09:26:14.2",8047491,0.022,1.268,0.195,296.1,31.77,21.77
"2020-10-08 09:26:14.3",8047492,0.022,1.268,0.195,296.1,31.77,21.77
"2020-10-08 09:26:14.4",8047493,-0.199,1.097,0.044,296.1,31.77,21.77
"2020-10-08 09:26:14.5",8047494,-0.199,1.097,0.044,296.1,31.78,21.77
"2020-10-08 09:26:14.6",8047495,-0.248,1.19,0.127,296.1,31.78,21.77
"2020-10-08 09:26:14.7",8047496,-0.248,1.19,0.127,296.1,31.78,21.77
"2020-10-08 09:26:14.8",8047497,-0.248,1.19,0.127,296.1,31.78,21.77
"2020-10-08 09:26:14.9",8047498,-0.13,0.809,0.034,296.1,31.79,21.77
"2020-10-08 09:26:15",8047499,-0.13,0.809,0.034,296.1,31.79,21.77
"2020-10-08 09:26:15.1",8047500,-0.008,0.99,0.176,296.1,31.79,21.77
"2020-10-08 09:26:15.2",8047501,-0.008,0.99,0.176,296.1,31.79,21.77
"2020-10-08 09:26:15.3",8047502,-0.008,0.989,0.176,296.1,31.79,21.77
"2020-10-08 09:26:15.4",8047503,-0.189,1.19,0.108,296.1,31.79,21.77
"2020-10-08 09:26:15.5",8047504,-0.189,1.19,0.108,296.1,31.79,21.76
"2020-10-08 09:26:15.6",8047505,-0.257,1.127,0.117,296.1,31.85,21.82
"2020-10-08 09:26:15.7",8047506,-0.257,1.127,0.117,296.1,31.79,21.76
"2020-10-08 09:26:15.8",8047507,-0.257,1.126,0.117,296.1,31.8,21.76
"2020-10-08 09:26:15.9",8047508,-0.067,0.887,0.034,296.2,31.8,21.76
"2020-10-08 09:26:16",8047509,-0.067,0.887,0.034,296.2,31.8,21.76
"2020-10-08 09:26:16.1",8047510,0.031,1,0.127,296.1,31.8,21.76
"2020-10-08 09:26:16.2",8047511,0.031,0.999,0.127,296.1,31.81,21.76
"2020-10-08 09:26:16.3",8047512,0.031,0.999,0.127,296.1,31.81,21.76
"2020-10-08 09:26:16.4",8047513,-0.199,0.926,0.108,295.8,31.81,21.76
"2020-10-08 09:26:16.5",8047514,-0.199,0.927,0.108,295.8,31.81,21.76
"2020-10-08 09:26:16.6",8047515,-0.277,0.97,0.186,295.8,31.81,21.76
"2020-10-08 09:26:16.7",8047516,-0.277,0.97,0.185,295.8,31.81,21.77
"2020-10-08 09:26:16.8",8047517,-0.277,0.97,0.186,295.8,31.81,21.77
"2020-10-08 09:26:16.9",8047518,-0.316,1.029,0.205,295.9,31.81,21.79
"2020-10-08 09:26:17",8047519,-0.316,1.029,0.205,295.9,31.81,21.76
"2020-10-08 09:26:17.1",8047520,-0.067,0.799,0.264,295.8,31.82,21.76
