"TOA5","10329","CR6","10329","CR6.Std.09.01 CR6-WIFI.04.00.01","CPU:YOUNG81000_HMP60_10Hz.CR6","51185","Young10Hz_hmp"
"TIMESTAMP","RECORD","U","V","W","TSonic","RH","T_HMP60"
"TS","RN","mV","mV","mV","mV","%","Deg C"
"","","Smp","Smp","Smp","Smp","Smp","Smp"
"2020-10-06 08:50:51",6307287,-10,-10,-10,220,-0.002,-40.01
"2020-10-06 08:50:51.1",6307288,-10,-10,-10,220,-0.002,-40.01
"2020-10-06 08:50:51.2",6307289,-10,-10,-10,220,-0.002,-40.01
"2020-10-06 08:50:51.3",6307290,-10,-10,-10,220,-0.002,-40.01
"2020-10-06 08:50:51.4",6307291,-10,-10,-10,220,-0.002,-40.01
"2020-10-06 08:50:51.5",6307292,-10,-10,-10,220,-0.002,-40.01
"2020-10-06 08:50:51.6",6307293,-10,-10,-10,220,-0.002,-40.01
"2020-10-06 08:50:51.7",6307294,-10,-10,-10,220,-0.002,-40.01
"2020-10-06 08:50:51.8",6307295,-10,-10,-10,220,-0.002,-40.01
"2020-10-06 08:50:51.9",6307296,-10,-10,-10,220,-0.002,-40.01
"2020-10-06 08:50:52",6307297,-10,-10,-10,220,-0.002,-40.01
"2020-10-06 08:50:52.1",6307298,-10,-10,-10,220,-0.002,-40.01
"2020-10-06 08:50:52.2",6307299,-10,-10,-10,220,-0.002,-40.01
"2020-10-06 08:50:52.3",6307300,-10,-10,-10,220,-0.002,-40.01
"2020-10-06 08:50:52.4",6307301,-10,-10,-10,220,-0.002,-40.01
"2020-10-06 08:50:52.5",6307302,-10,-10,-10,220,-0.002,-40.01
"2020-10-06 08:50:52.6",6307303,-10,-10,-10,220,-0.002,-40.01
"2020-10-06 08:50:52.7",6307304,-10,-10,-10,220,-0.002,-40.01
"2020-10-06 08:50:52.8",6307305,-10,-10,-10,220,-0.002,-40.01
"2020-10-06 08:50:52.9",6307306,-10,-10,-10,220,-0.002,-40.01
"2020-10-06 08:50:53",6307307,-10,-10,-10,220,-0.002,-40.01
"2020-10-06 08:50:53.1",6307308,-10,-10,-10,220,-0.002,-40.01
"2020-10-06 08:50:53.2",6307309,-10,-10,-10,220,-0.002,-40.01
"2020-10-06 08:50:53.3",6307310,-10,-10,-10,220,-0.002,-40.01
"2020-10-06 08:50:53.4",6307311,-10,-10,-10,220,-0.002,-40.01
"2020-10-06 08:50:53.5",6307312,-10,-10,-10,220,-0.002,-40.01
"2020-10-06 08:50:53.6",6307313,-10,-10,-10,220,-0.002,-40.01
"2020-10-06 08:50:53.7",6307314,-10,-10,-10,220,-0.002,-40.01
"2020-10-06 08:50:53.8",6307315,-10,-10,-10,220,-0.002,-40.01
"2020-10-06 08:50:53.9",6307316,-10,-10,-10,220,-0.002,-40.01
"2020-10-06 08:50:54",6307317,-10,-10,-10,220,-0.002,-40.01
"2020-10-06 08:50:54.1",6307318,-10,-10,-10,220,-0.002,-40.01
"2020-10-06 08:50:54.2",6307319,-10,-10,-10,220,-0.002,-40.01
"2020-10-06 08:50:54.3",6307320,-10,-10,-10,220,-0.002,-40.01
"2020-10-06 08:50:54.4",6307321,-10,-10,-10,220,-0.002,-40.01
"2020-10-06 08:50:54.5",6307322,-10,-10,-10,220,-0.002,-40.01
"2020-10-06 08:50:54.6",6307323,-10,-10,-10,220,-0.002,-40.01
"2020-10-06 08:50:54.7",6307324,-10,-10,-10,220,-0.002,-40.01
"2020-10-06 08:50:54.8",6307325,-10,-10,-10,220,-0.002,-40.01
"2020-10-06 08:50:54.9",6307326,-10,-10,-10,220,-0.002,-40.01
"2020-10-06 08:50:55",6307327,-10,-10,-10,220,-0.002,-40.01
"2020-10-06 08:50:55.1",6307328,-10,-10,-10,220,-0.002,-40.01
"2020-10-06 08:50:55.2",6307329,-10,-10,-10,220,-0.002,-40.01
"2020-10-06 08:50:55.3",6307330,-10,-10,-10,220,-0.002,-40.01
"2020-10-06 08:50:55.4",6307331,-10,-10,-10,220,-0.002,-40.01
"2020-10-06 08:50:55.5",6307332,-10,-10,-10,220,-0.002,-40.01
"2020-10-06 08:50:55.6",6307333,-10,-10,-10,220,-0.002,-40.01
"2020-10-06 08:50:55.7",6307334,-10,-10,-10,220,-0.002,-40.01
"2020-10-06 08:50:55.8",6307335,-10,-10,-10,220,-0.002,-40.01
"2020-10-06 08:50:55.9",6307336,-10,-10,-10,220,-0.002,-40.01
"2020-10-06 08:50:56",6307337,-10,-10,-10,220,-0.002,-40.01
"2020-10-06 08:50:56.1",6307338,-10,-10,-10,220,-0.002,-40.01
"2020-10-06 08:50:56.2",6307339,-10,-10,-10,220,-0.002,-40.01
"2020-10-06 08:50:56.3",6307340,-10,-10,-10,220,-0.002,-40.01
"2020-10-06 08:50:56.4",6307341,-10,-10,-10,220,-0.002,-40.01
"2020-10-06 08:50:56.5",6307342,-10,-10,-10,220,-0.002,-40.01
"2020-10-06 08:50:56.6",6307343,-10,-10,-10,220,-0.002,-40.01
"2020-10-06 08:50:56.7",6307344,-10,-10,-10,220,-0.002,-40.01
"2020-10-06 08:50:56.8",6307345,-10,-10,-10,220,-0.002,-40.01
"2020-10-06 08:50:56.9",6307346,-10,-10,-10,220,-0.002,-40.01
"2020-10-06 08:50:57",6307347,-10,-10,-10,220,-0.002,-40.01
"2020-10-06 08:50:57.1",6307348,-10,-10,-10,220,-0.002,-40.01
"2020-10-06 08:50:57.2",6307349,-10,-10,-10,220,-0.002,-40.01
"2020-10-06 08:50:57.3",6307350,-10,-10,-10,220,-0.002,-40.01
"2020-10-06 08:50:57.4",6307351,-10,-10,-10,220,-0.002,-40.01
"2020-10-06 08:50:57.5",6307352,-10,-10,-10,220,-0.002,-40.01
"2020-10-06 08:50:57.6",6307353,-10,-10,-10,220,-0.002,-40.01
"2020-10-06 08:50:57.7",6307354,-10,-10,-10,220,-0.002,-40.01
"2020-10-06 08:50:57.8",6307355,-10,-10,-10,220,-0.002,-40.01
"2020-10-06 08:50:57.9",6307356,-10,-10,-10,220,-0.002,-40.01
"2020-10-06 08:50:58",6307357,-10,-10,-10,220,-0.002,-40.01
"2020-10-06 08:50:58.1",6307358,-10,-10,-10,220,-0.002,-40.01
"2020-10-06 08:50:58.2",6307359,-10,-10,-10,220,-0.002,-40.01
"2020-10-06 08:50:58.3",6307360,-10,-10,-10,220,-0.002,-40.01
"2020-10-06 08:50:58.4",6307361,-10,-10,-10,220,-0.002,-40.01
"2020-10-06 08:50:58.5",6307362,-10,-10,-10,220,-0.002,-40.01
"2020-10-06 08:50:58.6",6307363,-10,-10,-10,220,-0.002,-40.01
"2020-10-06 08:50:58.7",6307364,-10,-10,-10,220,-0.002,-40.01
"2020-10-06 08:50:58.8",6307365,-10,-10,-10,220,-0.002,-40.01
"2020-10-06 08:50:58.9",6307366,-10,-10,-10,220,-0.002,-40.01
"2020-10-06 08:50:59",6307367,-10,-10,-10,220,-0.002,-40.01
"2020-10-06 08:50:59.1",6307368,-10,-10,-10,220,-0.002,-40.01
"2020-10-06 08:50:59.2",6307369,-10,-10,-10,220,-0.002,-40.01
"2020-10-06 08:50:59.3",6307370,-10,-10,-10,220,-0.002,-40.01
"2020-10-06 08:50:59.4",6307371,-10,-10,-10,220,-0.002,-40.01
"2020-10-06 08:50:59.5",6307372,-10,-10,-10,220,-0.002,-40.01
"2020-10-06 08:50:59.6",6307373,-10,-10,-10,220,-0.002,-40.01
"2020-10-06 08:50:59.7",6307374,-10,-10,-10,220,-0.002,-40.01
"2020-10-06 08:50:59.8",6307375,-10,-10,-10,220,-0.002,-40.01
"2020-10-06 08:50:59.9",6307376,-10,-10,-10,220,-0.002,-40.01
"2020-10-06 08:51:00",6307377,-10,-10,-10,220,-0.002,-40.01
"2020-10-06 08:51:00.1",6307378,-10,-10,-10,220,-0.008,-40.02
"2020-10-06 08:51:00.2",6307379,-10,-10,-10,220,-0.008,-40.02
"2020-10-06 08:51:00.3",6307380,-10,-10,-10,220,-0.001,-40
"2020-10-06 08:51:00.4",6307381,-10,-10,-10,220,-0.002,-40.01
"2020-10-06 08:51:00.5",6307382,-10,-10,-10,220,-0.002,-40.01
"2020-10-06 08:51:00.6",6307383,-10,-10,-10,220,-0.002,-40.01
"2020-10-06 08:51:00.7",6307384,-10,-10,-10,220,-0.002,-40.01
"2020-10-06 08:51:00.8",6307385,-10,-10,-10,220,-0.002,-40.01
"2020-10-06 08:51:00.9",6307386,-10,-10,-10,220,-0.002,-40.01
"2020-10-06 08:51:01",6307387,-10,-10,-10,220,-0.002,-40.01
"2020-10-06 08:51:01.1",6307388,-10,-10,-10,220,-0.002,-40.01
"2020-10-06 08:51:01.2",6307389,-10,-10,-10,220,-0.002,-40.01
"2020-10-06 08:51:01.3",6307390,-10,-10,-10,220,-0.002,-40.01
"2020-10-06 08:51:01.4",6307391,-10,-10,-10,220,-0.002,-40.01
"2020-10-06 08:51:01.5",6307392,-10,-10,-10,220,-0.002,-40.01
"2020-10-06 08:51:01.6",6307393,-10,-10,-10,220,-0.002,-40.01
"2020-10-06 08:51:01.7",6307394,-10,-10,-10,220,-0.002,-40.01
"2020-10-06 08:51:01.8",6307395,-10,-10,-10,220,-0.002,-40.01
"2020-10-06 08:51:01.9",6307396,-10,-10,-10,220,-0.002,-40.01
"2020-10-06 08:51:02",6307397,-10,-10,-10,220,-0.002,-40.01
"2020-10-06 08:51:02.1",6307398,-10,-10,-10,220,-0.002,-40.01
"2020-10-06 08:51:02.2",6307399,-10,-10,-10,220,-0.002,-40.01
"2020-10-06 08:51:02.3",6307400,-10,-10,-10,220,-0.002,-40.01
"2020-10-06 08:51:02.4",6307401,-10,-10,-10,220,-0.002,-40.01
"2020-10-06 08:51:02.5",6307402,-10,-10,-10,220,-0.002,-40.01
"2020-10-06 08:51:02.6",6307403,-10,-10,-10,220,-0.002,-40.01
"2020-10-06 08:51:02.7",6307404,-10,-10,-10,220,-0.002,-40.01
"2020-10-06 08:51:02.8",6307405,-10,-10,-10,220,-0.002,-40.01
"2020-10-06 08:51:02.9",6307406,-10,-10,-10,220,-0.002,-40.01
"2020-10-06 08:51:03",6307407,-10,-10,-10,220,-0.002,-40.01
"2020-10-06 08:51:03.1",6307408,-10,-10,-10,220,-0.002,-40.01
"2020-10-06 08:51:03.2",6307409,-10,-10,-10,220,-0.002,-40.01
"2020-10-06 08:51:03.3",6307410,-10,-10,-10,220,-0.002,-40.01
"2020-10-06 08:51:03.4",6307411,-10,-10,-10,220,-0.002,-40.01
"2020-10-06 08:51:03.5",6307412,-10,-10,-10,220,-0.002,-40.01
"2020-10-06 08:51:03.6",6307413,-10,-10,-10,220,-0.002,-40.01
"2020-10-06 08:51:03.7",6307414,-10,-10,-10,220,-0.002,-40.01
"2020-10-06 08:51:03.8",6307415,-10,-10,-10,220,-0.002,-40.01
"2020-10-06 08:51:03.9",6307416,-10,-10,-10,220,-0.002,-40.01
"2020-10-06 08:51:04",6307417,-10,-10,-10,220,-0.002,-40.01
"2020-10-06 08:51:04.1",6307418,-10,-10,-10,220,-0.002,-40.01
"2020-10-06 08:51:04.2",6307419,-10,-10,-10,220,-0.002,-40.01
"2020-10-06 08:51:04.3",6307420,-10,-10,-10,220,-0.002,-40.01
"2020-10-06 08:51:04.4",6307421,-10,-10,-10,220,-0.002,-40.01
"2020-10-06 08:51:04.5",6307422,-10,-10,-10,220,-0.002,-40.01
"2020-10-06 08:51:04.6",6307423,-10,-10,-10,220,-0.002,-40.01
"2020-10-06 08:51:04.7",6307424,-10,-10,-10,220,-0.002,-40.01
"2020-10-06 08:51:04.8",6307425,-10,-10,-10,220,-0.002,-40.01
"2020-10-06 08:51:04.9",6307426,-10,-10,-10,220,-0.002,-40.01
"2020-10-06 08:51:05",6307427,-10,-10,-10,220,-0.002,-40.01
"2020-10-06 08:51:05.1",6307428,-10,-10,-10,220,-0.002,-40.01
"2020-10-06 08:51:05.2",6307429,-10,-10,-10,220,-0.002,-40.01
"2020-10-06 08:51:05.3",6307430,-10,-10,-10,220,-0.002,-40.01
"2020-10-06 08:51:05.4",6307431,-10,-10,-10,220,-0.002,-40.01
"2020-10-06 08:51:05.5",6307432,-10,-10,-10,220,-0.002,-40.01
"2020-10-06 08:51:05.6",6307433,-10,-10,-10,220,-0.002,-40.01
"2020-10-06 08:51:05.7",6307434,-10,-10,-10,220,-0.002,-40.01
"2020-10-06 08:51:05.8",6307435,-10,-10,-10,220,-0.002,-40.01
"2020-10-06 08:51:05.9",6307436,-10,-10,-10,220,-0.002,-40.01
"2020-10-06 08:51:06",6307437,-10,-10,-10,220,-0.002,-40.01
"2020-10-06 08:51:06.1",6307438,-10,-10,-10,220,-0.002,-40.01
"2020-10-06 08:51:06.2",6307439,-10,-10,-10,220,-0.002,-40.01
"2020-10-06 08:51:06.3",6307440,-10,-10,-10,220,-0.002,-40.01
"2020-10-06 08:51:06.4",6307441,-10,-10,-10,220,-0.002,-40.01
"2020-10-06 08:51:06.5",6307442,-10,-10,-10,220,-0.002,-40.01
"2020-10-06 08:51:06.6",6307443,-10,-10,-10,220,-0.002,-40.01
"2020-10-06 08:51:06.7",6307444,-10,-10,-10,220,-0.002,-40.01
"2020-10-06 08:51:06.8",6307445,-10,-10,-10,220,-0.002,-40.01
"2020-10-06 08:51:06.9",6307446,-10,-10,-10,220,-0.002,-40.01
"2020-10-06 08:51:07",6307447,-10,-10,-10,220,-0.002,-40.01
"2020-10-06 08:51:07.1",6307448,-10,-10,-10,220,-0.002,-40.01
"2020-10-06 08:51:07.2",6307449,-10,-10,-10,220,-0.002,-40.01
"2020-10-06 08:51:07.3",6307450,-10,-10,-10,220,-0.002,-40.01
"2020-10-06 08:51:07.4",6307451,-10,-10,-10,220,-0.002,-40.01
"2020-10-06 08:51:07.5",6307452,-10,-10,-10,220,-0.002,-40.01
"2020-10-06 08:51:07.6",6307453,-10,-10,-10,220,-0.002,-40.01
"2020-10-06 08:51:07.7",6307454,-10,-10,-10,220,-0.002,-40.01
"2020-10-06 08:51:07.8",6307455,-10,-10,-10,220,-0.002,-40.01
"2020-10-06 08:51:07.9",6307456,-10,-10,-10,220,-0.002,-40.01
"2020-10-06 08:51:08",6307457,-10,-10,-10,220,-0.002,-40.01
"2020-10-06 08:51:08.1",6307458,-10,-10,-10,220,-0.002,-40.01
"2020-10-06 08:51:08.2",6307459,-10,-10,-10,220,-0.002,-40.01
"2020-10-06 08:51:08.3",6307460,-10,-10,-10,220,-0.002,-40.01
"2020-10-06 08:51:08.4",6307461,-10,-10,-10,220,-0.002,-40.01
"2020-10-06 08:51:08.5",6307462,-10,-10,-10,220,-0.002,-40.01
"2020-10-06 08:51:08.6",6307463,-10,-10,-10,220,-0.002,-40.01
"2020-10-06 08:51:08.7",6307464,-10,-10,-10,220,-0.002,-40.01
"2020-10-06 08:51:08.8",6307465,-10,-10,-10,220,-0.002,-40.01
"2020-10-06 08:51:08.9",6307466,-10,-10,-10,220,-0.002,-40.01
"2020-10-06 08:51:09",6307467,-10,-10,-10,220,-0.002,-40.01
"2020-10-06 08:51:09.1",6307468,-10,-10,-10,220,-0.002,-40.01
"2020-10-06 08:51:09.2",6307469,-10,-10,-10,220,-0.002,-40.01
"2020-10-06 08:51:09.3",6307470,-10,-10,-10,220,-0.002,-40.01
"2020-10-06 08:51:09.4",6307471,-10,-10,-10,220,-0.002,-40.01
"2020-10-06 08:51:09.5",6307472,-10,-10,-10,220,-0.002,-40.01
"2020-10-06 08:51:09.6",6307473,-10,-10,-10,220,-0.002,-40.01
"2020-10-06 08:51:09.7",6307474,-10,-10,-10,220,-0.002,-40.01
"2020-10-06 08:51:09.8",6307475,-10,-10,-10,220,-0.002,-40.01
"2020-10-06 08:51:09.9",6307476,-10,-10,-10,220,-0.002,-40.01
"2020-10-06 08:51:10",6307477,-10,-10,-10,220,-0.002,-40.01
"2020-10-06 08:51:10.1",6307478,-10,-10,-10,220,-0.002,-40.01
"2020-10-06 08:51:10.2",6307479,-10,-10,-10,220,-0.002,-40.01
"2020-10-06 08:51:10.3",6307480,-10,-10,-10,220,-0.002,-40.01
"2020-10-06 08:51:10.4",6307481,-10,-10,-10,220,-0.002,-40.01
"2020-10-06 08:51:10.5",6307482,-10,-10,-10,220,-0.002,-40.01
"2020-10-06 08:51:10.6",6307483,-10,-10,-10,220,-0.002,-40.01
"2020-10-06 08:51:10.7",6307484,-10,-10,-10,220,-0.002,-40.01
"2020-10-06 08:51:10.8",6307485,-10,-10,-10,220,-0.002,-40.01
"2020-10-06 08:51:10.9",6307486,-10,-10,-10,220,-0.002,-40.01
"2020-10-06 08:51:11",6307487,-10,-10,-10,220,-0.002,-40.01
"2020-10-06 08:51:11.1",6307488,-10,-10,-10,220,-0.002,-40.01
"2020-10-06 08:51:11.2",6307489,-10,-10,-10,220,-0.002,-40.01
"2020-10-06 08:51:11.3",6307490,-10,-10,-10,220,-0.002,-40.01
"2020-10-06 08:51:11.4",6307491,-10,-10,-10,220,-0.002,-40.01
"2020-10-06 08:51:11.5",6307492,-10,-10,-10,220,-0.002,-40.01
"2020-10-06 08:51:11.6",6307493,-10,-10,-10,220,-0.002,-40.01
"2020-10-06 08:51:11.7",6307494,-10,-10,-10,220,-0.002,-40.01
"2020-10-06 08:51:11.8",6307495,-10,-10,-10,220,-0.002,-40.01
"2020-10-06 08:51:11.9",6307496,-10,-10,-10,220,-0.002,-40.01
"2020-10-06 08:51:12",6307497,-10,-10,-10,220,-0.002,-40.01
"2020-10-06 08:51:12.1",6307498,-10,-10,-10,220,-0.002,-40.01
"2020-10-06 08:51:12.2",6307499,-10,-10,-10,220,-0.002,-40.01
"2020-10-06 08:51:12.3",6307500,-10,-10,-10,220,-0.002,-40.01
"2020-10-06 08:51:12.4",6307501,-10,-10,-10,220,-0.002,-40.01
"2020-10-06 08:51:12.5",6307502,-10,-10,-10,220,-0.002,-40.01
"2020-10-06 08:51:12.6",6307503,-10,-10,-10,220,-0.002,-40.01
"2020-10-06 08:51:12.7",6307504,-10,-10,-10,220,-0.002,-40.01
"2020-10-06 08:51:12.8",6307505,-10,-10,-10,220,-0.002,-40.01
"2020-10-06 08:51:12.9",6307506,-10,-10,-10,220,-0.002,-40.01
"2020-10-06 08:51:13",6307507,-10,-10,-10,220,-0.002,-40.01
"2020-10-06 08:51:13.1",6307508,-10,-10,-10,220,-0.002,-40.01
"2020-10-06 08:51:13.2",6307509,-10,-10,-10,220,-0.002,-40.01
"2020-10-06 08:51:13.3",6307510,-10,-10,-10,220,-0.002,-40.01
"2020-10-06 08:51:13.4",6307511,-10,-10,-10,220,-0.002,-40.01
"2020-10-06 08:51:13.5",6307512,-10,-10,-10,220,-0.002,-40.01
"2020-10-06 08:51:13.6",6307513,-10,-10,-10,220,-0.002,-40.01
"2020-10-06 08:51:13.7",6307514,-10,-10,-10,220,-0.002,-40.01
"2020-10-06 08:51:13.8",6307515,-10,-10,-10,220,-0.002,-40.01
"2020-10-06 08:51:13.9",6307516,-10,-10,-10,220,-0.002,-40.01
"2020-10-06 08:51:14",6307517,-10,-10,-10,220,-0.002,-40.01
"2020-10-06 08:51:14.1",6307518,-10,-10,-10,220,-0.002,-40.01
"2020-10-06 08:51:14.2",6307519,-10,-10,-10,220,-0.002,-40.01
"2020-10-06 08:51:14.3",6307520,-10,-10,-10,220,-0.002,-40.01
"2020-10-06 08:51:14.4",6307521,-10,-10,-10,220,-0.002,-40.01
"2020-10-06 08:51:14.5",6307522,-10,-10,-10,220,-0.002,-40.01
"2020-10-06 08:51:14.6",6307523,-10,-10,-10,220,-0.002,-40.01
"2020-10-06 08:51:14.7",6307524,-10,-10,-10,220,-0.002,-40.01
"2020-10-06 08:51:14.8",6307525,-10,-10,-10,220,-0.002,-40.01
"2020-10-06 08:51:14.9",6307526,-10,-10,-10,220,-0.002,-40.01
"2020-10-06 08:51:15",6307527,-10,-10,-10,220,-0.002,-40.01
"2020-10-06 08:51:15.1",6307528,-10,-10,-10,220,-0.002,-40.01
"2020-10-06 08:51:15.2",6307529,-10,-10,-10,220,-0.002,-40.01
"2020-10-06 08:51:15.3",6307530,-10,-10,-10,220,-0.002,-40.01
"2020-10-06 08:51:15.4",6307531,-10,-10,-10,220,-0.002,-40.01
"2020-10-06 08:51:15.5",6307532,-10,-10,-10,220,-0.002,-40.01
"2020-10-06 08:51:15.6",6307533,-10,-10,-10,220,-0.002,-40.01
"2020-10-06 08:51:15.7",6307534,-10,-10,-10,220,-0.002,-40.01
"2020-10-06 08:51:15.8",6307535,-10,-10,-10,220,-0.002,-40.01
"2020-10-06 08:51:15.9",6307536,-10,-10,-10,220,-0.002,-40.01
"2020-10-06 08:51:16",6307537,-10,-10,-10,220,-0.002,-40.01
"2020-10-06 08:51:16.1",6307538,-10,-10,-10,220,-0.002,-40.01
"2020-10-06 08:51:16.2",6307539,-10,-10,-10,220,-0.002,-40.01
"2020-10-06 08:51:16.3",6307540,-10,-10,-10,220,-0.002,-40.01
"2020-10-06 08:51:16.4",6307541,-10,-10,-10,220,-0.002,-40.01
"2020-10-06 08:51:16.5",6307542,-10,-10,-10,220,-0.002,-40.01
"2020-10-06 08:51:16.6",6307543,-10,-10,-10,220,-0.002,-40.01
"2020-10-06 08:51:16.7",6307544,-10,-10,-10,220,-0.002,-40.01
"2020-10-06 08:51:16.8",6307545,-10,-10,-10,220,-0.002,-40.01
"2020-10-06 08:51:16.9",6307546,-10,-10,-10,220,-0.002,-40.01
"2020-10-06 08:51:17",6307547,-10,-10,-10,220,-0.002,-40.01
"2020-10-06 08:51:17.1",6307548,-10,-10,-10,220,-0.002,-40.01
"2020-10-06 08:51:17.2",6307549,-10,-10,-10,220,-0.002,-40.01
"2020-10-06 08:51:17.3",6307550,-10,-10,-10,220,-0.002,-40.01
"2020-10-06 08:51:17.4",6307551,-10,-10,-10,220,-0.002,-40.01
"2020-10-06 08:51:17.5",6307552,-10,-10,-10,220,-0.002,-40.01
"2020-10-06 08:51:17.6",6307553,-10,-10,-10,220,-0.002,-40.01
"2020-10-06 08:51:17.7",6307554,-10,-10,-10,220,-0.002,-40.01
"2020-10-06 08:51:17.8",6307555,-10,-10,-10,220,-0.002,-40.01
"2020-10-06 08:51:17.9",6307556,-10,-10,-10,220,-0.002,-40.01
"2020-10-06 08:51:18",6307557,-10,-10,-10,220,-0.002,-40.01
"2020-10-06 08:51:18.1",6307558,-10,-10,-10,220,-0.002,-40.01
"2020-10-06 08:51:18.2",6307559,-10,-10,-10,220,-0.002,-40.01
"2020-10-06 08:51:18.3",6307560,-10,-10,-10,220,-0.002,-40.01
"2020-10-06 08:51:18.4",6307561,-10,-10,-10,220,-0.002,-40.01
"2020-10-06 08:51:18.5",6307562,-10,-10,-10,220,-0.002,-40.01
"2020-10-06 08:51:18.6",6307563,-10,-10,-10,220,-0.002,-40.01
"2020-10-06 08:51:18.7",6307564,-10,-10,-10,220,-0.002,-40.01
"2020-10-06 08:51:18.8",6307565,-10,-10,-10,220,-0.002,-40.01
"2020-10-06 08:51:18.9",6307566,-10,-10,-10,220,-0.002,-40.01
"2020-10-06 08:51:19",6307567,-10,-10,-10,220,-0.002,-40.01
"2020-10-06 08:51:19.1",6307568,-10,-10,-10,220,-0.002,-40.01
"2020-10-06 08:51:19.2",6307569,-10,-10,-10,220,-0.002,-40.01
"2020-10-06 08:51:19.3",6307570,-10,-10,-10,220,-0.002,-40.01
"2020-10-06 08:51:19.4",6307571,-10,-10,-10,220,-0.002,-40.01
"2020-10-06 08:51:19.5",6307572,-10,-10,-10,220,-0.002,-40.01
"2020-10-06 08:51:19.6",6307573,-10,-10,-10,220,-0.002,-40.01
"2020-10-06 08:51:19.7",6307574,-10,-10,-10,220,-0.002,-40.01
"2020-10-06 08:51:19.8",6307575,-10,-10,-10,220,-0.002,-40.01
"2020-10-06 08:51:19.9",6307576,-10,-10,-10,220,-0.002,-40.01
"2020-10-06 08:51:20",6307577,-10,-10,-10,220,-0.002,-40.01
"2020-10-06 08:51:20.1",6307578,-10,-10,-10,220,-0.002,-40.01
"2020-10-06 08:51:20.2",6307579,-10,-10,-10,220,-0.002,-40.01
"2020-10-06 08:51:20.3",6307580,-10,-10,-10,220,-0.002,-40.01
"2020-10-06 08:51:20.4",6307581,-10,-10,-10,220,-0.002,-40.01
"2020-10-06 08:51:20.5",6307582,-10,-10,-10,220,-0.002,-40.01
"2020-10-06 08:51:20.6",6307583,-10,-10,-10,220,-0.002,-40.01
"2020-10-06 08:51:20.7",6307584,-10,-10,-10,220,-0.002,-40.01
"2020-10-06 08:51:20.8",6307585,-10,-10,-10,220,-0.002,-40.01
"2020-10-06 08:51:20.9",6307586,-10,-10,-10,220,-0.002,-40.01
"2020-10-06 08:51:21",6307587,-10,-10,-10,220,-0.002,-40.01
"2020-10-06 08:51:21.1",6307588,-10,-10,-10,220,-0.002,-40.01
"2020-10-06 08:51:21.2",6307589,-10,-10,-10,220,-0.002,-40.01
"2020-10-06 08:51:21.3",6307590,-10,-10,-10,220,-0.002,-40.01
"2020-10-06 08:51:21.4",6307591,-10,-10,-10,220,-0.002,-40.01
"2020-10-06 08:51:21.5",6307592,-10,-10,-10,220,-0.002,-40.01
"2020-10-06 08:51:21.6",6307593,-10,-10,-10,220,-0.002,-40.01
"2020-10-06 08:51:21.7",6307594,-10,-10,-10,220,-0.002,-40.01
"2020-10-06 08:51:21.8",6307595,-10,-10,-10,220,-0.002,-40.01
"2020-10-06 08:51:21.9",6307596,-10,-10,-10,220,-0.002,-40.01
"2020-10-06 08:51:22",6307597,-10,-10,-10,220,-0.002,-40.01
"2020-10-06 08:51:22.1",6307598,-10,-10,-10,220,-0.002,-40.01
"2020-10-06 08:51:22.2",6307599,-10,-10,-10,220,-0.002,-40.01
"2020-10-06 08:51:22.3",6307600,-10,-10,-10,220,-0.002,-40.01
"2020-10-06 08:51:22.4",6307601,-10,-10,-10,220,-0.002,-40.01
"2020-10-06 08:51:22.5",6307602,-10,-10,-10,220,-0.002,-40.01
"2020-10-06 08:51:22.6",6307603,-10,-10,-10,220,-0.002,-40.01
"2020-10-06 08:51:22.7",6307604,-10,-10,-10,220,-0.002,-40.01
"2020-10-06 08:51:22.8",6307605,-10,-10,-10,220,-0.002,-40.01
"2020-10-06 08:51:22.9",6307606,-10,-10,-10,220,-0.002,-40.01
"2020-10-06 08:51:23",6307607,-10,-10,-10,220,-0.002,-40.01
"2020-10-06 08:51:23.1",6307608,-10,-10,-10,220,-0.002,-40.01
"2020-10-06 08:51:23.2",6307609,-10,-10,-10,220,-0.002,-40.01
"2020-10-06 08:51:23.3",6307610,-10,-10,-10,220,-0.002,-40.01
"2020-10-06 08:51:23.4",6307611,-10,-10,-10,220,-0.002,-40.01
"2020-10-06 08:51:23.5",6307612,-10,-10,-10,220,-0.002,-40.01
"2020-10-06 08:51:23.6",6307613,-10,-10,-10,220,-0.002,-40.01
"2020-10-06 08:51:23.7",6307614,-10,-10,-10,220,-0.002,-40.01
"2020-10-06 08:51:23.8",6307615,-10,-10,-10,220,-0.002,-40.01
"2020-10-06 08:51:23.9",6307616,-10,-10,-10,220,-0.002,-40.01
"2020-10-06 08:51:24",6307617,-10,-10,-10,220,-0.002,-40.01
"2020-10-06 08:51:24.1",6307618,-10,-10,-10,220,-0.002,-40.01
"2020-10-06 08:51:24.2",6307619,-10,-10,-10,220,-0.002,-40.01
"2020-10-06 08:51:24.3",6307620,-10,-10,-10,220,-0.002,-40.01
"2020-10-06 08:51:24.4",6307621,-10,-10,-10,220,-0.002,-40.01
"2020-10-06 08:51:24.5",6307622,-10,-10,-10,220,-0.002,-40.01
"2020-10-06 08:51:24.6",6307623,-10,-10,-10,220,-0.002,-40.01
"2020-10-06 08:51:24.7",6307624,-10,-10,-10,220,-0.002,-40.01
"2020-10-06 08:51:24.8",6307625,-10,-10,-10,220,-0.002,-40.01
"2020-10-06 08:51:24.9",6307626,-10,-10,-10,220,-0.002,-40.01
"2020-10-06 08:51:25",6307627,-10,-10,-10,220,-0.002,-40.01
"2020-10-06 08:51:25.1",6307628,-10,-10,-10,220,-0.002,-40.01
"2020-10-06 08:51:25.2",6307629,-10,-10,-10,220,-0.002,-40.01
"2020-10-06 08:51:25.3",6307630,-10,-10,-10,220,-0.002,-40.01
"2020-10-06 08:51:25.4",6307631,-10,-10,-10,220,-0.002,-40.01
"2020-10-06 08:51:25.5",6307632,-10,-10,-10,220,-0.002,-40.01
"2020-10-06 08:51:25.6",6307633,-10,-10,-10,220,-0.002,-40.01
"2020-10-06 08:51:25.7",6307634,-10,-10,-10,220,-0.002,-40.01
"2020-10-06 08:51:25.8",6307635,-10,-10,-10,220,-0.002,-40.01
"2020-10-06 08:51:25.9",6307636,-10,-10,-10,220,-0.002,-40.01
"2020-10-06 08:51:26",6307637,-10,-10,-10,220,-0.002,-40.01
"2020-10-06 08:51:26.1",6307638,-10,-10,-10,220,-0.002,-40.01
"2020-10-06 08:51:26.2",6307639,-10,-10,-10,220,-0.002,-40.01
"2020-10-06 08:51:26.3",6307640,-10,-10,-10,220,-0.002,-40.01
"2020-10-06 08:51:26.4",6307641,-10,-10,-10,220,-0.002,-40.01
"2020-10-06 08:51:26.5",6307642,-10,-10,-10,220,-0.002,-40.01
"2020-10-06 08:51:26.6",6307643,-10,-10,-10,220,-0.002,-40.01
"2020-10-06 08:51:26.7",6307644,-10,-10,-10,220,-0.002,-40.01
"2020-10-06 08:51:26.8",6307645,-10,-10,-10,220,-0.002,-40.01
"2020-10-06 08:51:26.9",6307646,-10,-10,-10,220,-0.002,-40.01
"2020-10-06 08:51:27",6307647,-10,-10,-10,220,-0.002,-40.01
"2020-10-06 08:51:27.1",6307648,-10,-10,-10,220,-0.002,-40.01
"2020-10-06 08:51:27.2",6307649,-10,-10,-10,220,-0.002,-40.01
"2020-10-06 08:51:27.3",6307650,-10,-10,-10,220,-0.002,-40.01
"2020-10-06 08:51:27.4",6307651,-10,-10,-10,220,-0.002,-40.01
"2020-10-06 08:51:27.5",6307652,-10,-10,-10,220,-0.002,-40.01
"2020-10-06 08:51:27.6",6307653,-10,-10,-10,220,-0.002,-40.01
"2020-10-06 08:51:27.7",6307654,-10,-10,-10,220,-0.002,-40.01
"2020-10-06 08:51:27.8",6307655,-10,-10,-10,220,-0.002,-40.01
"2020-10-06 08:51:27.9",6307656,-10,-10,-10,220,-0.002,-40.01
"2020-10-06 08:51:28",6307657,-10,-10,-10,220,-0.002,-40.01
"2020-10-06 08:51:28.1",6307658,-10,-10,-10,220,-0.002,-40.01
"2020-10-06 08:51:28.2",6307659,-10,-10,-10,220,-0.002,-40.01
"2020-10-06 08:51:28.3",6307660,-10,-10,-10,220,-0.002,-40.01
"2020-10-06 08:51:28.4",6307661,-10,-10,-10,220,-0.002,-40.01
"2020-10-06 08:51:28.5",6307662,-10,-10,-10,220,-0.002,-40.01
"2020-10-06 08:51:28.6",6307663,-10,-10,-10,220,-0.002,-40.01
"2020-10-06 08:51:28.7",6307664,-10,-10,-10,220,-0.002,-40.01
"2020-10-06 08:51:28.8",6307665,-10,-10,-10,220,-0.002,-40.01
"2020-10-06 08:51:28.9",6307666,-10,-10,-10,220,-0.002,-40.01
"2020-10-06 08:51:29",6307667,-10,-10,-10,220,-0.002,-40.01
"2020-10-06 08:51:29.1",6307668,-10,-10,-10,220,-0.002,-40.01
"2020-10-06 08:51:29.2",6307669,-10,-10,-10,220,-0.002,-40.01
"2020-10-06 08:51:29.3",6307670,-10,-10,-10,220,-0.002,-40.01
"2020-10-06 08:51:29.4",6307671,-10,-10,-10,220,-0.002,-40.01
"2020-10-06 08:51:29.5",6307672,-10,-10,-10,220,-0.002,-40.01
"2020-10-06 08:51:29.6",6307673,-10,-10,-10,220,-0.002,-40.01
"2020-10-06 08:51:29.7",6307674,-10,-10,-10,220,-0.002,-40.01
"2020-10-06 08:51:29.8",6307675,-10,-10,-10,220,-0.002,-40.01
"2020-10-06 08:51:29.9",6307676,-10,-10,-10,220,-0.002,-40.01
"2020-10-06 08:51:30",6307677,-10,-10,-10,220,-0.002,-40.01
"2020-10-06 08:51:30.1",6307678,-10,-10,-10,220,-0.002,-40.01
"2020-10-06 08:51:30.2",6307679,-10,-10,-10,220,-0.002,-40.01
"2020-10-06 08:51:30.3",6307680,-10,-10,-10,220,-0.002,-40.01
"2020-10-06 08:51:30.4",6307681,-10,-10,-10,220,-0.002,-40.01
"2020-10-06 08:51:30.5",6307682,-10,-10,-10,220,-0.002,-40.01
"2020-10-06 08:51:30.6",6307683,-10,-10,-10,220,-0.002,-40.01
"2020-10-06 08:51:30.7",6307684,-10,-10,-10,220,-0.002,-40.01
"2020-10-06 08:51:30.8",6307685,-10,-10,-10,220,-0.002,-40.01
"2020-10-06 08:51:30.9",6307686,-10,-10,-10,220,-0.002,-40.01
"2020-10-06 08:51:31",6307687,-10,-10,-10,220,-0.002,-40.01
"2020-10-06 08:51:31.1",6307688,-10,-10,-10,220,-0.002,-40.01
"2020-10-06 08:51:31.2",6307689,-10,-10,-10,220,-0.002,-40.01
"2020-10-06 08:51:31.3",6307690,-10,-10,-10,220,-0.002,-40.01
"2020-10-06 08:51:31.4",6307691,-10,-10,-10,220,-0.002,-40.01
"2020-10-06 08:51:31.5",6307692,-10,-10,-10,220,-0.002,-40.01
"2020-10-06 08:51:31.6",6307693,-10,-10,-10,220,-0.002,-40.01
"2020-10-06 08:51:31.7",6307694,-10,-10,-10,220,-0.002,-40.01
"2020-10-06 08:51:31.8",6307695,-10,-10,-10,220,-0.002,-40.01
"2020-10-06 08:51:31.9",6307696,-10,-10,-10,220,-0.002,-40.01
"2020-10-06 08:51:32",6307697,-10,-10,-10,220,-0.002,-40.01
"2020-10-06 08:51:32.1",6307698,-10,-10,-10,220,-0.002,-40.01
"2020-10-06 08:51:32.2",6307699,-10,-10,-10,220,-0.002,-40.01
"2020-10-06 08:51:32.3",6307700,-10,-10,-10,220,-0.002,-40.01
"2020-10-06 08:51:32.4",6307701,-10,-10,-10,220,-0.002,-40.01
"2020-10-06 08:51:32.5",6307702,-10,-10,-10,220,-0.002,-40.01
"2020-10-06 08:51:32.6",6307703,-10,-10,-10,220,-0.002,-40.01
"2020-10-06 08:51:32.7",6307704,-10,-10,-10,220,-0.002,-40.01
"2020-10-06 08:51:32.8",6307705,-10,-10,-10,220,-0.002,-40.01
"2020-10-06 08:51:32.9",6307706,-10,-10,-10,220,-0.002,-40.01
"2020-10-06 08:51:33",6307707,-10,-10,-10,220,-0.002,-40.01
"2020-10-06 08:51:33.1",6307708,-10,-10,-10,220,-0.002,-40.01
"2020-10-06 08:51:33.2",6307709,-10,-10,-10,220,-0.002,-40.01
"2020-10-06 08:51:33.3",6307710,-10,-10,-10,220,-0.002,-40.01
"2020-10-06 08:51:33.4",6307711,-10,-10,-10,220,-0.002,-40.01
"2020-10-06 08:51:33.5",6307712,-10,-10,-10,220,-0.002,-40.01
"2020-10-06 08:51:33.6",6307713,-10,-10,-10,220,-0.002,-40.01
"2020-10-06 08:51:33.7",6307714,-10,-10,-10,220,-0.002,-40.01
"2020-10-06 08:51:33.8",6307715,-10,-10,-10,220,-0.002,-40.01
"2020-10-06 08:51:33.9",6307716,-10,-10,-10,220,-0.002,-40.01
"2020-10-06 08:51:34",6307717,-10,-10,-10,220,-0.002,-40.01
"2020-10-06 08:51:34.1",6307718,-10,-10,-10,220,-0.002,-40.01
"2020-10-06 08:51:34.2",6307719,-10,-10,-10,220,-0.002,-40.01
"2020-10-06 08:51:34.3",6307720,-10,-10,-10,220,-0.002,-40.01
"2020-10-06 08:51:34.4",6307721,-10,-10,-10,220,-0.002,-40.01
"2020-10-06 08:51:34.5",6307722,-10,-10,-10,220,-0.002,-40.01
"2020-10-06 08:51:34.6",6307723,-10,-10,-10,220,-0.002,-40.01
"2020-10-06 08:51:34.7",6307724,-10,-10,-10,220,-0.002,-40.01
"2020-10-06 08:51:34.8",6307725,-10,-10,-10,220,-0.002,-40.01
"2020-10-06 08:51:34.9",6307726,-10,-10,-10,220,-0.002,-40.01
"2020-10-06 08:51:35",6307727,-10,-10,-10,220,-0.002,-40.01
"2020-10-06 08:51:35.1",6307728,-10,-10,-10,220,-0.002,-40.01
"2020-10-06 08:51:35.2",6307729,-10,-10,-10,220,-0.002,-40.01
"2020-10-06 08:51:35.3",6307730,-10,-10,-10,220,-0.002,-40.01
"2020-10-06 08:51:35.4",6307731,-10,-10,-10,220,-0.002,-40.01
"2020-10-06 08:51:35.5",6307732,-10,-10,-10,220,-0.002,-40.01
"2020-10-06 08:51:35.6",6307733,-10,-10,-10,220,-0.002,-40.01
"2020-10-06 08:51:35.7",6307734,-10,-10,-10,220,-0.002,-40.01
"2020-10-06 08:51:35.8",6307735,-10,-10,-10,220,-0.002,-40.01
"2020-10-06 08:51:35.9",6307736,-10,-10,-10,220,-0.002,-40.01
"2020-10-06 08:51:36",6307737,-10,-10,-10,220,-0.002,-40.01
"2020-10-06 08:51:36.1",6307738,-10,-10,-10,220,-0.002,-40.01
"2020-10-06 08:51:36.2",6307739,-10,-10,-10,220,-0.002,-40.01
"2020-10-06 08:51:36.3",6307740,-10,-10,-10,220,-0.002,-40.01
"2020-10-06 08:51:36.4",6307741,-10,-10,-10,220,-0.002,-40.01
"2020-10-06 08:51:36.5",6307742,-10,-10,-10,220,-0.002,-40.01
"2020-10-06 08:51:36.6",6307743,-10,-10,-10,220,-0.002,-40.01
"2020-10-06 08:51:36.7",6307744,-10,-10,-10,220,-0.002,-40.01
"2020-10-06 08:51:36.8",6307745,-10,-10,-10,220,-0.002,-40.01
"2020-10-06 08:51:36.9",6307746,-10,-10,-10,220,-0.002,-40.01
"2020-10-06 08:51:37",6307747,-10,-10,-10,220,-0.002,-40.01
"2020-10-06 08:51:37.1",6307748,-10,-10,-10,220,-0.002,-40.01
"2020-10-06 08:51:37.2",6307749,-10,-10,-10,220,-0.002,-40.01
"2020-10-06 08:51:37.3",6307750,-10,-10,-10,220,-0.002,-40.01
"2020-10-06 08:51:37.4",6307751,-10,-10,-10,220,-0.002,-40.01
"2020-10-06 08:51:37.5",6307752,-10,-10,-10,220,-0.002,-40.01
"2020-10-06 08:51:37.6",6307753,-10,-10,-10,220,-0.002,-40.01
"2020-10-06 08:51:37.7",6307754,-10,-10,-10,220,-0.002,-40.01
"2020-10-06 08:51:37.8",6307755,-10,-10,-10,220,-0.002,-40.01
"2020-10-06 08:51:37.9",6307756,-10,-10,-10,220,-0.002,-40.01
"2020-10-06 08:51:38",6307757,-10,-10,-10,220,-0.002,-40.01
"2020-10-06 08:51:38.1",6307758,-10,-10,-10,220,-0.002,-40.01
"2020-10-06 08:51:38.2",6307759,-10,-10,-10,220,-0.002,-40.01
"2020-10-06 08:51:38.3",6307760,-10,-10,-10,220,-0.002,-40.01
"2020-10-06 08:51:38.4",6307761,-10,-10,-10,220,-0.002,-40.01
"2020-10-06 08:51:38.5",6307762,-10,-10,-10,220,-0.002,-40.01
"2020-10-06 08:51:38.6",6307763,-10,-10,-10,220,-0.002,-40.01
"2020-10-06 08:51:38.7",6307764,-10,-10,-10,220,-0.002,-40.01
"2020-10-06 08:51:38.8",6307765,-10,-10,-10,220,-0.002,-40.01
"2020-10-06 08:51:38.9",6307766,-10,-10,-10,220,-0.002,-40.01
"2020-10-06 08:51:39",6307767,-10,-10,-10,220,-0.002,-40.01
"2020-10-06 08:51:39.1",6307768,-10,-10,-10,220,-0.002,-40.01
"2020-10-06 08:51:39.2",6307769,-10,-10,-10,220,-0.002,-40.01
"2020-10-06 08:51:39.3",6307770,-10,-10,-10,220,-0.002,-40.01
"2020-10-06 08:51:39.4",6307771,-10,-10,-10,220,-0.002,-40.01
"2020-10-06 08:51:39.5",6307772,-10,-10,-10,220,-0.002,-40.01
"2020-10-06 08:51:39.6",6307773,-10,-10,-10,220,-0.002,-40.01
"2020-10-06 08:51:39.7",6307774,-10,-10,-10,220,-0.002,-40.01
"2020-10-06 08:51:39.8",6307775,-10,-10,-10,220,-0.002,-40.01
"2020-10-06 08:51:39.9",6307776,-10,-10,-10,220,-0.002,-40.01
"2020-10-06 08:51:40",6307777,-10,-10,-10,220,-0.002,-40.01
"2020-10-06 08:51:40.1",6307778,-10,-10,-10,220,-0.002,-40.01
"2020-10-06 08:51:40.2",6307779,-10,-10,-10,220,-0.002,-40.01
"2020-10-06 08:51:40.3",6307780,-10,-10,-10,220,-0.002,-40.01
"2020-10-06 08:51:40.4",6307781,-10,-10,-10,220,-0.002,-40.01
"2020-10-06 08:51:40.5",6307782,-10,-10,-10,220,-0.002,-40.01
"2020-10-06 08:51:40.6",6307783,-10,-10,-10,220,-0.002,-40.01
"2020-10-06 08:51:40.7",6307784,-10,-10,-10,220,-0.002,-40.01
"2020-10-06 08:51:40.8",6307785,-10,-10,-10,220,-0.002,-40.01
"2020-10-06 08:51:40.9",6307786,-10,-10,-10,220,-0.002,-40.01
"2020-10-06 08:51:41",6307787,-10,-10,-10,220,-0.002,-40.01
"2020-10-06 08:51:41.1",6307788,-10,-10,-10,220,-0.002,-40.01
"2020-10-06 08:51:41.2",6307789,-10,-10,-10,220,-0.002,-40.01
"2020-10-06 08:51:41.3",6307790,-10,-10,-10,220,-0.002,-40.01
"2020-10-06 08:51:41.4",6307791,-10,-10,-10,220,-0.002,-40.01
"2020-10-06 08:51:41.5",6307792,-10,-10,-10,220,-0.002,-40.01
"2020-10-06 08:51:41.6",6307793,-10,-10,-10,220,-0.002,-40.01
"2020-10-06 08:51:41.7",6307794,-10,-10,-10,220,-0.002,-40.01
"2020-10-06 08:51:41.8",6307795,-10,-10,-10,220,-0.002,-40.01
"2020-10-06 08:51:41.9",6307796,-10,-10,-10,220,-0.002,-40.01
"2020-10-06 08:51:42",6307797,-10,-10,-10,220,-0.002,-40.01
"2020-10-06 08:51:42.1",6307798,-10,-10,-10,220,-0.002,-40.01
"2020-10-06 08:51:42.2",6307799,-10,-10,-10,220,-0.002,-40.01
"2020-10-06 08:51:42.3",6307800,-10,-10,-10,220,-0.002,-40.01
"2020-10-06 08:51:42.4",6307801,-10,-10,-10,220,-0.002,-40.01
"2020-10-06 08:51:42.5",6307802,-10,-10,-10,220,-0.002,-40.01
"2020-10-06 08:51:42.6",6307803,-10,-10,-10,220,-0.002,-40.01
"2020-10-06 08:51:42.7",6307804,-10,-10,-10,220,-0.002,-40.01
"2020-10-06 08:51:42.8",6307805,-10,-10,-10,220,-0.002,-40.01
"2020-10-06 08:51:42.9",6307806,-10,-10,-10,220,-0.002,-40.01
"2020-10-06 08:51:43",6307807,-10,-10,-10,220,-0.002,-40.01
"2020-10-06 08:51:43.1",6307808,-10,-10,-10,220,-0.002,-40.01
"2020-10-06 08:51:43.2",6307809,-10,-10,-10,220,-0.002,-40.01
"2020-10-06 08:51:43.3",6307810,-10,-10,-10,220,-0.002,-40.01
"2020-10-06 08:51:43.4",6307811,-10,-10,-10,220,-0.002,-40.01
"2020-10-06 08:51:43.5",6307812,-10,-10,-10,220,-0.002,-40.01
"2020-10-06 08:51:43.6",6307813,-10,-10,-10,220,-0.002,-40.01
"2020-10-06 08:51:43.7",6307814,-10,-10,-10,220,-0.002,-40.01
"2020-10-06 08:51:43.8",6307815,-10,-10,-10,220,-0.002,-40.01
"2020-10-06 08:51:43.9",6307816,-10,-10,-10,220,-0.002,-40.01
"2020-10-06 08:51:44",6307817,-10,-10,-10,220,-0.002,-40.01
"2020-10-06 08:51:44.1",6307818,-10,-10,-10,220,-0.002,-40.01
"2020-10-06 08:51:44.2",6307819,-10,-10,-10,220,-0.002,-40.01
"2020-10-06 08:51:44.3",6307820,-10,-10,-10,220,-0.002,-40.01
"2020-10-06 08:51:44.4",6307821,-10,-10,-10,220,-0.002,-40.01
"2020-10-06 08:51:44.5",6307822,-10,-10,-10,220,-0.002,-40.01
"2020-10-06 08:51:44.6",6307823,-10,-10,-10,220,-0.002,-40.01
"2020-10-06 08:51:44.7",6307824,-10,-10,-10,220,-0.002,-40.01
"2020-10-06 08:51:44.8",6307825,-10,-10,-10,220,-0.002,-40.01
"2020-10-06 08:51:44.9",6307826,-10,-10,-10,220,-0.002,-40.01
"2020-10-06 08:51:45",6307827,-10,-10,-10,220,-0.002,-40.01
"2020-10-06 08:51:45.1",6307828,-10,-10,-10,220,-0.002,-40.01
"2020-10-06 08:51:45.2",6307829,-10,-10,-10,220,-0.002,-40.01
"2020-10-06 08:51:45.3",6307830,-10,-10,-10,220,-0.002,-40.01
"2020-10-06 08:51:45.4",6307831,-10,-10,-10,220,-0.002,-40.01
"2020-10-06 08:51:45.5",6307832,-10,-10,-10,220,-0.002,-40.01
"2020-10-06 08:51:45.6",6307833,-10,-10,-10,220,-0.002,-40.01
"2020-10-06 08:51:45.7",6307834,-10,-10,-10,220,-0.002,-40.01
"2020-10-06 08:51:45.8",6307835,-10,-10,-10,220,-0.002,-40.01
"2020-10-06 08:51:45.9",6307836,-10,-10,-10,220,-0.002,-40.01
"2020-10-06 08:51:46",6307837,-10,-10,-10,220,-0.002,-40.01
"2020-10-06 08:51:46.1",6307838,-10,-10,-10,220,-0.002,-40.01
"2020-10-06 08:51:46.2",6307839,-10,-10,-10,220,-0.002,-40.01
"2020-10-06 08:51:46.3",6307840,-10,-10,-10,220,-0.002,-40.01
"2020-10-06 08:51:46.4",6307841,-10,-10,-10,220,-0.002,-40.01
"2020-10-06 08:51:46.5",6307842,-10,-10,-10,220,-0.002,-40.01
"2020-10-06 08:51:46.6",6307843,-10,-10,-10,220,-0.002,-40.01
"2020-10-06 08:51:46.7",6307844,-10,-10,-10,220,-0.002,-40.01
"2020-10-06 08:51:46.8",6307845,-10,-10,-10,220,-0.002,-40.01
"2020-10-06 08:51:46.9",6307846,-10,-10,-10,220,-0.002,-40.01
"2020-10-06 08:51:47",6307847,-10,-10,-10,220,-0.002,-40.01
"2020-10-06 08:51:47.1",6307848,-10,-10,-10,220,-0.002,-40.01
"2020-10-06 08:51:47.2",6307849,-10,-10,-10,220,-0.002,-40.01
"2020-10-06 08:51:47.3",6307850,-10,-10,-10,220,-0.002,-40.01
"2020-10-06 08:51:47.4",6307851,-10,-10,-10,220,-0.002,-40.01
"2020-10-06 08:51:47.5",6307852,-10,-10,-10,220,-0.002,-40.01
"2020-10-06 08:51:47.6",6307853,-10,-10,-10,220,-0.002,-40.01
"2020-10-06 08:51:47.7",6307854,-10,-10,-10,220,-0.002,-40.01
"2020-10-06 08:51:47.8",6307855,-10,-10,-10,220,-0.002,-40.01
"2020-10-06 08:51:47.9",6307856,-10,-10,-10,220,-0.002,-40.01
"2020-10-06 08:51:48",6307857,-10,-10,-10,220,-0.002,-40.01
"2020-10-06 08:51:48.1",6307858,-10,-10,-10,220,-0.002,-40.01
"2020-10-06 08:51:48.2",6307859,-10,-10,-10,220,-0.002,-40.01
"2020-10-06 08:51:48.3",6307860,-10,-10,-10,220,-0.002,-40.01
"2020-10-06 08:51:48.4",6307861,-10,-10,-10,220,-0.002,-40.01
"2020-10-06 08:51:48.5",6307862,-10,-10,-10,220,-0.002,-40.01
"2020-10-06 08:51:48.6",6307863,-10,-10,-10,220,-0.002,-40.01
"2020-10-06 08:51:48.7",6307864,-10,-10,-10,220,-0.002,-40.01
"2020-10-06 08:51:48.8",6307865,-10,-10,-10,220,-0.002,-40.01
"2020-10-06 08:51:48.9",6307866,-10,-10,-10,220,-0.002,-40.01
"2020-10-06 08:51:49",6307867,-10,-10,-10,220,-0.002,-40.01
"2020-10-06 08:51:49.1",6307868,-10,-10,-10,220,-0.002,-40.01
"2020-10-06 08:51:49.2",6307869,-10,-10,-10,220,-0.002,-40.01
"2020-10-06 08:51:49.3",6307870,-10,-10,-10,220,-0.002,-40.01
"2020-10-06 08:51:49.4",6307871,-10,-10,-10,220,-0.002,-40.01
"2020-10-06 08:51:49.5",6307872,-10,-10,-10,220,-0.002,-40.01
"2020-10-06 08:51:49.6",6307873,-10,-10,-10,220,-0.002,-40.01
"2020-10-06 08:51:49.7",6307874,-10,-10,-10,220,-0.002,-40.01
"2020-10-06 08:51:49.8",6307875,-10,-10,-10,220,-0.002,-40.01
"2020-10-06 08:51:49.9",6307876,-10,-10,-10,220,-0.002,-40.01
"2020-10-06 08:51:50",6307877,-10,-10,-10,220,-0.002,-40.01
"2020-10-06 08:51:50.1",6307878,-10,-10,-10,220,-0.002,-40.01
"2020-10-06 08:51:50.2",6307879,-10,-10,-10,220,-0.002,-40.01
"2020-10-06 08:51:50.3",6307880,-10,-10,-10,220,-0.002,-40.01
"2020-10-06 08:51:50.4",6307881,-10,-10,-10,220,-0.002,-40.01
"2020-10-06 08:51:50.5",6307882,-10,-10,-10,220,-0.002,-40.01
"2020-10-06 08:51:50.6",6307883,-10,-10,-10,220,-0.002,-40.01
"2020-10-06 08:51:50.7",6307884,-10,-10,-10,220,-0.002,-40.01
"2020-10-06 08:51:50.8",6307885,-10,-10,-10,220,-0.002,-40.01
"2020-10-06 08:51:50.9",6307886,-10,-10,-10,220,-0.002,-40.01
