"TOA5","10329","CR6","10329","CR6.Std.09.01 CR6-WIFI.04.00.01","CPU:YOUNG81000_HMP60_10Hz.CR6","51185","Young10Hz_hmp"
"TIMESTAMP","RECORD","U","V","W","TSonic","RH","T_HMP60"
"TS","RN","mV","mV","mV","mV","%","Deg C"
"","","Smp","Smp","Smp","Smp","Smp","Smp"
"2020-10-08 09:30:17.2",8049921,-0.007,-0.183,0.035,295.9,31.96,21.75
"2020-10-08 09:30:17.3",8049922,-0.008,-0.182,0.034,295.9,31.96,21.73
"2020-10-08 09:30:17.4",8049923,-0.007,-0.183,0.035,295.9,31.94,21.74
"2020-10-08 09:30:17.5",8049924,-0.007,-0.182,0.035,295.9,31.97,21.76
"2020-10-08 09:30:17.6",8049925,-0.008,-0.182,0.035,295.9,31.96,21.75
"2020-10-08 09:30:17.7",8049926,-0.008,-0.182,0.035,295.9,31.97,21.74
"2020-10-08 09:30:17.8",8049927,-0.008,-0.183,0.035,295.9,31.96,21.73
"2020-10-08 09:30:17.9",8049928,-0.004,-0.183,0.034,295.9,31.94,21.73
"2020-10-08 09:30:18",8049929,-0.007,-0.182,0.035,295.9,31.93,21.76
"2020-10-08 09:30:18.1",8049930,-0.008,-0.183,0.035,295.9,31.96,21.75
"2020-10-08 09:30:18.2",8049931,-0.007,-0.182,0.034,295.9,31.96,21.75
"2020-10-08 09:30:18.3",8049932,0.012,-0.183,0.005,295.9,31.96,21.73
"2020-10-08 09:30:18.4",8049933,0.013,-0.182,0.005,295.9,31.93,21.75
"2020-10-08 09:30:18.5",8049934,0.013,-0.182,0.006,295.9,31.93,21.76
"2020-10-08 09:30:18.6",8049935,-0.007,-0.183,0.034,295.9,31.94,21.75
"2020-10-08 09:30:18.7",8049936,-0.008,-0.183,0.035,295.9,31.96,21.74
"2020-10-08 09:30:18.8",8049937,-0.007,-0.181,0.035,295.9,31.99,21.79
"2020-10-08 09:30:18.9",8049938,-0.006,-0.183,0.035,295.9,31.93,21.75
"2020-10-08 09:30:19",8049939,-0.007,-0.183,0.035,295.9,31.93,21.75
"2020-10-08 09:30:19.1",8049940,-0.028,-0.153,0.016,295.8,31.94,21.75
"2020-10-08 09:30:19.2",8049941,-0.027,-0.153,0.015,295.8,31.95,21.74
"2020-10-08 09:30:19.3",8049942,-0.027,-0.152,0.015,295.9,31.94,21.73
"2020-10-08 09:30:19.4",8049943,-0.026,-0.154,0.015,295.8,31.92,21.74
"2020-10-08 09:30:19.5",8049944,-0.027,-0.153,0.016,295.8,31.91,21.76
"2020-10-08 09:30:19.6",8049945,-0.007,-0.183,0.034,295.9,31.94,21.75
"2020-10-08 09:30:19.7",8049946,-0.007,-0.181,0.035,295.9,31.94,21.74
"2020-10-08 09:30:19.8",8049947,-0.008,-0.183,0.035,295.9,31.94,21.73
"2020-10-08 09:30:19.9",8049948,-0.007,-0.183,0.035,295.9,31.91,21.75
"2020-10-08 09:30:20",8049949,-0.007,-0.183,0.036,295.9,31.93,21.76
"2020-10-08 09:30:20.1",8049950,-0.008,-0.183,0.035,295.9,31.94,21.75
"2020-10-08 09:30:20.2",8049951,-0.007,-0.183,0.035,295.9,31.95,21.74
"2020-10-08 09:30:20.3",8049952,-0.007,-0.181,0.034,295.9,31.93,21.73
"2020-10-08 09:30:20.4",8049953,-0.006,-0.182,0.035,295.9,31.91,21.75
"2020-10-08 09:30:20.5",8049954,-0.007,-0.183,0.035,295.9,31.92,21.76
"2020-10-08 09:30:20.6",8049955,-0.007,-0.182,0.035,295.9,31.94,21.75
"2020-10-08 09:30:20.7",8049956,-0.008,-0.182,0.035,295.9,31.94,21.74
"2020-10-08 09:30:20.8",8049957,-0.027,-0.144,0.005,295.9,31.92,21.74
"2020-10-08 09:30:20.9",8049958,-0.026,-0.143,0.006,295.9,31.91,21.75
"2020-10-08 09:30:21",8049959,-0.027,-0.143,0.005,295.9,31.92,21.75
"2020-10-08 09:30:21.1",8049960,-0.008,-0.183,0.035,295.9,31.94,21.74
"2020-10-08 09:30:21.2",8049961,-0.008,-0.181,0.035,295.9,31.94,21.73
"2020-10-08 09:30:21.3",8049962,-0.007,-0.183,0.035,295.9,31.95,21.79
"2020-10-08 09:30:21.4",8049963,-0.007,-0.182,0.036,295.9,31.93,21.76
"2020-10-08 09:30:21.5",8049964,-0.008,-0.183,0.035,295.9,31.93,21.75
"2020-10-08 09:30:21.6",8049965,-0.027,-0.151,0.015,295.8,31.94,21.74
"2020-10-08 09:30:21.7",8049966,-0.027,-0.154,0.015,295.9,31.93,21.73
"2020-10-08 09:30:21.8",8049967,-0.007,-0.182,0.035,295.9,31.91,21.75
"2020-10-08 09:30:21.9",8049968,-0.008,-0.182,0.035,295.9,31.91,21.76
"2020-10-08 09:30:22",8049969,-0.008,-0.183,0.035,295.9,31.94,21.75
"2020-10-08 09:30:22.1",8049970,-0.027,-0.152,0.015,295.8,31.95,21.74
"2020-10-08 09:30:22.2",8049971,-0.026,-0.154,0.015,295.8,31.93,21.74
"2020-10-08 09:30:22.3",8049972,-0.006,-0.182,0.035,295.9,31.91,21.75
"2020-10-08 09:30:22.4",8049973,-0.008,-0.183,0.035,295.9,31.93,21.75
"2020-10-08 09:30:22.5",8049974,-0.008,-0.182,0.034,295.9,31.94,21.75
"2020-10-08 09:30:22.6",8049975,-0.027,-0.152,0.015,295.9,31.94,21.73
"2020-10-08 09:30:22.7",8049976,-0.027,-0.153,0.015,295.8,31.92,21.74
"2020-10-08 09:30:22.8",8049977,-0.008,-0.182,0.036,295.9,31.91,21.76
"2020-10-08 09:30:22.9",8049978,-0.008,-0.183,0.035,295.9,31.93,21.75
"2020-10-08 09:30:23",8049979,-0.007,-0.182,0.034,295.9,31.94,21.74
"2020-10-08 09:30:23.1",8049980,-0.008,-0.182,0.035,295.9,31.94,21.73
"2020-10-08 09:30:23.2",8049981,-0.006,-0.183,0.035,295.9,31.91,21.75
"2020-10-08 09:30:23.3",8049982,-0.007,-0.183,0.035,295.9,31.93,21.76
"2020-10-08 09:30:23.4",8049983,-0.008,-0.182,0.035,295.9,31.95,21.75
"2020-10-08 09:30:23.5",8049984,-0.007,-0.183,0.035,295.9,31.93,21.73
"2020-10-08 09:30:23.6",8049985,-0.006,-0.183,0.035,295.9,31.91,21.74
"2020-10-08 09:30:23.7",8049986,-0.007,-0.183,0.035,295.9,31.92,21.75
"2020-10-08 09:30:23.8",8049987,-0.008,-0.183,0.035,295.9,31.99,21.81
"2020-10-08 09:30:23.9",8049988,-0.007,-0.182,0.035,295.9,31.94,21.74
"2020-10-08 09:30:24",8049989,-0.007,-0.182,0.035,295.9,31.92,21.74
"2020-10-08 09:30:24.1",8049990,-0.007,-0.182,0.036,295.9,31.9,21.75
"2020-10-08 09:30:24.2",8049991,-0.008,-0.18,0.036,295.9,31.93,21.75
"2020-10-08 09:30:24.3",8049992,-0.007,-0.181,0.035,295.9,31.93,21.74
"2020-10-08 09:30:24.4",8049993,-0.007,-0.183,0.035,295.9,31.91,21.73
"2020-10-08 09:30:24.5",8049994,-0.006,-0.183,0.035,295.9,31.89,21.75
"2020-10-08 09:30:24.6",8049995,-0.007,-0.183,0.034,295.9,31.91,21.75
"2020-10-08 09:30:24.7",8049996,-0.008,-0.182,0.034,295.9,31.92,21.75
"2020-10-08 09:30:24.8",8049997,-0.008,-0.181,0.034,295.9,31.92,21.73
"2020-10-08 09:30:24.9",8049998,-0.006,-0.183,0.035,295.9,31.9,21.74
"2020-10-08 09:30:25",8049999,-0.007,-0.183,0.036,295.9,31.9,21.75
"2020-10-08 09:30:25.1",8050000,-0.028,-0.153,0.015,295.8,31.91,21.75
"2020-10-08 09:30:25.2",8050001,-0.028,-0.153,0.015,295.8,31.92,21.74
"2020-10-08 09:30:25.3",8050002,0.003,-0.154,-0.006,295.8,31.9,21.73
"2020-10-08 09:30:25.4",8050003,0.004,-0.154,-0.005,295.7,31.89,21.75
"2020-10-08 09:30:25.5",8050004,0.003,-0.153,-0.006,295.7,31.91,21.75
"2020-10-08 09:30:25.6",8050005,0.013,-0.192,0.015,295.7,31.92,21.74
"2020-10-08 09:30:25.7",8050006,0.013,-0.193,0.015,295.7,31.92,21.73
"2020-10-08 09:30:25.8",8050007,0.014,-0.193,0.015,295.7,31.9,21.75
"2020-10-08 09:30:25.9",8050008,0.013,-0.192,0.016,295.7,31.91,21.75
"2020-10-08 09:30:26",8050009,0.013,-0.192,0.015,295.7,31.92,21.75
"2020-10-08 09:30:26.1",8050010,0.013,-0.192,0.015,295.7,31.92,21.74
"2020-10-08 09:30:26.2",8050011,0.014,-0.193,0.015,295.7,31.9,21.74
"2020-10-08 09:30:26.3",8050012,0.014,-0.192,0.015,295.7,31.95,21.81
"2020-10-08 09:30:26.4",8050013,0.013,-0.192,0.015,295.7,31.91,21.75
"2020-10-08 09:30:26.5",8050014,0.013,-0.192,0.015,295.7,31.92,21.74
"2020-10-08 09:30:26.6",8050015,-0.017,-0.231,0.005,295.7,31.92,21.73
"2020-10-08 09:30:26.7",8050016,-0.016,-0.232,0.005,295.7,31.9,21.75
"2020-10-08 09:30:26.8",8050017,-0.018,-0.232,0.006,295.7,31.91,21.75
"2020-10-08 09:30:26.9",8050018,-0.017,-0.231,0.005,295.7,31.92,21.75
"2020-10-08 09:30:27",8050019,-0.017,-0.231,0.005,295.7,31.92,21.73
"2020-10-08 09:30:27.1",8050020,-0.017,-0.231,0.006,295.7,31.89,21.75
"2020-10-08 09:30:27.2",8050021,-0.017,-0.231,0.006,295.7,31.9,21.75
"2020-10-08 09:30:27.3",8050022,0.003,-0.231,-0.006,295.7,31.92,21.75
"2020-10-08 09:30:27.4",8050023,0.003,-0.231,-0.006,295.7,31.92,21.74
"2020-10-08 09:30:27.5",8050024,0.004,-0.232,-0.006,295.7,31.91,21.73
"2020-10-08 09:30:27.6",8050025,-0.018,-0.231,0.006,295.7,31.89,21.79
"2020-10-08 09:30:27.7",8050026,-0.018,-0.231,0.005,295.7,31.92,21.75
"2020-10-08 09:30:27.8",8050027,-0.017,-0.231,0.005,295.7,31.92,21.75
"2020-10-08 09:30:27.9",8050028,-0.017,-0.232,0.005,295.7,31.92,21.73
"2020-10-08 09:30:28",8050029,-0.016,-0.232,0.005,295.7,31.89,21.75
"2020-10-08 09:30:28.1",8050030,0.003,-0.231,-0.005,295.7,31.9,21.75
"2020-10-08 09:30:28.2",8050031,0.003,-0.231,-0.006,295.7,31.92,21.75
"2020-10-08 09:30:28.3",8050032,0.003,-0.231,-0.006,295.7,31.92,21.74
"2020-10-08 09:30:28.4",8050033,0.004,-0.232,-0.006,295.7,31.9,21.74
"2020-10-08 09:30:28.5",8050034,0.003,-0.231,-0.005,295.7,31.89,21.76
"2020-10-08 09:30:28.6",8050035,0.003,-0.231,-0.006,295.6,31.91,21.75
"2020-10-08 09:30:28.7",8050036,0.003,-0.231,-0.006,295.6,31.92,21.74
"2020-10-08 09:30:28.8",8050037,0.003,-0.232,-0.006,295.7,31.97,21.76
"2020-10-08 09:30:28.9",8050038,0.004,-0.231,-0.005,295.6,31.89,21.75
"2020-10-08 09:30:29",8050039,0.003,-0.232,-0.006,295.6,31.9,21.75
"2020-10-08 09:30:29.1",8050040,0.042,-0.241,-0.015,295.7,31.91,21.75
"2020-10-08 09:30:29.2",8050041,0.042,-0.24,-0.016,295.7,31.9,21.73
"2020-10-08 09:30:29.3",8050042,-0.016,-0.232,0.005,295.7,31.88,21.74
"2020-10-08 09:30:29.4",8050043,-0.016,-0.231,0.006,295.7,31.88,21.75
"2020-10-08 09:30:29.5",8050044,-0.018,-0.231,0.005,295.7,31.9,21.75
"2020-10-08 09:30:29.6",8050045,0.003,-0.23,-0.006,295.7,31.9,21.74
"2020-10-08 09:30:29.7",8050046,0.004,-0.232,-0.006,295.7,31.89,21.73
"2020-10-08 09:30:29.8",8050047,0.003,-0.231,-0.005,295.7,31.88,21.75
"2020-10-08 09:30:29.9",8050048,0.003,-0.231,-0.006,295.7,31.89,21.75
"2020-10-08 09:30:30",8050049,0.004,-0.231,-0.006,295.7,31.9,21.75
"2020-10-08 09:30:30.1",8050050,0.014,-0.192,0.015,295.7,31.9,21.76
"2020-10-08 09:30:30.2",8050051,0.013,-0.192,0.015,295.7,31.87,21.75
"2020-10-08 09:30:30.3",8050052,0.004,-0.231,-0.005,295.7,31.86,21.76
"2020-10-08 09:30:30.4",8050053,0.002,-0.231,-0.006,295.7,31.9,21.75
"2020-10-08 09:30:30.5",8050054,0.004,-0.23,-0.006,295.7,31.9,21.74
"2020-10-08 09:30:30.6",8050055,-0.007,-0.192,0.044,295.7,31.89,21.73
"2020-10-08 09:30:30.7",8050056,-0.008,-0.193,0.045,295.7,31.87,21.75
"2020-10-08 09:30:30.8",8050057,0.012,-0.192,0.015,295.7,31.89,21.75
"2020-10-08 09:30:30.9",8050058,0.012,-0.192,0.015,295.7,31.9,21.74
"2020-10-08 09:30:31",8050059,0.013,-0.192,0.015,295.7,31.9,21.73
"2020-10-08 09:30:31.1",8050060,-0.002,-0.193,0.044,295.7,31.87,21.74
"2020-10-08 09:30:31.2",8050061,-0.008,-0.192,0.045,295.7,31.89,21.76
"2020-10-08 09:30:31.3",8050062,-0.027,-0.232,0.093,295.7,31.96,21.75
"2020-10-08 09:30:31.4",8050063,-0.026,-0.231,0.093,295.7,31.9,21.74
"2020-10-08 09:30:31.5",8050064,-0.027,-0.231,0.093,295.7,31.87,21.74
"2020-10-08 09:30:31.6",8050065,-0.007,-0.182,0.035,295.8,31.87,21.75
"2020-10-08 09:30:31.7",8050066,-0.008,-0.183,0.035,295.8,31.88,21.75
"2020-10-08 09:30:31.8",8050067,-0.027,-0.153,0.015,295.8,31.89,21.74
"2020-10-08 09:30:31.9",8050068,-0.026,-0.153,0.015,295.8,31.87,21.74
"2020-10-08 09:30:32",8050069,-0.026,-0.153,0.017,295.8,31.85,21.75
"2020-10-08 09:30:32.1",8050070,-0.028,-0.154,0.016,295.8,31.88,21.75
"2020-10-08 09:30:32.2",8050071,-0.027,-0.153,0.015,295.8,31.88,21.74
"2020-10-08 09:30:32.3",8050072,-0.027,-0.153,0.015,295.8,31.87,21.73
"2020-10-08 09:30:32.4",8050073,-0.026,-0.153,0.015,295.8,31.85,21.75
"2020-10-08 09:30:32.5",8050074,-0.027,-0.154,0.016,295.8,31.85,21.76
"2020-10-08 09:30:32.6",8050075,-0.027,-0.153,0.015,295.8,31.89,21.78
"2020-10-08 09:30:32.7",8050076,-0.027,-0.154,0.015,295.8,31.88,21.74
"2020-10-08 09:30:32.8",8050077,0.004,-0.154,-0.006,295.7,31.86,21.74
"2020-10-08 09:30:32.9",8050078,0.004,-0.153,-0.005,295.7,31.85,21.75
"2020-10-08 09:30:33",8050079,0.002,-0.154,-0.005,295.7,31.87,21.75
"2020-10-08 09:30:33.1",8050080,-0.007,-0.192,-0.006,295.8,31.89,21.74
"2020-10-08 09:30:33.2",8050081,-0.007,-0.192,-0.006,295.8,31.88,21.73
"2020-10-08 09:30:33.3",8050082,-0.046,-0.193,-0.006,295.8,31.86,21.74
"2020-10-08 09:30:33.4",8050083,-0.047,-0.192,-0.006,295.8,31.87,21.75
"2020-10-08 09:30:33.5",8050084,-0.046,-0.192,-0.006,295.8,31.88,21.75
"2020-10-08 09:30:33.6",8050085,-0.027,-0.152,0.015,295.8,31.88,21.74
"2020-10-08 09:30:33.7",8050086,-0.027,-0.153,0.015,295.8,31.86,21.74
"2020-10-08 09:30:33.8",8050087,-0.027,-0.153,0.016,295.8,31.91,21.75
"2020-10-08 09:30:33.9",8050088,-0.028,-0.153,0.016,295.8,31.87,21.75
"2020-10-08 09:30:34",8050089,-0.027,-0.153,0.015,295.8,31.88,21.74
"2020-10-08 09:30:34.1",8050090,-0.027,-0.153,0.015,295.8,31.85,21.74
"2020-10-08 09:30:34.2",8050091,-0.026,-0.154,0.015,295.8,31.83,21.75
"2020-10-08 09:30:34.3",8050092,-0.067,-0.154,0.054,295.7,31.85,21.75
"2020-10-08 09:30:34.4",8050093,-0.066,-0.153,0.054,295.7,31.86,21.75
"2020-10-08 09:30:34.5",8050094,-0.066,-0.153,0.054,295.8,31.86,21.74
"2020-10-08 09:30:34.6",8050095,-0.065,-0.153,0.054,295.7,31.85,21.74
"2020-10-08 09:30:34.7",8050096,-0.065,-0.153,0.054,295.7,31.84,21.76
"2020-10-08 09:30:34.8",8050097,-0.047,-0.202,0.074,295.7,31.86,21.75
"2020-10-08 09:30:34.9",8050098,-0.047,-0.202,0.074,295.7,31.86,21.74
"2020-10-08 09:30:35",8050099,-0.047,-0.202,0.074,295.7,31.86,21.73
"2020-10-08 09:30:35.1",8050100,-0.046,-0.202,0.074,295.7,31.87,21.78
"2020-10-08 09:30:35.2",8050101,-0.047,-0.202,0.074,295.7,31.83,21.75
"2020-10-08 09:30:35.3",8050102,-0.066,-0.154,0.054,295.7,31.84,21.75
"2020-10-08 09:30:35.4",8050103,-0.066,-0.152,0.054,295.7,31.85,21.74
"2020-10-08 09:30:35.5",8050104,-0.066,-0.154,0.054,295.7,31.82,21.74
"2020-10-08 09:30:35.6",8050105,-0.065,-0.154,0.055,295.7,31.82,21.75
"2020-10-08 09:30:35.7",8050106,-0.067,-0.154,0.055,295.7,31.84,21.75
"2020-10-08 09:30:35.8",8050107,-0.066,-0.154,0.054,295.7,31.85,21.75
"2020-10-08 09:30:35.9",8050108,-0.066,-0.152,0.054,295.7,31.84,21.73
"2020-10-08 09:30:36",8050109,-0.066,-0.154,0.054,295.7,31.82,21.74
"2020-10-08 09:30:36.1",8050110,-0.046,-0.202,0.074,295.7,31.81,21.76
"2020-10-08 09:30:36.2",8050111,-0.048,-0.202,0.074,295.7,31.83,21.75
"2020-10-08 09:30:36.3",8050112,-0.096,-0.212,0.093,295.7,31.87,21.74
"2020-10-08 09:30:36.4",8050113,-0.096,-0.211,0.093,295.7,31.84,21.73
"2020-10-08 09:30:36.5",8050114,-0.093,-0.212,0.093,295.7,31.81,21.75
"2020-10-08 09:30:36.6",8050115,-0.047,-0.202,0.075,295.7,31.81,21.76
"2020-10-08 09:30:36.7",8050116,-0.046,-0.202,0.073,295.7,31.83,21.75
"2020-10-08 09:30:36.8",8050117,-0.066,-0.152,0.054,295.7,31.82,21.74
"2020-10-08 09:30:36.9",8050118,-0.065,-0.153,0.054,295.6,31.81,21.74
"2020-10-08 09:30:37",8050119,-0.066,-0.153,0.055,295.6,31.79,21.76
"2020-10-08 09:30:37.1",8050120,-0.086,-0.202,0.015,295.6,31.81,21.75
"2020-10-08 09:30:37.2",8050121,-0.085,-0.201,0.015,295.6,31.82,21.74
"2020-10-08 09:30:37.3",8050122,-0.085,-0.203,0.015,295.6,31.81,21.73
"2020-10-08 09:30:37.4",8050123,-0.084,-0.202,0.015,295.6,31.79,21.75
"2020-10-08 09:30:37.5",8050124,-0.086,-0.202,0.016,295.6,31.81,21.75
"2020-10-08 09:30:37.6",8050125,-0.067,-0.153,0.054,295.6,31.85,21.8
"2020-10-08 09:30:37.7",8050126,-0.066,-0.153,0.054,295.7,31.81,21.73
"2020-10-08 09:30:37.8",8050127,-0.065,-0.154,0.054,295.7,31.79,21.74
"2020-10-08 09:30:37.9",8050128,-0.066,-0.153,0.055,295.7,31.77,21.77
"2020-10-08 09:30:38",8050129,-0.066,-0.154,0.054,295.6,31.8,21.75
"2020-10-08 09:30:38.1",8050130,-0.066,-0.153,0.054,295.6,31.8,21.74
"2020-10-08 09:30:38.2",8050131,-0.065,-0.154,0.054,295.7,31.79,21.73
"2020-10-08 09:30:38.3",8050132,-0.118,-0.163,0.074,295.7,31.77,21.75
"2020-10-08 09:30:38.4",8050133,-0.12,-0.163,0.074,295.7,31.79,21.75
"2020-10-08 09:30:38.5",8050134,-0.12,-0.162,0.073,295.7,31.8,21.75
"2020-10-08 09:30:38.6",8050135,-0.12,-0.162,0.074,295.7,31.8,21.73
"2020-10-08 09:30:38.7",8050136,-0.12,-0.164,0.074,295.7,31.78,21.74
"2020-10-08 09:30:38.8",8050137,-0.066,-0.153,0.055,295.7,31.78,21.76
"2020-10-08 09:30:38.9",8050138,-0.067,-0.154,0.054,295.8,31.79,21.75
"2020-10-08 09:30:39",8050139,-0.066,-0.152,0.054,295.7,31.79,21.74
"2020-10-08 09:30:39.1",8050140,-0.085,-0.202,0.015,295.8,31.77,21.74
"2020-10-08 09:30:39.2",8050141,-0.084,-0.202,0.015,295.8,31.74,21.75
"2020-10-08 09:30:39.3",8050142,-0.047,-0.193,-0.005,295.8,31.76,21.75
"2020-10-08 09:30:39.4",8050143,-0.047,-0.192,-0.006,295.8,31.77,21.75
"2020-10-08 09:30:39.5",8050144,-0.047,-0.192,-0.006,295.8,31.76,21.73
"2020-10-08 09:30:39.6",8050145,-0.026,-0.144,0.005,295.9,31.74,21.75
"2020-10-08 09:30:39.7",8050146,-0.026,-0.144,0.006,295.9,31.74,21.77
"2020-10-08 09:30:39.8",8050147,-0.057,-0.144,0.044,295.9,31.76,21.75
"2020-10-08 09:30:39.9",8050148,-0.057,-0.142,0.044,295.9,31.76,21.73
"2020-10-08 09:30:40",8050149,-0.056,-0.144,0.044,295.9,31.75,21.74
"2020-10-08 09:30:40.1",8050150,-0.066,-0.154,0.035,296,31.78,21.81
"2020-10-08 09:30:40.2",8050151,-0.066,-0.154,0.034,296,31.75,21.75
"2020-10-08 09:30:40.3",8050152,-0.047,-0.125,0.137,296,31.75,21.74
"2020-10-08 09:30:40.4",8050153,-0.045,-0.125,0.137,296,31.73,21.73
"2020-10-08 09:30:40.5",8050154,-0.047,-0.124,0.138,296,31.7,21.75
"2020-10-08 09:30:40.6",8050155,-0.076,-0.07,0.108,296,31.73,21.75
"2020-10-08 09:30:40.7",8050156,-0.076,-0.071,0.108,296,31.73,21.75
"2020-10-08 09:30:40.8",8050157,-0.018,-0.123,0.108,296,31.72,21.73
"2020-10-08 09:30:40.9",8050158,-0.016,-0.124,0.108,296,31.7,21.74
"2020-10-08 09:30:41",8050159,-0.017,-0.124,0.108,296,31.72,21.75
"2020-10-08 09:30:41.1",8050160,-0.066,-0.163,0.108,296,31.72,21.75
"2020-10-08 09:30:41.2",8050161,-0.066,-0.162,0.108,296,31.73,21.73
"2020-10-08 09:30:41.3",8050162,-0.065,-0.163,0.109,296,31.69,21.75
"2020-10-08 09:30:41.4",8050163,-0.066,-0.163,0.108,296,31.71,21.76
"2020-10-08 09:30:41.5",8050164,-0.066,-0.163,0.107,296,31.71,21.75
"2020-10-08 09:30:41.6",8050165,-0.046,-0.201,0.137,296,31.71,21.74
"2020-10-08 09:30:41.7",8050166,-0.047,-0.202,0.137,296,31.68,21.73
"2020-10-08 09:30:41.8",8050167,-0.046,-0.124,0.138,296,31.69,21.75
"2020-10-08 09:30:41.9",8050168,-0.047,-0.124,0.137,296,31.7,21.75
"2020-10-08 09:30:42",8050169,-0.047,-0.123,0.137,296,31.7,21.74
"2020-10-08 09:30:42.1",8050170,-0.066,-0.163,0.108,296,31.69,21.73
"2020-10-08 09:30:42.2",8050171,-0.066,-0.163,0.109,296,31.69,21.75
"2020-10-08 09:30:42.3",8050172,-0.048,-0.124,0.064,295.9,31.69,21.75
"2020-10-08 09:30:42.4",8050173,-0.047,-0.122,0.064,295.9,31.7,21.74
"2020-10-08 09:30:42.5",8050174,-0.046,-0.125,0.064,295.9,31.67,21.74
"2020-10-08 09:30:42.6",8050175,-0.016,-0.144,-0.005,295.9,31.7,21.81
"2020-10-08 09:30:42.7",8050176,-0.018,-0.144,-0.006,295.9,31.7,21.75
"2020-10-08 09:30:42.8",8050177,-0.105,-0.154,-0.006,295.9,31.7,21.74
"2020-10-08 09:30:42.9",8050178,-0.105,-0.154,-0.006,295.9,31.69,21.73
"2020-10-08 09:30:43",8050179,-0.105,-0.153,-0.005,295.9,31.67,21.75
"2020-10-08 09:30:43.1",8050180,-0.037,-0.115,-0.006,295.9,31.69,21.75
"2020-10-08 09:30:43.2",8050181,-0.037,-0.114,-0.006,295.9,31.7,21.75
"2020-10-08 09:30:43.3",8050182,-0.037,-0.114,-0.006,295.9,31.7,21.73
"2020-10-08 09:30:43.4",8050183,-0.035,-0.114,-0.005,295.9,31.67,21.75
"2020-10-08 09:30:43.5",8050184,-0.037,-0.115,-0.006,295.9,31.69,21.75
"2020-10-08 09:30:43.6",8050185,-0.028,-0.154,0.016,295.8,31.7,21.75
"2020-10-08 09:30:43.7",8050186,-0.027,-0.152,0.015,295.8,31.7,21.73
"2020-10-08 09:30:43.8",8050187,-0.085,-0.203,0.015,295.8,31.68,21.74
"2020-10-08 09:30:43.9",8050188,-0.086,-0.202,0.015,295.8,31.66,21.76
"2020-10-08 09:30:44",8050189,-0.086,-0.202,0.015,295.8,31.69,21.75
"2020-10-08 09:30:44.1",8050190,-0.047,-0.192,-0.006,295.8,31.7,21.74
"2020-10-08 09:30:44.2",8050191,-0.046,-0.192,-0.006,295.8,31.69,21.73
"2020-10-08 09:30:44.3",8050192,-0.047,-0.193,-0.005,295.8,31.67,21.75
"2020-10-08 09:30:44.4",8050193,-0.048,-0.193,-0.006,295.8,31.7,21.75
"2020-10-08 09:30:44.5",8050194,-0.047,-0.192,-0.006,295.8,31.7,21.74
"2020-10-08 09:30:44.6",8050195,-0.046,-0.192,-0.006,295.8,31.69,21.74
"2020-10-08 09:30:44.7",8050196,-0.046,-0.193,-0.006,295.8,31.67,21.75
"2020-10-08 09:30:44.8",8050197,-0.067,-0.154,-0.005,295.8,31.69,21.75
"2020-10-08 09:30:44.9",8050198,-0.066,-0.153,-0.006,295.8,31.7,21.74
"2020-10-08 09:30:45",8050199,-0.067,-0.152,-0.006,295.8,31.69,21.73
"2020-10-08 09:30:45.1",8050200,-0.024,-0.154,-0.035,295.9,31.73,21.79
"2020-10-08 09:30:45.2",8050201,-0.028,-0.154,-0.035,295.9,31.69,21.75
"2020-10-08 09:30:45.3",8050202,-0.047,-0.192,-0.065,295.9,31.69,21.74
"2020-10-08 09:30:45.4",8050203,-0.047,-0.191,-0.065,295.9,31.68,21.73
"2020-10-08 09:30:45.5",8050204,-0.046,-0.192,-0.064,295.9,31.66,21.75
"2020-10-08 09:30:45.6",8050205,-0.028,-0.154,-0.035,295.9,31.68,21.75
"2020-10-08 09:30:45.7",8050206,-0.027,-0.154,-0.036,295.9,31.68,21.75
"2020-10-08 09:30:45.8",8050207,-0.028,-0.153,-0.035,295.8,31.67,21.73
"2020-10-08 09:30:45.9",8050208,-0.028,-0.153,-0.035,295.8,31.66,21.75
"2020-10-08 09:30:46",8050209,-0.028,-0.154,-0.035,295.8,31.68,21.75
"2020-10-08 09:30:46.1",8050210,-0.026,-0.154,0.015,295.8,31.68,21.74
"2020-10-08 09:30:46.2",8050211,-0.028,-0.154,0.015,295.8,31.67,21.75
"2020-10-08 09:30:46.3",8050212,-0.057,-0.002,0.064,295.8,31.67,21.75
"2020-10-08 09:30:46.4",8050213,-0.057,-0.002,0.064,295.8,31.67,21.77
"2020-10-08 09:30:46.5",8050214,-0.057,-0.002,0.064,295.8,31.67,21.74
"2020-10-08 09:30:46.6",8050215,-0.038,0.028,0.005,295.8,31.67,21.75
"2020-10-08 09:30:46.7",8050216,-0.038,0.028,0.005,295.8,31.67,21.75
"2020-10-08 09:30:46.8",8050217,-0.008,-0.002,0.064,295.9,31.67,21.75
"2020-10-08 09:30:46.9",8050218,-0.008,-0.002,0.064,295.9,31.67,21.75
"2020-10-08 09:30:47",8050219,-0.008,-0.002,0.064,295.9,31.67,21.75
"2020-10-08 09:30:47.1",8050220,0.105,-0.012,-0.006,295.9,31.67,21.75
"2020-10-08 09:30:47.2",8050221,0.104,-0.012,-0.006,295.9,31.67,21.75
"2020-10-08 09:30:47.3",8050222,0.114,0.038,-0.006,295.7,31.67,21.75
"2020-10-08 09:30:47.4",8050223,0.114,0.038,-0.006,295.7,31.67,21.75
"2020-10-08 09:30:47.5",8050224,0.114,0.038,-0.006,295.7,31.67,21.75
"2020-10-08 09:30:47.6",8050225,-0.037,0.028,0.005,295.8,31.72,21.79
"2020-10-08 09:30:47.7",8050226,-0.037,0.028,0.005,295.8,31.67,21.74
"2020-10-08 09:30:47.8",8050227,-0.008,0.067,-0.016,295.8,31.66,21.75
"2020-10-08 09:30:47.9",8050228,-0.008,0.067,-0.016,295.8,31.66,21.74
"2020-10-08 09:30:48",8050229,-0.008,0.067,-0.016,295.8,31.65,21.75
"2020-10-08 09:30:48.1",8050230,0.032,0.038,-0.006,295.8,31.65,21.75
"2020-10-08 09:30:48.2",8050231,0.032,0.038,-0.006,295.8,31.65,21.74
"2020-10-08 09:30:48.3",8050232,-0.008,0.028,-0.006,295.9,31.65,21.74
"2020-10-08 09:30:48.4",8050233,-0.008,0.028,-0.006,295.9,31.65,21.74
"2020-10-08 09:30:48.5",8050234,-0.008,0.028,-0.006,295.9,31.65,21.75
"2020-10-08 09:30:48.6",8050235,-0.008,0.057,-0.016,295.9,31.65,21.75
"2020-10-08 09:30:48.7",8050236,-0.008,0.057,-0.016,295.9,31.65,21.75
"2020-10-08 09:30:48.8",8050237,-0.027,0.038,-0.035,295.9,31.65,21.75
"2020-10-08 09:30:48.9",8050238,-0.028,0.038,-0.035,295.9,31.65,21.77
"2020-10-08 09:30:49",8050239,-0.028,0.038,-0.035,295.9,31.65,21.74
"2020-10-08 09:30:49.1",8050240,-0.028,0.038,-0.035,295.9,31.65,21.74
"2020-10-08 09:30:49.2",8050241,-0.028,0.038,-0.035,295.9,31.65,21.74
"2020-10-08 09:30:49.3",8050242,-0.038,0.028,0.005,295.8,31.65,21.75
"2020-10-08 09:30:49.4",8050243,-0.037,0.028,0.005,295.8,31.65,21.75
"2020-10-08 09:30:49.5",8050244,-0.038,0.028,0.005,295.8,31.65,21.75
"2020-10-08 09:30:49.6",8050245,-0.037,0.028,0.005,295.8,31.65,21.75
"2020-10-08 09:30:49.7",8050246,-0.038,0.028,0.005,295.8,31.65,21.75
"2020-10-08 09:30:49.8",8050247,-0.037,0.028,0.005,295.8,31.65,21.75
"2020-10-08 09:30:49.9",8050248,-0.038,0.028,0.005,295.8,31.65,21.75
"2020-10-08 09:30:50",8050249,-0.037,0.028,0.005,295.8,31.65,21.75
"2020-10-08 09:30:50.1",8050250,-0.037,0.028,0.005,295.8,31.7,21.77
"2020-10-08 09:30:50.2",8050251,-0.038,0.028,0.005,295.8,31.65,21.74
"2020-10-08 09:30:50.3",8050252,-0.008,0.028,-0.006,295.9,31.64,21.74
"2020-10-08 09:30:50.4",8050253,-0.008,0.028,-0.006,295.9,31.64,21.75
"2020-10-08 09:30:50.5",8050254,-0.008,0.028,-0.006,295.9,31.63,21.75
"2020-10-08 09:30:50.6",8050255,-0.008,0.028,-0.006,295.9,31.63,21.75
"2020-10-08 09:30:50.7",8050256,-0.008,0.028,-0.006,295.9,31.63,21.75
"2020-10-08 09:30:50.8",8050257,-0.008,0.077,0.044,295.9,31.63,21.75
"2020-10-08 09:30:50.9",8050258,-0.008,0.077,0.044,295.9,31.63,21.75
"2020-10-08 09:30:51",8050259,-0.008,0.077,0.044,295.9,31.63,21.75
"2020-10-08 09:30:51.1",8050260,-0.008,0.077,0.044,295.9,31.63,21.75
"2020-10-08 09:30:51.2",8050261,-0.008,0.077,0.044,295.9,31.63,21.75
"2020-10-08 09:30:51.3",8050262,-0.008,0.077,0.044,295.9,31.63,21.75
"2020-10-08 09:30:51.4",8050263,-0.008,0.077,0.044,295.9,31.63,21.78
"2020-10-08 09:30:51.5",8050264,-0.008,0.077,0.044,295.9,31.63,21.74
"2020-10-08 09:30:51.6",8050265,-0.008,0.077,0.044,295.9,31.63,21.74
"2020-10-08 09:30:51.7",8050266,-0.008,0.077,0.044,295.9,31.63,21.75
"2020-10-08 09:30:51.8",8050267,-0.038,0.028,0.005,295.8,31.63,21.75
"2020-10-08 09:30:51.9",8050268,-0.038,0.028,0.005,295.8,31.63,21.74
"2020-10-08 09:30:52",8050269,-0.038,0.028,0.005,295.8,31.63,21.75
"2020-10-08 09:30:52.1",8050270,-0.037,0.028,0.005,295.8,31.63,21.75
"2020-10-08 09:30:52.2",8050271,-0.037,0.028,0.005,295.8,31.63,21.74
"2020-10-08 09:30:52.3",8050272,-0.038,0.028,0.005,295.8,31.63,21.75
"2020-10-08 09:30:52.4",8050273,-0.038,0.028,0.005,295.8,31.63,21.74
"2020-10-08 09:30:52.5",8050274,-0.038,0.028,0.005,295.8,31.63,21.75
"2020-10-08 09:30:52.6",8050275,-0.008,-0.002,0.044,295.9,31.68,21.75
"2020-10-08 09:30:52.7",8050276,-0.008,-0.002,0.044,295.9,31.63,21.74
"2020-10-08 09:30:52.8",8050277,-0.008,-0.002,0.044,295.9,31.63,21.74
"2020-10-08 09:30:52.9",8050278,-0.008,-0.002,0.044,295.9,31.63,21.74
"2020-10-08 09:30:53",8050279,-0.008,-0.002,0.044,295.9,31.63,21.75
"2020-10-08 09:30:53.1",8050280,-0.008,0.008,0.044,295.9,31.63,21.74
"2020-10-08 09:30:53.2",8050281,-0.008,0.008,0.044,295.9,31.63,21.75
"2020-10-08 09:30:53.3",8050282,-0.028,0.038,0.025,295.9,31.63,21.75
"2020-10-08 09:30:53.4",8050283,-0.028,0.038,0.025,295.9,31.63,21.75
"2020-10-08 09:30:53.5",8050284,-0.028,0.038,0.025,295.9,31.63,21.74
"2020-10-08 09:30:53.6",8050285,-0.028,0.038,0.083,296,31.63,21.75
"2020-10-08 09:30:53.7",8050286,-0.028,0.038,0.083,296,31.63,21.75
"2020-10-08 09:30:53.8",8050287,-0.028,0.038,0.083,296,31.63,21.74
"2020-10-08 09:30:53.9",8050288,-0.027,0.038,0.083,296,31.66,21.78
"2020-10-08 09:30:54",8050289,-0.028,0.038,0.083,296,31.63,21.74
"2020-10-08 09:30:54.1",8050290,-0.008,0.008,0.044,296,31.63,21.74
"2020-10-08 09:30:54.2",8050291,-0.008,0.009,0.044,296,31.63,21.74
"2020-10-08 09:30:54.3",8050292,-0.008,-0.002,-0.006,295.9,31.63,21.74
"2020-10-08 09:30:54.4",8050293,-0.008,-0.002,-0.006,295.9,31.63,21.75
"2020-10-08 09:30:54.5",8050294,-0.008,-0.002,-0.006,295.9,31.63,21.74
"2020-10-08 09:30:54.6",8050295,-0.008,-0.002,-0.006,295.9,31.63,21.75
"2020-10-08 09:30:54.7",8050296,-0.008,-0.002,-0.006,295.9,31.63,21.75
"2020-10-08 09:30:54.8",8050297,-0.038,-0.002,-0.006,295.9,31.63,21.75
"2020-10-08 09:30:54.9",8050298,-0.037,-0.002,-0.006,295.9,31.63,21.75
"2020-10-08 09:30:55",8050299,-0.037,-0.002,-0.006,295.9,31.63,21.75
"2020-10-08 09:30:55.1",8050300,-0.038,-0.002,-0.006,295.9,31.67,21.75
"2020-10-08 09:30:55.2",8050301,-0.037,-0.002,-0.006,295.9,31.63,21.75
"2020-10-08 09:30:55.3",8050302,-0.067,0.038,-0.006,295.9,31.63,21.75
"2020-10-08 09:30:55.4",8050303,-0.066,0.038,-0.006,295.9,31.63,21.74
"2020-10-08 09:30:55.5",8050304,-0.067,0.038,-0.006,295.9,31.63,21.75
"2020-10-08 09:30:55.6",8050305,-0.067,0.038,-0.006,295.9,31.63,21.75
"2020-10-08 09:30:55.7",8050306,-0.067,0.038,-0.006,295.9,31.63,21.75
"2020-10-08 09:30:55.8",8050307,-0.027,-0.002,0.025,295.9,31.63,21.75
"2020-10-08 09:30:55.9",8050308,-0.028,-0.002,0.025,295.9,31.63,21.75
"2020-10-08 09:30:56",8050309,-0.028,-0.002,0.024,295.9,31.63,21.75
"2020-10-08 09:30:56.1",8050310,-0.028,-0.002,0.025,295.9,31.63,21.74
"2020-10-08 09:30:56.2",8050311,-0.028,-0.002,0.025,295.9,31.63,21.75
"2020-10-08 09:30:56.3",8050312,-0.067,-0.002,0.044,295.9,31.63,21.75
"2020-10-08 09:30:56.4",8050313,-0.067,-0.002,0.044,295.9,31.66,21.8
"2020-10-08 09:30:56.5",8050314,-0.067,-0.002,0.044,295.9,31.63,21.74
"2020-10-08 09:30:56.6",8050315,-0.076,-0.002,0.015,295.9,31.63,21.74
"2020-10-08 09:30:56.7",8050316,-0.077,-0.002,0.015,295.9,31.63,21.75
"2020-10-08 09:30:56.8",8050317,-0.066,-0.002,0.044,296,31.63,21.75
"2020-10-08 09:30:56.9",8050318,-0.067,-0.002,0.044,296,31.63,21.75
"2020-10-08 09:30:57",8050319,-0.067,-0.002,0.044,296,31.63,21.75
"2020-10-08 09:30:57.1",8050320,-0.077,-0.002,0.015,295.9,31.63,21.75
"2020-10-08 09:30:57.2",8050321,-0.076,-0.002,0.015,295.9,31.63,21.75
"2020-10-08 09:30:57.3",8050322,-0.077,-0.002,0.015,295.9,31.63,21.74
"2020-10-08 09:30:57.4",8050323,-0.076,-0.002,0.015,295.9,31.63,21.75
"2020-10-08 09:30:57.5",8050324,-0.076,-0.002,0.015,295.9,31.63,21.75
"2020-10-08 09:30:57.6",8050325,-0.067,0.047,0.044,296,31.64,21.75
"2020-10-08 09:30:57.7",8050326,-0.067,0.048,0.044,296,31.63,21.75
"2020-10-08 09:30:57.8",8050327,-0.076,0.067,0.015,295.9,31.63,21.74
"2020-10-08 09:30:57.9",8050328,-0.076,0.067,0.015,295.9,31.63,21.75
"2020-10-08 09:30:58",8050329,-0.076,0.067,0.015,295.9,31.63,21.75
"2020-10-08 09:30:58.1",8050330,-0.077,0.067,0.015,295.9,31.63,21.74
"2020-10-08 09:30:58.2",8050331,-0.077,0.067,0.015,295.9,31.63,21.74
"2020-10-08 09:30:58.3",8050332,-0.066,0.048,0.044,296,31.63,21.75
"2020-10-08 09:30:58.4",8050333,-0.067,0.048,0.044,296,31.63,21.75
"2020-10-08 09:30:58.5",8050334,-0.067,0.048,0.044,296,31.63,21.75
"2020-10-08 09:30:58.6",8050335,-0.047,0.009,0.064,295.9,31.63,21.75
"2020-10-08 09:30:58.7",8050336,-0.047,0.009,0.064,295.9,31.63,21.75
"2020-10-08 09:30:58.8",8050337,-0.047,-0.002,0.064,295.9,31.63,21.75
"2020-10-08 09:30:58.9",8050338,-0.047,-0.002,0.064,295.9,31.66,21.8
"2020-10-08 09:30:59",8050339,-0.047,-0.002,0.064,295.9,31.63,21.74
"2020-10-08 09:30:59.1",8050340,-0.038,0.028,0.005,295.8,31.64,21.74
"2020-10-08 09:30:59.2",8050341,-0.037,0.028,0.005,295.8,31.64,21.74
"2020-10-08 09:30:59.3",8050342,-0.045,0.067,-0.006,296,31.64,21.75
"2020-10-08 09:30:59.4",8050343,-0.047,0.067,-0.006,296,31.65,21.75
"2020-10-08 09:30:59.5",8050344,-0.047,0.067,-0.006,296,31.65,21.75
"2020-10-08 09:30:59.6",8050345,-0.008,0.009,0.044,296.2,31.65,21.75
"2020-10-08 09:30:59.7",8050346,-0.008,0.008,0.044,296.2,31.65,21.75
"2020-10-08 09:30:59.8",8050347,-0.077,-0.002,0.044,296.2,31.65,21.75
"2020-10-08 09:30:59.9",8050348,-0.077,-0.002,0.044,296.2,31.65,21.75
"2020-10-08 09:31:00",8050349,-0.076,-0.002,0.044,296.2,31.65,21.75
"2020-10-08 09:31:00.1",8050350,-0.008,-0.002,0.064,296.1,31.65,21.75
"2020-10-08 09:31:00.2",8050351,-0.008,-0.002,0.064,296.1,31.65,21.74
"2020-10-08 09:31:00.3",8050352,-0.028,-0.002,0.093,296.2,31.65,21.74
"2020-10-08 09:31:00.4",8050353,-0.028,-0.002,0.093,296.2,31.65,21.74
"2020-10-08 09:31:00.5",8050354,-0.028,-0.002,0.093,296.2,31.65,21.74
"2020-10-08 09:31:00.6",8050355,-0.008,0.009,0.117,296.2,31.65,21.74
"2020-10-08 09:31:00.7",8050356,-0.008,0.009,0.118,296.2,31.65,21.74
"2020-10-08 09:31:00.8",8050357,-0.067,-0.002,0.117,296.2,31.65,21.75
"2020-10-08 09:31:00.9",8050358,-0.067,-0.002,0.117,296.2,31.65,21.75
"2020-10-08 09:31:01",8050359,-0.067,-0.002,0.117,296.2,31.65,21.75
"2020-10-08 09:31:01.1",8050360,-0.086,0.009,0.083,296.2,31.65,21.75
"2020-10-08 09:31:01.2",8050361,-0.086,0.009,0.083,296.2,31.65,21.75
"2020-10-08 09:31:01.3",8050362,-0.047,0.009,0.064,296.2,31.65,21.75
"2020-10-08 09:31:01.4",8050363,-0.047,0.009,0.064,296.2,31.69,21.8
"2020-10-08 09:31:01.5",8050364,-0.047,0.009,0.064,296.2,31.65,21.75
"2020-10-08 09:31:01.6",8050365,-0.067,-0.002,0.044,296.2,31.65,21.75
"2020-10-08 09:31:01.7",8050366,-0.067,-0.002,0.044,296.2,31.65,21.75
"2020-10-08 09:31:01.8",8050367,-0.096,-0.051,0.083,296.3,31.65,21.75
"2020-10-08 09:31:01.9",8050368,-0.096,-0.051,0.083,296.3,31.65,21.75
"2020-10-08 09:31:02",8050369,-0.096,-0.051,0.083,296.3,31.65,21.75
"2020-10-08 09:31:02.1",8050370,-0.057,0.009,0.074,296.2,31.65,21.75
"2020-10-08 09:31:02.2",8050371,-0.057,0.009,0.074,296.2,31.65,21.75
"2020-10-08 09:31:02.3",8050372,-0.077,-0.002,0.044,296.1,31.65,21.75
"2020-10-08 09:31:02.4",8050373,-0.077,-0.002,0.044,296.1,31.65,21.75
"2020-10-08 09:31:02.5",8050374,-0.076,-0.002,0.044,296.1,31.65,21.74
"2020-10-08 09:31:02.6",8050375,-0.057,-0.041,0.064,296.1,31.65,21.75
"2020-10-08 09:31:02.7",8050376,-0.057,-0.041,0.064,296.1,31.65,21.74
"2020-10-08 09:31:02.8",8050377,-0.008,-0.002,0.064,296.1,31.65,21.75
"2020-10-08 09:31:02.9",8050378,-0.008,-0.002,0.064,296.1,31.65,21.75
"2020-10-08 09:31:03",8050379,-0.008,-0.002,0.064,296.1,31.65,21.74
"2020-10-08 09:31:03.1",8050380,-0.018,-0.002,0.015,296,31.65,21.75
"2020-10-08 09:31:03.2",8050381,-0.018,-0.002,0.015,296,31.65,21.75
"2020-10-08 09:31:03.3",8050382,-0.018,-0.002,0.015,296,31.65,21.74
"2020-10-08 09:31:03.4",8050383,-0.018,-0.002,0.015,296,31.65,21.75
"2020-10-08 09:31:03.5",8050384,-0.018,-0.002,0.015,296,31.65,21.75
"2020-10-08 09:31:03.6",8050385,-0.028,-0.002,0.025,296.2,31.65,21.75
"2020-10-08 09:31:03.7",8050386,-0.028,-0.002,0.025,296.2,31.65,21.74
"2020-10-08 09:31:03.8",8050387,-0.008,0.009,0.044,296.1,31.65,21.74
"2020-10-08 09:31:03.9",8050388,-0.008,0.009,0.044,296.1,31.71,21.8
"2020-10-08 09:31:04",8050389,-0.008,0.008,0.044,296.1,31.65,21.74
"2020-10-08 09:31:04.1",8050390,-0.028,-0.002,0.025,296.1,31.65,21.74
"2020-10-08 09:31:04.2",8050391,-0.028,-0.002,0.025,296.1,31.65,21.74
"2020-10-08 09:31:04.3",8050392,-0.008,0.009,0.044,296.1,31.65,21.74
"2020-10-08 09:31:04.4",8050393,-0.008,0.009,0.044,296.1,31.65,21.74
"2020-10-08 09:31:04.5",8050394,-0.008,0.009,0.044,296.1,31.65,21.74
"2020-10-08 09:31:04.6",8050395,-0.028,-0.002,0.024,296.2,31.65,21.75
"2020-10-08 09:31:04.7",8050396,-0.028,-0.002,0.025,296.2,31.65,21.75
"2020-10-08 09:31:04.8",8050397,-0.057,0.009,0.074,296.2,31.65,21.75
"2020-10-08 09:31:04.9",8050398,-0.057,0.009,0.074,296.2,31.65,21.75
"2020-10-08 09:31:05",8050399,-0.057,0.008,0.073,296.2,31.65,21.75
"2020-10-08 09:31:05.1",8050400,-0.008,-0.002,0.064,296.2,31.65,21.75
"2020-10-08 09:31:05.2",8050401,-0.008,-0.002,0.064,296.2,31.65,21.77
"2020-10-08 09:31:05.3",8050402,-0.028,-0.002,0.025,296.1,31.65,21.74
"2020-10-08 09:31:05.4",8050403,-0.028,-0.002,0.025,296.1,31.65,21.74
"2020-10-08 09:31:05.5",8050404,-0.028,-0.002,0.025,296.1,31.65,21.74
"2020-10-08 09:31:05.6",8050405,-0.057,0.009,0.074,296.1,31.65,21.75
"2020-10-08 09:31:05.7",8050406,-0.057,0.008,0.074,296.1,31.65,21.75
"2020-10-08 09:31:05.8",8050407,-0.008,-0.002,0.064,295.9,31.65,21.75
"2020-10-08 09:31:05.9",8050408,-0.008,-0.002,0.064,295.9,31.65,21.75
"2020-10-08 09:31:06",8050409,-0.008,-0.002,0.064,295.9,31.65,21.75
"2020-10-08 09:31:06.1",8050410,-0.008,-0.002,0.044,295.9,31.65,21.75
"2020-10-08 09:31:06.2",8050411,-0.008,-0.002,0.044,295.9,31.65,21.75
"2020-10-08 09:31:06.3",8050412,0.002,-0.002,0.015,295.8,31.65,21.75
"2020-10-08 09:31:06.4",8050413,0.002,-0.002,0.015,295.8,31.7,21.77
"2020-10-08 09:31:06.5",8050414,0.002,-0.002,0.015,295.8,31.65,21.75
"2020-10-08 09:31:06.6",8050415,-0.008,0.028,-0.006,295.7,31.65,21.75
"2020-10-08 09:31:06.7",8050416,-0.008,0.028,-0.006,295.7,31.65,21.75
"2020-10-08 09:31:06.8",8050417,-0.008,-0.002,0.044,295.8,31.65,21.75
"2020-10-08 09:31:06.9",8050418,-0.008,-0.002,0.044,295.8,31.65,21.75
"2020-10-08 09:31:07",8050419,-0.008,-0.002,0.044,295.8,31.65,21.75
"2020-10-08 09:31:07.1",8050420,-0.008,-0.002,0.044,295.8,31.65,21.75
"2020-10-08 09:31:07.2",8050421,-0.008,-0.002,0.044,295.8,31.65,21.75
"2020-10-08 09:31:07.3",8050422,-0.008,0.038,0.064,295.8,31.65,21.75
"2020-10-08 09:31:07.4",8050423,-0.008,0.038,0.064,295.8,31.65,21.75
"2020-10-08 09:31:07.5",8050424,-0.008,0.038,0.064,295.8,31.65,21.75
"2020-10-08 09:31:07.6",8050425,-0.008,0.038,0.064,295.8,31.65,21.75
"2020-10-08 09:31:07.7",8050426,-0.008,0.038,0.064,295.8,31.65,21.78
"2020-10-08 09:31:07.8",8050427,0.002,0.077,0.083,295.8,31.64,21.75
"2020-10-08 09:31:07.9",8050428,0.002,0.077,0.083,295.8,31.64,21.75
"2020-10-08 09:31:08",8050429,0.002,0.077,0.083,295.8,31.63,21.75
"2020-10-08 09:31:08.1",8050430,-0.028,0.038,0.083,295.9,31.63,21.75
"2020-10-08 09:31:08.2",8050431,-0.028,0.038,0.083,295.9,31.63,21.75
"2020-10-08 09:31:08.3",8050432,0.002,0.038,0.064,296,31.63,21.74
"2020-10-08 09:31:08.4",8050433,0.002,0.038,0.064,296,31.63,21.74
"2020-10-08 09:31:08.5",8050434,0.002,0.038,0.064,296,31.63,21.75
"2020-10-08 09:31:08.6",8050435,-0.028,0.038,0.083,295.9,31.63,21.75
"2020-10-08 09:31:08.7",8050436,-0.028,0.038,0.083,295.9,31.63,21.75
"2020-10-08 09:31:08.8",8050437,-0.047,0.009,0.064,296,31.63,21.75
"2020-10-08 09:31:08.9",8050438,-0.047,0.009,0.064,296,31.68,21.75
"2020-10-08 09:31:09",8050439,-0.047,0.009,0.064,296,31.63,21.74
"2020-10-08 09:31:09.1",8050440,-0.028,0.038,0.083,295.9,31.63,21.74
"2020-10-08 09:31:09.2",8050441,-0.028,0.038,0.083,295.9,31.63,21.75
"2020-10-08 09:31:09.3",8050442,-0.008,0.037,0.064,295.9,31.63,21.75
"2020-10-08 09:31:09.4",8050443,-0.008,0.038,0.064,295.9,31.63,21.75
"2020-10-08 09:31:09.5",8050444,-0.008,0.038,0.064,295.9,31.63,21.74
"2020-10-08 09:31:09.6",8050445,0.002,-0.002,0.015,295.8,31.63,21.75
"2020-10-08 09:31:09.7",8050446,0.002,-0.002,0.015,295.8,31.63,21.75
"2020-10-08 09:31:09.8",8050447,-0.008,-0.002,0.044,295.8,31.63,21.75
"2020-10-08 09:31:09.9",8050448,-0.008,-0.002,0.044,295.8,31.63,21.75
"2020-10-08 09:31:10",8050449,-0.008,-0.002,0.044,295.8,31.63,21.75
"2020-10-08 09:31:10.1",8050450,-0.008,-0.002,0.044,295.8,31.63,21.75
"2020-10-08 09:31:10.2",8050451,-0.008,-0.002,0.044,295.8,31.66,21.78
"2020-10-08 09:31:10.3",8050452,-0.008,-0.002,0.044,295.9,31.63,21.74
"2020-10-08 09:31:10.4",8050453,-0.008,-0.002,0.044,295.9,31.63,21.74
"2020-10-08 09:31:10.5",8050454,-0.008,-0.002,0.044,295.9,31.63,21.74
"2020-10-08 09:31:10.6",8050455,-0.008,-0.002,0.044,295.9,31.63,21.74
"2020-10-08 09:31:10.7",8050456,-0.008,-0.002,0.044,295.9,31.63,21.74
"2020-10-08 09:31:10.8",8050457,-0.008,-0.002,0.044,295.9,31.63,21.75
"2020-10-08 09:31:10.9",8050458,-0.008,-0.002,0.044,295.9,31.63,21.75
"2020-10-08 09:31:11",8050459,-0.008,-0.002,0.044,295.9,31.63,21.75
"2020-10-08 09:31:11.1",8050460,-0.008,-0.002,0.044,295.9,31.63,21.75
"2020-10-08 09:31:11.2",8050461,-0.008,-0.002,0.044,295.9,31.63,21.75
"2020-10-08 09:31:11.3",8050462,-0.008,-0.002,0.044,295.9,31.63,21.75
"2020-10-08 09:31:11.4",8050463,-0.008,-0.002,0.044,295.9,31.66,21.75
"2020-10-08 09:31:11.5",8050464,-0.008,-0.002,0.044,295.9,31.63,21.75
"2020-10-08 09:31:11.6",8050465,-0.037,0.028,0.025,295.9,31.63,21.75
"2020-10-08 09:31:11.7",8050466,-0.038,0.028,0.025,295.9,31.63,21.75
"2020-10-08 09:31:11.8",8050467,-0.008,-0.002,0.044,295.9,31.63,21.75
"2020-10-08 09:31:11.9",8050468,-0.008,-0.002,0.044,295.9,31.63,21.75
"2020-10-08 09:31:12",8050469,-0.008,-0.002,0.044,295.9,31.63,21.75
"2020-10-08 09:31:12.1",8050470,-0.008,-0.002,0.044,295.9,31.63,21.75
"2020-10-08 09:31:12.2",8050471,-0.008,-0.002,0.044,295.9,31.63,21.75
"2020-10-08 09:31:12.3",8050472,-0.037,0.028,0.025,295.9,31.63,21.74
"2020-10-08 09:31:12.4",8050473,-0.037,0.028,0.025,295.9,31.63,21.74
"2020-10-08 09:31:12.5",8050474,-0.038,0.028,0.025,295.9,31.63,21.74
"2020-10-08 09:31:12.6",8050475,-0.037,0.028,0.005,295.8,31.63,21.75
"2020-10-08 09:31:12.7",8050476,-0.037,0.028,0.005,295.8,31.66,21.8
"2020-10-08 09:31:12.8",8050477,-0.047,0.009,-0.006,295.9,31.63,21.74
"2020-10-08 09:31:12.9",8050478,-0.047,0.009,-0.006,295.9,31.63,21.74
"2020-10-08 09:31:13",8050479,-0.047,0.009,-0.006,295.9,31.63,21.74
"2020-10-08 09:31:13.1",8050480,-0.028,-0.002,0.025,295.9,31.63,21.75
"2020-10-08 09:31:13.2",8050481,-0.028,-0.002,0.025,295.9,31.63,21.75
"2020-10-08 09:31:13.3",8050482,-0.028,-0.002,0.025,295.9,31.63,21.74
"2020-10-08 09:31:13.4",8050483,-0.028,-0.002,0.025,295.9,31.63,21.75
"2020-10-08 09:31:13.5",8050484,-0.028,-0.002,0.025,295.9,31.63,21.75
"2020-10-08 09:31:13.6",8050485,-0.067,-0.002,0.044,295.9,31.63,21.75
"2020-10-08 09:31:13.7",8050486,-0.067,-0.002,0.044,295.9,31.63,21.75
"2020-10-08 09:31:13.8",8050487,-0.038,0.028,0.025,295.9,31.63,21.75
"2020-10-08 09:31:13.9",8050488,-0.038,0.028,0.025,295.9,31.64,21.75
"2020-10-08 09:31:14",8050489,-0.038,0.028,0.025,295.9,31.63,21.75
"2020-10-08 09:31:14.1",8050490,-0.038,0.028,0.025,295.9,31.63,21.75
"2020-10-08 09:31:14.2",8050491,-0.037,0.028,0.025,295.9,31.63,21.75
"2020-10-08 09:31:14.3",8050492,-0.008,-0.002,0.044,295.9,31.63,21.75
"2020-10-08 09:31:14.4",8050493,-0.008,-0.002,0.044,295.9,31.63,21.75
"2020-10-08 09:31:14.5",8050494,-0.008,-0.002,0.044,295.9,31.63,21.75
"2020-10-08 09:31:14.6",8050495,-0.008,-0.002,0.044,295.9,31.63,21.75
"2020-10-08 09:31:14.7",8050496,-0.008,-0.002,0.044,295.9,31.63,21.75
"2020-10-08 09:31:14.8",8050497,-0.008,-0.002,0.044,295.9,31.63,21.74
"2020-10-08 09:31:14.9",8050498,-0.008,-0.002,0.044,295.9,31.63,21.75
"2020-10-08 09:31:15",8050499,-0.008,-0.002,0.044,295.9,31.63,21.75
"2020-10-08 09:31:15.1",8050500,-0.008,-0.002,0.044,295.9,31.63,21.75
"2020-10-08 09:31:15.2",8050501,-0.008,-0.002,0.044,295.9,31.66,21.8
"2020-10-08 09:31:15.3",8050502,-0.057,-0.002,0.064,295.8,31.63,21.74
"2020-10-08 09:31:15.4",8050503,-0.057,-0.002,0.064,295.8,31.63,21.74
"2020-10-08 09:31:15.5",8050504,-0.057,-0.002,0.064,295.8,31.63,21.74
"2020-10-08 09:31:15.6",8050505,-0.076,0.038,0.044,295.8,31.63,21.74
"2020-10-08 09:31:15.7",8050506,-0.077,0.038,0.044,295.8,31.63,21.74
"2020-10-08 09:31:15.8",8050507,-0.057,-0.002,0.064,295.8,31.63,21.75
"2020-10-08 09:31:15.9",8050508,-0.057,-0.002,0.064,295.8,31.63,21.74
"2020-10-08 09:31:16",8050509,-0.057,-0.002,0.064,295.8,31.63,21.75
"2020-10-08 09:31:16.1",8050510,-0.057,-0.002,0.064,295.8,31.63,21.74
"2020-10-08 09:31:16.2",8050511,-0.057,-0.002,0.064,295.8,31.63,21.74
"2020-10-08 09:31:16.3",8050512,-0.038,0.038,0.083,295.7,31.63,21.74
"2020-10-08 09:31:16.4",8050513,-0.038,0.038,0.083,295.7,31.63,21.75
"2020-10-08 09:31:16.5",8050514,-0.037,0.038,0.083,295.7,31.63,21.74
"2020-10-08 09:31:16.6",8050515,-0.057,-0.002,0.064,295.8,31.63,21.74
"2020-10-08 09:31:16.7",8050516,-0.057,-0.002,0.064,295.8,31.63,21.74
"2020-10-08 09:31:16.8",8050517,-0.057,-0.002,0.064,295.8,31.63,21.74
"2020-10-08 09:31:16.9",8050518,-0.057,-0.002,0.064,295.8,31.63,21.75
"2020-10-08 09:31:17",8050519,-0.057,-0.002,0.064,295.8,31.63,21.75
"2020-10-08 09:31:17.1",8050520,-0.008,-0.002,0.044,295.8,31.63,21.75
