"TOA5","10329","CR6","10329","CR6.Std.09.01 CR6-WIFI.04.00.01","CPU:YOUNG81000_HMP60_10Hz.CR6","51185","Young10Hz_hmp"
"TIMESTAMP","RECORD","U","V","W","TSonic","RH","T_HMP60"
"TS","RN","mV","mV","mV","mV","%","Deg C"
"","","Smp","Smp","Smp","Smp","Smp","Smp"
"2020-10-06 07:34:51",6261687,-10,-10,-10,220,-0.001,-40.01
"2020-10-06 07:34:51.1",6261688,-10,-10,-10,220,-0.001,-40.01
"2020-10-06 07:34:51.2",6261689,-10,-10,-10,220,-0.001,-40.01
"2020-10-06 07:34:51.3",6261690,-10,-10,-10,220,-0.001,-40.01
"2020-10-06 07:34:51.4",6261691,-10,-10,-10,220,-0.001,-40.01
"2020-10-06 07:34:51.5",6261692,-10,-10,-10,220,-0.001,-40.01
"2020-10-06 07:34:51.6",6261693,-10,-10,-10,220,-0.001,-40.01
"2020-10-06 07:34:51.7",6261694,-10,-10,-10,220,-0.001,-40.01
"2020-10-06 07:34:51.8",6261695,-10,-10,-10,220,-0.001,-40.01
"2020-10-06 07:34:51.9",6261696,-10,-10,-10,220,-0.001,-40.01
"2020-10-06 07:34:52",6261697,-10,-10,-10,220,-0.001,-40.01
"2020-10-06 07:34:52.1",6261698,-10,-10,-10,220,-0.001,-40.01
"2020-10-06 07:34:52.2",6261699,-10,-10,-10,220,-0.001,-40.01
"2020-10-06 07:34:52.3",6261700,-10,-10,-10,220,-0.001,-40.01
"2020-10-06 07:34:52.4",6261701,-10,-10,-10,220,-0.001,-40.01
"2020-10-06 07:34:52.5",6261702,-10,-10,-10,220,-0.001,-40.01
"2020-10-06 07:34:52.6",6261703,-10,-10,-10,220,-0.001,-40.01
"2020-10-06 07:34:52.7",6261704,-10,-10,-10,220,-0.001,-40.01
"2020-10-06 07:34:52.8",6261705,-10,-10,-10,220,-0.001,-40.01
"2020-10-06 07:34:52.9",6261706,-10,-10,-10,220,-0.001,-40.01
"2020-10-06 07:34:53",6261707,-10,-10,-10,220,-0.001,-40.01
"2020-10-06 07:34:53.1",6261708,-10,-10,-10,220,-0.001,-40.01
"2020-10-06 07:34:53.2",6261709,-10,-10,-10,220,-0.001,-40.01
"2020-10-06 07:34:53.3",6261710,-10,-10,-10,220,-0.001,-40.01
"2020-10-06 07:34:53.4",6261711,-10,-10,-10,220,-0.001,-40.01
"2020-10-06 07:34:53.5",6261712,-10,-10,-10,220,-0.001,-40.01
"2020-10-06 07:34:53.6",6261713,-10,-10,-10,220,-0.001,-40.01
"2020-10-06 07:34:53.7",6261714,-10,-10,-10,220,-0.001,-40.01
"2020-10-06 07:34:53.8",6261715,-10,-10,-10,220,-0.001,-40.01
"2020-10-06 07:34:53.9",6261716,-10,-10,-10,220,-0.001,-40.01
"2020-10-06 07:34:54",6261717,-10,-10,-10,220,-0.001,-40.01
"2020-10-06 07:34:54.1",6261718,-10,-10,-10,220,-0.001,-40.01
"2020-10-06 07:34:54.2",6261719,-10,-10,-10,220,-0.001,-40.01
"2020-10-06 07:34:54.3",6261720,-10,-10,-10,220,-0.001,-40.01
"2020-10-06 07:34:54.4",6261721,-10,-10,-10,220,-0.001,-40.01
"2020-10-06 07:34:54.5",6261722,-10,-10,-10,220,-0.001,-40.01
"2020-10-06 07:34:54.6",6261723,-10,-10,-10,220,-0.001,-40.01
"2020-10-06 07:34:54.7",6261724,-10,-10,-10,220,-0.001,-40.01
"2020-10-06 07:34:54.8",6261725,-10,-10,-10,220,-0.001,-40.01
"2020-10-06 07:34:54.9",6261726,-10,-10,-10,220,-0.001,-40.01
"2020-10-06 07:34:55",6261727,-10,-10,-10,220,-0.001,-40.01
"2020-10-06 07:34:55.1",6261728,-10,-10,-10,220,-0.001,-40.01
"2020-10-06 07:34:55.2",6261729,-10,-10,-10,220,-0.001,-40.01
"2020-10-06 07:34:55.3",6261730,-10,-10,-10,220,-0.001,-40.01
"2020-10-06 07:34:55.4",6261731,-10,-10,-10,220,-0.001,-40.01
"2020-10-06 07:34:55.5",6261732,-10,-10,-10,220,-0.001,-40.01
"2020-10-06 07:34:55.6",6261733,-10,-10,-10,220,-0.001,-40.01
"2020-10-06 07:34:55.7",6261734,-10,-10,-10,220,-0.001,-40.01
"2020-10-06 07:34:55.8",6261735,-10,-10,-10,220,-0.001,-40.01
"2020-10-06 07:34:55.9",6261736,-10,-10,-10,220,-0.001,-40.01
"2020-10-06 07:34:56",6261737,-10,-10,-10,220,-0.001,-40.01
"2020-10-06 07:34:56.1",6261738,-10,-10,-10,220,-0.001,-40.01
"2020-10-06 07:34:56.2",6261739,-10,-10,-10,220,-0.001,-40.01
"2020-10-06 07:34:56.3",6261740,-10,-10,-10,220,-0.001,-40.01
"2020-10-06 07:34:56.4",6261741,-10,-10,-10,220,-0.001,-40.01
"2020-10-06 07:34:56.5",6261742,-10,-10,-10,220,-0.001,-40.01
"2020-10-06 07:34:56.6",6261743,-10,-10,-10,220,-0.001,-40.01
"2020-10-06 07:34:56.7",6261744,-10,-10,-10,220,-0.001,-40.01
"2020-10-06 07:34:56.8",6261745,-10,-10,-10,220,-0.001,-40.01
"2020-10-06 07:34:56.9",6261746,-10,-10,-10,220,-0.001,-40.01
"2020-10-06 07:34:57",6261747,-10,-10,-10,220,-0.001,-40.01
"2020-10-06 07:34:57.1",6261748,-10,-10,-10,220,-0.001,-40.01
"2020-10-06 07:34:57.2",6261749,-10,-10,-10,220,-0.001,-40.01
"2020-10-06 07:34:57.3",6261750,-10,-10,-10,220,-0.001,-40.01
"2020-10-06 07:34:57.4",6261751,-10,-10,-10,220,-0.001,-40.01
"2020-10-06 07:34:57.5",6261752,-10,-10,-10,220,-0.001,-40.01
"2020-10-06 07:34:57.6",6261753,-10,-10,-10,220,-0.001,-40.01
"2020-10-06 07:34:57.7",6261754,-10,-10,-10,220,-0.001,-40.01
"2020-10-06 07:34:57.8",6261755,-10,-10,-10,220,-0.001,-40.01
"2020-10-06 07:34:57.9",6261756,-10,-10,-10,220,-0.001,-40.01
"2020-10-06 07:34:58",6261757,-10,-10,-10,220,-0.001,-40.01
"2020-10-06 07:34:58.1",6261758,-10,-10,-10,220,-0.001,-40.01
"2020-10-06 07:34:58.2",6261759,-10,-10,-10,220,-0.001,-40.01
"2020-10-06 07:34:58.3",6261760,-10,-10,-10,220,-0.001,-40.01
"2020-10-06 07:34:58.4",6261761,-10,-10,-10,220,-0.001,-40.01
"2020-10-06 07:34:58.5",6261762,-10,-10,-10,220,-0.001,-40.01
"2020-10-06 07:34:58.6",6261763,-10,-10,-10,220,-0.001,-40.01
"2020-10-06 07:34:58.7",6261764,-10,-10,-10,220,-0.001,-40.01
"2020-10-06 07:34:58.8",6261765,-10,-10,-10,220,-0.001,-40.01
"2020-10-06 07:34:58.9",6261766,-10,-10,-10,220,-0.001,-40.01
"2020-10-06 07:34:59",6261767,-10,-10,-10,220,-0.001,-40.01
"2020-10-06 07:34:59.1",6261768,-10,-10,-10,220,-0.001,-40.01
"2020-10-06 07:34:59.2",6261769,-10,-10,-10,220,-0.001,-40.01
"2020-10-06 07:34:59.3",6261770,-10,-10,-10,220,-0.001,-40.01
"2020-10-06 07:34:59.4",6261771,-10,-10,-10,220,-0.001,-40.01
"2020-10-06 07:34:59.5",6261772,-10,-10,-10,220,-0.001,-40.01
"2020-10-06 07:34:59.6",6261773,-10,-10,-10,220,-0.001,-40.01
"2020-10-06 07:34:59.7",6261774,-10,-10,-10,220,-0.001,-40.01
"2020-10-06 07:34:59.8",6261775,-10,-10,-10,220,-0.001,-40.01
"2020-10-06 07:34:59.9",6261776,-10,-10,-10,220,-0.001,-40.01
"2020-10-06 07:35:00",6261777,-10,-10,-10,220,-0.001,-40.01
"2020-10-06 07:35:00.1",6261778,-10,-10,-10,220,-0.008,-40.02
"2020-10-06 07:35:00.2",6261779,-10,-10,-10,220,-0.008,-40.02
"2020-10-06 07:35:00.3",6261780,-10,-10,-10,220,-0.001,-40.01
"2020-10-06 07:35:00.4",6261781,-10,-10,-10,220,-0.001,-40.01
"2020-10-06 07:35:00.5",6261782,-10,-10,-10,220,-0.001,-40.01
"2020-10-06 07:35:00.6",6261783,-10,-10,-10,220,-0.001,-40.01
"2020-10-06 07:35:00.7",6261784,-10,-10,-10,220,-0.001,-40.01
"2020-10-06 07:35:00.8",6261785,-10,-10,-10,220,-0.001,-40.01
"2020-10-06 07:35:00.9",6261786,-10,-10,-10,220,-0.001,-40.01
"2020-10-06 07:35:01",6261787,-10,-10,-10,220,-0.001,-40.01
"2020-10-06 07:35:01.1",6261788,-10,-10,-10,220,-0.001,-40.01
"2020-10-06 07:35:01.2",6261789,-10,-10,-10,220,-0.001,-40.01
"2020-10-06 07:35:01.3",6261790,-10,-10,-10,220,-0.001,-40.01
"2020-10-06 07:35:01.4",6261791,-10,-10,-10,220,-0.001,-40.01
"2020-10-06 07:35:01.5",6261792,-10,-10,-10,220,-0.001,-40.01
"2020-10-06 07:35:01.6",6261793,-10,-10,-10,220,-0.001,-40.01
"2020-10-06 07:35:01.7",6261794,-10,-10,-10,220,-0.001,-40.01
"2020-10-06 07:35:01.8",6261795,-10,-10,-10,220,-0.001,-40.01
"2020-10-06 07:35:01.9",6261796,-10,-10,-10,220,-0.001,-40.01
"2020-10-06 07:35:02",6261797,-10,-10,-10,220,-0.001,-40.01
"2020-10-06 07:35:02.1",6261798,-10,-10,-10,220,-0.001,-40.01
"2020-10-06 07:35:02.2",6261799,-10,-10,-10,220,-0.001,-40.01
"2020-10-06 07:35:02.3",6261800,-10,-10,-10,220,-0.001,-40.01
"2020-10-06 07:35:02.4",6261801,-10,-10,-10,220,-0.001,-40.01
"2020-10-06 07:35:02.5",6261802,-10,-10,-10,220,-0.001,-40.01
"2020-10-06 07:35:02.6",6261803,-10,-10,-10,220,-0.001,-40.01
"2020-10-06 07:35:02.7",6261804,-10,-10,-10,220,-0.001,-40.01
"2020-10-06 07:35:02.8",6261805,-10,-10,-10,220,-0.001,-40.01
"2020-10-06 07:35:02.9",6261806,-10,-10,-10,220,-0.001,-40.01
"2020-10-06 07:35:03",6261807,-10,-10,-10,220,-0.001,-40.01
"2020-10-06 07:35:03.1",6261808,-10,-10,-10,220,-0.001,-40.01
"2020-10-06 07:35:03.2",6261809,-10,-10,-10,220,-0.001,-40.01
"2020-10-06 07:35:03.3",6261810,-10,-10,-10,220,-0.001,-40.01
"2020-10-06 07:35:03.4",6261811,-10,-10,-10,220,-0.001,-40.01
"2020-10-06 07:35:03.5",6261812,-10,-10,-10,220,-0.001,-40.01
"2020-10-06 07:35:03.6",6261813,-10,-10,-10,220,-0.001,-40.01
"2020-10-06 07:35:03.7",6261814,-10,-10,-10,220,-0.001,-40.01
"2020-10-06 07:35:03.8",6261815,-10,-10,-10,220,-0.001,-40.01
"2020-10-06 07:35:03.9",6261816,-10,-10,-10,220,-0.001,-40.01
"2020-10-06 07:35:04",6261817,-10,-10,-10,220,-0.001,-40.01
"2020-10-06 07:35:04.1",6261818,-10,-10,-10,220,-0.001,-40.01
"2020-10-06 07:35:04.2",6261819,-10,-10,-10,220,-0.001,-40.01
"2020-10-06 07:35:04.3",6261820,-10,-10,-10,220,-0.001,-40.01
"2020-10-06 07:35:04.4",6261821,-10,-10,-10,220,-0.001,-40.01
"2020-10-06 07:35:04.5",6261822,-10,-10,-10,220,-0.001,-40.01
"2020-10-06 07:35:04.6",6261823,-10,-10,-10,220,-0.001,-40.01
"2020-10-06 07:35:04.7",6261824,-10,-10,-10,220,-0.001,-40.01
"2020-10-06 07:35:04.8",6261825,-10,-10,-10,220,-0.001,-40.01
"2020-10-06 07:35:04.9",6261826,-10,-10,-10,220,-0.001,-40.01
"2020-10-06 07:35:05",6261827,-10,-10,-10,220,-0.001,-40.01
"2020-10-06 07:35:05.1",6261828,-10,-10,-10,220,-0.001,-40.01
"2020-10-06 07:35:05.2",6261829,-10,-10,-10,220,-0.001,-40.01
"2020-10-06 07:35:05.3",6261830,-10,-10,-10,220,-0.001,-40.01
"2020-10-06 07:35:05.4",6261831,-10,-10,-10,220,-0.001,-40.01
"2020-10-06 07:35:05.5",6261832,-10,-10,-10,220,-0.001,-40.01
"2020-10-06 07:35:05.6",6261833,-10,-10,-10,220,-0.001,-40.01
"2020-10-06 07:35:05.7",6261834,-10,-10,-10,220,-0.001,-40.01
"2020-10-06 07:35:05.8",6261835,-10,-10,-10,220,-0.001,-40.01
"2020-10-06 07:35:05.9",6261836,-10,-10,-10,220,-0.001,-40.01
"2020-10-06 07:35:06",6261837,-10,-10,-10,220,-0.001,-40.01
"2020-10-06 07:35:06.1",6261838,-10,-10,-10,220,-0.001,-40.01
"2020-10-06 07:35:06.2",6261839,-10,-10,-10,220,-0.001,-40.01
"2020-10-06 07:35:06.3",6261840,-10,-10,-10,220,-0.001,-40.01
"2020-10-06 07:35:06.4",6261841,-10,-10,-10,220,-0.001,-40.01
"2020-10-06 07:35:06.5",6261842,-10,-10,-10,220,-0.001,-40.01
"2020-10-06 07:35:06.6",6261843,-10,-10,-10,220,-0.001,-40.01
"2020-10-06 07:35:06.7",6261844,-10,-10,-10,220,-0.001,-40.01
"2020-10-06 07:35:06.8",6261845,-10,-10,-10,220,-0.001,-40.01
"2020-10-06 07:35:06.9",6261846,-10,-10,-10,220,-0.001,-40.01
"2020-10-06 07:35:07",6261847,-10,-10,-10,220,-0.001,-40.01
"2020-10-06 07:35:07.1",6261848,-10,-10,-10,220,-0.001,-40.01
"2020-10-06 07:35:07.2",6261849,-10,-10,-10,220,-0.001,-40.01
"2020-10-06 07:35:07.3",6261850,-10,-10,-10,220,-0.001,-40.01
"2020-10-06 07:35:07.4",6261851,-10,-10,-10,220,-0.001,-40.01
"2020-10-06 07:35:07.5",6261852,-10,-10,-10,220,-0.001,-40.01
"2020-10-06 07:35:07.6",6261853,-10,-10,-10,220,-0.001,-40.01
"2020-10-06 07:35:07.7",6261854,-10,-10,-10,220,-0.001,-40.01
"2020-10-06 07:35:07.8",6261855,-10,-10,-10,220,-0.001,-40.01
"2020-10-06 07:35:07.9",6261856,-10,-10,-10,220,-0.001,-40.01
"2020-10-06 07:35:08",6261857,-10,-10,-10,220,-0.001,-40.01
"2020-10-06 07:35:08.1",6261858,-10,-10,-10,220,-0.001,-40.01
"2020-10-06 07:35:08.2",6261859,-10,-10,-10,220,-0.001,-40.01
"2020-10-06 07:35:08.3",6261860,-10,-10,-10,220,-0.001,-40.01
"2020-10-06 07:35:08.4",6261861,-10,-10,-10,220,-0.001,-40.01
"2020-10-06 07:35:08.5",6261862,-10,-10,-10,220,-0.001,-40.01
"2020-10-06 07:35:08.6",6261863,-10,-10,-10,220,-0.001,-40.01
"2020-10-06 07:35:08.7",6261864,-10,-10,-10,220,-0.001,-40.01
"2020-10-06 07:35:08.8",6261865,-10,-10,-10,220,-0.001,-40.01
"2020-10-06 07:35:08.9",6261866,-10,-10,-10,220,-0.001,-40.01
"2020-10-06 07:35:09",6261867,-10,-10,-10,220,-0.001,-40.01
"2020-10-06 07:35:09.1",6261868,-10,-10,-10,220,-0.001,-40.01
"2020-10-06 07:35:09.2",6261869,-10,-10,-10,220,-0.001,-40.01
"2020-10-06 07:35:09.3",6261870,-10,-10,-10,220,-0.001,-40.01
"2020-10-06 07:35:09.4",6261871,-10,-10,-10,220,-0.001,-40.01
"2020-10-06 07:35:09.5",6261872,-10,-10,-10,220,-0.001,-40.01
"2020-10-06 07:35:09.6",6261873,-10,-10,-10,220,-0.001,-40.01
"2020-10-06 07:35:09.7",6261874,-10,-10,-10,220,-0.001,-40.01
"2020-10-06 07:35:09.8",6261875,-10,-10,-10,220,-0.001,-40.01
"2020-10-06 07:35:09.9",6261876,-10,-10,-10,220,-0.001,-40.01
"2020-10-06 07:35:10",6261877,-10,-10,-10,220,-0.001,-40.01
"2020-10-06 07:35:10.1",6261878,-10,-10,-10,220,-0.001,-40.01
"2020-10-06 07:35:10.2",6261879,-10,-10,-10,220,-0.001,-40.01
"2020-10-06 07:35:10.3",6261880,-10,-10,-10,220,-0.001,-40.01
"2020-10-06 07:35:10.4",6261881,-10,-10,-10,220,-0.001,-40.01
"2020-10-06 07:35:10.5",6261882,-10,-10,-10,220,-0.001,-40.01
"2020-10-06 07:35:10.6",6261883,-10,-10,-10,220,-0.001,-40.01
"2020-10-06 07:35:10.7",6261884,-10,-10,-10,220,-0.001,-40.01
"2020-10-06 07:35:10.8",6261885,-10,-10,-10,220,-0.001,-40.01
"2020-10-06 07:35:10.9",6261886,-10,-10,-10,220,-0.001,-40.01
"2020-10-06 07:35:11",6261887,-10,-10,-10,220,-0.001,-40.01
"2020-10-06 07:35:11.1",6261888,-10,-10,-10,220,-0.001,-40.01
"2020-10-06 07:35:11.2",6261889,-10,-10,-10,220,-0.001,-40.01
"2020-10-06 07:35:11.3",6261890,-10,-10,-10,220,-0.001,-40.01
"2020-10-06 07:35:11.4",6261891,-10,-10,-10,220,-0.001,-40.01
"2020-10-06 07:35:11.5",6261892,-10,-10,-10,220,-0.001,-40.01
"2020-10-06 07:35:11.6",6261893,-10,-10,-10,220,-0.001,-40.01
"2020-10-06 07:35:11.7",6261894,-10,-10,-10,220,-0.001,-40.01
"2020-10-06 07:35:11.8",6261895,-10,-10,-10,220,-0.001,-40.01
"2020-10-06 07:35:11.9",6261896,-10,-10,-10,220,-0.001,-40.01
"2020-10-06 07:35:12",6261897,-10,-10,-10,220,-0.001,-40.01
"2020-10-06 07:35:12.1",6261898,-10,-10,-10,220,-0.001,-40.01
"2020-10-06 07:35:12.2",6261899,-10,-10,-10,220,-0.001,-40.01
"2020-10-06 07:35:12.3",6261900,-10,-10,-10,220,-0.001,-40.01
"2020-10-06 07:35:12.4",6261901,-10,-10,-10,220,-0.001,-40.01
"2020-10-06 07:35:12.5",6261902,-10,-10,-10,220,-0.001,-40.01
"2020-10-06 07:35:12.6",6261903,-10,-10,-10,220,-0.001,-40.01
"2020-10-06 07:35:12.7",6261904,-10,-10,-10,220,-0.001,-40.01
"2020-10-06 07:35:12.8",6261905,-10,-10,-10,220,-0.001,-40.01
"2020-10-06 07:35:12.9",6261906,-10,-10,-10,220,-0.001,-40.01
"2020-10-06 07:35:13",6261907,-10,-10,-10,220,-0.001,-40.01
"2020-10-06 07:35:13.1",6261908,-10,-10,-10,220,-0.001,-40.01
"2020-10-06 07:35:13.2",6261909,-10,-10,-10,220,-0.001,-40.01
"2020-10-06 07:35:13.3",6261910,-10,-10,-10,220,-0.001,-40.01
"2020-10-06 07:35:13.4",6261911,-10,-10,-10,220,-0.001,-40.01
"2020-10-06 07:35:13.5",6261912,-10,-10,-10,220,-0.001,-40.01
"2020-10-06 07:35:13.6",6261913,-10,-10,-10,220,-0.001,-40.01
"2020-10-06 07:35:13.7",6261914,-10,-10,-10,220,-0.001,-40.01
"2020-10-06 07:35:13.8",6261915,-10,-10,-10,220,-0.001,-40.01
"2020-10-06 07:35:13.9",6261916,-10,-10,-10,220,-0.001,-40.01
"2020-10-06 07:35:14",6261917,-10,-10,-10,220,-0.001,-40.01
"2020-10-06 07:35:14.1",6261918,-10,-10,-10,220,-0.001,-40.01
"2020-10-06 07:35:14.2",6261919,-10,-10,-10,220,-0.001,-40.01
"2020-10-06 07:35:14.3",6261920,-10,-10,-10,220,-0.001,-40.01
"2020-10-06 07:35:14.4",6261921,-10,-10,-10,220,-0.001,-40.01
"2020-10-06 07:35:14.5",6261922,-10,-10,-10,220,-0.001,-40.01
"2020-10-06 07:35:14.6",6261923,-10,-10,-10,220,-0.001,-40.01
"2020-10-06 07:35:14.7",6261924,-10,-10,-10,220,-0.001,-40.01
"2020-10-06 07:35:14.8",6261925,-10,-10,-10,220,-0.001,-40.01
"2020-10-06 07:35:14.9",6261926,-10,-10,-10,220,-0.001,-40.01
"2020-10-06 07:35:15",6261927,-10,-10,-10,220,-0.001,-40.01
"2020-10-06 07:35:15.1",6261928,-10,-10,-10,220,-0.001,-40.01
"2020-10-06 07:35:15.2",6261929,-10,-10,-10,220,-0.001,-40.01
"2020-10-06 07:35:15.3",6261930,-10,-10,-10,220,-0.001,-40.01
"2020-10-06 07:35:15.4",6261931,-10,-10,-10,220,-0.001,-40.01
"2020-10-06 07:35:15.5",6261932,-10,-10,-10,220,-0.001,-40.01
"2020-10-06 07:35:15.6",6261933,-10,-10,-10,220,-0.001,-40.01
"2020-10-06 07:35:15.7",6261934,-10,-10,-10,220,-0.001,-40.01
"2020-10-06 07:35:15.8",6261935,-10,-10,-10,220,-0.001,-40.01
"2020-10-06 07:35:15.9",6261936,-10,-10,-10,220,-0.001,-40.01
"2020-10-06 07:35:16",6261937,-10,-10,-10,220,-0.001,-40.01
"2020-10-06 07:35:16.1",6261938,-10,-10,-10,220,-0.001,-40.01
"2020-10-06 07:35:16.2",6261939,-10,-10,-10,220,-0.001,-40.01
"2020-10-06 07:35:16.3",6261940,-10,-10,-10,220,-0.001,-40.01
"2020-10-06 07:35:16.4",6261941,-10,-10,-10,220,-0.001,-40.01
"2020-10-06 07:35:16.5",6261942,-10,-10,-10,220,-0.001,-40.01
"2020-10-06 07:35:16.6",6261943,-10,-10,-10,220,-0.001,-40.01
"2020-10-06 07:35:16.7",6261944,-10,-10,-10,220,-0.001,-40.01
"2020-10-06 07:35:16.8",6261945,-10,-10,-10,220,-0.001,-40.01
"2020-10-06 07:35:16.9",6261946,-10,-10,-10,220,-0.001,-40.01
"2020-10-06 07:35:17",6261947,-10,-10,-10,220,-0.001,-40.01
"2020-10-06 07:35:17.1",6261948,-10,-10,-10,220,-0.001,-40.01
"2020-10-06 07:35:17.2",6261949,-10,-10,-10,220,-0.001,-40.01
"2020-10-06 07:35:17.3",6261950,-10,-10,-10,220,-0.001,-40.01
"2020-10-06 07:35:17.4",6261951,-10,-10,-10,220,-0.001,-40.01
"2020-10-06 07:35:17.5",6261952,-10,-10,-10,220,-0.001,-40.01
"2020-10-06 07:35:17.6",6261953,-10,-10,-10,220,-0.001,-40.01
"2020-10-06 07:35:17.7",6261954,-10,-10,-10,220,-0.001,-40.01
"2020-10-06 07:35:17.8",6261955,-10,-10,-10,220,-0.001,-40.01
"2020-10-06 07:35:17.9",6261956,-10,-10,-10,220,-0.001,-40.01
"2020-10-06 07:35:18",6261957,-10,-10,-10,220,-0.001,-40.01
"2020-10-06 07:35:18.1",6261958,-10,-10,-10,220,-0.001,-40.01
"2020-10-06 07:35:18.2",6261959,-10,-10,-10,220,-0.001,-40.01
"2020-10-06 07:35:18.3",6261960,-10,-10,-10,220,-0.001,-40.01
"2020-10-06 07:35:18.4",6261961,-10,-10,-10,220,-0.001,-40.01
"2020-10-06 07:35:18.5",6261962,-10,-10,-10,220,-0.001,-40.01
"2020-10-06 07:35:18.6",6261963,-10,-10,-10,220,-0.001,-40.01
"2020-10-06 07:35:18.7",6261964,-10,-10,-10,220,-0.001,-40.01
"2020-10-06 07:35:18.8",6261965,-10,-10,-10,220,-0.001,-40.01
"2020-10-06 07:35:18.9",6261966,-10,-10,-10,220,-0.001,-40.01
"2020-10-06 07:35:19",6261967,-10,-10,-10,220,-0.001,-40.01
"2020-10-06 07:35:19.1",6261968,-10,-10,-10,220,-0.001,-40.01
"2020-10-06 07:35:19.2",6261969,-10,-10,-10,220,-0.001,-40.01
"2020-10-06 07:35:19.3",6261970,-10,-10,-10,220,-0.001,-40.01
"2020-10-06 07:35:19.4",6261971,-10,-10,-10,220,-0.001,-40.01
"2020-10-06 07:35:19.5",6261972,-10,-10,-10,220,-0.001,-40.01
"2020-10-06 07:35:19.6",6261973,-10,-10,-10,220,-0.001,-40.01
"2020-10-06 07:35:19.7",6261974,-10,-10,-10,220,-0.001,-40.01
"2020-10-06 07:35:19.8",6261975,-10,-10,-10,220,-0.001,-40.01
"2020-10-06 07:35:19.9",6261976,-10,-10,-10,220,-0.001,-40.01
"2020-10-06 07:35:20",6261977,-10,-10,-10,220,-0.001,-40.01
"2020-10-06 07:35:20.1",6261978,-10,-10,-10,220,-0.001,-40.01
"2020-10-06 07:35:20.2",6261979,-10,-10,-10,220,-0.001,-40.01
"2020-10-06 07:35:20.3",6261980,-10,-10,-10,220,-0.001,-40.01
"2020-10-06 07:35:20.4",6261981,-10,-10,-10,220,-0.001,-40.01
"2020-10-06 07:35:20.5",6261982,-10,-10,-10,220,-0.001,-40.01
"2020-10-06 07:35:20.6",6261983,-10,-10,-10,220,-0.001,-40.01
"2020-10-06 07:35:20.7",6261984,-10,-10,-10,220,-0.001,-40.01
"2020-10-06 07:35:20.8",6261985,-10,-10,-10,220,-0.001,-40.01
"2020-10-06 07:35:20.9",6261986,-10,-10,-10,220,-0.001,-40.01
"2020-10-06 07:35:21",6261987,-10,-10,-10,220,-0.001,-40.01
"2020-10-06 07:35:21.1",6261988,-10,-10,-10,220,-0.001,-40.01
"2020-10-06 07:35:21.2",6261989,-10,-10,-10,220,-0.001,-40.01
"2020-10-06 07:35:21.3",6261990,-10,-10,-10,220,-0.001,-40.01
"2020-10-06 07:35:21.4",6261991,-10,-10,-10,220,-0.001,-40.01
"2020-10-06 07:35:21.5",6261992,-10,-10,-10,220,-0.001,-40.01
"2020-10-06 07:35:21.6",6261993,-10,-10,-10,220,-0.001,-40.01
"2020-10-06 07:35:21.7",6261994,-10,-10,-10,220,-0.001,-40.01
"2020-10-06 07:35:21.8",6261995,-10,-10,-10,220,-0.001,-40.01
"2020-10-06 07:35:21.9",6261996,-10,-10,-10,220,-0.001,-40.01
"2020-10-06 07:35:22",6261997,-10,-10,-10,220,-0.001,-40.01
"2020-10-06 07:35:22.1",6261998,-10,-10,-10,220,-0.001,-40.01
"2020-10-06 07:35:22.2",6261999,-10,-10,-10,220,-0.001,-40.01
"2020-10-06 07:35:22.3",6262000,-10,-10,-10,220,-0.001,-40.01
"2020-10-06 07:35:22.4",6262001,-10,-10,-10,220,-0.001,-40.01
"2020-10-06 07:35:22.5",6262002,-10,-10,-10,220,-0.001,-40.01
"2020-10-06 07:35:22.6",6262003,-10,-10,-10,220,-0.001,-40.01
"2020-10-06 07:35:22.7",6262004,-10,-10,-10,220,-0.001,-40.01
"2020-10-06 07:35:22.8",6262005,-10,-10,-10,220,-0.001,-40.01
"2020-10-06 07:35:22.9",6262006,-10,-10,-10,220,-0.001,-40.01
"2020-10-06 07:35:23",6262007,-10,-10,-10,220,-0.001,-40.01
"2020-10-06 07:35:23.1",6262008,-10,-10,-10,220,-0.001,-40.01
"2020-10-06 07:35:23.2",6262009,-10,-10,-10,220,-0.001,-40.01
"2020-10-06 07:35:23.3",6262010,-10,-10,-10,220,-0.001,-40.01
"2020-10-06 07:35:23.4",6262011,-10,-10,-10,220,-0.001,-40.01
"2020-10-06 07:35:23.5",6262012,-10,-10,-10,220,-0.001,-40.01
"2020-10-06 07:35:23.6",6262013,-10,-10,-10,220,-0.001,-40.01
"2020-10-06 07:35:23.7",6262014,-10,-10,-10,220,-0.001,-40.01
"2020-10-06 07:35:23.8",6262015,-10,-10,-10,220,-0.001,-40.01
"2020-10-06 07:35:23.9",6262016,-10,-10,-10,220,-0.001,-40.01
"2020-10-06 07:35:24",6262017,-10,-10,-10,220,-0.001,-40.01
"2020-10-06 07:35:24.1",6262018,-10,-10,-10,220,-0.001,-40.01
"2020-10-06 07:35:24.2",6262019,-10,-10,-10,220,-0.001,-40.01
"2020-10-06 07:35:24.3",6262020,-10,-10,-10,220,-0.001,-40.01
"2020-10-06 07:35:24.4",6262021,-10,-10,-10,220,-0.001,-40.01
"2020-10-06 07:35:24.5",6262022,-10,-10,-10,220,-0.001,-40.01
"2020-10-06 07:35:24.6",6262023,-10,-10,-10,220,-0.001,-40.01
"2020-10-06 07:35:24.7",6262024,-10,-10,-10,220,-0.001,-40.01
"2020-10-06 07:35:24.8",6262025,-10,-10,-10,220,-0.001,-40.01
"2020-10-06 07:35:24.9",6262026,-10,-10,-10,220,-0.001,-40.01
"2020-10-06 07:35:25",6262027,-10,-10,-10,220,-0.001,-40.01
"2020-10-06 07:35:25.1",6262028,-10,-10,-10,220,-0.001,-40.01
"2020-10-06 07:35:25.2",6262029,-10,-10,-10,220,-0.001,-40.01
"2020-10-06 07:35:25.3",6262030,-10,-10,-10,220,-0.001,-40.01
"2020-10-06 07:35:25.4",6262031,-10,-10,-10,220,-0.001,-40.01
"2020-10-06 07:35:25.5",6262032,-10,-10,-10,220,-0.001,-40.01
"2020-10-06 07:35:25.6",6262033,-10,-10,-10,220,-0.001,-40.01
"2020-10-06 07:35:25.7",6262034,-10,-10,-10,220,-0.001,-40.01
"2020-10-06 07:35:25.8",6262035,-10,-10,-10,220,-0.001,-40.01
"2020-10-06 07:35:25.9",6262036,-10,-10,-10,220,-0.001,-40.01
"2020-10-06 07:35:26",6262037,-10,-10,-10,220,-0.001,-40.01
"2020-10-06 07:35:26.1",6262038,-10,-10,-10,220,-0.001,-40.01
"2020-10-06 07:35:26.2",6262039,-10,-10,-10,220,-0.001,-40.01
"2020-10-06 07:35:26.3",6262040,-10,-10,-10,220,-0.001,-40.01
"2020-10-06 07:35:26.4",6262041,-10,-10,-10,220,-0.001,-40.01
"2020-10-06 07:35:26.5",6262042,-10,-10,-10,220,-0.001,-40.01
"2020-10-06 07:35:26.6",6262043,-10,-10,-10,220,-0.001,-40.01
"2020-10-06 07:35:26.7",6262044,-10,-10,-10,220,-0.001,-40.01
"2020-10-06 07:35:26.8",6262045,-10,-10,-10,220,-0.001,-40.01
"2020-10-06 07:35:26.9",6262046,-10,-10,-10,220,-0.001,-40.01
"2020-10-06 07:35:27",6262047,-10,-10,-10,220,-0.001,-40.01
"2020-10-06 07:35:27.1",6262048,-10,-10,-10,220,-0.001,-40.01
"2020-10-06 07:35:27.2",6262049,-10,-10,-10,220,-0.001,-40.01
"2020-10-06 07:35:27.3",6262050,-10,-10,-10,220,-0.001,-40.01
"2020-10-06 07:35:27.4",6262051,-10,-10,-10,220,-0.001,-40.01
"2020-10-06 07:35:27.5",6262052,-10,-10,-10,220,-0.001,-40.01
"2020-10-06 07:35:27.6",6262053,-10,-10,-10,220,-0.001,-40.01
"2020-10-06 07:35:27.7",6262054,-10,-10,-10,220,-0.001,-40.01
"2020-10-06 07:35:27.8",6262055,-10,-10,-10,220,-0.001,-40.01
"2020-10-06 07:35:27.9",6262056,-10,-10,-10,220,-0.001,-40.01
"2020-10-06 07:35:28",6262057,-10,-10,-10,220,-0.001,-40.01
"2020-10-06 07:35:28.1",6262058,-10,-10,-10,220,-0.001,-40.01
"2020-10-06 07:35:28.2",6262059,-10,-10,-10,220,-0.001,-40.01
"2020-10-06 07:35:28.3",6262060,-10,-10,-10,220,-0.001,-40.01
"2020-10-06 07:35:28.4",6262061,-10,-10,-10,220,-0.001,-40.01
"2020-10-06 07:35:28.5",6262062,-10,-10,-10,220,-0.001,-40.01
"2020-10-06 07:35:28.6",6262063,-10,-10,-10,220,-0.001,-40.01
"2020-10-06 07:35:28.7",6262064,-10,-10,-10,220,-0.001,-40.01
"2020-10-06 07:35:28.8",6262065,-10,-10,-10,220,-0.001,-40.01
"2020-10-06 07:35:28.9",6262066,-10,-10,-10,220,-0.001,-40.01
"2020-10-06 07:35:29",6262067,-10,-10,-10,220,-0.001,-40.01
"2020-10-06 07:35:29.1",6262068,-10,-10,-10,220,-0.001,-40.01
"2020-10-06 07:35:29.2",6262069,-10,-10,-10,220,-0.001,-40.01
"2020-10-06 07:35:29.3",6262070,-10,-10,-10,220,-0.001,-40.01
"2020-10-06 07:35:29.4",6262071,-10,-10,-10,220,-0.001,-40.01
"2020-10-06 07:35:29.5",6262072,-10,-10,-10,220,-0.001,-40.01
"2020-10-06 07:35:29.6",6262073,-10,-10,-10,220,-0.001,-40.01
"2020-10-06 07:35:29.7",6262074,-10,-10,-10,220,-0.001,-40.01
"2020-10-06 07:35:29.8",6262075,-10,-10,-10,220,-0.001,-40.01
"2020-10-06 07:35:29.9",6262076,-10,-10,-10,220,-0.001,-40.01
"2020-10-06 07:35:30",6262077,-10,-10,-10,220,-0.001,-40.01
"2020-10-06 07:35:30.1",6262078,-10,-10,-10,220,-0.001,-40.01
"2020-10-06 07:35:30.2",6262079,-10,-10,-10,220,-0.001,-40.01
"2020-10-06 07:35:30.3",6262080,-10,-10,-10,220,-0.001,-40.01
"2020-10-06 07:35:30.4",6262081,-10,-10,-10,220,-0.001,-40.01
"2020-10-06 07:35:30.5",6262082,-10,-10,-10,220,-0.001,-40.01
"2020-10-06 07:35:30.6",6262083,-10,-10,-10,220,-0.001,-40.01
"2020-10-06 07:35:30.7",6262084,-10,-10,-10,220,-0.001,-40.01
"2020-10-06 07:35:30.8",6262085,-10,-10,-10,220,-0.001,-40.01
"2020-10-06 07:35:30.9",6262086,-10,-10,-10,220,-0.001,-40.01
"2020-10-06 07:35:31",6262087,-10,-10,-10,220,-0.001,-40.01
"2020-10-06 07:35:31.1",6262088,-10,-10,-10,220,-0.001,-40.01
"2020-10-06 07:35:31.2",6262089,-10,-10,-10,220,-0.001,-40.01
"2020-10-06 07:35:31.3",6262090,-10,-10,-10,220,-0.001,-40.01
"2020-10-06 07:35:31.4",6262091,-10,-10,-10,220,-0.001,-40.01
"2020-10-06 07:35:31.5",6262092,-10,-10,-10,220,-0.001,-40.01
"2020-10-06 07:35:31.6",6262093,-10,-10,-10,220,-0.001,-40.01
"2020-10-06 07:35:31.7",6262094,-10,-10,-10,220,-0.001,-40.01
"2020-10-06 07:35:31.8",6262095,-10,-10,-10,220,-0.001,-40.01
"2020-10-06 07:35:31.9",6262096,-10,-10,-10,220,-0.001,-40.01
"2020-10-06 07:35:32",6262097,-10,-10,-10,220,-0.001,-40.01
"2020-10-06 07:35:32.1",6262098,-10,-10,-10,220,-0.001,-40.01
"2020-10-06 07:35:32.2",6262099,-10,-10,-10,220,-0.001,-40.01
"2020-10-06 07:35:32.3",6262100,-10,-10,-10,220,-0.001,-40.01
"2020-10-06 07:35:32.4",6262101,-10,-10,-10,220,-0.001,-40.01
"2020-10-06 07:35:32.5",6262102,-10,-10,-10,220,-0.001,-40.01
"2020-10-06 07:35:32.6",6262103,-10,-10,-10,220,-0.001,-40.01
"2020-10-06 07:35:32.7",6262104,-10,-10,-10,220,-0.001,-40.01
"2020-10-06 07:35:32.8",6262105,-10,-10,-10,220,-0.001,-40.01
"2020-10-06 07:35:32.9",6262106,-10,-10,-10,220,-0.001,-40.01
"2020-10-06 07:35:33",6262107,-10,-10,-10,220,-0.001,-40.01
"2020-10-06 07:35:33.1",6262108,-10,-10,-10,220,-0.001,-40.01
"2020-10-06 07:35:33.2",6262109,-10,-10,-10,220,-0.001,-40.01
"2020-10-06 07:35:33.3",6262110,-10,-10,-10,220,-0.001,-40.01
"2020-10-06 07:35:33.4",6262111,-10,-10,-10,220,-0.001,-40.01
"2020-10-06 07:35:33.5",6262112,-10,-10,-10,220,-0.001,-40.01
"2020-10-06 07:35:33.6",6262113,-10,-10,-10,220,-0.001,-40.01
"2020-10-06 07:35:33.7",6262114,-10,-10,-10,220,-0.001,-40.01
"2020-10-06 07:35:33.8",6262115,-10,-10,-10,220,-0.001,-40.01
"2020-10-06 07:35:33.9",6262116,-10,-10,-10,220,-0.001,-40.01
"2020-10-06 07:35:34",6262117,-10,-10,-10,220,-0.001,-40.01
"2020-10-06 07:35:34.1",6262118,-10,-10,-10,220,-0.001,-40.01
"2020-10-06 07:35:34.2",6262119,-10,-10,-10,220,-0.001,-40.01
"2020-10-06 07:35:34.3",6262120,-10,-10,-10,220,-0.001,-40.01
"2020-10-06 07:35:34.4",6262121,-10,-10,-10,220,-0.001,-40.01
"2020-10-06 07:35:34.5",6262122,-10,-10,-10,220,-0.001,-40.01
"2020-10-06 07:35:34.6",6262123,-10,-10,-10,220,-0.001,-40.01
"2020-10-06 07:35:34.7",6262124,-10,-10,-10,220,-0.001,-40.01
"2020-10-06 07:35:34.8",6262125,-10,-10,-10,220,-0.001,-40.01
"2020-10-06 07:35:34.9",6262126,-10,-10,-10,220,-0.001,-40.01
"2020-10-06 07:35:35",6262127,-10,-10,-10,220,-0.001,-40.01
"2020-10-06 07:35:35.1",6262128,-10,-10,-10,220,-0.001,-40.01
"2020-10-06 07:35:35.2",6262129,-10,-10,-10,220,-0.001,-40.01
"2020-10-06 07:35:35.3",6262130,-10,-10,-10,220,-0.001,-40.01
"2020-10-06 07:35:35.4",6262131,-10,-10,-10,220,-0.001,-40.01
"2020-10-06 07:35:35.5",6262132,-10,-10,-10,220,-0.001,-40.01
"2020-10-06 07:35:35.6",6262133,-10,-10,-10,220,-0.001,-40.01
"2020-10-06 07:35:35.7",6262134,-10,-10,-10,220,-0.001,-40.01
"2020-10-06 07:35:35.8",6262135,-10,-10,-10,220,-0.001,-40.01
"2020-10-06 07:35:35.9",6262136,-10,-10,-10,220,-0.001,-40.01
"2020-10-06 07:35:36",6262137,-10,-10,-10,220,-0.001,-40.01
"2020-10-06 07:35:36.1",6262138,-10,-10,-10,220,-0.001,-40.01
"2020-10-06 07:35:36.2",6262139,-10,-10,-10,220,-0.001,-40.01
"2020-10-06 07:35:36.3",6262140,-10,-10,-10,220,-0.001,-40.01
"2020-10-06 07:35:36.4",6262141,-10,-10,-10,220,-0.001,-40.01
"2020-10-06 07:35:36.5",6262142,-10,-10,-10,220,-0.001,-40.01
"2020-10-06 07:35:36.6",6262143,-10,-10,-10,220,-0.001,-40.01
"2020-10-06 07:35:36.7",6262144,-10,-10,-10,220,-0.001,-40.01
"2020-10-06 07:35:36.8",6262145,-10,-10,-10,220,-0.001,-40.01
"2020-10-06 07:35:36.9",6262146,-10,-10,-10,220,-0.001,-40.01
"2020-10-06 07:35:37",6262147,-10,-10,-10,220,-0.001,-40.01
"2020-10-06 07:35:37.1",6262148,-10,-10,-10,220,-0.001,-40.01
"2020-10-06 07:35:37.2",6262149,-10,-10,-10,220,-0.001,-40.01
"2020-10-06 07:35:37.3",6262150,-10,-10,-10,220,-0.001,-40.01
"2020-10-06 07:35:37.4",6262151,-10,-10,-10,220,-0.001,-40.01
"2020-10-06 07:35:37.5",6262152,-10,-10,-10,220,-0.001,-40.01
"2020-10-06 07:35:37.6",6262153,-10,-10,-10,220,-0.001,-40.01
"2020-10-06 07:35:37.7",6262154,-10,-10,-10,220,-0.001,-40.01
"2020-10-06 07:35:37.8",6262155,-10,-10,-10,220,-0.001,-40.01
"2020-10-06 07:35:37.9",6262156,-10,-10,-10,220,-0.001,-40.01
"2020-10-06 07:35:38",6262157,-10,-10,-10,220,-0.001,-40.01
"2020-10-06 07:35:38.1",6262158,-10,-10,-10,220,-0.001,-40.01
"2020-10-06 07:35:38.2",6262159,-10,-10,-10,220,-0.001,-40.01
"2020-10-06 07:35:38.3",6262160,-10,-10,-10,220,-0.001,-40.01
"2020-10-06 07:35:38.4",6262161,-10,-10,-10,220,-0.001,-40.01
"2020-10-06 07:35:38.5",6262162,-10,-10,-10,220,-0.001,-40.01
"2020-10-06 07:35:38.6",6262163,-10,-10,-10,220,-0.001,-40.01
"2020-10-06 07:35:38.7",6262164,-10,-10,-10,220,-0.001,-40.01
"2020-10-06 07:35:38.8",6262165,-10,-10,-10,220,-0.001,-40.01
"2020-10-06 07:35:38.9",6262166,-10,-10,-10,220,-0.001,-40.01
"2020-10-06 07:35:39",6262167,-10,-10,-10,220,-0.001,-40.01
"2020-10-06 07:35:39.1",6262168,-10,-10,-10,220,-0.001,-40.01
"2020-10-06 07:35:39.2",6262169,-10,-10,-10,220,-0.001,-40.01
"2020-10-06 07:35:39.3",6262170,-10,-10,-10,220,-0.001,-40.01
"2020-10-06 07:35:39.4",6262171,-10,-10,-10,220,-0.001,-40.01
"2020-10-06 07:35:39.5",6262172,-10,-10,-10,220,-0.001,-40.01
"2020-10-06 07:35:39.6",6262173,-10,-10,-10,220,-0.001,-40.01
"2020-10-06 07:35:39.7",6262174,-10,-10,-10,220,-0.001,-40.01
"2020-10-06 07:35:39.8",6262175,-10,-10,-10,220,-0.001,-40.01
"2020-10-06 07:35:39.9",6262176,-10,-10,-10,220,-0.001,-40.01
"2020-10-06 07:35:40",6262177,-10,-10,-10,220,-0.001,-40.01
"2020-10-06 07:35:40.1",6262178,-10,-10,-10,220,-0.001,-40.01
"2020-10-06 07:35:40.2",6262179,-10,-10,-10,220,-0.001,-40.01
"2020-10-06 07:35:40.3",6262180,-10,-10,-10,220,-0.001,-40.01
"2020-10-06 07:35:40.4",6262181,-10,-10,-10,220,-0.001,-40.01
"2020-10-06 07:35:40.5",6262182,-10,-10,-10,220,-0.001,-40.01
"2020-10-06 07:35:40.6",6262183,-10,-10,-10,220,-0.001,-40.01
"2020-10-06 07:35:40.7",6262184,-10,-10,-10,220,-0.001,-40.01
"2020-10-06 07:35:40.8",6262185,-10,-10,-10,220,-0.001,-40.01
"2020-10-06 07:35:40.9",6262186,-10,-10,-10,220,-0.001,-40.01
"2020-10-06 07:35:41",6262187,-10,-10,-10,220,-0.001,-40.01
"2020-10-06 07:35:41.1",6262188,-10,-10,-10,220,-0.001,-40.01
"2020-10-06 07:35:41.2",6262189,-10,-10,-10,220,-0.001,-40.01
"2020-10-06 07:35:41.3",6262190,-10,-10,-10,220,-0.001,-40.01
"2020-10-06 07:35:41.4",6262191,-10,-10,-10,220,-0.001,-40.01
"2020-10-06 07:35:41.5",6262192,-10,-10,-10,220,-0.001,-40.01
"2020-10-06 07:35:41.6",6262193,-10,-10,-10,220,-0.001,-40.01
"2020-10-06 07:35:41.7",6262194,-10,-10,-10,220,-0.001,-40.01
"2020-10-06 07:35:41.8",6262195,-10,-10,-10,220,-0.001,-40.01
"2020-10-06 07:35:41.9",6262196,-10,-10,-10,220,-0.001,-40.01
"2020-10-06 07:35:42",6262197,-10,-10,-10,220,-0.001,-40.01
"2020-10-06 07:35:42.1",6262198,-10,-10,-10,220,-0.001,-40.01
"2020-10-06 07:35:42.2",6262199,-10,-10,-10,220,-0.001,-40.01
"2020-10-06 07:35:42.3",6262200,-10,-10,-10,220,-0.001,-40.01
"2020-10-06 07:35:42.4",6262201,-10,-10,-10,220,-0.001,-40.01
"2020-10-06 07:35:42.5",6262202,-10,-10,-10,220,-0.001,-40.01
"2020-10-06 07:35:42.6",6262203,-10,-10,-10,220,-0.001,-40.01
"2020-10-06 07:35:42.7",6262204,-10,-10,-10,220,-0.001,-40.01
"2020-10-06 07:35:42.8",6262205,-10,-10,-10,220,-0.001,-40.01
"2020-10-06 07:35:42.9",6262206,-10,-10,-10,220,-0.001,-40.01
"2020-10-06 07:35:43",6262207,-10,-10,-10,220,-0.001,-40.01
"2020-10-06 07:35:43.1",6262208,-10,-10,-10,220,-0.001,-40.01
"2020-10-06 07:35:43.2",6262209,-10,-10,-10,220,-0.001,-40.01
"2020-10-06 07:35:43.3",6262210,-10,-10,-10,220,-0.001,-40.01
"2020-10-06 07:35:43.4",6262211,-10,-10,-10,220,-0.001,-40.01
"2020-10-06 07:35:43.5",6262212,-10,-10,-10,220,-0.001,-40.01
"2020-10-06 07:35:43.6",6262213,-10,-10,-10,220,-0.001,-40.01
"2020-10-06 07:35:43.7",6262214,-10,-10,-10,220,-0.001,-40.01
"2020-10-06 07:35:43.8",6262215,-10,-10,-10,220,-0.001,-40.01
"2020-10-06 07:35:43.9",6262216,-10,-10,-10,220,-0.001,-40.01
"2020-10-06 07:35:44",6262217,-10,-10,-10,220,-0.001,-40.01
"2020-10-06 07:35:44.1",6262218,-10,-10,-10,220,-0.001,-40.01
"2020-10-06 07:35:44.2",6262219,-10,-10,-10,220,-0.001,-40.01
"2020-10-06 07:35:44.3",6262220,-10,-10,-10,220,-0.001,-40.01
"2020-10-06 07:35:44.4",6262221,-10,-10,-10,220,-0.001,-40.01
"2020-10-06 07:35:44.5",6262222,-10,-10,-10,220,-0.001,-40.01
"2020-10-06 07:35:44.6",6262223,-10,-10,-10,220,-0.001,-40.01
"2020-10-06 07:35:44.7",6262224,-10,-10,-10,220,-0.001,-40.01
"2020-10-06 07:35:44.8",6262225,-10,-10,-10,220,-0.001,-40.01
"2020-10-06 07:35:44.9",6262226,-10,-10,-10,220,-0.001,-40.01
"2020-10-06 07:35:45",6262227,-10,-10,-10,220,-0.001,-40.01
"2020-10-06 07:35:45.1",6262228,-10,-10,-10,220,-0.001,-40.01
"2020-10-06 07:35:45.2",6262229,-10,-10,-10,220,-0.001,-40.01
"2020-10-06 07:35:45.3",6262230,-10,-10,-10,220,-0.001,-40.01
"2020-10-06 07:35:45.4",6262231,-10,-10,-10,220,-0.001,-40.01
"2020-10-06 07:35:45.5",6262232,-10,-10,-10,220,-0.001,-40.01
"2020-10-06 07:35:45.6",6262233,-10,-10,-10,220,-0.001,-40.01
"2020-10-06 07:35:45.7",6262234,-10,-10,-10,220,-0.001,-40.01
"2020-10-06 07:35:45.8",6262235,-10,-10,-10,220,-0.001,-40.01
"2020-10-06 07:35:45.9",6262236,-10,-10,-10,220,-0.001,-40.01
"2020-10-06 07:35:46",6262237,-10,-10,-10,220,-0.001,-40.01
"2020-10-06 07:35:46.1",6262238,-10,-10,-10,220,-0.001,-40.01
"2020-10-06 07:35:46.2",6262239,-10,-10,-10,220,-0.001,-40.01
"2020-10-06 07:35:46.3",6262240,-10,-10,-10,220,-0.001,-40.01
"2020-10-06 07:35:46.4",6262241,-10,-10,-10,220,-0.001,-40.01
"2020-10-06 07:35:46.5",6262242,-10,-10,-10,220,-0.001,-40.01
"2020-10-06 07:35:46.6",6262243,-10,-10,-10,220,-0.001,-40.01
"2020-10-06 07:35:46.7",6262244,-10,-10,-10,220,-0.001,-40.01
"2020-10-06 07:35:46.8",6262245,-10,-10,-10,220,-0.001,-40.01
"2020-10-06 07:35:46.9",6262246,-10,-10,-10,220,-0.001,-40.01
"2020-10-06 07:35:47",6262247,-10,-10,-10,220,-0.001,-40.01
"2020-10-06 07:35:47.1",6262248,-10,-10,-10,220,-0.001,-40.01
"2020-10-06 07:35:47.2",6262249,-10,-10,-10,220,-0.001,-40.01
"2020-10-06 07:35:47.3",6262250,-10,-10,-10,220,-0.001,-40.01
"2020-10-06 07:35:47.4",6262251,-10,-10,-10,220,-0.001,-40.01
"2020-10-06 07:35:47.5",6262252,-10,-10,-10,220,-0.001,-40.01
"2020-10-06 07:35:47.6",6262253,-10,-10,-10,220,-0.001,-40.01
"2020-10-06 07:35:47.7",6262254,-10,-10,-10,220,-0.001,-40.01
"2020-10-06 07:35:47.8",6262255,-10,-10,-10,220,-0.001,-40.01
"2020-10-06 07:35:47.9",6262256,-10,-10,-10,220,-0.001,-40.01
"2020-10-06 07:35:48",6262257,-10,-10,-10,220,-0.001,-40.01
"2020-10-06 07:35:48.1",6262258,-10,-10,-10,220,-0.001,-40.01
"2020-10-06 07:35:48.2",6262259,-10,-10,-10,220,-0.001,-40.01
"2020-10-06 07:35:48.3",6262260,-10,-10,-10,220,-0.001,-40.01
"2020-10-06 07:35:48.4",6262261,-10,-10,-10,220,-0.001,-40.01
"2020-10-06 07:35:48.5",6262262,-10,-10,-10,220,-0.001,-40.01
"2020-10-06 07:35:48.6",6262263,-10,-10,-10,220,-0.001,-40.01
"2020-10-06 07:35:48.7",6262264,-10,-10,-10,220,-0.001,-40.01
"2020-10-06 07:35:48.8",6262265,-10,-10,-10,220,-0.001,-40.01
"2020-10-06 07:35:48.9",6262266,-10,-10,-10,220,-0.001,-40.01
"2020-10-06 07:35:49",6262267,-10,-10,-10,220,-0.001,-40.01
"2020-10-06 07:35:49.1",6262268,-10,-10,-10,220,-0.001,-40.01
"2020-10-06 07:35:49.2",6262269,-10,-10,-10,220,-0.001,-40.01
"2020-10-06 07:35:49.3",6262270,-10,-10,-10,220,-0.001,-40.01
"2020-10-06 07:35:49.4",6262271,-10,-10,-10,220,-0.001,-40.01
"2020-10-06 07:35:49.5",6262272,-10,-10,-10,220,-0.001,-40.01
"2020-10-06 07:35:49.6",6262273,-10,-10,-10,220,-0.001,-40.01
"2020-10-06 07:35:49.7",6262274,-10,-10,-10,220,-0.001,-40.01
"2020-10-06 07:35:49.8",6262275,-10,-10,-10,220,-0.001,-40.01
"2020-10-06 07:35:49.9",6262276,-10,-10,-10,220,-0.001,-40.01
"2020-10-06 07:35:50",6262277,-10,-10,-10,220,-0.001,-40.01
"2020-10-06 07:35:50.1",6262278,-10,-10,-10,220,-0.001,-40.01
"2020-10-06 07:35:50.2",6262279,-10,-10,-10,220,-0.001,-40.01
"2020-10-06 07:35:50.3",6262280,-10,-10,-10,220,-0.001,-40.01
"2020-10-06 07:35:50.4",6262281,-10,-10,-10,220,-0.001,-40.01
"2020-10-06 07:35:50.5",6262282,-10,-10,-10,220,-0.001,-40.01
"2020-10-06 07:35:50.6",6262283,-10,-10,-10,220,-0.001,-40.01
"2020-10-06 07:35:50.7",6262284,-10,-10,-10,220,-0.001,-40.01
"2020-10-06 07:35:50.8",6262285,-10,-10,-10,220,-0.001,-40.01
"2020-10-06 07:35:50.9",6262286,-10,-10,-10,220,-0.001,-40.01
