"TOA5","10329","CR6","10329","CR6.Std.09.01 CR6-WIFI.04.00.01","CPU:YOUNG81000_HMP60_10Hz.CR6","51185","Young10Hz_hmp"
"TIMESTAMP","RECORD","U","V","W","TSonic","RH","T_HMP60"
"TS","RN","mV","mV","mV","mV","%","Deg C"
"","","Smp","Smp","Smp","Smp","Smp","Smp"
"2020-10-03 06:41:44.2",3848748,-0.096,0.009,0.093,293.7,31.33,19.06
"2020-10-03 06:41:44.3",3848749,-0.096,0.009,0.093,293.7,31.33,19.06
"2020-10-03 06:41:44.4",3848750,-0.096,0.009,0.093,293.7,31.33,19.06
"2020-10-03 06:41:44.5",3848751,-0.076,0.038,0.117,293.7,31.33,19.06
"2020-10-03 06:41:44.6",3848752,-0.076,0.038,0.118,293.7,31.33,19.06
"2020-10-03 06:41:44.7",3848753,-0.076,0.038,0.117,293.7,31.33,19.06
"2020-10-03 06:41:44.8",3848754,-0.077,0.038,0.117,293.7,31.33,19.09
"2020-10-03 06:41:44.9",3848755,-0.076,0.038,0.117,293.7,31.33,19.06
"2020-10-03 06:41:45",3848756,-0.076,0.038,0.118,293.6,31.33,19.06
"2020-10-03 06:41:45.1",3848757,-0.077,0.038,0.118,293.6,31.33,19.06
"2020-10-03 06:41:45.2",3848758,-0.077,0.057,0.117,293.7,31.33,19.06
"2020-10-03 06:41:45.3",3848759,-0.076,0.057,0.118,293.7,31.33,19.06
"2020-10-03 06:41:45.4",3848760,-0.077,0.057,0.118,293.7,31.33,19.06
"2020-10-03 06:41:45.5",3848761,-0.057,0.009,0.147,293.8,31.33,19.06
"2020-10-03 06:41:45.6",3848762,-0.057,0.009,0.147,293.8,31.33,19.06
"2020-10-03 06:41:45.7",3848763,-0.076,-0.002,0.118,293.8,31.33,19.06
"2020-10-03 06:41:45.8",3848764,-0.076,-0.002,0.118,293.8,31.33,19.06
"2020-10-03 06:41:45.9",3848765,-0.077,-0.002,0.117,293.8,31.33,19.06
"2020-10-03 06:41:46",3848766,-0.086,-0.08,0.118,293.8,31.38,19.06
"2020-10-03 06:41:46.1",3848767,-0.086,-0.08,0.118,293.8,31.33,19.06
"2020-10-03 06:41:46.2",3848768,-0.047,-0.051,0.147,293.9,31.33,19.07
"2020-10-03 06:41:46.3",3848769,-0.047,-0.051,0.147,293.9,31.33,19.07
"2020-10-03 06:41:46.4",3848770,-0.047,-0.051,0.147,293.9,31.33,19.08
"2020-10-03 06:41:46.5",3848771,-0.018,0.048,0.157,293.9,31.33,19.08
"2020-10-03 06:41:46.6",3848772,-0.018,0.048,0.157,293.9,31.33,19.08
"2020-10-03 06:41:46.7",3848773,-0.13,-0.002,0.147,293.8,31.33,19.08
"2020-10-03 06:41:46.8",3848774,-0.13,-0.002,0.147,293.8,31.33,19.08
"2020-10-03 06:41:46.9",3848775,-0.13,-0.002,0.147,293.8,31.33,19.08
"2020-10-03 06:41:47",3848776,-0.096,0.009,0.166,293.8,31.33,19.08
"2020-10-03 06:41:47.1",3848777,-0.096,0.009,0.166,293.8,31.33,19.08
"2020-10-03 06:41:47.2",3848778,-0.106,-0.002,0.084,293.6,31.33,19.08
"2020-10-03 06:41:47.3",3848779,-0.106,-0.002,0.083,293.6,31.36,19.13
"2020-10-03 06:41:47.4",3848780,-0.106,-0.002,0.083,293.6,31.33,19.08
"2020-10-03 06:41:47.5",3848781,-0.038,0.038,0.083,293.7,31.33,19.08
"2020-10-03 06:41:47.6",3848782,-0.037,0.038,0.083,293.7,31.33,19.08
"2020-10-03 06:41:47.7",3848783,-0.057,-0.002,0.137,293.7,31.33,19.08
"2020-10-03 06:41:47.8",3848784,-0.057,-0.002,0.137,293.7,31.33,19.08
"2020-10-03 06:41:47.9",3848785,-0.057,-0.002,0.137,293.7,31.33,19.08
"2020-10-03 06:41:48",3848786,-0.076,0.038,0.108,293.6,31.33,19.08
"2020-10-03 06:41:48.1",3848787,-0.076,0.038,0.108,293.6,31.33,19.08
"2020-10-03 06:41:48.2",3848788,-0.047,0.077,0.137,293.6,31.33,19.08
"2020-10-03 06:41:48.3",3848789,-0.047,0.077,0.137,293.6,31.33,19.08
"2020-10-03 06:41:48.4",3848790,-0.047,0.077,0.137,293.6,31.33,19.08
"2020-10-03 06:41:48.5",3848791,-0.057,0.077,0.205,293.6,31.35,19.08
"2020-10-03 06:41:48.6",3848792,-0.057,0.077,0.205,293.6,31.33,19.08
"2020-10-03 06:41:48.7",3848793,-0.169,0.048,0.235,294,31.33,19.08
"2020-10-03 06:41:48.8",3848794,-0.169,0.048,0.235,294,31.33,19.08
"2020-10-03 06:41:48.9",3848795,-0.169,0.047,0.235,294,31.33,19.08
"2020-10-03 06:41:49",3848796,-0.028,-0.002,0.225,294,31.33,19.08
"2020-10-03 06:41:49.1",3848797,-0.028,-0.002,0.225,294,31.33,19.08
"2020-10-03 06:41:49.2",3848798,0.002,0.018,0.157,293.9,31.33,19.08
"2020-10-03 06:41:49.3",3848799,0.002,0.019,0.157,293.9,31.33,19.08
"2020-10-03 06:41:49.4",3848800,0.002,0.018,0.157,293.9,31.33,19.08
"2020-10-03 06:41:49.5",3848801,-0.028,-0.002,0.083,294,31.33,19.08
"2020-10-03 06:41:49.6",3848802,-0.028,-0.002,0.083,294,31.33,19.08
"2020-10-03 06:41:49.7",3848803,-0.008,-0.07,0.137,294,31.33,19.08
"2020-10-03 06:41:49.8",3848804,-0.008,-0.07,0.137,294,31.36,19.14
"2020-10-03 06:41:49.9",3848805,-0.008,-0.071,0.137,294,31.33,19.08
"2020-10-03 06:41:50",3848806,-0.008,-0.041,0.118,294,31.33,19.08
"2020-10-03 06:41:50.1",3848807,-0.008,-0.041,0.118,294,31.33,19.08
"2020-10-03 06:41:50.2",3848808,-0.008,-0.002,0.074,294,31.33,19.08
"2020-10-03 06:41:50.3",3848809,-0.008,-0.002,0.074,294,31.33,19.08
"2020-10-03 06:41:50.4",3848810,-0.008,-0.002,0.073,294,31.33,19.08
"2020-10-03 06:41:50.5",3848811,-0.008,-0.031,0.108,294,31.33,19.08
"2020-10-03 06:41:50.6",3848812,-0.008,-0.031,0.108,294,31.33,19.08
"2020-10-03 06:41:50.7",3848813,-0.028,-0.002,0.084,294,31.33,19.08
"2020-10-03 06:41:50.8",3848814,-0.028,-0.002,0.084,294,31.33,19.08
"2020-10-03 06:41:50.9",3848815,-0.028,-0.002,0.083,294,31.33,19.08
"2020-10-03 06:41:51",3848816,-0.067,-0.002,0.118,294.2,31.33,19.08
"2020-10-03 06:41:51.1",3848817,-0.066,-0.002,0.118,294.2,31.33,19.08
"2020-10-03 06:41:51.2",3848818,-0.008,-0.002,0.137,294.2,31.33,19.08
"2020-10-03 06:41:51.3",3848819,-0.008,-0.002,0.137,294.2,31.33,19.08
"2020-10-03 06:41:51.4",3848820,-0.008,-0.002,0.137,294.2,31.33,19.08
"2020-10-03 06:41:51.5",3848821,-0.008,-0.032,0.108,294.1,31.33,19.08
"2020-10-03 06:41:51.6",3848822,-0.008,-0.031,0.108,294.1,31.33,19.08
"2020-10-03 06:41:51.7",3848823,-0.028,-0.002,0.157,294,31.33,19.08
"2020-10-03 06:41:51.8",3848824,-0.027,-0.002,0.157,294,31.33,19.08
"2020-10-03 06:41:51.9",3848825,-0.028,-0.002,0.156,294,31.33,19.08
"2020-10-03 06:41:52",3848826,-0.047,0.009,0.205,293.9,31.33,19.08
"2020-10-03 06:41:52.1",3848827,-0.047,0.009,0.205,293.9,31.33,19.08
"2020-10-03 06:41:52.2",3848828,-0.028,-0.002,0.156,294,31.33,19.08
"2020-10-03 06:41:52.3",3848829,-0.028,-0.002,0.157,294,31.37,19.14
"2020-10-03 06:41:52.4",3848830,-0.028,-0.002,0.157,294,31.33,19.08
"2020-10-03 06:41:52.5",3848831,-0.008,0.009,0.117,294,31.33,19.08
"2020-10-03 06:41:52.6",3848832,-0.008,0.009,0.118,294,31.33,19.08
"2020-10-03 06:41:52.7",3848833,-0.047,0.018,0.137,294,31.33,19.08
"2020-10-03 06:41:52.8",3848834,-0.047,0.018,0.137,294,31.33,19.08
"2020-10-03 06:41:52.9",3848835,-0.047,0.018,0.137,294,31.33,19.08
"2020-10-03 06:41:53",3848836,-0.096,0.018,0.157,294,31.33,19.08
"2020-10-03 06:41:53.1",3848837,-0.096,0.018,0.156,294,31.33,19.08
"2020-10-03 06:41:53.2",3848838,-0.028,-0.002,0.157,294,31.33,19.08
"2020-10-03 06:41:53.3",3848839,-0.028,-0.002,0.156,294,31.33,19.08
"2020-10-03 06:41:53.4",3848840,-0.028,-0.002,0.156,294,31.33,19.08
"2020-10-03 06:41:53.5",3848841,-0.008,-0.002,0.137,294,31.33,19.08
"2020-10-03 06:41:53.6",3848842,-0.008,-0.002,0.137,294,31.33,19.08
"2020-10-03 06:41:53.7",3848843,-0.047,0.008,0.137,294.1,31.32,19.08
"2020-10-03 06:41:53.8",3848844,-0.047,0.009,0.137,294.1,31.32,19.08
"2020-10-03 06:41:53.9",3848845,-0.047,0.009,0.137,294.1,31.31,19.08
"2020-10-03 06:41:54",3848846,-0.076,-0.002,0.176,294.2,31.31,19.08
"2020-10-03 06:41:54.1",3848847,-0.076,-0.002,0.176,294.2,31.31,19.08
"2020-10-03 06:41:54.2",3848848,-0.047,-0.031,0.137,294.2,31.31,19.08
"2020-10-03 06:41:54.3",3848849,-0.047,-0.031,0.137,294.2,31.31,19.08
"2020-10-03 06:41:54.4",3848850,-0.047,-0.032,0.137,294.2,31.31,19.08
"2020-10-03 06:41:54.5",3848851,-0.086,0.009,0.156,294,31.31,19.08
"2020-10-03 06:41:54.6",3848852,-0.086,0.009,0.157,294,31.31,19.08
"2020-10-03 06:41:54.7",3848853,-0.047,-0.041,0.137,293.9,31.31,19.08
"2020-10-03 06:41:54.8",3848854,-0.047,-0.041,0.137,293.9,31.36,19.14
"2020-10-03 06:41:54.9",3848855,-0.047,-0.041,0.137,293.9,31.31,19.08
"2020-10-03 06:41:55",3848856,-0.028,-0.002,0.157,294,31.31,19.08
"2020-10-03 06:41:55.1",3848857,-0.028,-0.002,0.157,294,31.31,19.08
"2020-10-03 06:41:55.2",3848858,-0.028,-0.002,0.156,294.1,31.31,19.08
"2020-10-03 06:41:55.3",3848859,-0.028,-0.002,0.157,294.1,31.31,19.08
"2020-10-03 06:41:55.4",3848860,-0.028,-0.002,0.156,294.1,31.31,19.08
"2020-10-03 06:41:55.5",3848861,-0.008,-0.07,0.137,294,31.31,19.08
"2020-10-03 06:41:55.6",3848862,-0.008,-0.07,0.137,294,31.31,19.08
"2020-10-03 06:41:55.7",3848863,-0.047,-0.031,0.137,294,31.31,19.08
"2020-10-03 06:41:55.8",3848864,-0.047,-0.031,0.137,294,31.31,19.08
"2020-10-03 06:41:55.9",3848865,-0.047,-0.031,0.137,294,31.31,19.08
"2020-10-03 06:41:56",3848866,-0.028,-0.002,0.157,294,31.31,19.08
"2020-10-03 06:41:56.1",3848867,-0.028,-0.002,0.157,294,31.31,19.1
"2020-10-03 06:41:56.2",3848868,-0.076,-0.002,0.117,293.8,31.3,19.08
"2020-10-03 06:41:56.3",3848869,-0.076,-0.002,0.118,293.8,31.3,19.08
"2020-10-03 06:41:56.4",3848870,-0.076,-0.002,0.118,293.8,31.29,19.08
"2020-10-03 06:41:56.5",3848871,-0.018,-0.041,0.117,293.8,31.29,19.08
"2020-10-03 06:41:56.6",3848872,-0.018,-0.041,0.117,293.8,31.29,19.08
"2020-10-03 06:41:56.7",3848873,-0.047,-0.051,0.147,293.7,31.29,19.08
"2020-10-03 06:41:56.8",3848874,-0.047,-0.051,0.147,293.7,31.29,19.08
"2020-10-03 06:41:56.9",3848875,-0.047,-0.051,0.147,293.7,31.29,19.08
"2020-10-03 06:41:57",3848876,-0.106,-0.051,0.093,293.7,31.29,19.08
"2020-10-03 06:41:57.1",3848877,-0.106,-0.051,0.093,293.7,31.29,19.08
"2020-10-03 06:41:57.2",3848878,-0.028,-0.002,0.093,293.8,31.29,19.08
"2020-10-03 06:41:57.3",3848879,-0.028,-0.002,0.093,293.8,31.34,19.12
"2020-10-03 06:41:57.4",3848880,-0.028,-0.002,0.093,293.8,31.29,19.08
"2020-10-03 06:41:57.5",3848881,-0.027,-0.002,0.093,293.9,31.28,19.08
"2020-10-03 06:41:57.6",3848882,-0.028,-0.002,0.093,293.9,31.28,19.08
"2020-10-03 06:41:57.7",3848883,-0.028,-0.002,0.093,293.9,31.27,19.08
"2020-10-03 06:41:57.8",3848884,-0.028,-0.002,0.093,293.9,31.27,19.08
"2020-10-03 06:41:57.9",3848885,-0.028,-0.002,0.093,293.9,31.27,19.08
"2020-10-03 06:41:58",3848886,-0.028,-0.002,0.093,293.9,31.27,19.08
"2020-10-03 06:41:58.1",3848887,-0.028,-0.002,0.093,293.9,31.27,19.08
"2020-10-03 06:41:58.2",3848888,-0.037,-0.002,0.083,294,31.27,19.08
"2020-10-03 06:41:58.3",3848889,-0.038,-0.002,0.083,294,31.27,19.08
"2020-10-03 06:41:58.4",3848890,-0.038,-0.002,0.083,294,31.27,19.08
"2020-10-03 06:41:58.5",3848891,-0.008,-0.031,0.118,294,31.27,19.08
"2020-10-03 06:41:58.6",3848892,-0.008,-0.031,0.118,294,31.27,19.11
"2020-10-03 06:41:58.7",3848893,-0.057,-0.041,0.064,294,31.27,19.08
"2020-10-03 06:41:58.8",3848894,-0.057,-0.041,0.064,294,31.27,19.08
"2020-10-03 06:41:58.9",3848895,-0.057,-0.041,0.064,294,31.27,19.08
"2020-10-03 06:41:59",3848896,-0.057,0.009,0.147,293.8,31.27,19.08
"2020-10-03 06:41:59.1",3848897,-0.057,0.009,0.147,293.8,31.27,19.08
"2020-10-03 06:41:59.2",3848898,-0.047,0.009,0.137,293.7,31.27,19.08
"2020-10-03 06:41:59.3",3848899,-0.047,0.009,0.137,293.7,31.27,19.08
"2020-10-03 06:41:59.4",3848900,-0.047,0.008,0.137,293.7,31.27,19.08
"2020-10-03 06:41:59.5",3848901,-0.121,-0.002,0.137,293.5,31.27,19.08
"2020-10-03 06:41:59.6",3848902,-0.121,-0.002,0.137,293.5,31.27,19.08
"2020-10-03 06:41:59.7",3848903,-0.13,0.038,0.064,293.5,31.27,19.08
"2020-10-03 06:41:59.8",3848904,-0.13,0.038,0.064,293.5,31.32,19.1
"2020-10-03 06:41:59.9",3848905,-0.13,0.038,0.064,293.5,31.27,19.08
"2020-10-03 06:42:00",3848906,-0.14,0.121,0.137,293.9,31.27,19.09
"2020-10-03 06:42:00.1",3848907,-0.14,0.121,0.137,293.9,31.27,19.09
"2020-10-03 06:42:00.2",3848908,-0.14,0.087,0.117,293.9,31.27,19.1
"2020-10-03 06:42:00.3",3848909,-0.14,0.087,0.118,293.9,31.27,19.1
"2020-10-03 06:42:00.4",3848910,-0.14,0.087,0.117,293.9,31.27,19.1
"2020-10-03 06:42:00.5",3848911,-0.057,0.009,0.074,293.8,31.27,19.1
"2020-10-03 06:42:00.6",3848912,-0.057,0.009,0.074,293.8,31.27,19.1
"2020-10-03 06:42:00.7",3848913,-0.096,-0.051,0.083,293.9,31.27,19.1
"2020-10-03 06:42:00.8",3848914,-0.096,-0.051,0.083,293.9,31.27,19.1
"2020-10-03 06:42:00.9",3848915,-0.096,-0.051,0.083,293.9,31.27,19.1
"2020-10-03 06:42:01",3848916,-0.028,-0.002,0.093,293.8,31.27,19.1
"2020-10-03 06:42:01.1",3848917,-0.028,-0.002,0.094,293.8,31.28,19.13
"2020-10-03 06:42:01.2",3848918,-0.028,-0.002,0.093,293.8,31.27,19.1
"2020-10-03 06:42:01.3",3848919,-0.028,-0.002,0.093,293.8,31.27,19.1
"2020-10-03 06:42:01.4",3848920,-0.028,-0.002,0.093,293.8,31.27,19.1
"2020-10-03 06:42:01.5",3848921,-0.028,-0.002,0.093,293.7,31.27,19.1
"2020-10-03 06:42:01.6",3848922,-0.028,-0.002,0.093,293.7,31.27,19.1
"2020-10-03 06:42:01.7",3848923,-0.018,-0.041,0.118,293.7,31.27,19.1
"2020-10-03 06:42:01.8",3848924,-0.018,-0.041,0.118,293.7,31.27,19.1
"2020-10-03 06:42:01.9",3848925,-0.018,-0.041,0.117,293.7,31.27,19.1
"2020-10-03 06:42:02",3848926,-0.047,-0.051,0.147,293.8,31.27,19.1
"2020-10-03 06:42:02.1",3848927,-0.047,-0.051,0.147,293.8,31.27,19.1
"2020-10-03 06:42:02.2",3848928,-0.047,-0.051,0.074,293.6,31.27,19.1
"2020-10-03 06:42:02.3",3848929,-0.047,-0.051,0.074,293.6,31.31,19.1
"2020-10-03 06:42:02.4",3848930,-0.047,-0.051,0.074,293.6,31.27,19.1
"2020-10-03 06:42:02.5",3848931,-0.028,-0.002,0.093,293.6,31.26,19.1
"2020-10-03 06:42:02.6",3848932,-0.028,-0.002,0.093,293.6,31.26,19.1
"2020-10-03 06:42:02.7",3848933,-0.047,-0.051,0.074,293.8,31.25,19.1
"2020-10-03 06:42:02.8",3848934,-0.047,-0.051,0.074,293.8,31.25,19.1
"2020-10-03 06:42:02.9",3848935,-0.047,-0.051,0.074,293.8,31.25,19.1
"2020-10-03 06:42:03",3848936,-0.057,0.009,0.147,293.8,31.25,19.1
"2020-10-03 06:42:03.1",3848937,-0.057,0.009,0.147,293.8,31.25,19.1
"2020-10-03 06:42:03.2",3848938,-0.047,-0.051,0.074,293.8,31.25,19.1
"2020-10-03 06:42:03.3",3848939,-0.047,-0.051,0.074,293.8,31.25,19.1
"2020-10-03 06:42:03.4",3848940,-0.047,-0.051,0.074,293.8,31.25,19.1
"2020-10-03 06:42:03.5",3848941,-0.018,-0.041,0.117,293.8,31.25,19.1
"2020-10-03 06:42:03.6",3848942,-0.018,-0.041,0.117,293.8,31.28,19.15
"2020-10-03 06:42:03.7",3848943,-0.076,-0.002,0.118,293.7,31.25,19.1
"2020-10-03 06:42:03.8",3848944,-0.076,-0.002,0.117,293.7,31.25,19.1
"2020-10-03 06:42:03.9",3848945,-0.077,-0.002,0.117,293.7,31.25,19.1
"2020-10-03 06:42:04",3848946,-0.057,0.009,0.074,293.7,31.25,19.1
"2020-10-03 06:42:04.1",3848947,-0.057,0.009,0.074,293.7,31.25,19.1
"2020-10-03 06:42:04.2",3848948,-0.096,-0.051,0.083,293.8,31.25,19.1
"2020-10-03 06:42:04.3",3848949,-0.096,-0.051,0.083,293.8,31.25,19.1
"2020-10-03 06:42:04.4",3848950,-0.096,-0.051,0.083,293.8,31.25,19.1
"2020-10-03 06:42:04.5",3848951,-0.028,-0.002,0.093,293.9,31.25,19.1
"2020-10-03 06:42:04.6",3848952,-0.028,-0.002,0.093,293.9,31.25,19.1
"2020-10-03 06:42:04.7",3848953,-0.008,0.009,0.118,293.9,31.25,19.1
"2020-10-03 06:42:04.8",3848954,-0.008,0.009,0.118,293.9,31.26,19.1
"2020-10-03 06:42:04.9",3848955,-0.008,0.008,0.117,293.9,31.25,19.1
"2020-10-03 06:42:05",3848956,-0.067,0.057,0.186,293.9,31.25,19.1
"2020-10-03 06:42:05.1",3848957,-0.067,0.057,0.186,293.9,31.25,19.1
"2020-10-03 06:42:05.2",3848958,-0.086,0.009,0.157,293.8,31.25,19.1
"2020-10-03 06:42:05.3",3848959,-0.086,0.008,0.157,293.8,31.25,19.1
"2020-10-03 06:42:05.4",3848960,-0.086,0.008,0.156,293.8,31.25,19.1
"2020-10-03 06:42:05.5",3848961,-0.14,0.048,0.147,293.7,31.25,19.1
"2020-10-03 06:42:05.6",3848962,-0.14,0.048,0.147,293.7,31.25,19.1
"2020-10-03 06:42:05.7",3848963,-0.12,-0.002,0.137,293.8,31.25,19.1
"2020-10-03 06:42:05.8",3848964,-0.121,-0.002,0.137,293.8,31.25,19.1
"2020-10-03 06:42:05.9",3848965,-0.121,-0.002,0.137,293.8,31.25,19.1
"2020-10-03 06:42:06",3848966,-0.076,-0.002,0.118,293.8,31.25,19.1
"2020-10-03 06:42:06.1",3848967,-0.076,-0.002,0.117,293.8,31.28,19.16
"2020-10-03 06:42:06.2",3848968,-0.096,0.009,0.093,293.6,31.24,19.1
"2020-10-03 06:42:06.3",3848969,-0.096,0.009,0.093,293.6,31.24,19.1
"2020-10-03 06:42:06.4",3848970,-0.096,0.008,0.093,293.6,31.23,19.1
"2020-10-03 06:42:06.5",3848971,-0.057,0.009,0.074,293.7,31.23,19.1
"2020-10-03 06:42:06.6",3848972,-0.057,0.009,0.074,293.7,31.23,19.1
"2020-10-03 06:42:06.7",3848973,-0.106,-0.051,0.093,293.8,31.23,19.1
"2020-10-03 06:42:06.8",3848974,-0.106,-0.051,0.093,293.8,31.23,19.1
"2020-10-03 06:42:06.9",3848975,-0.106,-0.051,0.093,293.8,31.23,19.1
"2020-10-03 06:42:07",3848976,-0.086,-0.08,0.118,293.7,31.23,19.1
"2020-10-03 06:42:07.1",3848977,-0.086,-0.08,0.118,293.7,31.23,19.1
"2020-10-03 06:42:07.2",3848978,-0.008,0.009,0.118,293.9,31.23,19.1
"2020-10-03 06:42:07.3",3848979,-0.008,0.009,0.118,293.9,31.23,19.1
"2020-10-03 06:42:07.4",3848980,-0.008,0.008,0.117,293.9,31.23,19.1
"2020-10-03 06:42:07.5",3848981,-0.047,-0.031,0.137,294,31.23,19.1
"2020-10-03 06:42:07.6",3848982,-0.046,-0.031,0.137,294,31.25,19.09
"2020-10-03 06:42:07.7",3848983,-0.008,-0.069,0.137,294,31.23,19.1
"2020-10-03 06:42:07.8",3848984,-0.006,-0.069,0.138,294,31.22,19.11
"2020-10-03 06:42:07.9",3848985,-0.007,-0.07,0.137,294,31.21,19.11
"2020-10-03 06:42:08",3848986,-0.095,0.009,0.094,293.8,31.22,19.09
"2020-10-03 06:42:08.1",3848987,-0.092,0.01,0.094,293.8,31.22,19.1
"2020-10-03 06:42:08.2",3848988,-0.168,0.121,0.084,293.5,31.23,19.1
"2020-10-03 06:42:08.3",3848989,-0.167,0.121,0.084,293.6,31.23,19.12
"2020-10-03 06:42:08.4",3848990,-0.169,0.121,0.083,293.5,31.22,19.1
"2020-10-03 06:42:08.5",3848991,-0.198,0.19,0.137,293.8,31.25,19.1
"2020-10-03 06:42:08.6",3848992,-0.198,0.189,0.137,293.8,31.28,19.16
"2020-10-03 06:42:08.7",3848993,-0.14,0.122,0.206,294,31.24,19.09
"2020-10-03 06:42:08.8",3848994,-0.139,0.122,0.206,294,31.23,19.11
"2020-10-03 06:42:08.9",3848995,-0.139,0.122,0.205,294,31.22,19.11
"2020-10-03 06:42:09",3848996,-0.138,0.122,0.206,293.9,31.21,19.12
"2020-10-03 06:42:09.1",3848997,-0.139,0.121,0.206,293.9,31.21,19.13
"2020-10-03 06:42:09.2",3848998,-0.038,0.219,0.157,293.8,31.22,19.13
"2020-10-03 06:42:09.3",3848999,-0.037,0.219,0.158,293.8,31.22,19.13
"2020-10-03 06:42:09.4",3849000,-0.036,0.22,0.157,293.8,31.24,19.12
"2020-10-03 06:42:09.5",3849001,-0.055,0.16,0.206,293.7,31.24,19.12
"2020-10-03 06:42:09.6",3849002,-0.056,0.161,0.205,293.7,31.24,19.12
"2020-10-03 06:42:09.7",3849003,-0.007,0.18,0.177,293.6,31.24,19.11
"2020-10-03 06:42:09.8",3849004,-0.007,0.179,0.176,293.6,31.22,19.12
"2020-10-03 06:42:09.9",3849005,-0.008,0.18,0.176,293.6,31.23,19.12
"2020-10-03 06:42:10",3849006,-0.027,0.219,0.157,293.5,31.22,19.12
"2020-10-03 06:42:10.1",3849007,-0.028,0.219,0.157,293.5,31.22,19.12
"2020-10-03 06:42:10.2",3849008,-0.054,0.161,0.139,293.5,31.21,19.13
"2020-10-03 06:42:10.3",3849009,-0.057,0.161,0.137,293.5,31.22,19.13
"2020-10-03 06:42:10.4",3849010,-0.056,0.16,0.137,293.5,31.22,19.12
"2020-10-03 06:42:10.5",3849011,-0.056,0.077,0.137,293.6,31.22,19.12
"2020-10-03 06:42:10.6",3849012,-0.056,0.077,0.137,293.6,31.22,19.12
"2020-10-03 06:42:10.7",3849013,-0.018,0.131,0.138,293.6,31.21,19.11
"2020-10-03 06:42:10.8",3849014,-0.017,0.13,0.138,293.6,31.21,19.11
"2020-10-03 06:42:10.9",3849015,-0.016,0.13,0.138,293.6,31.19,19.13
"2020-10-03 06:42:11",3849016,-0.048,0.078,0.138,293.5,31.19,19.13
"2020-10-03 06:42:11.1",3849017,-0.047,0.078,0.137,293.6,31.25,19.19
"2020-10-03 06:42:11.2",3849018,-0.046,0.077,0.137,293.6,31.21,19.13
"2020-10-03 06:42:11.3",3849019,-0.047,0.078,0.137,293.6,31.21,19.13
"2020-10-03 06:42:11.4",3849020,-0.047,0.078,0.137,293.6,31.22,19.12
"2020-10-03 06:42:11.5",3849021,-0.085,0.131,0.186,293.9,31.22,19.12
"2020-10-03 06:42:11.6",3849022,-0.085,0.131,0.186,293.9,31.21,19.11
"2020-10-03 06:42:11.7",3849023,-0.12,0.047,0.205,293.8,31.21,19.11
"2020-10-03 06:42:11.8",3849024,-0.119,0.048,0.206,293.8,31.2,19.12
"2020-10-03 06:42:11.9",3849025,-0.121,0.048,0.206,293.8,31.2,19.13
"2020-10-03 06:42:12",3849026,-0.086,0.087,0.225,293.8,31.19,19.13
"2020-10-03 06:42:12.1",3849027,-0.086,0.087,0.225,293.8,31.19,19.15
"2020-10-03 06:42:12.2",3849028,-0.057,0.17,0.205,293.7,31.21,19.13
"2020-10-03 06:42:12.3",3849029,-0.056,0.17,0.206,293.7,31.22,19.12
"2020-10-03 06:42:12.4",3849030,-0.056,0.171,0.206,293.7,31.22,19.14
"2020-10-03 06:42:12.5",3849031,-0.076,0.219,0.176,293.7,31.22,19.11
"2020-10-03 06:42:12.6",3849032,-0.076,0.218,0.176,293.7,31.21,19.11
"2020-10-03 06:42:12.7",3849033,-0.056,0.159,0.055,293.5,31.2,19.11
"2020-10-03 06:42:12.8",3849034,-0.055,0.16,0.055,293.5,31.18,19.13
"2020-10-03 06:42:12.9",3849035,-0.057,0.16,0.054,293.5,31.19,19.13
"2020-10-03 06:42:13",3849036,-0.055,0.16,0.045,293.4,31.2,19.13
"2020-10-03 06:42:13.1",3849037,-0.057,0.16,0.045,293.4,31.2,19.13
"2020-10-03 06:42:13.2",3849038,-0.057,0.161,0.045,293.3,31.22,19.13
"2020-10-03 06:42:13.3",3849039,-0.057,0.16,0.045,293.3,31.22,19.12
"2020-10-03 06:42:13.4",3849040,-0.057,0.161,0.044,293.3,31.22,19.11
"2020-10-03 06:42:13.5",3849041,-0.056,0.161,0.044,293.3,31.22,19.12
"2020-10-03 06:42:13.6",3849042,-0.056,0.159,0.044,293.3,31.26,19.14
"2020-10-03 06:42:13.7",3849043,-0.076,0.209,0.035,293.2,31.2,19.12
"2020-10-03 06:42:13.8",3849044,-0.075,0.209,0.035,293.2,31.21,19.11
"2020-10-03 06:42:13.9",3849045,-0.076,0.209,0.035,293.2,31.19,19.13
"2020-10-03 06:42:14",3849046,-0.075,0.209,0.054,293.1,31.21,19.13
"2020-10-03 06:42:14.1",3849047,-0.076,0.209,0.054,293.1,31.21,19.13
"2020-10-03 06:42:14.2",3849048,-0.028,0.21,0.015,293,31.22,19.13
"2020-10-03 06:42:14.3",3849049,-0.027,0.209,0.015,293,31.22,19.12
"2020-10-03 06:42:14.4",3849050,-0.027,0.21,0.015,293,31.22,19.11
"2020-10-03 06:42:14.5",3849051,-0.056,0.152,-0.006,293,31.22,19.11
"2020-10-03 06:42:14.6",3849052,-0.056,0.151,-0.006,293,31.21,19.12
"2020-10-03 06:42:14.7",3849053,-0.056,0.151,-0.005,293.1,31.21,19.12
"2020-10-03 06:42:14.8",3849054,-0.057,0.151,-0.005,293.1,31.2,19.13
"2020-10-03 06:42:14.9",3849055,-0.056,0.15,-0.005,293.1,31.21,19.16
"2020-10-03 06:42:15",3849056,-0.047,0.248,-0.005,293,31.21,19.13
"2020-10-03 06:42:15.1",3849057,-0.047,0.249,-0.005,293,31.22,19.13
"2020-10-03 06:42:15.2",3849058,-0.056,0.15,-0.006,293,31.23,19.12
"2020-10-03 06:42:15.3",3849059,-0.056,0.151,-0.006,293,31.23,19.11
"2020-10-03 06:42:15.4",3849060,-0.057,0.151,-0.006,293,31.23,19.11
"2020-10-03 06:42:15.5",3849061,-0.076,0.112,-0.006,293,31.21,19.12
"2020-10-03 06:42:15.6",3849062,-0.076,0.112,-0.005,293,31.21,19.13
"2020-10-03 06:42:15.7",3849063,-0.027,0.209,0.016,293,31.21,19.13
"2020-10-03 06:42:15.8",3849064,-0.027,0.209,0.016,293,31.23,19.13
"2020-10-03 06:42:15.9",3849065,-0.028,0.209,0.016,293,31.24,19.13
"2020-10-03 06:42:16",3849066,-0.057,0.15,-0.006,293.1,31.23,19.13
"2020-10-03 06:42:16.1",3849067,-0.056,0.15,-0.005,293.1,31.3,19.12
"2020-10-03 06:42:16.2",3849068,-0.105,0.161,0.005,293.1,31.25,19.11
"2020-10-03 06:42:16.3",3849069,-0.105,0.161,0.005,293.1,31.25,19.11
"2020-10-03 06:42:16.4",3849070,-0.105,0.16,0.006,293.1,31.25,19.12
"2020-10-03 06:42:16.5",3849071,-0.056,0.151,-0.005,293.1,31.24,19.13
"2020-10-03 06:42:16.6",3849072,-0.053,0.15,-0.006,293.1,31.23,19.13
"2020-10-03 06:42:16.7",3849073,-0.056,0.151,-0.006,293.1,31.26,19.13
"2020-10-03 06:42:16.8",3849074,-0.057,0.15,-0.006,293.1,31.26,19.13
"2020-10-03 06:42:16.9",3849075,-0.057,0.15,-0.006,293.1,31.27,19.13
"2020-10-03 06:42:17",3849076,-0.057,0.151,-0.006,293.1,31.28,19.11
"2020-10-03 06:42:17.1",3849077,-0.057,0.151,-0.006,293.1,31.27,19.11
"2020-10-03 06:42:17.2",3849078,-0.056,0.152,-0.006,293.1,31.27,19.11
"2020-10-03 06:42:17.3",3849079,-0.056,0.151,-0.006,293.1,31.26,19.12
"2020-10-03 06:42:17.4",3849080,-0.057,0.151,-0.005,293.1,31.27,19.15
"2020-10-03 06:42:17.5",3849081,-0.106,0.16,0.006,293.1,31.27,19.13
"2020-10-03 06:42:17.6",3849082,-0.105,0.16,0.006,293.1,31.28,19.13
"2020-10-03 06:42:17.7",3849083,-0.037,0.112,0.026,293.1,31.29,19.13
"2020-10-03 06:42:17.8",3849084,-0.037,0.112,0.025,293.1,31.31,19.12
"2020-10-03 06:42:17.9",3849085,-0.037,0.112,0.025,293.1,31.32,19.11
"2020-10-03 06:42:18",3849086,-0.036,0.113,0.025,293.1,31.32,19.11
"2020-10-03 06:42:18.1",3849087,-0.036,0.111,0.025,293.1,31.3,19.12
"2020-10-03 06:42:18.2",3849088,-0.085,0.121,0.045,293.1,31.29,19.13
"2020-10-03 06:42:18.3",3849089,-0.086,0.122,0.045,293.1,31.29,19.13
"2020-10-03 06:42:18.4",3849090,-0.087,0.121,0.044,293.1,31.31,19.13
"2020-10-03 06:42:18.5",3849091,-0.037,0.112,0.026,293.2,31.32,19.13
"2020-10-03 06:42:18.6",3849092,-0.037,0.113,0.025,293.2,31.36,19.13
"2020-10-03 06:42:18.7",3849093,-0.096,0.161,0.006,293.3,31.34,19.11
"2020-10-03 06:42:18.8",3849094,-0.096,0.161,0.005,293.3,31.33,19.11
"2020-10-03 06:42:18.9",3849095,-0.096,0.159,0.005,293.3,31.32,19.12
"2020-10-03 06:42:19",3849096,-0.095,0.16,0.006,293.3,31.3,19.13
"2020-10-03 06:42:19.1",3849097,-0.095,0.16,0.006,293.3,31.31,19.15
"2020-10-03 06:42:19.2",3849098,-0.066,0.097,0.035,293.3,31.32,19.15
"2020-10-03 06:42:19.3",3849099,-0.067,0.097,0.035,293.3,31.33,19.15
"2020-10-03 06:42:19.4",3849100,-0.066,0.097,0.034,293.3,31.33,19.15
"2020-10-03 06:42:19.5",3849101,-0.096,0.162,0.005,293.3,31.34,19.13
"2020-10-03 06:42:19.6",3849102,-0.096,0.16,0.005,293.3,31.34,19.13
"2020-10-03 06:42:19.7",3849103,-0.095,0.159,0.006,293.3,31.32,19.13
"2020-10-03 06:42:19.8",3849104,-0.094,0.16,0.006,293.3,31.32,19.15
"2020-10-03 06:42:19.9",3849105,-0.096,0.16,0.005,293.3,31.35,19.2
"2020-10-03 06:42:20",3849106,-0.106,0.112,-0.006,293.2,31.34,19.15
"2020-10-03 06:42:20.1",3849107,-0.105,0.112,-0.006,293.2,31.35,19.14
"2020-10-03 06:42:20.2",3849108,-0.105,0.112,-0.005,293.2,31.35,19.13
"2020-10-03 06:42:20.3",3849109,-0.105,0.111,-0.006,293.2,31.34,19.13
"2020-10-03 06:42:20.4",3849110,-0.105,0.111,-0.006,293.2,31.33,19.15
"2020-10-03 06:42:20.5",3849111,-0.104,0.112,-0.005,293.2,31.33,19.16
"2020-10-03 06:42:20.6",3849112,-0.106,0.111,-0.006,293.2,31.35,19.15
"2020-10-03 06:42:20.7",3849113,-0.076,0.068,0.015,293.2,31.36,19.14
"2020-10-03 06:42:20.8",3849114,-0.076,0.067,0.015,293.2,31.37,19.13
"2020-10-03 06:42:20.9",3849115,-0.076,0.067,0.015,293.2,31.36,19.13
"2020-10-03 06:42:21",3849116,-0.105,0.112,-0.006,293.2,31.33,19.14
"2020-10-03 06:42:21.1",3849117,-0.106,0.112,-0.006,293.2,31.35,19.15
"2020-10-03 06:42:21.2",3849118,-0.096,0.16,0.007,293.3,31.34,19.15
"2020-10-03 06:42:21.3",3849119,-0.096,0.16,0.005,293.3,31.37,19.15
"2020-10-03 06:42:21.4",3849120,-0.095,0.16,0.006,293.3,31.37,19.14
"2020-10-03 06:42:21.5",3849121,-0.106,0.112,-0.006,293.2,31.38,19.12
"2020-10-03 06:42:21.6",3849122,-0.105,0.111,-0.006,293.2,31.37,19.12
"2020-10-03 06:42:21.7",3849123,-0.105,0.111,-0.006,293.2,31.35,19.14
"2020-10-03 06:42:21.8",3849124,-0.104,0.112,-0.006,293.2,31.35,19.15
"2020-10-03 06:42:21.9",3849125,-0.106,0.111,-0.005,293.2,31.37,19.15
"2020-10-03 06:42:22",3849126,-0.15,0.122,0.005,293.2,31.38,19.15
"2020-10-03 06:42:22.1",3849127,-0.149,0.121,0.005,293.2,31.38,19.14
"2020-10-03 06:42:22.2",3849128,-0.095,0.039,-0.006,293.3,31.38,19.13
"2020-10-03 06:42:22.3",3849129,-0.095,0.039,-0.006,293.3,31.36,19.14
"2020-10-03 06:42:22.4",3849130,-0.095,0.038,-0.006,293.3,31.38,19.21
"2020-10-03 06:42:22.5",3849131,-0.105,0.111,-0.005,293.2,31.36,19.16
"2020-10-03 06:42:22.6",3849132,-0.105,0.111,-0.005,293.2,31.38,19.15
"2020-10-03 06:42:22.7",3849133,-0.106,0.111,-0.006,293.2,31.41,19.14
"2020-10-03 06:42:22.8",3849134,-0.105,0.113,-0.006,293.2,31.41,19.13
"2020-10-03 06:42:22.9",3849135,-0.104,0.112,-0.006,293.2,31.41,19.13
"2020-10-03 06:42:23",3849136,-0.066,0.047,0.044,293.2,31.39,19.13
"2020-10-03 06:42:23.1",3849137,-0.066,0.048,0.045,293.2,31.39,19.16
"2020-10-03 06:42:23.2",3849138,-0.129,0.077,0.045,293.2,31.39,19.15
"2020-10-03 06:42:23.3",3849139,-0.129,0.077,0.044,293.2,31.42,19.15
"2020-10-03 06:42:23.4",3849140,-0.13,0.077,0.044,293.2,31.42,19.13
"2020-10-03 06:42:23.5",3849141,-0.13,0.077,0.044,293.2,31.41,19.13
"2020-10-03 06:42:23.6",3849142,-0.13,0.078,0.044,293.2,31.41,19.13
"2020-10-03 06:42:23.7",3849143,-0.148,0.038,0.006,293.1,31.39,19.15
"2020-10-03 06:42:23.8",3849144,-0.148,0.038,0.006,293.1,31.4,19.15
"2020-10-03 06:42:23.9",3849145,-0.15,0.038,0.005,293.1,31.41,19.15
"2020-10-03 06:42:24",3849146,-0.149,0.038,0.005,293.1,31.43,19.15
"2020-10-03 06:42:24.1",3849147,-0.149,0.038,0.005,293.1,31.44,19.14
"2020-10-03 06:42:24.2",3849148,-0.149,0.038,0.006,293.1,31.44,19.13
"2020-10-03 06:42:24.3",3849149,-0.149,0.038,0.005,293.1,31.42,19.14
"2020-10-03 06:42:24.4",3849150,-0.149,0.038,0.005,293.1,31.41,19.14
"2020-10-03 06:42:24.5",3849151,-0.169,0.077,-0.005,293.2,31.42,19.15
"2020-10-03 06:42:24.6",3849152,-0.169,0.076,-0.005,293.2,31.43,19.15
"2020-10-03 06:42:24.7",3849153,-0.208,0.038,-0.015,293.2,31.43,19.15
"2020-10-03 06:42:24.8",3849154,-0.208,0.039,-0.016,293.2,31.44,19.14
"2020-10-03 06:42:24.9",3849155,-0.208,0.039,-0.016,293.2,31.47,19.19
"2020-10-03 06:42:25",3849156,-0.207,0.039,-0.015,293.2,31.42,19.14
"2020-10-03 06:42:25.1",3849157,-0.206,0.038,-0.015,293.2,31.42,19.15
"2020-10-03 06:42:25.2",3849158,-0.166,0.077,-0.006,293.2,31.43,19.15
"2020-10-03 06:42:25.3",3849159,-0.168,0.077,-0.005,293.2,31.44,19.15
"2020-10-03 06:42:25.4",3849160,-0.169,0.077,-0.006,293.2,31.45,19.15
"2020-10-03 06:42:25.5",3849161,-0.15,0.038,0.006,293.2,31.46,19.14
"2020-10-03 06:42:25.6",3849162,-0.149,0.038,0.006,293.2,31.46,19.14
"2020-10-03 06:42:25.7",3849163,-0.149,0.121,0.006,293.2,31.45,19.14
"2020-10-03 06:42:25.8",3849164,-0.148,0.12,0.006,293.2,31.43,19.15
"2020-10-03 06:42:25.9",3849165,-0.148,0.121,0.005,293.2,31.43,19.15
"2020-10-03 06:42:26",3849166,-0.131,0.077,0.045,293.2,31.45,19.15
"2020-10-03 06:42:26.1",3849167,-0.13,0.078,0.044,293.2,31.45,19.15
"2020-10-03 06:42:26.2",3849168,-0.13,-0.002,0.035,293.2,31.46,19.14
"2020-10-03 06:42:26.3",3849169,-0.13,-0.002,0.035,293.2,31.46,19.13
"2020-10-03 06:42:26.4",3849170,-0.13,-0.001,0.035,293.2,31.45,19.14
"2020-10-03 06:42:26.5",3849171,-0.207,0.009,0.074,293,31.45,19.14
"2020-10-03 06:42:26.6",3849172,-0.207,0.009,0.074,293,31.46,19.15
"2020-10-03 06:42:26.7",3849173,-0.208,0.048,0.035,292.8,31.47,19.15
"2020-10-03 06:42:26.8",3849174,-0.208,0.048,0.035,292.8,31.48,19.14
"2020-10-03 06:42:26.9",3849175,-0.208,0.049,0.035,292.8,31.48,19.13
"2020-10-03 06:42:27",3849176,-0.168,0.131,0.015,292.7,31.46,19.13
"2020-10-03 06:42:27.1",3849177,-0.169,0.13,0.015,292.7,31.46,19.14
"2020-10-03 06:42:27.2",3849178,-0.207,0.048,0.035,292.8,31.45,19.15
"2020-10-03 06:42:27.3",3849179,-0.208,0.048,0.035,292.8,31.47,19.15
"2020-10-03 06:42:27.4",3849180,-0.208,0.048,0.034,292.8,31.53,19.2
"2020-10-03 06:42:27.5",3849181,-0.208,0.048,0.035,292.8,31.49,19.13
"2020-10-03 06:42:27.6",3849182,-0.208,0.047,0.035,292.8,31.48,19.13
"2020-10-03 06:42:27.7",3849183,-0.207,0.048,0.035,292.8,31.47,19.14
"2020-10-03 06:42:27.8",3849184,-0.207,0.048,0.036,292.8,31.47,19.15
"2020-10-03 06:42:27.9",3849185,-0.209,0.047,0.035,292.8,31.48,19.15
"2020-10-03 06:42:28",3849186,-0.209,0.009,0.074,292.9,31.49,19.15
"2020-10-03 06:42:28.1",3849187,-0.208,0.009,0.074,292.9,31.5,19.14
"2020-10-03 06:42:28.2",3849188,-0.189,0.009,0.054,292.8,31.5,19.13
"2020-10-03 06:42:28.3",3849189,-0.188,0.01,0.055,292.8,31.48,19.14
"2020-10-03 06:42:28.4",3849190,-0.188,0.008,0.055,292.8,31.47,19.15
"2020-10-03 06:42:28.5",3849191,-0.188,0.009,0.055,292.8,31.47,19.15
"2020-10-03 06:42:28.6",3849192,-0.188,0.009,0.054,292.8,31.49,19.16
"2020-10-03 06:42:28.7",3849193,-0.208,-0.001,0.035,292.8,31.5,19.16
"2020-10-03 06:42:28.8",3849194,-0.208,-0.001,0.035,292.8,31.5,19.13
"2020-10-03 06:42:28.9",3849195,-0.208,-0.002,0.035,292.8,31.5,19.13
"2020-10-03 06:42:29",3849196,-0.237,0.008,0.006,292.8,31.49,19.14
"2020-10-03 06:42:29.1",3849197,-0.237,0.008,0.006,292.8,31.48,19.15
"2020-10-03 06:42:29.2",3849198,-0.199,0.009,-0.005,292.8,31.48,19.15
"2020-10-03 06:42:29.3",3849199,-0.198,0.009,-0.006,292.8,31.5,19.15
"2020-10-03 06:42:29.4",3849200,-0.199,0.01,-0.006,292.8,31.5,19.14
"2020-10-03 06:42:29.5",3849201,-0.198,0.01,-0.006,292.8,31.5,19.13
"2020-10-03 06:42:29.6",3849202,-0.197,0.009,-0.006,292.8,31.48,19.13
"2020-10-03 06:42:29.7",3849203,-0.198,0.009,-0.005,292.8,31.47,19.15
"2020-10-03 06:42:29.8",3849204,-0.197,0.01,-0.005,292.8,31.48,19.15
"2020-10-03 06:42:29.9",3849205,-0.199,0.008,-0.005,292.8,31.55,19.2
"2020-10-03 06:42:30",3849206,-0.169,-0.012,0.015,292.9,31.5,19.15
"2020-10-03 06:42:30.1",3849207,-0.169,-0.01,0.015,292.9,31.51,19.13
"2020-10-03 06:42:30.2",3849208,-0.198,0.009,-0.006,292.8,31.51,19.13
"2020-10-03 06:42:30.3",3849209,-0.198,0.008,-0.006,292.8,31.5,19.14
"2020-10-03 06:42:30.4",3849210,-0.198,0.009,-0.005,292.8,31.49,19.15
"2020-10-03 06:42:30.5",3849211,-0.198,0.009,-0.006,292.8,31.49,19.15
"2020-10-03 06:42:30.6",3849212,-0.198,0.01,-0.006,292.8,31.51,19.15
"2020-10-03 06:42:30.7",3849213,-0.149,-0.041,-0.026,292.9,31.52,19.14
"2020-10-03 06:42:30.8",3849214,-0.15,-0.04,-0.026,292.9,31.51,19.13
"2020-10-03 06:42:30.9",3849215,-0.149,-0.04,-0.026,292.9,31.5,19.15
"2020-10-03 06:42:31",3849216,-0.139,0.01,-0.015,293,31.49,19.15
"2020-10-03 06:42:31.1",3849217,-0.14,0.009,-0.015,293,31.5,19.15
"2020-10-03 06:42:31.2",3849218,-0.14,0.009,-0.015,293,31.51,19.18
"2020-10-03 06:42:31.3",3849219,-0.14,0.008,-0.015,293,31.53,19.14
"2020-10-03 06:42:31.4",3849220,-0.14,0.008,-0.015,293,31.52,19.14
"2020-10-03 06:42:31.5",3849221,-0.208,-0.01,-0.016,293.1,31.51,19.13
"2020-10-03 06:42:31.6",3849222,-0.204,-0.012,-0.015,293.1,31.5,19.14
"2020-10-03 06:42:31.7",3849223,-0.188,-0.002,-0.064,293.3,31.5,19.16
"2020-10-03 06:42:31.8",3849224,-0.189,-0.002,-0.064,293.3,31.51,19.15
"2020-10-03 06:42:31.9",3849225,-0.188,-0.001,-0.065,293.3,31.52,19.15
"2020-10-03 06:42:32",3849226,-0.208,-0.011,-0.016,293.3,31.52,19.13
"2020-10-03 06:42:32.1",3849227,-0.207,-0.011,-0.016,293.3,31.52,19.13
"2020-10-03 06:42:32.2",3849228,-0.207,-0.012,-0.016,293.3,31.49,19.14
"2020-10-03 06:42:32.3",3849229,-0.208,-0.012,-0.015,293.3,31.49,19.15
"2020-10-03 06:42:32.4",3849230,-0.208,-0.012,-0.015,293.3,31.56,19.18
"2020-10-03 06:42:32.5",3849231,-0.179,-0.041,-0.006,293.4,31.52,19.15
"2020-10-03 06:42:32.6",3849232,-0.178,-0.04,-0.006,293.4,31.53,19.14
"2020-10-03 06:42:32.7",3849233,-0.159,-0.001,-0.035,293.5,31.52,19.13
"2020-10-03 06:42:32.8",3849234,-0.159,-0.002,-0.035,293.5,31.51,19.14
"2020-10-03 06:42:32.9",3849235,-0.159,-0.002,-0.035,293.5,31.49,19.15
"2020-10-03 06:42:33",3849236,-0.129,-0.041,-0.005,293.4,31.5,19.15
"2020-10-03 06:42:33.1",3849237,-0.131,-0.041,-0.005,293.4,31.51,19.16
"2020-10-03 06:42:33.2",3849238,-0.159,-0.001,-0.035,293.5,31.52,19.14
"2020-10-03 06:42:33.3",3849239,-0.159,-0.001,-0.035,293.5,31.52,19.13
"2020-10-03 06:42:33.4",3849240,-0.159,-0.002,-0.036,293.5,31.51,19.13
"2020-10-03 06:42:33.5",3849241,-0.129,0.009,-0.006,293.4,31.49,19.15
"2020-10-03 06:42:33.6",3849242,-0.129,0.009,-0.005,293.4,31.5,19.15
"2020-10-03 06:42:33.7",3849243,-0.189,0.009,-0.005,293.4,31.51,19.19
"2020-10-03 06:42:33.8",3849244,-0.188,0.009,-0.006,293.4,31.52,19.15
"2020-10-03 06:42:33.9",3849245,-0.189,0.009,-0.006,293.4,31.52,19.13
"2020-10-03 06:42:34",3849246,-0.188,0.01,-0.006,293.4,31.51,19.13
"2020-10-03 06:42:34.1",3849247,-0.188,0.01,-0.005,293.4,31.49,19.15
"2020-10-03 06:42:34.2",3849248,-0.178,-0.001,-0.005,293.4,31.49,19.16
"2020-10-03 06:42:34.3",3849249,-0.179,-0.002,-0.006,293.4,31.5,19.15
"2020-10-03 06:42:34.4",3849250,-0.179,-0.002,-0.006,293.4,31.52,19.15
"2020-10-03 06:42:34.5",3849251,-0.178,-0.002,-0.006,293.4,31.52,19.13
"2020-10-03 06:42:34.6",3849252,-0.179,-0.002,-0.006,293.4,31.52,19.13
"2020-10-03 06:42:34.7",3849253,-0.178,-0.001,-0.006,293.4,31.49,19.15
"2020-10-03 06:42:34.8",3849254,-0.179,-0.002,-0.005,293.4,31.5,19.15
"2020-10-03 06:42:34.9",3849255,-0.179,-0.002,-0.005,293.4,31.56,19.16
"2020-10-03 06:42:35",3849256,-0.179,-0.001,-0.006,293.4,31.51,19.15
"2020-10-03 06:42:35.1",3849257,-0.179,-0.001,-0.006,293.4,31.53,19.13
"2020-10-03 06:42:35.2",3849258,-0.179,-0.001,-0.006,293.4,31.53,19.13
"2020-10-03 06:42:35.3",3849259,-0.177,-0.002,-0.005,293.4,31.51,19.15
"2020-10-03 06:42:35.4",3849260,-0.178,-0.001,-0.005,293.4,31.51,19.15
"2020-10-03 06:42:35.5",3849261,-0.179,-0.002,-0.006,293.4,31.52,19.15
"2020-10-03 06:42:35.6",3849262,-0.178,-0.002,-0.006,293.4,31.53,19.15
"2020-10-03 06:42:35.7",3849263,-0.179,-0.001,-0.006,293.4,31.54,19.14
"2020-10-03 06:42:35.8",3849264,-0.179,-0.002,-0.006,293.4,31.53,19.13
"2020-10-03 06:42:35.9",3849265,-0.178,-0.002,-0.006,293.4,31.52,19.14
"2020-10-03 06:42:36",3849266,-0.177,-0.002,-0.006,293.4,31.52,19.15
"2020-10-03 06:42:36.1",3849267,-0.179,-0.002,-0.006,293.4,31.54,19.15
"2020-10-03 06:42:36.2",3849268,-0.149,0.038,0.005,293.4,31.55,19.17
"2020-10-03 06:42:36.3",3849269,-0.149,0.038,0.005,293.4,31.54,19.13
"2020-10-03 06:42:36.4",3849270,-0.149,0.037,0.005,293.4,31.53,19.14
"2020-10-03 06:42:36.5",3849271,-0.188,0.01,0.055,293.4,31.51,19.16
"2020-10-03 06:42:36.6",3849272,-0.188,0.009,0.055,293.4,31.52,19.17
"2020-10-03 06:42:36.7",3849273,-0.209,0.047,0.035,293.5,31.52,19.17
"2020-10-03 06:42:36.8",3849274,-0.208,0.049,0.035,293.5,31.54,19.16
"2020-10-03 06:42:36.9",3849275,-0.208,0.048,0.034,293.5,31.54,19.15
"2020-10-03 06:42:37",3849276,-0.139,0.077,0.025,293.5,31.53,19.15
"2020-10-03 06:42:37.1",3849277,-0.139,0.077,0.025,293.5,31.51,19.17
"2020-10-03 06:42:37.2",3849278,-0.138,0.077,0.025,293.5,31.51,19.18
"2020-10-03 06:42:37.3",3849279,-0.14,0.077,0.025,293.5,31.53,19.17
"2020-10-03 06:42:37.4",3849280,-0.14,0.077,0.025,293.5,31.59,19.17
"2020-10-03 06:42:37.5",3849281,-0.14,0.078,0.025,293.5,31.54,19.15
"2020-10-03 06:42:37.6",3849282,-0.14,0.077,0.025,293.5,31.54,19.15
"2020-10-03 06:42:37.7",3849283,-0.13,0.086,0.044,293.4,31.52,19.16
"2020-10-03 06:42:37.8",3849284,-0.129,0.088,0.044,293.4,31.5,19.17
"2020-10-03 06:42:37.9",3849285,-0.13,0.087,0.045,293.4,31.53,19.17
"2020-10-03 06:42:38",3849286,-0.096,0.038,-0.005,293.2,31.53,19.17
"2020-10-03 06:42:38.1",3849287,-0.095,0.039,-0.006,293.2,31.54,19.16
"2020-10-03 06:42:38.2",3849288,-0.096,0.039,-0.006,293.2,31.54,19.14
"2020-10-03 06:42:38.3",3849289,-0.095,0.039,-0.006,293.2,31.52,19.16
"2020-10-03 06:42:38.4",3849290,-0.096,0.037,-0.006,293.2,31.51,19.17
"2020-10-03 06:42:38.5",3849291,-0.149,0.038,-0.035,293.2,31.52,19.17
"2020-10-03 06:42:38.6",3849292,-0.149,0.038,-0.035,293.2,31.53,19.17
"2020-10-03 06:42:38.7",3849293,-0.178,-0.002,-0.006,293.3,31.56,19.2
"2020-10-03 06:42:38.8",3849294,-0.179,-0.001,-0.006,293.3,31.55,19.15
"2020-10-03 06:42:38.9",3849295,-0.178,-0.001,-0.006,293.3,31.52,19.15
"2020-10-03 06:42:39",3849296,-0.129,-0.002,-0.006,293.3,31.51,19.16
"2020-10-03 06:42:39.1",3849297,-0.129,-0.002,-0.005,293.3,31.52,19.17
"2020-10-03 06:42:39.2",3849298,-0.16,0.047,-0.035,293.1,31.53,19.17
"2020-10-03 06:42:39.3",3849299,-0.159,0.048,-0.035,293.1,31.54,19.16
"2020-10-03 06:42:39.4",3849300,-0.159,0.047,-0.035,293.1,31.54,19.15
"2020-10-03 06:42:39.5",3849301,-0.177,0.048,0.015,293,31.53,19.15
"2020-10-03 06:42:39.6",3849302,-0.178,0.047,0.015,293,31.52,19.16
"2020-10-03 06:42:39.7",3849303,-0.217,0.058,0.045,293,31.52,19.17
"2020-10-03 06:42:39.8",3849304,-0.218,0.057,0.045,293,31.52,19.17
"2020-10-03 06:42:39.9",3849305,-0.218,0.058,0.044,293,31.58,19.17
"2020-10-03 06:42:40",3849306,-0.188,0.088,-0.006,292.8,31.55,19.13
"2020-10-03 06:42:40.1",3849307,-0.188,0.087,-0.006,292.8,31.54,19.15
"2020-10-03 06:42:40.2",3849308,-0.207,0.048,0.035,292.8,31.52,19.17
"2020-10-03 06:42:40.3",3849309,-0.208,0.047,0.035,292.8,31.53,19.16
"2020-10-03 06:42:40.4",3849310,-0.208,0.047,0.034,292.8,31.53,19.16
"2020-10-03 06:42:40.5",3849311,-0.077,0.057,0.045,292.8,31.53,19.16
"2020-10-03 06:42:40.6",3849312,-0.076,0.057,0.044,292.8,31.53,19.16
"2020-10-03 06:42:40.7",3849313,-0.076,0.057,0.044,292.8,31.53,19.16
"2020-10-03 06:42:40.8",3849314,-0.076,0.057,0.045,292.8,31.53,19.16
"2020-10-03 06:42:40.9",3849315,-0.076,0.058,0.044,292.8,31.53,19.16
"2020-10-03 06:42:41",3849316,-0.028,-0.002,0.025,292.9,31.53,19.16
"2020-10-03 06:42:41.1",3849317,-0.028,-0.002,0.025,292.9,31.53,19.16
"2020-10-03 06:42:41.2",3849318,-0.028,0.048,0.025,292.9,31.56,19.22
"2020-10-03 06:42:41.3",3849319,-0.028,0.048,0.025,292.9,31.53,19.16
"2020-10-03 06:42:41.4",3849320,-0.028,0.047,0.025,292.9,31.54,19.16
"2020-10-03 06:42:41.5",3849321,-0.076,0.057,0.044,293,31.54,19.16
"2020-10-03 06:42:41.6",3849322,-0.077,0.057,0.044,293,31.54,19.16
"2020-10-03 06:42:41.7",3849323,-0.086,0.009,0.015,293,31.55,19.16
"2020-10-03 06:42:41.8",3849324,-0.086,0.009,0.015,293,31.55,19.16
"2020-10-03 06:42:41.9",3849325,-0.086,0.009,0.015,293,31.55,19.16
"2020-10-03 06:42:42",3849326,-0.076,-0.002,0.044,293,31.55,19.16
"2020-10-03 06:42:42.1",3849327,-0.076,-0.002,0.044,293,31.55,19.16
"2020-10-03 06:42:42.2",3849328,-0.086,0.009,0.015,292.9,31.55,19.16
"2020-10-03 06:42:42.3",3849329,-0.086,0.009,0.015,292.9,31.55,19.16
"2020-10-03 06:42:42.4",3849330,-0.086,0.008,0.015,292.9,31.56,19.16
"2020-10-03 06:42:42.5",3849331,-0.057,0.009,0.074,292.9,31.55,19.16
"2020-10-03 06:42:42.6",3849332,-0.057,0.009,0.074,292.9,31.55,19.16
"2020-10-03 06:42:42.7",3849333,-0.057,0.009,0.074,292.9,31.55,19.16
"2020-10-03 06:42:42.8",3849334,-0.057,0.009,0.074,292.9,31.55,19.16
"2020-10-03 06:42:42.9",3849335,-0.057,0.008,0.073,292.9,31.55,19.16
"2020-10-03 06:42:43",3849336,-0.076,0.058,0.044,293,31.55,19.16
"2020-10-03 06:42:43.1",3849337,-0.077,0.057,0.044,293,31.55,19.16
"2020-10-03 06:42:43.2",3849338,-0.047,0.077,0.074,293.1,31.55,19.16
"2020-10-03 06:42:43.3",3849339,-0.047,0.077,0.074,293.1,31.55,19.16
"2020-10-03 06:42:43.4",3849340,-0.047,0.077,0.073,293.1,31.55,19.16
"2020-10-03 06:42:43.5",3849341,-0.057,0.009,0.074,293.2,31.55,19.16
"2020-10-03 06:42:43.6",3849342,-0.057,0.009,0.074,293.2,31.55,19.16
"2020-10-03 06:42:43.7",3849343,-0.057,0.009,0.074,293.2,31.58,19.22
"2020-10-03 06:42:43.8",3849344,-0.057,0.009,0.074,293.2,31.55,19.16
"2020-10-03 06:42:43.9",3849345,-0.057,0.009,0.074,293.2,31.55,19.16
"2020-10-03 06:42:44",3849346,-0.057,0.009,0.074,293.2,31.55,19.16
"2020-10-03 06:42:44.1",3849347,-0.057,0.009,0.074,293.2,31.55,19.16
