"TOA5","10329","CR6","10329","CR6.Std.09.01 CR6-WIFI.04.00.01","CPU:YOUNG81000_HMP60_10Hz.CR6","51185","Young10Hz_hmp"
"TIMESTAMP","RECORD","U","V","W","TSonic","RH","T_HMP60"
"TS","RN","mV","mV","mV","mV","%","Deg C"
"","","Smp","Smp","Smp","Smp","Smp","Smp"
"2020-10-07 07:30:51",7123287,-10,-10,-10,220,-0.002,-40.01
"2020-10-07 07:30:51.1",7123288,-10,-10,-10,220,-0.002,-40.01
"2020-10-07 07:30:51.2",7123289,-10,-10,-10,220,-0.002,-40.01
"2020-10-07 07:30:51.3",7123290,-10,-10,-10,220,-0.002,-40.01
"2020-10-07 07:30:51.4",7123291,-10,-10,-10,220,-0.002,-40.01
"2020-10-07 07:30:51.5",7123292,-10,-10,-10,220,-0.002,-40.01
"2020-10-07 07:30:51.6",7123293,-10,-10,-10,220,-0.002,-40.01
"2020-10-07 07:30:51.7",7123294,-10,-10,-10,220,-0.002,-40.01
"2020-10-07 07:30:51.8",7123295,-10,-10,-10,220,-0.002,-40.01
"2020-10-07 07:30:51.9",7123296,-10,-10,-10,220,-0.002,-40.01
"2020-10-07 07:30:52",7123297,-10,-10,-10,220,-0.002,-40.01
"2020-10-07 07:30:52.1",7123298,-10,-10,-10,220,-0.002,-40.01
"2020-10-07 07:30:52.2",7123299,-10,-10,-10,220,-0.002,-40.01
"2020-10-07 07:30:52.3",7123300,-10,-10,-10,220,-0.002,-40.01
"2020-10-07 07:30:52.4",7123301,-10,-10,-10,220,-0.002,-40.01
"2020-10-07 07:30:52.5",7123302,-10,-10,-10,220,-0.002,-40.01
"2020-10-07 07:30:52.6",7123303,-10,-10,-10,220,-0.002,-40.01
"2020-10-07 07:30:52.7",7123304,-10,-10,-10,220,-0.002,-40.01
"2020-10-07 07:30:52.8",7123305,-10,-10,-10,220,-0.002,-40.01
"2020-10-07 07:30:52.9",7123306,-10,-10,-10,220,-0.002,-40.01
"2020-10-07 07:30:53",7123307,-10,-10,-10,220,-0.002,-40.01
"2020-10-07 07:30:53.1",7123308,-10,-10,-10,220,-0.002,-40.01
"2020-10-07 07:30:53.2",7123309,-10,-10,-10,220,-0.002,-40.01
"2020-10-07 07:30:53.3",7123310,-10,-10,-10,220,-0.002,-40.01
"2020-10-07 07:30:53.4",7123311,-10,-10,-10,220,-0.002,-40.01
"2020-10-07 07:30:53.5",7123312,-10,-10,-10,220,-0.002,-40.01
"2020-10-07 07:30:53.6",7123313,-10,-10,-10,220,-0.002,-40.01
"2020-10-07 07:30:53.7",7123314,-10,-10,-10,220,-0.002,-40.01
"2020-10-07 07:30:53.8",7123315,-10,-10,-10,220,-0.002,-40.01
"2020-10-07 07:30:53.9",7123316,-10,-10,-10,220,-0.002,-40.01
"2020-10-07 07:30:54",7123317,-10,-10,-10,220,-0.002,-40.01
"2020-10-07 07:30:54.1",7123318,-10,-10,-10,220,-0.002,-40.01
"2020-10-07 07:30:54.2",7123319,-10,-10,-10,220,-0.002,-40.01
"2020-10-07 07:30:54.3",7123320,-10,-10,-10,220,-0.002,-40.01
"2020-10-07 07:30:54.4",7123321,-10,-10,-10,220,-0.002,-40.01
"2020-10-07 07:30:54.5",7123322,-10,-10,-10,220,-0.002,-40.01
"2020-10-07 07:30:54.6",7123323,-10,-10,-10,220,-0.002,-40.01
"2020-10-07 07:30:54.7",7123324,-10,-10,-10,220,-0.002,-40.01
"2020-10-07 07:30:54.8",7123325,-10,-10,-10,220,-0.002,-40.01
"2020-10-07 07:30:54.9",7123326,-10,-10,-10,220,-0.002,-40.01
"2020-10-07 07:30:55",7123327,-10,-10,-10,220,-0.002,-40.01
"2020-10-07 07:30:55.1",7123328,-10,-10,-10,220,-0.002,-40.01
"2020-10-07 07:30:55.2",7123329,-10,-10,-10,220,-0.002,-40.01
"2020-10-07 07:30:55.3",7123330,-10,-10,-10,220,-0.002,-40.01
"2020-10-07 07:30:55.4",7123331,-10,-10,-10,220,-0.002,-40.01
"2020-10-07 07:30:55.5",7123332,-10,-10,-10,220,-0.002,-40.01
"2020-10-07 07:30:55.6",7123333,-10,-10,-10,220,-0.002,-40.01
"2020-10-07 07:30:55.7",7123334,-10,-10,-10,220,-0.002,-40.01
"2020-10-07 07:30:55.8",7123335,-10,-10,-10,220,-0.002,-40.01
"2020-10-07 07:30:55.9",7123336,-10,-10,-10,220,-0.002,-40.01
"2020-10-07 07:30:56",7123337,-10,-10,-10,220,-0.002,-40.01
"2020-10-07 07:30:56.1",7123338,-10,-10,-10,220,-0.002,-40.01
"2020-10-07 07:30:56.2",7123339,-10,-10,-10,220,-0.002,-40.01
"2020-10-07 07:30:56.3",7123340,-10,-10,-10,220,-0.002,-40.01
"2020-10-07 07:30:56.4",7123341,-10,-10,-10,220,-0.002,-40.01
"2020-10-07 07:30:56.5",7123342,-10,-10,-10,220,-0.002,-40.01
"2020-10-07 07:30:56.6",7123343,-10,-10,-10,220,-0.002,-40.01
"2020-10-07 07:30:56.7",7123344,-10,-10,-10,220,-0.002,-40.01
"2020-10-07 07:30:56.8",7123345,-10,-10,-10,220,-0.002,-40.01
"2020-10-07 07:30:56.9",7123346,-10,-10,-10,220,-0.002,-40.01
"2020-10-07 07:30:57",7123347,-10,-10,-10,220,-0.002,-40.01
"2020-10-07 07:30:57.1",7123348,-10,-10,-10,220,-0.002,-40.01
"2020-10-07 07:30:57.2",7123349,-10,-10,-10,220,-0.002,-40.01
"2020-10-07 07:30:57.3",7123350,-10,-10,-10,220,-0.002,-40.01
"2020-10-07 07:30:57.4",7123351,-10,-10,-10,220,-0.002,-40.01
"2020-10-07 07:30:57.5",7123352,-10,-10,-10,220,-0.002,-40.01
"2020-10-07 07:30:57.6",7123353,-10,-10,-10,220,-0.002,-40.01
"2020-10-07 07:30:57.7",7123354,-10,-10,-10,220,-0.002,-40.01
"2020-10-07 07:30:57.8",7123355,-10,-10,-10,220,-0.002,-40.01
"2020-10-07 07:30:57.9",7123356,-10,-10,-10,220,-0.002,-40.01
"2020-10-07 07:30:58",7123357,-10,-10,-10,220,-0.002,-40.01
"2020-10-07 07:30:58.1",7123358,-10,-10,-10,220,-0.002,-40.01
"2020-10-07 07:30:58.2",7123359,-10,-10,-10,220,-0.002,-40.01
"2020-10-07 07:30:58.3",7123360,-10,-10,-10,220,-0.002,-40.01
"2020-10-07 07:30:58.4",7123361,-10,-10,-10,220,-0.002,-40.01
"2020-10-07 07:30:58.5",7123362,-10,-10,-10,220,-0.002,-40.01
"2020-10-07 07:30:58.6",7123363,-10,-10,-10,220,-0.002,-40.01
"2020-10-07 07:30:58.7",7123364,-10,-10,-10,220,-0.002,-40.01
"2020-10-07 07:30:58.8",7123365,-10,-10,-10,220,-0.002,-40.01
"2020-10-07 07:30:58.9",7123366,-10,-10,-10,220,-0.002,-40.01
"2020-10-07 07:30:59",7123367,-10,-10,-10,220,-0.002,-40.01
"2020-10-07 07:30:59.1",7123368,-10,-10,-10,220,-0.002,-40.01
"2020-10-07 07:30:59.2",7123369,-10,-10,-10,220,-0.002,-40.01
"2020-10-07 07:30:59.3",7123370,-10,-10,-10,220,-0.002,-40.01
"2020-10-07 07:30:59.4",7123371,-10,-10,-10,220,-0.002,-40.01
"2020-10-07 07:30:59.5",7123372,-10,-10,-10,220,-0.002,-40.01
"2020-10-07 07:30:59.6",7123373,-10,-10,-10,220,-0.002,-40.01
"2020-10-07 07:30:59.7",7123374,-10,-10,-10,220,-0.002,-40.01
"2020-10-07 07:30:59.8",7123375,-10,-10,-10,220,-0.002,-40.01
"2020-10-07 07:30:59.9",7123376,-10,-10,-10,220,-0.002,-40.01
"2020-10-07 07:31:00",7123377,-10,-10,-10,220,-0.002,-40.01
"2020-10-07 07:31:00.1",7123378,-10,-10,-10,220,-0.008,-40.02
"2020-10-07 07:31:00.2",7123379,-10,-10,-10,220,-0.008,-40.02
"2020-10-07 07:31:00.3",7123380,-10,-10,-10,220,-0.002,-40
"2020-10-07 07:31:00.4",7123381,-10,-10,-10,220,-0.002,-40.01
"2020-10-07 07:31:00.5",7123382,-10,-10,-10,220,-0.002,-40.01
"2020-10-07 07:31:00.6",7123383,-10,-10,-10,220,-0.002,-40.01
"2020-10-07 07:31:00.7",7123384,-10,-10,-10,220,-0.002,-40.01
"2020-10-07 07:31:00.8",7123385,-10,-10,-10,220,-0.002,-40.01
"2020-10-07 07:31:00.9",7123386,-10,-10,-10,220,-0.002,-40.01
"2020-10-07 07:31:01",7123387,-10,-10,-10,220,-0.002,-40.01
"2020-10-07 07:31:01.1",7123388,-10,-10,-10,220,-0.002,-40.01
"2020-10-07 07:31:01.2",7123389,-10,-10,-10,220,-0.002,-40.01
"2020-10-07 07:31:01.3",7123390,-10,-10,-10,220,-0.002,-40.01
"2020-10-07 07:31:01.4",7123391,-10,-10,-10,220,-0.002,-40.01
"2020-10-07 07:31:01.5",7123392,-10,-10,-10,220,-0.002,-40.01
"2020-10-07 07:31:01.6",7123393,-10,-10,-10,220,-0.002,-40.01
"2020-10-07 07:31:01.7",7123394,-10,-10,-10,220,-0.002,-40.01
"2020-10-07 07:31:01.8",7123395,-10,-10,-10,220,-0.002,-40.01
"2020-10-07 07:31:01.9",7123396,-10,-10,-10,220,-0.002,-40.01
"2020-10-07 07:31:02",7123397,-10,-10,-10,220,-0.002,-40.01
"2020-10-07 07:31:02.1",7123398,-10,-10,-10,220,-0.002,-40.01
"2020-10-07 07:31:02.2",7123399,-10,-10,-10,220,-0.002,-40.01
"2020-10-07 07:31:02.3",7123400,-10,-10,-10,220,-0.002,-40.01
"2020-10-07 07:31:02.4",7123401,-10,-10,-10,220,-0.002,-40.01
"2020-10-07 07:31:02.5",7123402,-10,-10,-10,220,-0.002,-40.01
"2020-10-07 07:31:02.6",7123403,-10,-10,-10,220,-0.002,-40.01
"2020-10-07 07:31:02.7",7123404,-10,-10,-10,220,-0.002,-40.01
"2020-10-07 07:31:02.8",7123405,-10,-10,-10,220,-0.002,-40.01
"2020-10-07 07:31:02.9",7123406,-10,-10,-10,220,-0.002,-40.01
"2020-10-07 07:31:03",7123407,-10,-10,-10,220,-0.002,-40.01
"2020-10-07 07:31:03.1",7123408,-10,-10,-10,220,-0.002,-40.01
"2020-10-07 07:31:03.2",7123409,-10,-10,-10,220,-0.002,-40.01
"2020-10-07 07:31:03.3",7123410,-10,-10,-10,220,-0.002,-40.01
"2020-10-07 07:31:03.4",7123411,-10,-10,-10,220,-0.002,-40.01
"2020-10-07 07:31:03.5",7123412,-10,-10,-10,220,-0.002,-40.01
"2020-10-07 07:31:03.6",7123413,-10,-10,-10,220,-0.002,-40.01
"2020-10-07 07:31:03.7",7123414,-10,-10,-10,220,-0.002,-40.01
"2020-10-07 07:31:03.8",7123415,-10,-10,-10,220,-0.002,-40.01
"2020-10-07 07:31:03.9",7123416,-10,-10,-10,220,-0.002,-40.01
"2020-10-07 07:31:04",7123417,-10,-10,-10,220,-0.002,-40.01
"2020-10-07 07:31:04.1",7123418,-10,-10,-10,220,-0.002,-40.01
"2020-10-07 07:31:04.2",7123419,-10,-10,-10,220,-0.002,-40.01
"2020-10-07 07:31:04.3",7123420,-10,-10,-10,220,-0.002,-40.01
"2020-10-07 07:31:04.4",7123421,-10,-10,-10,220,-0.002,-40.01
"2020-10-07 07:31:04.5",7123422,-10,-10,-10,220,-0.002,-40.01
"2020-10-07 07:31:04.6",7123423,-10,-10,-10,220,-0.002,-40.01
"2020-10-07 07:31:04.7",7123424,-10,-10,-10,220,-0.002,-40.01
"2020-10-07 07:31:04.8",7123425,-10,-10,-10,220,-0.002,-40.01
"2020-10-07 07:31:04.9",7123426,-10,-10,-10,220,-0.002,-40.01
"2020-10-07 07:31:05",7123427,-10,-10,-10,220,-0.002,-40.01
"2020-10-07 07:31:05.1",7123428,-10,-10,-10,220,-0.002,-40.01
"2020-10-07 07:31:05.2",7123429,-10,-10,-10,220,-0.002,-40.01
"2020-10-07 07:31:05.3",7123430,-10,-10,-10,220,-0.002,-40.01
"2020-10-07 07:31:05.4",7123431,-10,-10,-10,220,-0.002,-40.01
"2020-10-07 07:31:05.5",7123432,-10,-10,-10,220,-0.002,-40.01
"2020-10-07 07:31:05.6",7123433,-10,-10,-10,220,-0.002,-40.01
"2020-10-07 07:31:05.7",7123434,-10,-10,-10,220,-0.002,-40.01
"2020-10-07 07:31:05.8",7123435,-10,-10,-10,220,-0.002,-40.01
"2020-10-07 07:31:05.9",7123436,-10,-10,-10,220,-0.002,-40.01
"2020-10-07 07:31:06",7123437,-10,-10,-10,220,-0.002,-40.01
"2020-10-07 07:31:06.1",7123438,-10,-10,-10,220,-0.002,-40.01
"2020-10-07 07:31:06.2",7123439,-10,-10,-10,220,-0.002,-40.01
"2020-10-07 07:31:06.3",7123440,-10,-10,-10,220,-0.002,-40.01
"2020-10-07 07:31:06.4",7123441,-10,-10,-10,220,-0.002,-40.01
"2020-10-07 07:31:06.5",7123442,-10,-10,-10,220,-0.002,-40.01
"2020-10-07 07:31:06.6",7123443,-10,-10,-10,220,-0.002,-40.01
"2020-10-07 07:31:06.7",7123444,-10,-10,-10,220,-0.002,-40.01
"2020-10-07 07:31:06.8",7123445,-10,-10,-10,220,-0.002,-40.01
"2020-10-07 07:31:06.9",7123446,-10,-10,-10,220,-0.002,-40.01
"2020-10-07 07:31:07",7123447,-10,-10,-10,220,-0.002,-40.01
"2020-10-07 07:31:07.1",7123448,-10,-10,-10,220,-0.002,-40.01
"2020-10-07 07:31:07.2",7123449,-10,-10,-10,220,-0.002,-40.01
"2020-10-07 07:31:07.3",7123450,-10,-10,-10,220,-0.002,-40.01
"2020-10-07 07:31:07.4",7123451,-10,-10,-10,220,-0.002,-40.01
"2020-10-07 07:31:07.5",7123452,-10,-10,-10,220,-0.002,-40.01
"2020-10-07 07:31:07.6",7123453,-10,-10,-10,220,-0.002,-40.01
"2020-10-07 07:31:07.7",7123454,-10,-10,-10,220,-0.002,-40.01
"2020-10-07 07:31:07.8",7123455,-10,-10,-10,220,-0.002,-40.01
"2020-10-07 07:31:07.9",7123456,-10,-10,-10,220,-0.002,-40.01
"2020-10-07 07:31:08",7123457,-10,-10,-10,220,-0.002,-40.01
"2020-10-07 07:31:08.1",7123458,-10,-10,-10,220,-0.002,-40.01
"2020-10-07 07:31:08.2",7123459,-10,-10,-10,220,-0.002,-40.01
"2020-10-07 07:31:08.3",7123460,-10,-10,-10,220,-0.002,-40.01
"2020-10-07 07:31:08.4",7123461,-10,-10,-10,220,-0.002,-40.01
"2020-10-07 07:31:08.5",7123462,-10,-10,-10,220,-0.002,-40.01
"2020-10-07 07:31:08.6",7123463,-10,-10,-10,220,-0.002,-40.01
"2020-10-07 07:31:08.7",7123464,-10,-10,-10,220,-0.002,-40.01
"2020-10-07 07:31:08.8",7123465,-10,-10,-10,220,-0.002,-40.01
"2020-10-07 07:31:08.9",7123466,-10,-10,-10,220,-0.002,-40.01
"2020-10-07 07:31:09",7123467,-10,-10,-10,220,-0.002,-40.01
"2020-10-07 07:31:09.1",7123468,-10,-10,-10,220,-0.002,-40.01
"2020-10-07 07:31:09.2",7123469,-10,-10,-10,220,-0.002,-40.01
"2020-10-07 07:31:09.3",7123470,-10,-10,-10,220,-0.002,-40.01
"2020-10-07 07:31:09.4",7123471,-10,-10,-10,220,-0.002,-40.01
"2020-10-07 07:31:09.5",7123472,-10,-10,-10,220,-0.002,-40.01
"2020-10-07 07:31:09.6",7123473,-10,-10,-10,220,-0.002,-40.01
"2020-10-07 07:31:09.7",7123474,-10,-10,-10,220,-0.002,-40.01
"2020-10-07 07:31:09.8",7123475,-10,-10,-10,220,-0.002,-40.01
"2020-10-07 07:31:09.9",7123476,-10,-10,-10,220,-0.002,-40.01
"2020-10-07 07:31:10",7123477,-10,-10,-10,220,-0.002,-40.01
"2020-10-07 07:31:10.1",7123478,-10,-10,-10,220,-0.002,-40.01
"2020-10-07 07:31:10.2",7123479,-10,-10,-10,220,-0.002,-40.01
"2020-10-07 07:31:10.3",7123480,-10,-10,-10,220,-0.002,-40.01
"2020-10-07 07:31:10.4",7123481,-10,-10,-10,220,-0.002,-40.01
"2020-10-07 07:31:10.5",7123482,-10,-10,-10,220,-0.002,-40.01
"2020-10-07 07:31:10.6",7123483,-10,-10,-10,220,-0.002,-40.01
"2020-10-07 07:31:10.7",7123484,-10,-10,-10,220,-0.002,-40.01
"2020-10-07 07:31:10.8",7123485,-10,-10,-10,220,-0.002,-40.01
"2020-10-07 07:31:10.9",7123486,-10,-10,-10,220,-0.002,-40.01
"2020-10-07 07:31:11",7123487,-10,-10,-10,220,-0.002,-40.01
"2020-10-07 07:31:11.1",7123488,-10,-10,-10,220,-0.002,-40.01
"2020-10-07 07:31:11.2",7123489,-10,-10,-10,220,-0.002,-40.01
"2020-10-07 07:31:11.3",7123490,-10,-10,-10,220,-0.002,-40.01
"2020-10-07 07:31:11.4",7123491,-10,-10,-10,220,-0.002,-40.01
"2020-10-07 07:31:11.5",7123492,-10,-10,-10,220,-0.002,-40.01
"2020-10-07 07:31:11.6",7123493,-10,-10,-10,220,-0.002,-40.01
"2020-10-07 07:31:11.7",7123494,-10,-10,-10,220,-0.002,-40.01
"2020-10-07 07:31:11.8",7123495,-10,-10,-10,220,-0.002,-40.01
"2020-10-07 07:31:11.9",7123496,-10,-10,-10,220,-0.002,-40.01
"2020-10-07 07:31:12",7123497,-10,-10,-10,220,-0.002,-40.01
"2020-10-07 07:31:12.1",7123498,-10,-10,-10,220,-0.002,-40.01
"2020-10-07 07:31:12.2",7123499,-10,-10,-10,220,-0.002,-40.01
"2020-10-07 07:31:12.3",7123500,-10,-10,-10,220,-0.002,-40.01
"2020-10-07 07:31:12.4",7123501,-10,-10,-10,220,-0.002,-40.01
"2020-10-07 07:31:12.5",7123502,-10,-10,-10,220,-0.002,-40.01
"2020-10-07 07:31:12.6",7123503,-10,-10,-10,220,-0.002,-40.01
"2020-10-07 07:31:12.7",7123504,-10,-10,-10,220,-0.002,-40.01
"2020-10-07 07:31:12.8",7123505,-10,-10,-10,220,-0.002,-40.01
"2020-10-07 07:31:12.9",7123506,-10,-10,-10,220,-0.002,-40.01
"2020-10-07 07:31:13",7123507,-10,-10,-10,220,-0.002,-40.01
"2020-10-07 07:31:13.1",7123508,-10,-10,-10,220,-0.002,-40.01
"2020-10-07 07:31:13.2",7123509,-10,-10,-10,220,-0.002,-40.01
"2020-10-07 07:31:13.3",7123510,-10,-10,-10,220,-0.002,-40.01
"2020-10-07 07:31:13.4",7123511,-10,-10,-10,220,-0.002,-40.01
"2020-10-07 07:31:13.5",7123512,-10,-10,-10,220,-0.002,-40.01
"2020-10-07 07:31:13.6",7123513,-10,-10,-10,220,-0.002,-40.01
"2020-10-07 07:31:13.7",7123514,-10,-10,-10,220,-0.002,-40.01
"2020-10-07 07:31:13.8",7123515,-10,-10,-10,220,-0.002,-40.01
"2020-10-07 07:31:13.9",7123516,-10,-10,-10,220,-0.002,-40.01
"2020-10-07 07:31:14",7123517,-10,-10,-10,220,-0.002,-40.01
"2020-10-07 07:31:14.1",7123518,-10,-10,-10,220,-0.002,-40.01
"2020-10-07 07:31:14.2",7123519,-10,-10,-10,220,-0.002,-40.01
"2020-10-07 07:31:14.3",7123520,-10,-10,-10,220,-0.002,-40.01
"2020-10-07 07:31:14.4",7123521,-10,-10,-10,220,-0.002,-40.01
"2020-10-07 07:31:14.5",7123522,-10,-10,-10,220,-0.002,-40.01
"2020-10-07 07:31:14.6",7123523,-10,-10,-10,220,-0.002,-40.01
"2020-10-07 07:31:14.7",7123524,-10,-10,-10,220,-0.002,-40.01
"2020-10-07 07:31:14.8",7123525,-10,-10,-10,220,-0.002,-40.01
"2020-10-07 07:31:14.9",7123526,-10,-10,-10,220,-0.002,-40.01
"2020-10-07 07:31:15",7123527,-10,-10,-10,220,-0.002,-40.01
"2020-10-07 07:31:15.1",7123528,-10,-10,-10,220,-0.002,-40.01
"2020-10-07 07:31:15.2",7123529,-10,-10,-10,220,-0.002,-40.01
"2020-10-07 07:31:15.3",7123530,-10,-10,-10,220,-0.002,-40.01
"2020-10-07 07:31:15.4",7123531,-10,-10,-10,220,-0.002,-40.01
"2020-10-07 07:31:15.5",7123532,-10,-10,-10,220,-0.002,-40.01
"2020-10-07 07:31:15.6",7123533,-10,-10,-10,220,-0.002,-40.01
"2020-10-07 07:31:15.7",7123534,-10,-10,-10,220,-0.002,-40.01
"2020-10-07 07:31:15.8",7123535,-10,-10,-10,220,-0.002,-40.01
"2020-10-07 07:31:15.9",7123536,-10,-10,-10,220,-0.002,-40.01
"2020-10-07 07:31:16",7123537,-10,-10,-10,220,-0.002,-40.01
"2020-10-07 07:31:16.1",7123538,-10,-10,-10,220,-0.002,-40.01
"2020-10-07 07:31:16.2",7123539,-10,-10,-10,220,-0.002,-40.01
"2020-10-07 07:31:16.3",7123540,-10,-10,-10,220,-0.002,-40.01
"2020-10-07 07:31:16.4",7123541,-10,-10,-10,220,-0.002,-40.01
"2020-10-07 07:31:16.5",7123542,-10,-10,-10,220,-0.002,-40.01
"2020-10-07 07:31:16.6",7123543,-10,-10,-10,220,-0.002,-40.01
"2020-10-07 07:31:16.7",7123544,-10,-10,-10,220,-0.002,-40.01
"2020-10-07 07:31:16.8",7123545,-10,-10,-10,220,-0.002,-40.01
"2020-10-07 07:31:16.9",7123546,-10,-10,-10,220,-0.002,-40.01
"2020-10-07 07:31:17",7123547,-10,-10,-10,220,-0.002,-40.01
"2020-10-07 07:31:17.1",7123548,-10,-10,-10,220,-0.002,-40.01
"2020-10-07 07:31:17.2",7123549,-10,-10,-10,220,-0.002,-40.01
"2020-10-07 07:31:17.3",7123550,-10,-10,-10,220,-0.002,-40.01
"2020-10-07 07:31:17.4",7123551,-10,-10,-10,220,-0.002,-40.01
"2020-10-07 07:31:17.5",7123552,-10,-10,-10,220,-0.002,-40.01
"2020-10-07 07:31:17.6",7123553,-10,-10,-10,220,-0.002,-40.01
"2020-10-07 07:31:17.7",7123554,-10,-10,-10,220,-0.002,-40.01
"2020-10-07 07:31:17.8",7123555,-10,-10,-10,220,-0.002,-40.01
"2020-10-07 07:31:17.9",7123556,-10,-10,-10,220,-0.002,-40.01
"2020-10-07 07:31:18",7123557,-10,-10,-10,220,-0.002,-40.01
"2020-10-07 07:31:18.1",7123558,-10,-10,-10,220,-0.002,-40.01
"2020-10-07 07:31:18.2",7123559,-10,-10,-10,220,-0.002,-40.01
"2020-10-07 07:31:18.3",7123560,-10,-10,-10,220,-0.002,-40.01
"2020-10-07 07:31:18.4",7123561,-10,-10,-10,220,-0.002,-40.01
"2020-10-07 07:31:18.5",7123562,-10,-10,-10,220,-0.002,-40.01
"2020-10-07 07:31:18.6",7123563,-10,-10,-10,220,-0.002,-40.01
"2020-10-07 07:31:18.7",7123564,-10,-10,-10,220,-0.002,-40.01
"2020-10-07 07:31:18.8",7123565,-10,-10,-10,220,-0.002,-40.01
"2020-10-07 07:31:18.9",7123566,-10,-10,-10,220,-0.002,-40.01
"2020-10-07 07:31:19",7123567,-10,-10,-10,220,-0.002,-40.01
"2020-10-07 07:31:19.1",7123568,-10,-10,-10,220,-0.002,-40.01
"2020-10-07 07:31:19.2",7123569,-10,-10,-10,220,-0.002,-40.01
"2020-10-07 07:31:19.3",7123570,-10,-10,-10,220,-0.002,-40.01
"2020-10-07 07:31:19.4",7123571,-10,-10,-10,220,-0.002,-40.01
"2020-10-07 07:31:19.5",7123572,-10,-10,-10,220,-0.002,-40.01
"2020-10-07 07:31:19.6",7123573,-10,-10,-10,220,-0.002,-40.01
"2020-10-07 07:31:19.7",7123574,-10,-10,-10,220,-0.002,-40.01
"2020-10-07 07:31:19.8",7123575,-10,-10,-10,220,-0.002,-40.01
"2020-10-07 07:31:19.9",7123576,-10,-10,-10,220,-0.002,-40.01
"2020-10-07 07:31:20",7123577,-10,-10,-10,220,-0.002,-40.01
"2020-10-07 07:31:20.1",7123578,-10,-10,-10,220,-0.002,-40.01
"2020-10-07 07:31:20.2",7123579,-10,-10,-10,220,-0.002,-40.01
"2020-10-07 07:31:20.3",7123580,-10,-10,-10,220,-0.002,-40.01
"2020-10-07 07:31:20.4",7123581,-10,-10,-10,220,-0.002,-40.01
"2020-10-07 07:31:20.5",7123582,-10,-10,-10,220,-0.002,-40.01
"2020-10-07 07:31:20.6",7123583,-10,-10,-10,220,-0.002,-40.01
"2020-10-07 07:31:20.7",7123584,-10,-10,-10,220,-0.002,-40.01
"2020-10-07 07:31:20.8",7123585,-10,-10,-10,220,-0.002,-40.01
"2020-10-07 07:31:20.9",7123586,-10,-10,-10,220,-0.002,-40.01
"2020-10-07 07:31:21",7123587,-10,-10,-10,220,-0.002,-40.01
"2020-10-07 07:31:21.1",7123588,-10,-10,-10,220,-0.002,-40.01
"2020-10-07 07:31:21.2",7123589,-10,-10,-10,220,-0.002,-40.01
"2020-10-07 07:31:21.3",7123590,-10,-10,-10,220,-0.002,-40.01
"2020-10-07 07:31:21.4",7123591,-10,-10,-10,220,-0.002,-40.01
"2020-10-07 07:31:21.5",7123592,-10,-10,-10,220,-0.002,-40.01
"2020-10-07 07:31:21.6",7123593,-10,-10,-10,220,-0.002,-40.01
"2020-10-07 07:31:21.7",7123594,-10,-10,-10,220,-0.002,-40.01
"2020-10-07 07:31:21.8",7123595,-10,-10,-10,220,-0.002,-40.01
"2020-10-07 07:31:21.9",7123596,-10,-10,-10,220,-0.002,-40.01
"2020-10-07 07:31:22",7123597,-10,-10,-10,220,-0.002,-40.01
"2020-10-07 07:31:22.1",7123598,-10,-10,-10,220,-0.002,-40.01
"2020-10-07 07:31:22.2",7123599,-10,-10,-10,220,-0.002,-40.01
"2020-10-07 07:31:22.3",7123600,-10,-10,-10,220,-0.002,-40.01
"2020-10-07 07:31:22.4",7123601,-10,-10,-10,220,-0.002,-40.01
"2020-10-07 07:31:22.5",7123602,-10,-10,-10,220,-0.002,-40.01
"2020-10-07 07:31:22.6",7123603,-10,-10,-10,220,-0.002,-40.01
"2020-10-07 07:31:22.7",7123604,-10,-10,-10,220,-0.002,-40.01
"2020-10-07 07:31:22.8",7123605,-10,-10,-10,220,-0.002,-40.01
"2020-10-07 07:31:22.9",7123606,-10,-10,-10,220,-0.002,-40.01
"2020-10-07 07:31:23",7123607,-10,-10,-10,220,-0.002,-40.01
"2020-10-07 07:31:23.1",7123608,-10,-10,-10,220,-0.002,-40.01
"2020-10-07 07:31:23.2",7123609,-10,-10,-10,220,-0.002,-40.01
"2020-10-07 07:31:23.3",7123610,-10,-10,-10,220,-0.002,-40.01
"2020-10-07 07:31:23.4",7123611,-10,-10,-10,220,-0.002,-40.01
"2020-10-07 07:31:23.5",7123612,-10,-10,-10,220,-0.002,-40.01
"2020-10-07 07:31:23.6",7123613,-10,-10,-10,220,-0.002,-40.01
"2020-10-07 07:31:23.7",7123614,-10,-10,-10,220,-0.002,-40.01
"2020-10-07 07:31:23.8",7123615,-10,-10,-10,220,-0.002,-40.01
"2020-10-07 07:31:23.9",7123616,-10,-10,-10,220,-0.002,-40.01
"2020-10-07 07:31:24",7123617,-10,-10,-10,220,-0.002,-40.01
"2020-10-07 07:31:24.1",7123618,-10,-10,-10,220,-0.002,-40.01
"2020-10-07 07:31:24.2",7123619,-10,-10,-10,220,-0.002,-40.01
"2020-10-07 07:31:24.3",7123620,-10,-10,-10,220,-0.002,-40.01
"2020-10-07 07:31:24.4",7123621,-10,-10,-10,220,-0.002,-40.01
"2020-10-07 07:31:24.5",7123622,-10,-10,-10,220,-0.002,-40.01
"2020-10-07 07:31:24.6",7123623,-10,-10,-10,220,-0.002,-40.01
"2020-10-07 07:31:24.7",7123624,-10,-10,-10,220,-0.002,-40.01
"2020-10-07 07:31:24.8",7123625,-10,-10,-10,220,-0.002,-40.01
"2020-10-07 07:31:24.9",7123626,-10,-10,-10,220,-0.002,-40.01
"2020-10-07 07:31:25",7123627,-10,-10,-10,220,-0.002,-40.01
"2020-10-07 07:31:25.1",7123628,-10,-10,-10,220,-0.002,-40.01
"2020-10-07 07:31:25.2",7123629,-10,-10,-10,220,-0.002,-40.01
"2020-10-07 07:31:25.3",7123630,-10,-10,-10,220,-0.002,-40.01
"2020-10-07 07:31:25.4",7123631,-10,-10,-10,220,-0.002,-40.01
"2020-10-07 07:31:25.5",7123632,-10,-10,-10,220,-0.002,-40.01
"2020-10-07 07:31:25.6",7123633,-10,-10,-10,220,-0.002,-40.01
"2020-10-07 07:31:25.7",7123634,-10,-10,-10,220,-0.002,-40.01
"2020-10-07 07:31:25.8",7123635,-10,-10,-10,220,-0.002,-40.01
"2020-10-07 07:31:25.9",7123636,-10,-10,-10,220,-0.002,-40.01
"2020-10-07 07:31:26",7123637,-10,-10,-10,220,-0.002,-40.01
"2020-10-07 07:31:26.1",7123638,-10,-10,-10,220,-0.002,-40.01
"2020-10-07 07:31:26.2",7123639,-10,-10,-10,220,-0.002,-40.01
"2020-10-07 07:31:26.3",7123640,-10,-10,-10,220,-0.002,-40.01
"2020-10-07 07:31:26.4",7123641,-10,-10,-10,220,-0.002,-40.01
"2020-10-07 07:31:26.5",7123642,-10,-10,-10,220,-0.002,-40.01
"2020-10-07 07:31:26.6",7123643,-10,-10,-10,220,-0.002,-40.01
"2020-10-07 07:31:26.7",7123644,-10,-10,-10,220,-0.002,-40.01
"2020-10-07 07:31:26.8",7123645,-10,-10,-10,220,-0.002,-40.01
"2020-10-07 07:31:26.9",7123646,-10,-10,-10,220,-0.002,-40.01
"2020-10-07 07:31:27",7123647,-10,-10,-10,220,-0.002,-40.01
"2020-10-07 07:31:27.1",7123648,-10,-10,-10,220,-0.002,-40.01
"2020-10-07 07:31:27.2",7123649,-10,-10,-10,220,-0.002,-40.01
"2020-10-07 07:31:27.3",7123650,-10,-10,-10,220,-0.002,-40.01
"2020-10-07 07:31:27.4",7123651,-10,-10,-10,220,-0.002,-40.01
"2020-10-07 07:31:27.5",7123652,-10,-10,-10,220,-0.002,-40.01
"2020-10-07 07:31:27.6",7123653,-10,-10,-10,220,-0.002,-40.01
"2020-10-07 07:31:27.7",7123654,-10,-10,-10,220,-0.002,-40.01
"2020-10-07 07:31:27.8",7123655,-10,-10,-10,220,-0.002,-40.01
"2020-10-07 07:31:27.9",7123656,-10,-10,-10,220,-0.002,-40.01
"2020-10-07 07:31:28",7123657,-10,-10,-10,220,-0.002,-40.01
"2020-10-07 07:31:28.1",7123658,-10,-10,-10,220,-0.002,-40.01
"2020-10-07 07:31:28.2",7123659,-10,-10,-10,220,-0.002,-40.01
"2020-10-07 07:31:28.3",7123660,-10,-10,-10,220,-0.002,-40.01
"2020-10-07 07:31:28.4",7123661,-10,-10,-10,220,-0.002,-40.01
"2020-10-07 07:31:28.5",7123662,-10,-10,-10,220,-0.002,-40.01
"2020-10-07 07:31:28.6",7123663,-10,-10,-10,220,-0.002,-40.01
"2020-10-07 07:31:28.7",7123664,-10,-10,-10,220,-0.002,-40.01
"2020-10-07 07:31:28.8",7123665,-10,-10,-10,220,-0.002,-40.01
"2020-10-07 07:31:28.9",7123666,-10,-10,-10,220,-0.002,-40.01
"2020-10-07 07:31:29",7123667,-10,-10,-10,220,-0.002,-40.01
"2020-10-07 07:31:29.1",7123668,-10,-10,-10,220,-0.002,-40.01
"2020-10-07 07:31:29.2",7123669,-10,-10,-10,220,-0.002,-40.01
"2020-10-07 07:31:29.3",7123670,-10,-10,-10,220,-0.002,-40.01
"2020-10-07 07:31:29.4",7123671,-10,-10,-10,220,-0.002,-40.01
"2020-10-07 07:31:29.5",7123672,-10,-10,-10,220,-0.002,-40.01
"2020-10-07 07:31:29.6",7123673,-10,-10,-10,220,-0.002,-40.01
"2020-10-07 07:31:29.7",7123674,-10,-10,-10,220,-0.002,-40.01
"2020-10-07 07:31:29.8",7123675,-10,-10,-10,220,-0.002,-40.01
"2020-10-07 07:31:29.9",7123676,-10,-10,-10,220,-0.002,-40.01
"2020-10-07 07:31:30",7123677,-10,-10,-10,220,-0.002,-40.01
"2020-10-07 07:31:30.1",7123678,-10,-10,-10,220,-0.002,-40.01
"2020-10-07 07:31:30.2",7123679,-10,-10,-10,220,-0.002,-40.01
"2020-10-07 07:31:30.3",7123680,-10,-10,-10,220,-0.002,-40.01
"2020-10-07 07:31:30.4",7123681,-10,-10,-10,220,-0.002,-40.01
"2020-10-07 07:31:30.5",7123682,-10,-10,-10,220,-0.002,-40.01
"2020-10-07 07:31:30.6",7123683,-10,-10,-10,220,-0.002,-40.01
"2020-10-07 07:31:30.7",7123684,-10,-10,-10,220,-0.002,-40.01
"2020-10-07 07:31:30.8",7123685,-10,-10,-10,220,-0.002,-40.01
"2020-10-07 07:31:30.9",7123686,-10,-10,-10,220,-0.002,-40.01
"2020-10-07 07:31:31",7123687,-10,-10,-10,220,-0.002,-40.01
"2020-10-07 07:31:31.1",7123688,-10,-10,-10,220,-0.002,-40.01
"2020-10-07 07:31:31.2",7123689,-10,-10,-10,220,-0.002,-40.01
"2020-10-07 07:31:31.3",7123690,-10,-10,-10,220,-0.002,-40.01
"2020-10-07 07:31:31.4",7123691,-10,-10,-10,220,-0.002,-40.01
"2020-10-07 07:31:31.5",7123692,-10,-10,-10,220,-0.002,-40.01
"2020-10-07 07:31:31.6",7123693,-10,-10,-10,220,-0.002,-40.01
"2020-10-07 07:31:31.7",7123694,-10,-10,-10,220,-0.002,-40.01
"2020-10-07 07:31:31.8",7123695,-10,-10,-10,220,-0.002,-40.01
"2020-10-07 07:31:31.9",7123696,-10,-10,-10,220,-0.002,-40.01
"2020-10-07 07:31:32",7123697,-10,-10,-10,220,-0.002,-40.01
"2020-10-07 07:31:32.1",7123698,-10,-10,-10,220,-0.002,-40.01
"2020-10-07 07:31:32.2",7123699,-10,-10,-10,220,-0.002,-40.01
"2020-10-07 07:31:32.3",7123700,-10,-10,-10,220,-0.002,-40.01
"2020-10-07 07:31:32.4",7123701,-10,-10,-10,220,-0.002,-40.01
"2020-10-07 07:31:32.5",7123702,-10,-10,-10,220,-0.002,-40.01
"2020-10-07 07:31:32.6",7123703,-10,-10,-10,220,-0.002,-40.01
"2020-10-07 07:31:32.7",7123704,-10,-10,-10,220,-0.002,-40.01
"2020-10-07 07:31:32.8",7123705,-10,-10,-10,220,-0.002,-40.01
"2020-10-07 07:31:32.9",7123706,-10,-10,-10,220,-0.002,-40.01
"2020-10-07 07:31:33",7123707,-10,-10,-10,220,-0.002,-40.01
"2020-10-07 07:31:33.1",7123708,-10,-10,-10,220,-0.002,-40.01
"2020-10-07 07:31:33.2",7123709,-10,-10,-10,220,-0.002,-40.01
"2020-10-07 07:31:33.3",7123710,-10,-10,-10,220,-0.002,-40.01
"2020-10-07 07:31:33.4",7123711,-10,-10,-10,220,-0.002,-40.01
"2020-10-07 07:31:33.5",7123712,-10,-10,-10,220,-0.002,-40.01
"2020-10-07 07:31:33.6",7123713,-10,-10,-10,220,-0.002,-40.01
"2020-10-07 07:31:33.7",7123714,-10,-10,-10,220,-0.002,-40.01
"2020-10-07 07:31:33.8",7123715,-10,-10,-10,220,-0.002,-40.01
"2020-10-07 07:31:33.9",7123716,-10,-10,-10,220,-0.002,-40.01
"2020-10-07 07:31:34",7123717,-10,-10,-10,220,-0.002,-40.01
"2020-10-07 07:31:34.1",7123718,-10,-10,-10,220,-0.002,-40.01
"2020-10-07 07:31:34.2",7123719,-10,-10,-10,220,-0.002,-40.01
"2020-10-07 07:31:34.3",7123720,-10,-10,-10,220,-0.002,-40.01
"2020-10-07 07:31:34.4",7123721,-10,-10,-10,220,-0.002,-40.01
"2020-10-07 07:31:34.5",7123722,-10,-10,-10,220,-0.002,-40.01
"2020-10-07 07:31:34.6",7123723,-10,-10,-10,220,-0.002,-40.01
"2020-10-07 07:31:34.7",7123724,-10,-10,-10,220,-0.002,-40.01
"2020-10-07 07:31:34.8",7123725,-10,-10,-10,220,-0.002,-40.01
"2020-10-07 07:31:34.9",7123726,-10,-10,-10,220,-0.002,-40.01
"2020-10-07 07:31:35",7123727,-10,-10,-10,220,-0.002,-40.01
"2020-10-07 07:31:35.1",7123728,-10,-10,-10,220,-0.002,-40.01
"2020-10-07 07:31:35.2",7123729,-10,-10,-10,220,-0.002,-40.01
"2020-10-07 07:31:35.3",7123730,-10,-10,-10,220,-0.002,-40.01
"2020-10-07 07:31:35.4",7123731,-10,-10,-10,220,-0.002,-40.01
"2020-10-07 07:31:35.5",7123732,-10,-10,-10,220,-0.002,-40.01
"2020-10-07 07:31:35.6",7123733,-10,-10,-10,220,-0.002,-40.01
"2020-10-07 07:31:35.7",7123734,-10,-10,-10,220,-0.002,-40.01
"2020-10-07 07:31:35.8",7123735,-10,-10,-10,220,-0.002,-40.01
"2020-10-07 07:31:35.9",7123736,-10,-10,-10,220,-0.002,-40.01
"2020-10-07 07:31:36",7123737,-10,-10,-10,220,-0.002,-40.01
"2020-10-07 07:31:36.1",7123738,-10,-10,-10,220,-0.002,-40.01
"2020-10-07 07:31:36.2",7123739,-10,-10,-10,220,-0.002,-40.01
"2020-10-07 07:31:36.3",7123740,-10,-10,-10,220,-0.002,-40.01
"2020-10-07 07:31:36.4",7123741,-10,-10,-10,220,-0.002,-40.01
"2020-10-07 07:31:36.5",7123742,-10,-10,-10,220,-0.002,-40.01
"2020-10-07 07:31:36.6",7123743,-10,-10,-10,220,-0.002,-40.01
"2020-10-07 07:31:36.7",7123744,-10,-10,-10,220,-0.002,-40.01
"2020-10-07 07:31:36.8",7123745,-10,-10,-10,220,-0.002,-40.01
"2020-10-07 07:31:36.9",7123746,-10,-10,-10,220,-0.002,-40.01
"2020-10-07 07:31:37",7123747,-10,-10,-10,220,-0.002,-40.01
"2020-10-07 07:31:37.1",7123748,-10,-10,-10,220,-0.002,-40.01
"2020-10-07 07:31:37.2",7123749,-10,-10,-10,220,-0.002,-40.01
"2020-10-07 07:31:37.3",7123750,-10,-10,-10,220,-0.002,-40.01
"2020-10-07 07:31:37.4",7123751,-10,-10,-10,220,-0.002,-40.01
"2020-10-07 07:31:37.5",7123752,-10,-10,-10,220,-0.002,-40.01
"2020-10-07 07:31:37.6",7123753,-10,-10,-10,220,-0.002,-40.01
"2020-10-07 07:31:37.7",7123754,-10,-10,-10,220,-0.002,-40.01
"2020-10-07 07:31:37.8",7123755,-10,-10,-10,220,-0.002,-40.01
"2020-10-07 07:31:37.9",7123756,-10,-10,-10,220,-0.002,-40.01
"2020-10-07 07:31:38",7123757,-10,-10,-10,220,-0.002,-40.01
"2020-10-07 07:31:38.1",7123758,-10,-10,-10,220,-0.002,-40.01
"2020-10-07 07:31:38.2",7123759,-10,-10,-10,220,-0.002,-40.01
"2020-10-07 07:31:38.3",7123760,-10,-10,-10,220,-0.002,-40.01
"2020-10-07 07:31:38.4",7123761,-10,-10,-10,220,-0.002,-40.01
"2020-10-07 07:31:38.5",7123762,-10,-10,-10,220,-0.002,-40.01
"2020-10-07 07:31:38.6",7123763,-10,-10,-10,220,-0.002,-40.01
"2020-10-07 07:31:38.7",7123764,-10,-10,-10,220,-0.002,-40.01
"2020-10-07 07:31:38.8",7123765,-10,-10,-10,220,-0.002,-40.01
"2020-10-07 07:31:38.9",7123766,-10,-10,-10,220,-0.002,-40.01
"2020-10-07 07:31:39",7123767,-10,-10,-10,220,-0.002,-40.01
"2020-10-07 07:31:39.1",7123768,-10,-10,-10,220,-0.002,-40.01
"2020-10-07 07:31:39.2",7123769,-10,-10,-10,220,-0.002,-40.01
"2020-10-07 07:31:39.3",7123770,-10,-10,-10,220,-0.002,-40.01
"2020-10-07 07:31:39.4",7123771,-10,-10,-10,220,-0.002,-40.01
"2020-10-07 07:31:39.5",7123772,-10,-10,-10,220,-0.002,-40.01
"2020-10-07 07:31:39.6",7123773,-10,-10,-10,220,-0.002,-40.01
"2020-10-07 07:31:39.7",7123774,-10,-10,-10,220,-0.002,-40.01
"2020-10-07 07:31:39.8",7123775,-10,-10,-10,220,-0.002,-40.01
"2020-10-07 07:31:39.9",7123776,-10,-10,-10,220,-0.002,-40.01
"2020-10-07 07:31:40",7123777,-10,-10,-10,220,-0.002,-40.01
"2020-10-07 07:31:40.1",7123778,-10,-10,-10,220,-0.002,-40.01
"2020-10-07 07:31:40.2",7123779,-10,-10,-10,220,-0.002,-40.01
"2020-10-07 07:31:40.3",7123780,-10,-10,-10,220,-0.002,-40.01
"2020-10-07 07:31:40.4",7123781,-10,-10,-10,220,-0.002,-40.01
"2020-10-07 07:31:40.5",7123782,-10,-10,-10,220,-0.002,-40.01
"2020-10-07 07:31:40.6",7123783,-10,-10,-10,220,-0.002,-40.01
"2020-10-07 07:31:40.7",7123784,-10,-10,-10,220,-0.002,-40.01
"2020-10-07 07:31:40.8",7123785,-10,-10,-10,220,-0.002,-40.01
"2020-10-07 07:31:40.9",7123786,-10,-10,-10,220,-0.002,-40.01
"2020-10-07 07:31:41",7123787,-10,-10,-10,220,-0.002,-40.01
"2020-10-07 07:31:41.1",7123788,-10,-10,-10,220,-0.002,-40.01
"2020-10-07 07:31:41.2",7123789,-10,-10,-10,220,-0.002,-40.01
"2020-10-07 07:31:41.3",7123790,-10,-10,-10,220,-0.002,-40.01
"2020-10-07 07:31:41.4",7123791,-10,-10,-10,220,-0.002,-40.01
"2020-10-07 07:31:41.5",7123792,-10,-10,-10,220,-0.002,-40.01
"2020-10-07 07:31:41.6",7123793,-10,-10,-10,220,-0.002,-40.01
"2020-10-07 07:31:41.7",7123794,-10,-10,-10,220,-0.002,-40.01
"2020-10-07 07:31:41.8",7123795,-10,-10,-10,220,-0.002,-40.01
"2020-10-07 07:31:41.9",7123796,-10,-10,-10,220,-0.002,-40.01
"2020-10-07 07:31:42",7123797,-10,-10,-10,220,-0.002,-40.01
"2020-10-07 07:31:42.1",7123798,-10,-10,-10,220,-0.002,-40.01
"2020-10-07 07:31:42.2",7123799,-10,-10,-10,220,-0.002,-40.01
"2020-10-07 07:31:42.3",7123800,-10,-10,-10,220,-0.002,-40.01
"2020-10-07 07:31:42.4",7123801,-10,-10,-10,220,-0.002,-40.01
"2020-10-07 07:31:42.5",7123802,-10,-10,-10,220,-0.002,-40.01
"2020-10-07 07:31:42.6",7123803,-10,-10,-10,220,-0.002,-40.01
"2020-10-07 07:31:42.7",7123804,-10,-10,-10,220,-0.002,-40.01
"2020-10-07 07:31:42.8",7123805,-10,-10,-10,220,-0.002,-40.01
"2020-10-07 07:31:42.9",7123806,-10,-10,-10,220,-0.002,-40.01
"2020-10-07 07:31:43",7123807,-10,-10,-10,220,-0.002,-40.01
"2020-10-07 07:31:43.1",7123808,-10,-10,-10,220,-0.002,-40.01
"2020-10-07 07:31:43.2",7123809,-10,-10,-10,220,-0.002,-40.01
"2020-10-07 07:31:43.3",7123810,-10,-10,-10,220,-0.002,-40.01
"2020-10-07 07:31:43.4",7123811,-10,-10,-10,220,-0.002,-40.01
"2020-10-07 07:31:43.5",7123812,-10,-10,-10,220,-0.002,-40.01
"2020-10-07 07:31:43.6",7123813,-10,-10,-10,220,-0.002,-40.01
"2020-10-07 07:31:43.7",7123814,-10,-10,-10,220,-0.002,-40.01
"2020-10-07 07:31:43.8",7123815,-10,-10,-10,220,-0.002,-40.01
"2020-10-07 07:31:43.9",7123816,-10,-10,-10,220,-0.002,-40.01
"2020-10-07 07:31:44",7123817,-10,-10,-10,220,-0.002,-40.01
"2020-10-07 07:31:44.1",7123818,-10,-10,-10,220,-0.002,-40.01
"2020-10-07 07:31:44.2",7123819,-10,-10,-10,220,-0.002,-40.01
"2020-10-07 07:31:44.3",7123820,-10,-10,-10,220,-0.002,-40.01
"2020-10-07 07:31:44.4",7123821,-10,-10,-10,220,-0.002,-40.01
"2020-10-07 07:31:44.5",7123822,-10,-10,-10,220,-0.002,-40.01
"2020-10-07 07:31:44.6",7123823,-10,-10,-10,220,-0.002,-40.01
"2020-10-07 07:31:44.7",7123824,-10,-10,-10,220,-0.002,-40.01
"2020-10-07 07:31:44.8",7123825,-10,-10,-10,220,-0.002,-40.01
"2020-10-07 07:31:44.9",7123826,-10,-10,-10,220,-0.002,-40.01
"2020-10-07 07:31:45",7123827,-10,-10,-10,220,-0.002,-40.01
"2020-10-07 07:31:45.1",7123828,-10,-10,-10,220,-0.002,-40.01
"2020-10-07 07:31:45.2",7123829,-10,-10,-10,220,-0.002,-40.01
"2020-10-07 07:31:45.3",7123830,-10,-10,-10,220,-0.002,-40.01
"2020-10-07 07:31:45.4",7123831,-10,-10,-10,220,-0.002,-40.01
"2020-10-07 07:31:45.5",7123832,-10,-10,-10,220,-0.002,-40.01
"2020-10-07 07:31:45.6",7123833,-10,-10,-10,220,-0.002,-40.01
"2020-10-07 07:31:45.7",7123834,-10,-10,-10,220,-0.002,-40.01
"2020-10-07 07:31:45.8",7123835,-10,-10,-10,220,-0.002,-40.01
"2020-10-07 07:31:45.9",7123836,-10,-10,-10,220,-0.002,-40.01
"2020-10-07 07:31:46",7123837,-10,-10,-10,220,-0.002,-40.01
"2020-10-07 07:31:46.1",7123838,-10,-10,-10,220,-0.002,-40.01
"2020-10-07 07:31:46.2",7123839,-10,-10,-10,220,-0.002,-40.01
"2020-10-07 07:31:46.3",7123840,-10,-10,-10,220,-0.002,-40.01
"2020-10-07 07:31:46.4",7123841,-10,-10,-10,220,-0.002,-40.01
"2020-10-07 07:31:46.5",7123842,-10,-10,-10,220,-0.002,-40.01
"2020-10-07 07:31:46.6",7123843,-10,-10,-10,220,-0.002,-40.01
"2020-10-07 07:31:46.7",7123844,-10,-10,-10,220,-0.002,-40.01
"2020-10-07 07:31:46.8",7123845,-10,-10,-10,220,-0.002,-40.01
"2020-10-07 07:31:46.9",7123846,-10,-10,-10,220,-0.002,-40.01
"2020-10-07 07:31:47",7123847,-10,-10,-10,220,-0.002,-40.01
"2020-10-07 07:31:47.1",7123848,-10,-10,-10,220,-0.002,-40.01
"2020-10-07 07:31:47.2",7123849,-10,-10,-10,220,-0.002,-40.01
"2020-10-07 07:31:47.3",7123850,-10,-10,-10,220,-0.002,-40.01
"2020-10-07 07:31:47.4",7123851,-10,-10,-10,220,-0.002,-40.01
"2020-10-07 07:31:47.5",7123852,-10,-10,-10,220,-0.002,-40.01
"2020-10-07 07:31:47.6",7123853,-10,-10,-10,220,-0.002,-40.01
"2020-10-07 07:31:47.7",7123854,-10,-10,-10,220,-0.002,-40.01
"2020-10-07 07:31:47.8",7123855,-10,-10,-10,220,-0.002,-40.01
"2020-10-07 07:31:47.9",7123856,-10,-10,-10,220,-0.002,-40.01
"2020-10-07 07:31:48",7123857,-10,-10,-10,220,-0.002,-40.01
"2020-10-07 07:31:48.1",7123858,-10,-10,-10,220,-0.002,-40.01
"2020-10-07 07:31:48.2",7123859,-10,-10,-10,220,-0.002,-40.01
"2020-10-07 07:31:48.3",7123860,-10,-10,-10,220,-0.002,-40.01
"2020-10-07 07:31:48.4",7123861,-10,-10,-10,220,-0.002,-40.01
"2020-10-07 07:31:48.5",7123862,-10,-10,-10,220,-0.002,-40.01
"2020-10-07 07:31:48.6",7123863,-10,-10,-10,220,-0.002,-40.01
"2020-10-07 07:31:48.7",7123864,-10,-10,-10,220,-0.002,-40.01
"2020-10-07 07:31:48.8",7123865,-10,-10,-10,220,-0.002,-40.01
"2020-10-07 07:31:48.9",7123866,-10,-10,-10,220,-0.002,-40.01
"2020-10-07 07:31:49",7123867,-10,-10,-10,220,-0.002,-40.01
"2020-10-07 07:31:49.1",7123868,-10,-10,-10,220,-0.002,-40.01
"2020-10-07 07:31:49.2",7123869,-10,-10,-10,220,-0.002,-40.01
"2020-10-07 07:31:49.3",7123870,-10,-10,-10,220,-0.002,-40.01
"2020-10-07 07:31:49.4",7123871,-10,-10,-10,220,-0.002,-40.01
"2020-10-07 07:31:49.5",7123872,-10,-10,-10,220,-0.002,-40.01
"2020-10-07 07:31:49.6",7123873,-10,-10,-10,220,-0.002,-40.01
"2020-10-07 07:31:49.7",7123874,-10,-10,-10,220,-0.002,-40.01
"2020-10-07 07:31:49.8",7123875,-10,-10,-10,220,-0.002,-40.01
"2020-10-07 07:31:49.9",7123876,-10,-10,-10,220,-0.002,-40.01
"2020-10-07 07:31:50",7123877,-10,-10,-10,220,-0.002,-40.01
"2020-10-07 07:31:50.1",7123878,-10,-10,-10,220,-0.002,-40.01
"2020-10-07 07:31:50.2",7123879,-10,-10,-10,220,-0.002,-40.01
"2020-10-07 07:31:50.3",7123880,-10,-10,-10,220,-0.002,-40.01
"2020-10-07 07:31:50.4",7123881,-10,-10,-10,220,-0.002,-40.01
"2020-10-07 07:31:50.5",7123882,-10,-10,-10,220,-0.002,-40.01
"2020-10-07 07:31:50.6",7123883,-10,-10,-10,220,-0.002,-40.01
"2020-10-07 07:31:50.7",7123884,-10,-10,-10,220,-0.002,-40.01
"2020-10-07 07:31:50.8",7123885,-10,-10,-10,220,-0.002,-40.01
"2020-10-07 07:31:50.9",7123886,-10,-10,-10,220,-0.002,-40.01
