"TOA5","10329","CR6","10329","CR6.Std.09.01 CR6-WIFI.04.00.01","CPU:YOUNG81000_HMP60_10Hz.CR6","51185","Young10Hz_hmp"
"TIMESTAMP","RECORD","U","V","W","TSonic","RH","T_HMP60"
"TS","RN","mV","mV","mV","mV","%","Deg C"
"","","Smp","Smp","Smp","Smp","Smp","Smp"
"2020-10-08 05:02:51",7898487,-10,-10,-10,220,-0.002,-40.01
"2020-10-08 05:02:51.1",7898488,-10,-10,-10,220,-0.002,-40.01
"2020-10-08 05:02:51.2",7898489,-10,-10,-10,220,-0.002,-40.01
"2020-10-08 05:02:51.3",7898490,-10,-10,-10,220,-0.002,-40.01
"2020-10-08 05:02:51.4",7898491,-10,-10,-10,220,-0.002,-40.01
"2020-10-08 05:02:51.5",7898492,-10,-10,-10,220,-0.002,-40.01
"2020-10-08 05:02:51.6",7898493,-10,-10,-10,220,-0.002,-40.01
"2020-10-08 05:02:51.7",7898494,-10,-10,-10,220,-0.002,-40.01
"2020-10-08 05:02:51.8",7898495,-10,-10,-10,220,-0.002,-40.01
"2020-10-08 05:02:51.9",7898496,-10,-10,-10,220,-0.002,-40.01
"2020-10-08 05:02:52",7898497,-10,-10,-10,220,-0.002,-40.01
"2020-10-08 05:02:52.1",7898498,-10,-10,-10,220,-0.002,-40.01
"2020-10-08 05:02:52.2",7898499,-10,-10,-10,220,-0.002,-40.01
"2020-10-08 05:02:52.3",7898500,-10,-10,-10,220,-0.002,-40.01
"2020-10-08 05:02:52.4",7898501,-10,-10,-10,220,-0.002,-40.01
"2020-10-08 05:02:52.5",7898502,-10,-10,-10,220,-0.002,-40.01
"2020-10-08 05:02:52.6",7898503,-10,-10,-10,220,-0.002,-40.01
"2020-10-08 05:02:52.7",7898504,-10,-10,-10,220,-0.002,-40.01
"2020-10-08 05:02:52.8",7898505,-10,-10,-10,220,-0.002,-40.01
"2020-10-08 05:02:52.9",7898506,-10,-10,-10,220,-0.002,-40.01
"2020-10-08 05:02:53",7898507,-10,-10,-10,220,-0.002,-40.01
"2020-10-08 05:02:53.1",7898508,-10,-10,-10,220,-0.002,-40.01
"2020-10-08 05:02:53.2",7898509,-10,-10,-10,220,-0.002,-40.01
"2020-10-08 05:02:53.3",7898510,-10,-10,-10,220,-0.002,-40.01
"2020-10-08 05:02:53.4",7898511,-10,-10,-10,220,-0.002,-40.01
"2020-10-08 05:02:53.5",7898512,-10,-10,-10,220,-0.002,-40.01
"2020-10-08 05:02:53.6",7898513,-10,-10,-10,220,-0.002,-40.01
"2020-10-08 05:02:53.7",7898514,-10,-10,-10,220,-0.002,-40.01
"2020-10-08 05:02:53.8",7898515,-10,-10,-10,220,-0.002,-40.01
"2020-10-08 05:02:53.9",7898516,-10,-10,-10,220,-0.002,-40.01
"2020-10-08 05:02:54",7898517,-10,-10,-10,220,-0.002,-40.01
"2020-10-08 05:02:54.1",7898518,-10,-10,-10,220,-0.002,-40.01
"2020-10-08 05:02:54.2",7898519,-10,-10,-10,220,-0.002,-40.01
"2020-10-08 05:02:54.3",7898520,-10,-10,-10,220,-0.002,-40.01
"2020-10-08 05:02:54.4",7898521,-10,-10,-10,220,-0.002,-40.01
"2020-10-08 05:02:54.5",7898522,-10,-10,-10,220,-0.002,-40.01
"2020-10-08 05:02:54.6",7898523,-10,-10,-10,220,-0.002,-40.01
"2020-10-08 05:02:54.7",7898524,-10,-10,-10,220,-0.002,-40.01
"2020-10-08 05:02:54.8",7898525,-10,-10,-10,220,-0.002,-40.01
"2020-10-08 05:02:54.9",7898526,-10,-10,-10,220,-0.002,-40.01
"2020-10-08 05:02:55",7898527,-10,-10,-10,220,-0.002,-40.01
"2020-10-08 05:02:55.1",7898528,-10,-10,-10,220,-0.002,-40.01
"2020-10-08 05:02:55.2",7898529,-10,-10,-10,220,-0.002,-40.01
"2020-10-08 05:02:55.3",7898530,-10,-10,-10,220,-0.002,-40.01
"2020-10-08 05:02:55.4",7898531,-10,-10,-10,220,-0.002,-40.01
"2020-10-08 05:02:55.5",7898532,-10,-10,-10,220,-0.002,-40.01
"2020-10-08 05:02:55.6",7898533,-10,-10,-10,220,-0.002,-40.01
"2020-10-08 05:02:55.7",7898534,-10,-10,-10,220,-0.002,-40.01
"2020-10-08 05:02:55.8",7898535,-10,-10,-10,220,-0.002,-40.01
"2020-10-08 05:02:55.9",7898536,-10,-10,-10,220,-0.002,-40.01
"2020-10-08 05:02:56",7898537,-10,-10,-10,220,-0.002,-40.01
"2020-10-08 05:02:56.1",7898538,-10,-10,-10,220,-0.002,-40.01
"2020-10-08 05:02:56.2",7898539,-10,-10,-10,220,-0.002,-40.01
"2020-10-08 05:02:56.3",7898540,-10,-10,-10,220,-0.002,-40.01
"2020-10-08 05:02:56.4",7898541,-10,-10,-10,220,-0.002,-40.01
"2020-10-08 05:02:56.5",7898542,-10,-10,-10,220,-0.002,-40.01
"2020-10-08 05:02:56.6",7898543,-10,-10,-10,220,-0.002,-40.01
"2020-10-08 05:02:56.7",7898544,-10,-10,-10,220,-0.002,-40.01
"2020-10-08 05:02:56.8",7898545,-10,-10,-10,220,-0.002,-40.01
"2020-10-08 05:02:56.9",7898546,-10,-10,-10,220,-0.002,-40.01
"2020-10-08 05:02:57",7898547,-10,-10,-10,220,-0.002,-40.01
"2020-10-08 05:02:57.1",7898548,-10,-10,-10,220,-0.002,-40.01
"2020-10-08 05:02:57.2",7898549,-10,-10,-10,220,-0.002,-40.01
"2020-10-08 05:02:57.3",7898550,-10,-10,-10,220,-0.002,-40.01
"2020-10-08 05:02:57.4",7898551,-10,-10,-10,220,-0.002,-40.01
"2020-10-08 05:02:57.5",7898552,-10,-10,-10,220,-0.002,-40.01
"2020-10-08 05:02:57.6",7898553,-10,-10,-10,220,-0.002,-40.01
"2020-10-08 05:02:57.7",7898554,-10,-10,-10,220,-0.002,-40.01
"2020-10-08 05:02:57.8",7898555,-10,-10,-10,220,-0.002,-40.01
"2020-10-08 05:02:57.9",7898556,-10,-10,-10,220,-0.002,-40.01
"2020-10-08 05:02:58",7898557,-10,-10,-10,220,-0.002,-40.01
"2020-10-08 05:02:58.1",7898558,-10,-10,-10,220,-0.002,-40.01
"2020-10-08 05:02:58.2",7898559,-10,-10,-10,220,-0.002,-40.01
"2020-10-08 05:02:58.3",7898560,-10,-10,-10,220,-0.002,-40.01
"2020-10-08 05:02:58.4",7898561,-10,-10,-10,220,-0.002,-40.01
"2020-10-08 05:02:58.5",7898562,-10,-10,-10,220,-0.002,-40.01
"2020-10-08 05:02:58.6",7898563,-10,-10,-10,220,-0.002,-40.01
"2020-10-08 05:02:58.7",7898564,-10,-10,-10,220,-0.002,-40.01
"2020-10-08 05:02:58.8",7898565,-10,-10,-10,220,-0.002,-40.01
"2020-10-08 05:02:58.9",7898566,-10,-10,-10,220,-0.002,-40.01
"2020-10-08 05:02:59",7898567,-10,-10,-10,220,-0.002,-40.01
"2020-10-08 05:02:59.1",7898568,-10,-10,-10,220,-0.002,-40.01
"2020-10-08 05:02:59.2",7898569,-10,-10,-10,220,-0.002,-40.01
"2020-10-08 05:02:59.3",7898570,-10,-10,-10,220,-0.002,-40.01
"2020-10-08 05:02:59.4",7898571,-10,-10,-10,220,-0.002,-40.01
"2020-10-08 05:02:59.5",7898572,-10,-10,-10,220,-0.002,-40.01
"2020-10-08 05:02:59.6",7898573,-10,-10,-10,220,-0.002,-40.01
"2020-10-08 05:02:59.7",7898574,-10,-10,-10,220,-0.002,-40.01
"2020-10-08 05:02:59.8",7898575,-10,-10,-10,220,-0.002,-40.01
"2020-10-08 05:02:59.9",7898576,-10,-10,-10,220,-0.002,-40.01
"2020-10-08 05:03:00",7898577,-10,-10,-10,220,-0.002,-40.01
"2020-10-08 05:03:00.1",7898578,-10,-10,-10,220,-0.008,-40.02
"2020-10-08 05:03:00.2",7898579,-10,-10,-10,220,-0.008,-40.02
"2020-10-08 05:03:00.3",7898580,-10,-10,-10,220,-0.002,-40
"2020-10-08 05:03:00.4",7898581,-10,-10,-10,220,-0.002,-40.01
"2020-10-08 05:03:00.5",7898582,-10,-10,-10,220,-0.002,-40.01
"2020-10-08 05:03:00.6",7898583,-10,-10,-10,220,-0.002,-40.01
"2020-10-08 05:03:00.7",7898584,-10,-10,-10,220,-0.002,-40.01
"2020-10-08 05:03:00.8",7898585,-10,-10,-10,220,-0.002,-40.01
"2020-10-08 05:03:00.9",7898586,-10,-10,-10,220,-0.002,-40.01
"2020-10-08 05:03:01",7898587,-10,-10,-10,220,-0.002,-40.01
"2020-10-08 05:03:01.1",7898588,-10,-10,-10,220,-0.002,-40.01
"2020-10-08 05:03:01.2",7898589,-10,-10,-10,220,-0.002,-40.01
"2020-10-08 05:03:01.3",7898590,-10,-10,-10,220,-0.002,-40.01
"2020-10-08 05:03:01.4",7898591,-10,-10,-10,220,-0.002,-40.01
"2020-10-08 05:03:01.5",7898592,-10,-10,-10,220,-0.002,-40.01
"2020-10-08 05:03:01.6",7898593,-10,-10,-10,220,-0.002,-40.01
"2020-10-08 05:03:01.7",7898594,-10,-10,-10,220,-0.002,-40.01
"2020-10-08 05:03:01.8",7898595,-10,-10,-10,220,-0.002,-40.01
"2020-10-08 05:03:01.9",7898596,-10,-10,-10,220,-0.002,-40.01
"2020-10-08 05:03:02",7898597,-10,-10,-10,220,-0.002,-40.01
"2020-10-08 05:03:02.1",7898598,-10,-10,-10,220,-0.002,-40.01
"2020-10-08 05:03:02.2",7898599,-10,-10,-10,220,-0.002,-40.01
"2020-10-08 05:03:02.3",7898600,-10,-10,-10,220,-0.002,-40.01
"2020-10-08 05:03:02.4",7898601,-10,-10,-10,220,-0.002,-40.01
"2020-10-08 05:03:02.5",7898602,-10,-10,-10,220,-0.002,-40.01
"2020-10-08 05:03:02.6",7898603,-10,-10,-10,220,-0.002,-40.01
"2020-10-08 05:03:02.7",7898604,-10,-10,-10,220,-0.002,-40.01
"2020-10-08 05:03:02.8",7898605,-10,-10,-10,220,-0.002,-40.01
"2020-10-08 05:03:02.9",7898606,-10,-10,-10,220,-0.002,-40.01
"2020-10-08 05:03:03",7898607,-10,-10,-10,220,-0.002,-40.01
"2020-10-08 05:03:03.1",7898608,-10,-10,-10,220,-0.002,-40.01
"2020-10-08 05:03:03.2",7898609,-10,-10,-10,220,-0.002,-40.01
"2020-10-08 05:03:03.3",7898610,-10,-10,-10,220,-0.002,-40.01
"2020-10-08 05:03:03.4",7898611,-10,-10,-10,220,-0.002,-40.01
"2020-10-08 05:03:03.5",7898612,-10,-10,-10,220,-0.002,-40.01
"2020-10-08 05:03:03.6",7898613,-10,-10,-10,220,-0.002,-40.01
"2020-10-08 05:03:03.7",7898614,-10,-10,-10,220,-0.002,-40.01
"2020-10-08 05:03:03.8",7898615,-10,-10,-10,220,-0.002,-40.01
"2020-10-08 05:03:03.9",7898616,-10,-10,-10,220,-0.002,-40.01
"2020-10-08 05:03:04",7898617,-10,-10,-10,220,-0.002,-40.01
"2020-10-08 05:03:04.1",7898618,-10,-10,-10,220,-0.002,-40.01
"2020-10-08 05:03:04.2",7898619,-10,-10,-10,220,-0.002,-40.01
"2020-10-08 05:03:04.3",7898620,-10,-10,-10,220,-0.002,-40.01
"2020-10-08 05:03:04.4",7898621,-10,-10,-10,220,-0.002,-40.01
"2020-10-08 05:03:04.5",7898622,-10,-10,-10,220,-0.002,-40.01
"2020-10-08 05:03:04.6",7898623,-10,-10,-10,220,-0.002,-40.01
"2020-10-08 05:03:04.7",7898624,-10,-10,-10,220,-0.002,-40.01
"2020-10-08 05:03:04.8",7898625,-10,-10,-10,220,-0.002,-40.01
"2020-10-08 05:03:04.9",7898626,-10,-10,-10,220,-0.002,-40.01
"2020-10-08 05:03:05",7898627,-10,-10,-10,220,-0.002,-40.01
"2020-10-08 05:03:05.1",7898628,-10,-10,-10,220,-0.002,-40.01
"2020-10-08 05:03:05.2",7898629,-10,-10,-10,220,-0.002,-40.01
"2020-10-08 05:03:05.3",7898630,-10,-10,-10,220,-0.002,-40.01
"2020-10-08 05:03:05.4",7898631,-10,-10,-10,220,-0.002,-40.01
"2020-10-08 05:03:05.5",7898632,-10,-10,-10,220,-0.002,-40.01
"2020-10-08 05:03:05.6",7898633,-10,-10,-10,220,-0.002,-40.01
"2020-10-08 05:03:05.7",7898634,-10,-10,-10,220,-0.002,-40.01
"2020-10-08 05:03:05.8",7898635,-10,-10,-10,220,-0.002,-40.01
"2020-10-08 05:03:05.9",7898636,-10,-10,-10,220,-0.002,-40.01
"2020-10-08 05:03:06",7898637,-10,-10,-10,220,-0.002,-40.01
"2020-10-08 05:03:06.1",7898638,-10,-10,-10,220,-0.002,-40.01
"2020-10-08 05:03:06.2",7898639,-10,-10,-10,220,-0.002,-40.01
"2020-10-08 05:03:06.3",7898640,-10,-10,-10,220,-0.002,-40.01
"2020-10-08 05:03:06.4",7898641,-10,-10,-10,220,-0.002,-40.01
"2020-10-08 05:03:06.5",7898642,-10,-10,-10,220,-0.002,-40.01
"2020-10-08 05:03:06.6",7898643,-10,-10,-10,220,-0.002,-40.01
"2020-10-08 05:03:06.7",7898644,-10,-10,-10,220,-0.002,-40.01
"2020-10-08 05:03:06.8",7898645,-10,-10,-10,220,-0.002,-40.01
"2020-10-08 05:03:06.9",7898646,-10,-10,-10,220,-0.002,-40.01
"2020-10-08 05:03:07",7898647,-10,-10,-10,220,-0.002,-40.01
"2020-10-08 05:03:07.1",7898648,-10,-10,-10,220,-0.002,-40.01
"2020-10-08 05:03:07.2",7898649,-10,-10,-10,220,-0.002,-40.01
"2020-10-08 05:03:07.3",7898650,-10,-10,-10,220,-0.002,-40.01
"2020-10-08 05:03:07.4",7898651,-10,-10,-10,220,-0.002,-40.01
"2020-10-08 05:03:07.5",7898652,-10,-10,-10,220,-0.002,-40.01
"2020-10-08 05:03:07.6",7898653,-10,-10,-10,220,-0.002,-40.01
"2020-10-08 05:03:07.7",7898654,-10,-10,-10,220,-0.002,-40.01
"2020-10-08 05:03:07.8",7898655,-10,-10,-10,220,-0.002,-40.01
"2020-10-08 05:03:07.9",7898656,-10,-10,-10,220,-0.002,-40.01
"2020-10-08 05:03:08",7898657,-10,-10,-10,220,-0.002,-40.01
"2020-10-08 05:03:08.1",7898658,-10,-10,-10,220,-0.002,-40.01
"2020-10-08 05:03:08.2",7898659,-10,-10,-10,220,-0.002,-40.01
"2020-10-08 05:03:08.3",7898660,-10,-10,-10,220,-0.002,-40.01
"2020-10-08 05:03:08.4",7898661,-10,-10,-10,220,-0.002,-40.01
"2020-10-08 05:03:08.5",7898662,-10,-10,-10,220,-0.002,-40.01
"2020-10-08 05:03:08.6",7898663,-10,-10,-10,220,-0.002,-40.01
"2020-10-08 05:03:08.7",7898664,-10,-10,-10,220,-0.002,-40.01
"2020-10-08 05:03:08.8",7898665,-10,-10,-10,220,-0.002,-40.01
"2020-10-08 05:03:08.9",7898666,-10,-10,-10,220,-0.002,-40.01
"2020-10-08 05:03:09",7898667,-10,-10,-10,220,-0.002,-40.01
"2020-10-08 05:03:09.1",7898668,-10,-10,-10,220,-0.002,-40.01
"2020-10-08 05:03:09.2",7898669,-10,-10,-10,220,-0.002,-40.01
"2020-10-08 05:03:09.3",7898670,-10,-10,-10,220,-0.002,-40.01
"2020-10-08 05:03:09.4",7898671,-10,-10,-10,220,-0.002,-40.01
"2020-10-08 05:03:09.5",7898672,-10,-10,-10,220,-0.002,-40.01
"2020-10-08 05:03:09.6",7898673,-10,-10,-10,220,-0.002,-40.01
"2020-10-08 05:03:09.7",7898674,-10,-10,-10,220,-0.002,-40.01
"2020-10-08 05:03:09.8",7898675,-10,-10,-10,220,-0.002,-40.01
"2020-10-08 05:03:09.9",7898676,-10,-10,-10,220,-0.002,-40.01
"2020-10-08 05:03:10",7898677,-10,-10,-10,220,-0.002,-40.01
"2020-10-08 05:03:10.1",7898678,-10,-10,-10,220,-0.002,-40.01
"2020-10-08 05:03:10.2",7898679,-10,-10,-10,220,-0.002,-40.01
"2020-10-08 05:03:10.3",7898680,-10,-10,-10,220,-0.002,-40.01
"2020-10-08 05:03:10.4",7898681,-10,-10,-10,220,-0.002,-40.01
"2020-10-08 05:03:10.5",7898682,-10,-10,-10,220,-0.002,-40.01
"2020-10-08 05:03:10.6",7898683,-10,-10,-10,220,-0.002,-40.01
"2020-10-08 05:03:10.7",7898684,-10,-10,-10,220,-0.002,-40.01
"2020-10-08 05:03:10.8",7898685,-10,-10,-10,220,-0.002,-40.01
"2020-10-08 05:03:10.9",7898686,-10,-10,-10,220,-0.002,-40.01
"2020-10-08 05:03:11",7898687,-10,-10,-10,220,-0.002,-40.01
"2020-10-08 05:03:11.1",7898688,-10,-10,-10,220,-0.002,-40.01
"2020-10-08 05:03:11.2",7898689,-10,-10,-10,220,-0.002,-40.01
"2020-10-08 05:03:11.3",7898690,-10,-10,-10,220,-0.002,-40.01
"2020-10-08 05:03:11.4",7898691,-10,-10,-10,220,-0.002,-40.01
"2020-10-08 05:03:11.5",7898692,-10,-10,-10,220,-0.002,-40.01
"2020-10-08 05:03:11.6",7898693,-10,-10,-10,220,-0.002,-40.01
"2020-10-08 05:03:11.7",7898694,-10,-10,-10,220,-0.002,-40.01
"2020-10-08 05:03:11.8",7898695,-10,-10,-10,220,-0.002,-40.01
"2020-10-08 05:03:11.9",7898696,-10,-10,-10,220,-0.002,-40.01
"2020-10-08 05:03:12",7898697,-10,-10,-10,220,-0.002,-40.01
"2020-10-08 05:03:12.1",7898698,-10,-10,-10,220,-0.002,-40.01
"2020-10-08 05:03:12.2",7898699,-10,-10,-10,220,-0.002,-40.01
"2020-10-08 05:03:12.3",7898700,-10,-10,-10,220,-0.002,-40.01
"2020-10-08 05:03:12.4",7898701,-10,-10,-10,220,-0.002,-40.01
"2020-10-08 05:03:12.5",7898702,-10,-10,-10,220,-0.002,-40.01
"2020-10-08 05:03:12.6",7898703,-10,-10,-10,220,-0.002,-40.01
"2020-10-08 05:03:12.7",7898704,-10,-10,-10,220,-0.002,-40.01
"2020-10-08 05:03:12.8",7898705,-10,-10,-10,220,-0.002,-40.01
"2020-10-08 05:03:12.9",7898706,-10,-10,-10,220,-0.002,-40.01
"2020-10-08 05:03:13",7898707,-10,-10,-10,220,-0.002,-40.01
"2020-10-08 05:03:13.1",7898708,-10,-10,-10,220,-0.002,-40.01
"2020-10-08 05:03:13.2",7898709,-10,-10,-10,220,-0.002,-40.01
"2020-10-08 05:03:13.3",7898710,-10,-10,-10,220,-0.002,-40.01
"2020-10-08 05:03:13.4",7898711,-10,-10,-10,220,-0.002,-40.01
"2020-10-08 05:03:13.5",7898712,-10,-10,-10,220,-0.002,-40.01
"2020-10-08 05:03:13.6",7898713,-10,-10,-10,220,-0.002,-40.01
"2020-10-08 05:03:13.7",7898714,-10,-10,-10,220,-0.002,-40.01
"2020-10-08 05:03:13.8",7898715,-10,-10,-10,220,-0.002,-40.01
"2020-10-08 05:03:13.9",7898716,-10,-10,-10,220,-0.002,-40.01
"2020-10-08 05:03:14",7898717,-10,-10,-10,220,-0.002,-40.01
"2020-10-08 05:03:14.1",7898718,-10,-10,-10,220,-0.002,-40.01
"2020-10-08 05:03:14.2",7898719,-10,-10,-10,220,-0.002,-40.01
"2020-10-08 05:03:14.3",7898720,-10,-10,-10,220,-0.002,-40.01
"2020-10-08 05:03:14.4",7898721,-10,-10,-10,220,-0.002,-40.01
"2020-10-08 05:03:14.5",7898722,-10,-10,-10,220,-0.002,-40.01
"2020-10-08 05:03:14.6",7898723,-10,-10,-10,220,-0.002,-40.01
"2020-10-08 05:03:14.7",7898724,-10,-10,-10,220,-0.002,-40.01
"2020-10-08 05:03:14.8",7898725,-10,-10,-10,220,-0.002,-40.01
"2020-10-08 05:03:14.9",7898726,-10,-10,-10,220,-0.002,-40.01
"2020-10-08 05:03:15",7898727,-10,-10,-10,220,-0.002,-40.01
"2020-10-08 05:03:15.1",7898728,-10,-10,-10,220,-0.002,-40.01
"2020-10-08 05:03:15.2",7898729,-10,-10,-10,220,-0.002,-40.01
"2020-10-08 05:03:15.3",7898730,-10,-10,-10,220,-0.002,-40.01
"2020-10-08 05:03:15.4",7898731,-10,-10,-10,220,-0.002,-40.01
"2020-10-08 05:03:15.5",7898732,-10,-10,-10,220,-0.002,-40.01
"2020-10-08 05:03:15.6",7898733,-10,-10,-10,220,-0.002,-40.01
"2020-10-08 05:03:15.7",7898734,-10,-10,-10,220,-0.002,-40.01
"2020-10-08 05:03:15.8",7898735,-10,-10,-10,220,-0.002,-40.01
"2020-10-08 05:03:15.9",7898736,-10,-10,-10,220,-0.002,-40.01
"2020-10-08 05:03:16",7898737,-10,-10,-10,220,-0.002,-40.01
"2020-10-08 05:03:16.1",7898738,-10,-10,-10,220,-0.002,-40.01
"2020-10-08 05:03:16.2",7898739,-10,-10,-10,220,-0.002,-40.01
"2020-10-08 05:03:16.3",7898740,-10,-10,-10,220,-0.002,-40.01
"2020-10-08 05:03:16.4",7898741,-10,-10,-10,220,-0.002,-40.01
"2020-10-08 05:03:16.5",7898742,-10,-10,-10,220,-0.002,-40.01
"2020-10-08 05:03:16.6",7898743,-10,-10,-10,220,-0.002,-40.01
"2020-10-08 05:03:16.7",7898744,-10,-10,-10,220,-0.002,-40.01
"2020-10-08 05:03:16.8",7898745,-10,-10,-10,220,-0.002,-40.01
"2020-10-08 05:03:16.9",7898746,-10,-10,-10,220,-0.002,-40.01
"2020-10-08 05:03:17",7898747,-10,-10,-10,220,-0.002,-40.01
"2020-10-08 05:03:17.1",7898748,-10,-10,-10,220,-0.002,-40.01
"2020-10-08 05:03:17.2",7898749,-10,-10,-10,220,-0.002,-40.01
"2020-10-08 05:03:17.3",7898750,-10,-10,-10,220,-0.002,-40.01
"2020-10-08 05:03:17.4",7898751,-10,-10,-10,220,-0.002,-40.01
"2020-10-08 05:03:17.5",7898752,-10,-10,-10,220,-0.002,-40.01
"2020-10-08 05:03:17.6",7898753,-10,-10,-10,220,-0.002,-40.01
"2020-10-08 05:03:17.7",7898754,-10,-10,-10,220,-0.002,-40.01
"2020-10-08 05:03:17.8",7898755,-10,-10,-10,220,-0.002,-40.01
"2020-10-08 05:03:17.9",7898756,-10,-10,-10,220,-0.002,-40.01
"2020-10-08 05:03:18",7898757,-10,-10,-10,220,-0.002,-40.01
"2020-10-08 05:03:18.1",7898758,-10,-10,-10,220,-0.002,-40.01
"2020-10-08 05:03:18.2",7898759,-10,-10,-10,220,-0.002,-40.01
"2020-10-08 05:03:18.3",7898760,-10,-10,-10,220,-0.002,-40.01
"2020-10-08 05:03:18.4",7898761,-10,-10,-10,220,-0.002,-40.01
"2020-10-08 05:03:18.5",7898762,-10,-10,-10,220,-0.002,-40.01
"2020-10-08 05:03:18.6",7898763,-10,-10,-10,220,-0.002,-40.01
"2020-10-08 05:03:18.7",7898764,-10,-10,-10,220,-0.002,-40.01
"2020-10-08 05:03:18.8",7898765,-10,-10,-10,220,-0.002,-40.01
"2020-10-08 05:03:18.9",7898766,-10,-10,-10,220,-0.002,-40.01
"2020-10-08 05:03:19",7898767,-10,-10,-10,220,-0.002,-40.01
"2020-10-08 05:03:19.1",7898768,-10,-10,-10,220,-0.002,-40.01
"2020-10-08 05:03:19.2",7898769,-10,-10,-10,220,-0.002,-40.01
"2020-10-08 05:03:19.3",7898770,-10,-10,-10,220,-0.002,-40.01
"2020-10-08 05:03:19.4",7898771,-10,-10,-10,220,-0.002,-40.01
"2020-10-08 05:03:19.5",7898772,-10,-10,-10,220,-0.002,-40.01
"2020-10-08 05:03:19.6",7898773,-10,-10,-10,220,-0.002,-40.01
"2020-10-08 05:03:19.7",7898774,-10,-10,-10,220,-0.002,-40.01
"2020-10-08 05:03:19.8",7898775,-10,-10,-10,220,-0.002,-40.01
"2020-10-08 05:03:19.9",7898776,-10,-10,-10,220,-0.002,-40.01
"2020-10-08 05:03:20",7898777,-10,-10,-10,220,-0.002,-40.01
"2020-10-08 05:03:20.1",7898778,-10,-10,-10,220,-0.002,-40.01
"2020-10-08 05:03:20.2",7898779,-10,-10,-10,220,-0.002,-40.01
"2020-10-08 05:03:20.3",7898780,-10,-10,-10,220,-0.002,-40.01
"2020-10-08 05:03:20.4",7898781,-10,-10,-10,220,-0.002,-40.01
"2020-10-08 05:03:20.5",7898782,-10,-10,-10,220,-0.002,-40.01
"2020-10-08 05:03:20.6",7898783,-10,-10,-10,220,-0.002,-40.01
"2020-10-08 05:03:20.7",7898784,-10,-10,-10,220,-0.002,-40.01
"2020-10-08 05:03:20.8",7898785,-10,-10,-10,220,-0.002,-40.01
"2020-10-08 05:03:20.9",7898786,-10,-10,-10,220,-0.002,-40.01
"2020-10-08 05:03:21",7898787,-10,-10,-10,220,-0.002,-40.01
"2020-10-08 05:03:21.1",7898788,-10,-10,-10,220,-0.002,-40.01
"2020-10-08 05:03:21.2",7898789,-10,-10,-10,220,-0.002,-40.01
"2020-10-08 05:03:21.3",7898790,-10,-10,-10,220,-0.002,-40.01
"2020-10-08 05:03:21.4",7898791,-10,-10,-10,220,-0.002,-40.01
"2020-10-08 05:03:21.5",7898792,-10,-10,-10,220,-0.002,-40.01
"2020-10-08 05:03:21.6",7898793,-10,-10,-10,220,-0.002,-40.01
"2020-10-08 05:03:21.7",7898794,-10,-10,-10,220,-0.002,-40.01
"2020-10-08 05:03:21.8",7898795,-10,-10,-10,220,-0.002,-40.01
"2020-10-08 05:03:21.9",7898796,-10,-10,-10,220,-0.002,-40.01
"2020-10-08 05:03:22",7898797,-10,-10,-10,220,-0.002,-40.01
"2020-10-08 05:03:22.1",7898798,-10,-10,-10,220,-0.002,-40.01
"2020-10-08 05:03:22.2",7898799,-10,-10,-10,220,-0.002,-40.01
"2020-10-08 05:03:22.3",7898800,-10,-10,-10,220,-0.002,-40.01
"2020-10-08 05:03:22.4",7898801,-10,-10,-10,220,-0.002,-40.01
"2020-10-08 05:03:22.5",7898802,-10,-10,-10,220,-0.002,-40.01
"2020-10-08 05:03:22.6",7898803,-10,-10,-10,220,-0.002,-40.01
"2020-10-08 05:03:22.7",7898804,-10,-10,-10,220,-0.002,-40.01
"2020-10-08 05:03:22.8",7898805,-10,-10,-10,220,-0.002,-40.01
"2020-10-08 05:03:22.9",7898806,-10,-10,-10,220,-0.002,-40.01
"2020-10-08 05:03:23",7898807,-10,-10,-10,220,-0.002,-40.01
"2020-10-08 05:03:23.1",7898808,-10,-10,-10,220,-0.002,-40.01
"2020-10-08 05:03:23.2",7898809,-10,-10,-10,220,-0.002,-40.01
"2020-10-08 05:03:23.3",7898810,-10,-10,-10,220,-0.002,-40.01
"2020-10-08 05:03:23.4",7898811,-10,-10,-10,220,-0.002,-40.01
"2020-10-08 05:03:23.5",7898812,-10,-10,-10,220,-0.002,-40.01
"2020-10-08 05:03:23.6",7898813,-10,-10,-10,220,-0.002,-40.01
"2020-10-08 05:03:23.7",7898814,-10,-10,-10,220,-0.002,-40.01
"2020-10-08 05:03:23.8",7898815,-10,-10,-10,220,-0.002,-40.01
"2020-10-08 05:03:23.9",7898816,-10,-10,-10,220,-0.002,-40.01
"2020-10-08 05:03:24",7898817,-10,-10,-10,220,-0.002,-40.01
"2020-10-08 05:03:24.1",7898818,-10,-10,-10,220,-0.002,-40.01
"2020-10-08 05:03:24.2",7898819,-10,-10,-10,220,-0.002,-40.01
"2020-10-08 05:03:24.3",7898820,-10,-10,-10,220,-0.002,-40.01
"2020-10-08 05:03:24.4",7898821,-10,-10,-10,220,-0.002,-40.01
"2020-10-08 05:03:24.5",7898822,-10,-10,-10,220,-0.002,-40.01
"2020-10-08 05:03:24.6",7898823,-10,-10,-10,220,-0.002,-40.01
"2020-10-08 05:03:24.7",7898824,-10,-10,-10,220,-0.002,-40.01
"2020-10-08 05:03:24.8",7898825,-10,-10,-10,220,-0.002,-40.01
"2020-10-08 05:03:24.9",7898826,-10,-10,-10,220,-0.002,-40.01
"2020-10-08 05:03:25",7898827,-10,-10,-10,220,-0.002,-40.01
"2020-10-08 05:03:25.1",7898828,-10,-10,-10,220,-0.002,-40.01
"2020-10-08 05:03:25.2",7898829,-10,-10,-10,220,-0.002,-40.01
"2020-10-08 05:03:25.3",7898830,-10,-10,-10,220,-0.002,-40.01
"2020-10-08 05:03:25.4",7898831,-10,-10,-10,220,-0.002,-40.01
"2020-10-08 05:03:25.5",7898832,-10,-10,-10,220,-0.002,-40.01
"2020-10-08 05:03:25.6",7898833,-10,-10,-10,220,-0.002,-40.01
"2020-10-08 05:03:25.7",7898834,-10,-10,-10,220,-0.002,-40.01
"2020-10-08 05:03:25.8",7898835,-10,-10,-10,220,-0.002,-40.01
"2020-10-08 05:03:25.9",7898836,-10,-10,-10,220,-0.002,-40.01
"2020-10-08 05:03:26",7898837,-10,-10,-10,220,-0.002,-40.01
"2020-10-08 05:03:26.1",7898838,-10,-10,-10,220,-0.002,-40.01
"2020-10-08 05:03:26.2",7898839,-10,-10,-10,220,-0.002,-40.01
"2020-10-08 05:03:26.3",7898840,-10,-10,-10,220,-0.002,-40.01
"2020-10-08 05:03:26.4",7898841,-10,-10,-10,220,-0.002,-40.01
"2020-10-08 05:03:26.5",7898842,-10,-10,-10,220,-0.002,-40.01
"2020-10-08 05:03:26.6",7898843,-10,-10,-10,220,-0.002,-40.01
"2020-10-08 05:03:26.7",7898844,-10,-10,-10,220,-0.002,-40.01
"2020-10-08 05:03:26.8",7898845,-10,-10,-10,220,-0.002,-40.01
"2020-10-08 05:03:26.9",7898846,-10,-10,-10,220,-0.002,-40.01
"2020-10-08 05:03:27",7898847,-10,-10,-10,220,-0.002,-40.01
"2020-10-08 05:03:27.1",7898848,-10,-10,-10,220,-0.002,-40.01
"2020-10-08 05:03:27.2",7898849,-10,-10,-10,220,-0.002,-40.01
"2020-10-08 05:03:27.3",7898850,-10,-10,-10,220,-0.002,-40.01
"2020-10-08 05:03:27.4",7898851,-10,-10,-10,220,-0.002,-40.01
"2020-10-08 05:03:27.5",7898852,-10,-10,-10,220,-0.002,-40.01
"2020-10-08 05:03:27.6",7898853,-10,-10,-10,220,-0.002,-40.01
"2020-10-08 05:03:27.7",7898854,-10,-10,-10,220,-0.002,-40.01
"2020-10-08 05:03:27.8",7898855,-10,-10,-10,220,-0.002,-40.01
"2020-10-08 05:03:27.9",7898856,-10,-10,-10,220,-0.002,-40.01
"2020-10-08 05:03:28",7898857,-10,-10,-10,220,-0.002,-40.01
"2020-10-08 05:03:28.1",7898858,-10,-10,-10,220,-0.002,-40.01
"2020-10-08 05:03:28.2",7898859,-10,-10,-10,220,-0.002,-40.01
"2020-10-08 05:03:28.3",7898860,-10,-10,-10,220,-0.002,-40.01
"2020-10-08 05:03:28.4",7898861,-10,-10,-10,220,-0.002,-40.01
"2020-10-08 05:03:28.5",7898862,-10,-10,-10,220,-0.002,-40.01
"2020-10-08 05:03:28.6",7898863,-10,-10,-10,220,-0.002,-40.01
"2020-10-08 05:03:28.7",7898864,-10,-10,-10,220,-0.002,-40.01
"2020-10-08 05:03:28.8",7898865,-10,-10,-10,220,-0.002,-40.01
"2020-10-08 05:03:28.9",7898866,-10,-10,-10,220,-0.002,-40.01
"2020-10-08 05:03:29",7898867,-10,-10,-10,220,-0.002,-40.01
"2020-10-08 05:03:29.1",7898868,-10,-10,-10,220,-0.002,-40.01
"2020-10-08 05:03:29.2",7898869,-10,-10,-10,220,-0.002,-40.01
"2020-10-08 05:03:29.3",7898870,-10,-10,-10,220,-0.002,-40.01
"2020-10-08 05:03:29.4",7898871,-10,-10,-10,220,-0.002,-40.01
"2020-10-08 05:03:29.5",7898872,-10,-10,-10,220,-0.002,-40.01
"2020-10-08 05:03:29.6",7898873,-10,-10,-10,220,-0.002,-40.01
"2020-10-08 05:03:29.7",7898874,-10,-10,-10,220,-0.002,-40.01
"2020-10-08 05:03:29.8",7898875,-10,-10,-10,220,-0.002,-40.01
"2020-10-08 05:03:29.9",7898876,-10,-10,-10,220,-0.002,-40.01
"2020-10-08 05:03:30",7898877,-10,-10,-10,220,-0.002,-40.01
"2020-10-08 05:03:30.1",7898878,-10,-10,-10,220,-0.002,-40.01
"2020-10-08 05:03:30.2",7898879,-10,-10,-10,220,-0.002,-40.01
"2020-10-08 05:03:30.3",7898880,-10,-10,-10,220,-0.002,-40.01
"2020-10-08 05:03:30.4",7898881,-10,-10,-10,220,-0.002,-40.01
"2020-10-08 05:03:30.5",7898882,-10,-10,-10,220,-0.002,-40.01
"2020-10-08 05:03:30.6",7898883,-10,-10,-10,220,-0.002,-40.01
"2020-10-08 05:03:30.7",7898884,-10,-10,-10,220,-0.002,-40.01
"2020-10-08 05:03:30.8",7898885,-10,-10,-10,220,-0.002,-40.01
"2020-10-08 05:03:30.9",7898886,-10,-10,-10,220,-0.002,-40.01
"2020-10-08 05:03:31",7898887,-10,-10,-10,220,-0.002,-40.01
"2020-10-08 05:03:31.1",7898888,-10,-10,-10,220,-0.002,-40.01
"2020-10-08 05:03:31.2",7898889,-10,-10,-10,220,-0.002,-40.01
"2020-10-08 05:03:31.3",7898890,-10,-10,-10,220,-0.002,-40.01
"2020-10-08 05:03:31.4",7898891,-10,-10,-10,220,-0.002,-40.01
"2020-10-08 05:03:31.5",7898892,-10,-10,-10,220,-0.002,-40.01
"2020-10-08 05:03:31.6",7898893,-10,-10,-10,220,-0.002,-40.01
"2020-10-08 05:03:31.7",7898894,-10,-10,-10,220,-0.002,-40.01
"2020-10-08 05:03:31.8",7898895,-10,-10,-10,220,-0.002,-40.01
"2020-10-08 05:03:31.9",7898896,-10,-10,-10,220,-0.002,-40.01
"2020-10-08 05:03:32",7898897,-10,-10,-10,220,-0.002,-40.01
"2020-10-08 05:03:32.1",7898898,-10,-10,-10,220,-0.002,-40.01
"2020-10-08 05:03:32.2",7898899,-10,-10,-10,220,-0.002,-40.01
"2020-10-08 05:03:32.3",7898900,-10,-10,-10,220,-0.002,-40.01
"2020-10-08 05:03:32.4",7898901,-10,-10,-10,220,-0.002,-40.01
"2020-10-08 05:03:32.5",7898902,-10,-10,-10,220,-0.002,-40.01
"2020-10-08 05:03:32.6",7898903,-10,-10,-10,220,-0.002,-40.01
"2020-10-08 05:03:32.7",7898904,-10,-10,-10,220,-0.002,-40.01
"2020-10-08 05:03:32.8",7898905,-10,-10,-10,220,-0.002,-40.01
"2020-10-08 05:03:32.9",7898906,-10,-10,-10,220,-0.002,-40.01
"2020-10-08 05:03:33",7898907,-10,-10,-10,220,-0.002,-40.01
"2020-10-08 05:03:33.1",7898908,-10,-10,-10,220,-0.002,-40.01
"2020-10-08 05:03:33.2",7898909,-10,-10,-10,220,-0.002,-40.01
"2020-10-08 05:03:33.3",7898910,-10,-10,-10,220,-0.002,-40.01
"2020-10-08 05:03:33.4",7898911,-10,-10,-10,220,-0.002,-40.01
"2020-10-08 05:03:33.5",7898912,-10,-10,-10,220,-0.002,-40.01
"2020-10-08 05:03:33.6",7898913,-10,-10,-10,220,-0.002,-40.01
"2020-10-08 05:03:33.7",7898914,-10,-10,-10,220,-0.002,-40.01
"2020-10-08 05:03:33.8",7898915,-10,-10,-10,220,-0.002,-40.01
"2020-10-08 05:03:33.9",7898916,-10,-10,-10,220,-0.002,-40.01
"2020-10-08 05:03:34",7898917,-10,-10,-10,220,-0.002,-40.01
"2020-10-08 05:03:34.1",7898918,-10,-10,-10,220,-0.002,-40.01
"2020-10-08 05:03:34.2",7898919,-10,-10,-10,220,-0.002,-40.01
"2020-10-08 05:03:34.3",7898920,-10,-10,-10,220,-0.002,-40.01
"2020-10-08 05:03:34.4",7898921,-10,-10,-10,220,-0.002,-40.01
"2020-10-08 05:03:34.5",7898922,-10,-10,-10,220,-0.002,-40.01
"2020-10-08 05:03:34.6",7898923,-10,-10,-10,220,-0.002,-40.01
"2020-10-08 05:03:34.7",7898924,-10,-10,-10,220,-0.002,-40.01
"2020-10-08 05:03:34.8",7898925,-10,-10,-10,220,-0.002,-40.01
"2020-10-08 05:03:34.9",7898926,-10,-10,-10,220,-0.002,-40.01
"2020-10-08 05:03:35",7898927,-10,-10,-10,220,-0.002,-40.01
"2020-10-08 05:03:35.1",7898928,-10,-10,-10,220,-0.002,-40.01
"2020-10-08 05:03:35.2",7898929,-10,-10,-10,220,-0.002,-40.01
"2020-10-08 05:03:35.3",7898930,-10,-10,-10,220,-0.002,-40.01
"2020-10-08 05:03:35.4",7898931,-10,-10,-10,220,-0.002,-40.01
"2020-10-08 05:03:35.5",7898932,-10,-10,-10,220,-0.002,-40.01
"2020-10-08 05:03:35.6",7898933,-10,-10,-10,220,-0.002,-40.01
"2020-10-08 05:03:35.7",7898934,-10,-10,-10,220,-0.002,-40.01
"2020-10-08 05:03:35.8",7898935,-10,-10,-10,220,-0.002,-40.01
"2020-10-08 05:03:35.9",7898936,-10,-10,-10,220,-0.002,-40.01
"2020-10-08 05:03:36",7898937,-10,-10,-10,220,-0.002,-40.01
"2020-10-08 05:03:36.1",7898938,-10,-10,-10,220,-0.002,-40.01
"2020-10-08 05:03:36.2",7898939,-10,-10,-10,220,-0.002,-40.01
"2020-10-08 05:03:36.3",7898940,-10,-10,-10,220,-0.002,-40.01
"2020-10-08 05:03:36.4",7898941,-10,-10,-10,220,-0.002,-40.01
"2020-10-08 05:03:36.5",7898942,-10,-10,-10,220,-0.002,-40.01
"2020-10-08 05:03:36.6",7898943,-10,-10,-10,220,-0.002,-40.01
"2020-10-08 05:03:36.7",7898944,-10,-10,-10,220,-0.002,-40.01
"2020-10-08 05:03:36.8",7898945,-10,-10,-10,220,-0.002,-40.01
"2020-10-08 05:03:36.9",7898946,-10,-10,-10,220,-0.002,-40.01
"2020-10-08 05:03:37",7898947,-10,-10,-10,220,-0.002,-40.01
"2020-10-08 05:03:37.1",7898948,-10,-10,-10,220,-0.002,-40.01
"2020-10-08 05:03:37.2",7898949,-10,-10,-10,220,-0.002,-40.01
"2020-10-08 05:03:37.3",7898950,-10,-10,-10,220,-0.002,-40.01
"2020-10-08 05:03:37.4",7898951,-10,-10,-10,220,-0.002,-40.01
"2020-10-08 05:03:37.5",7898952,-10,-10,-10,220,-0.002,-40.01
"2020-10-08 05:03:37.6",7898953,-10,-10,-10,220,-0.002,-40.01
"2020-10-08 05:03:37.7",7898954,-10,-10,-10,220,-0.002,-40.01
"2020-10-08 05:03:37.8",7898955,-10,-10,-10,220,-0.002,-40.01
"2020-10-08 05:03:37.9",7898956,-10,-10,-10,220,-0.002,-40.01
"2020-10-08 05:03:38",7898957,-10,-10,-10,220,-0.002,-40.01
"2020-10-08 05:03:38.1",7898958,-10,-10,-10,220,-0.002,-40.01
"2020-10-08 05:03:38.2",7898959,-10,-10,-10,220,-0.002,-40.01
"2020-10-08 05:03:38.3",7898960,-10,-10,-10,220,-0.002,-40.01
"2020-10-08 05:03:38.4",7898961,-10,-10,-10,220,-0.002,-40.01
"2020-10-08 05:03:38.5",7898962,-10,-10,-10,220,-0.002,-40.01
"2020-10-08 05:03:38.6",7898963,-10,-10,-10,220,-0.002,-40.01
"2020-10-08 05:03:38.7",7898964,-10,-10,-10,220,-0.002,-40.01
"2020-10-08 05:03:38.8",7898965,-10,-10,-10,220,-0.002,-40.01
"2020-10-08 05:03:38.9",7898966,-10,-10,-10,220,-0.002,-40.01
"2020-10-08 05:03:39",7898967,-10,-10,-10,220,-0.002,-40.01
"2020-10-08 05:03:39.1",7898968,-10,-10,-10,220,-0.002,-40.01
"2020-10-08 05:03:39.2",7898969,-10,-10,-10,220,-0.002,-40.01
"2020-10-08 05:03:39.3",7898970,-10,-10,-10,220,-0.002,-40.01
"2020-10-08 05:03:39.4",7898971,-10,-10,-10,220,-0.002,-40.01
"2020-10-08 05:03:39.5",7898972,-10,-10,-10,220,-0.002,-40.01
"2020-10-08 05:03:39.6",7898973,-10,-10,-10,220,-0.002,-40.01
"2020-10-08 05:03:39.7",7898974,-10,-10,-10,220,-0.002,-40.01
"2020-10-08 05:03:39.8",7898975,-10,-10,-10,220,-0.002,-40.01
"2020-10-08 05:03:39.9",7898976,-10,-10,-10,220,-0.002,-40.01
"2020-10-08 05:03:40",7898977,-10,-10,-10,220,-0.002,-40.01
"2020-10-08 05:03:40.1",7898978,-10,-10,-10,220,-0.002,-40.01
"2020-10-08 05:03:40.2",7898979,-10,-10,-10,220,-0.002,-40.01
"2020-10-08 05:03:40.3",7898980,-10,-10,-10,220,-0.002,-40.01
"2020-10-08 05:03:40.4",7898981,-10,-10,-10,220,-0.002,-40.01
"2020-10-08 05:03:40.5",7898982,-10,-10,-10,220,-0.002,-40.01
"2020-10-08 05:03:40.6",7898983,-10,-10,-10,220,-0.002,-40.01
"2020-10-08 05:03:40.7",7898984,-10,-10,-10,220,-0.002,-40.01
"2020-10-08 05:03:40.8",7898985,-10,-10,-10,220,-0.002,-40.01
"2020-10-08 05:03:40.9",7898986,-10,-10,-10,220,-0.002,-40.01
"2020-10-08 05:03:41",7898987,-10,-10,-10,220,-0.002,-40.01
"2020-10-08 05:03:41.1",7898988,-10,-10,-10,220,-0.002,-40.01
"2020-10-08 05:03:41.2",7898989,-10,-10,-10,220,-0.002,-40.01
"2020-10-08 05:03:41.3",7898990,-10,-10,-10,220,-0.002,-40.01
"2020-10-08 05:03:41.4",7898991,-10,-10,-10,220,-0.002,-40.01
"2020-10-08 05:03:41.5",7898992,-10,-10,-10,220,-0.002,-40.01
"2020-10-08 05:03:41.6",7898993,-10,-10,-10,220,-0.002,-40.01
"2020-10-08 05:03:41.7",7898994,-10,-10,-10,220,-0.002,-40.01
"2020-10-08 05:03:41.8",7898995,-10,-10,-10,220,-0.002,-40.01
"2020-10-08 05:03:41.9",7898996,-10,-10,-10,220,-0.002,-40.01
"2020-10-08 05:03:42",7898997,-10,-10,-10,220,-0.002,-40.01
"2020-10-08 05:03:42.1",7898998,-10,-10,-10,220,-0.002,-40.01
"2020-10-08 05:03:42.2",7898999,-10,-10,-10,220,-0.002,-40.01
"2020-10-08 05:03:42.3",7899000,-10,-10,-10,220,-0.002,-40.01
"2020-10-08 05:03:42.4",7899001,-10,-10,-10,220,-0.002,-40.01
"2020-10-08 05:03:42.5",7899002,-10,-10,-10,220,-0.002,-40.01
"2020-10-08 05:03:42.6",7899003,-10,-10,-10,220,-0.002,-40.01
"2020-10-08 05:03:42.7",7899004,-10,-10,-10,220,-0.002,-40.01
"2020-10-08 05:03:42.8",7899005,-10,-10,-10,220,-0.002,-40.01
"2020-10-08 05:03:42.9",7899006,-10,-10,-10,220,-0.002,-40.01
"2020-10-08 05:03:43",7899007,-10,-10,-10,220,-0.002,-40.01
"2020-10-08 05:03:43.1",7899008,-10,-10,-10,220,-0.002,-40.01
"2020-10-08 05:03:43.2",7899009,-10,-10,-10,220,-0.002,-40.01
"2020-10-08 05:03:43.3",7899010,-10,-10,-10,220,-0.002,-40.01
"2020-10-08 05:03:43.4",7899011,-10,-10,-10,220,-0.002,-40.01
"2020-10-08 05:03:43.5",7899012,-10,-10,-10,220,-0.002,-40.01
"2020-10-08 05:03:43.6",7899013,-10,-10,-10,220,-0.002,-40.01
"2020-10-08 05:03:43.7",7899014,-10,-10,-10,220,-0.002,-40.01
"2020-10-08 05:03:43.8",7899015,-10,-10,-10,220,-0.002,-40.01
"2020-10-08 05:03:43.9",7899016,-10,-10,-10,220,-0.002,-40.01
"2020-10-08 05:03:44",7899017,-10,-10,-10,220,-0.002,-40.01
"2020-10-08 05:03:44.1",7899018,-10,-10,-10,220,-0.002,-40.01
"2020-10-08 05:03:44.2",7899019,-10,-10,-10,220,-0.002,-40.01
"2020-10-08 05:03:44.3",7899020,-10,-10,-10,220,-0.002,-40.01
"2020-10-08 05:03:44.4",7899021,-10,-10,-10,220,-0.002,-40.01
"2020-10-08 05:03:44.5",7899022,-10,-10,-10,220,-0.002,-40.01
"2020-10-08 05:03:44.6",7899023,-10,-10,-10,220,-0.002,-40.01
"2020-10-08 05:03:44.7",7899024,-10,-10,-10,220,-0.002,-40.01
"2020-10-08 05:03:44.8",7899025,-10,-10,-10,220,-0.002,-40.01
"2020-10-08 05:03:44.9",7899026,-10,-10,-10,220,-0.002,-40.01
"2020-10-08 05:03:45",7899027,-10,-10,-10,220,-0.002,-40.01
"2020-10-08 05:03:45.1",7899028,-10,-10,-10,220,-0.002,-40.01
"2020-10-08 05:03:45.2",7899029,-10,-10,-10,220,-0.002,-40.01
"2020-10-08 05:03:45.3",7899030,-10,-10,-10,220,-0.002,-40.01
"2020-10-08 05:03:45.4",7899031,-10,-10,-10,220,-0.002,-40.01
"2020-10-08 05:03:45.5",7899032,-10,-10,-10,220,-0.002,-40.01
"2020-10-08 05:03:45.6",7899033,-10,-10,-10,220,-0.002,-40.01
"2020-10-08 05:03:45.7",7899034,-10,-10,-10,220,-0.002,-40.01
"2020-10-08 05:03:45.8",7899035,-10,-10,-10,220,-0.002,-40.01
"2020-10-08 05:03:45.9",7899036,-10,-10,-10,220,-0.002,-40.01
"2020-10-08 05:03:46",7899037,-10,-10,-10,220,-0.002,-40.01
"2020-10-08 05:03:46.1",7899038,-10,-10,-10,220,-0.002,-40.01
"2020-10-08 05:03:46.2",7899039,-10,-10,-10,220,-0.002,-40.01
"2020-10-08 05:03:46.3",7899040,-10,-10,-10,220,-0.002,-40.01
"2020-10-08 05:03:46.4",7899041,-10,-10,-10,220,-0.002,-40.01
"2020-10-08 05:03:46.5",7899042,-10,-10,-10,220,-0.002,-40.01
"2020-10-08 05:03:46.6",7899043,-10,-10,-10,220,-0.002,-40.01
"2020-10-08 05:03:46.7",7899044,-10,-10,-10,220,-0.002,-40.01
"2020-10-08 05:03:46.8",7899045,-10,-10,-10,220,-0.002,-40.01
"2020-10-08 05:03:46.9",7899046,-10,-10,-10,220,-0.002,-40.01
"2020-10-08 05:03:47",7899047,-10,-10,-10,220,-0.002,-40.01
"2020-10-08 05:03:47.1",7899048,-10,-10,-10,220,-0.002,-40.01
"2020-10-08 05:03:47.2",7899049,-10,-10,-10,220,-0.002,-40.01
"2020-10-08 05:03:47.3",7899050,-10,-10,-10,220,-0.002,-40.01
"2020-10-08 05:03:47.4",7899051,-10,-10,-10,220,-0.002,-40.01
"2020-10-08 05:03:47.5",7899052,-10,-10,-10,220,-0.002,-40.01
"2020-10-08 05:03:47.6",7899053,-10,-10,-10,220,-0.002,-40.01
"2020-10-08 05:03:47.7",7899054,-10,-10,-10,220,-0.002,-40.01
"2020-10-08 05:03:47.8",7899055,-10,-10,-10,220,-0.002,-40.01
"2020-10-08 05:03:47.9",7899056,-10,-10,-10,220,-0.002,-40.01
"2020-10-08 05:03:48",7899057,-10,-10,-10,220,-0.002,-40.01
"2020-10-08 05:03:48.1",7899058,-10,-10,-10,220,-0.002,-40.01
"2020-10-08 05:03:48.2",7899059,-10,-10,-10,220,-0.002,-40.01
"2020-10-08 05:03:48.3",7899060,-10,-10,-10,220,-0.002,-40.01
"2020-10-08 05:03:48.4",7899061,-10,-10,-10,220,-0.002,-40.01
"2020-10-08 05:03:48.5",7899062,-10,-10,-10,220,-0.002,-40.01
"2020-10-08 05:03:48.6",7899063,-10,-10,-10,220,-0.002,-40.01
"2020-10-08 05:03:48.7",7899064,-10,-10,-10,220,-0.002,-40.01
"2020-10-08 05:03:48.8",7899065,-10,-10,-10,220,-0.002,-40.01
"2020-10-08 05:03:48.9",7899066,-10,-10,-10,220,-0.002,-40.01
"2020-10-08 05:03:49",7899067,-10,-10,-10,220,-0.002,-40.01
"2020-10-08 05:03:49.1",7899068,-10,-10,-10,220,-0.002,-40.01
"2020-10-08 05:03:49.2",7899069,-10,-10,-10,220,-0.002,-40.01
"2020-10-08 05:03:49.3",7899070,-10,-10,-10,220,-0.002,-40.01
"2020-10-08 05:03:49.4",7899071,-10,-10,-10,220,-0.002,-40.01
"2020-10-08 05:03:49.5",7899072,-10,-10,-10,220,-0.002,-40.01
"2020-10-08 05:03:49.6",7899073,-10,-10,-10,220,-0.002,-40.01
"2020-10-08 05:03:49.7",7899074,-10,-10,-10,220,-0.002,-40.01
"2020-10-08 05:03:49.8",7899075,-10,-10,-10,220,-0.002,-40.01
"2020-10-08 05:03:49.9",7899076,-10,-10,-10,220,-0.002,-40.01
"2020-10-08 05:03:50",7899077,-10,-10,-10,220,-0.002,-40.01
"2020-10-08 05:03:50.1",7899078,-10,-10,-10,220,-0.002,-40.01
"2020-10-08 05:03:50.2",7899079,-10,-10,-10,220,-0.002,-40.01
"2020-10-08 05:03:50.3",7899080,-10,-10,-10,220,-0.002,-40.01
"2020-10-08 05:03:50.4",7899081,-10,-10,-10,220,-0.002,-40.01
"2020-10-08 05:03:50.5",7899082,-10,-10,-10,220,-0.002,-40.01
"2020-10-08 05:03:50.6",7899083,-10,-10,-10,220,-0.002,-40.01
"2020-10-08 05:03:50.7",7899084,-10,-10,-10,220,-0.002,-40.01
"2020-10-08 05:03:50.8",7899085,-10,-10,-10,220,-0.002,-40.01
"2020-10-08 05:03:50.9",7899086,-10,-10,-10,220,-0.002,-40.01
