"TOA5","10329","CR6","10329","CR6.Std.09.01 CR6-WIFI.04.00.01","CPU:YOUNG81000_HMP60_10Hz.CR6","51185","Young10Hz_hmp"
"TIMESTAMP","RECORD","U","V","W","TSonic","RH","T_HMP60"
"TS","RN","mV","mV","mV","mV","%","Deg C"
"","","Smp","Smp","Smp","Smp","Smp","Smp"
"2020-10-04 23:24:51",5103687,-10,-10,-10,220,-0.001,-40.01
"2020-10-04 23:24:51.1",5103688,-10,-10,-10,220,-0.001,-40.01
"2020-10-04 23:24:51.2",5103689,-10,-10,-10,220,-0.001,-40.01
"2020-10-04 23:24:51.3",5103690,-10,-10,-10,220,-0.001,-40.01
"2020-10-04 23:24:51.4",5103691,-10,-10,-10,220,-0.001,-40.01
"2020-10-04 23:24:51.5",5103692,-10,-10,-10,220,-0.001,-40.01
"2020-10-04 23:24:51.6",5103693,-10,-10,-10,220,-0.001,-40.01
"2020-10-04 23:24:51.7",5103694,-10,-10,-10,220,-0.001,-40.01
"2020-10-04 23:24:51.8",5103695,-10,-10,-10,220,-0.001,-40.01
"2020-10-04 23:24:51.9",5103696,-10,-10,-10,220,-0.001,-40.01
"2020-10-04 23:24:52",5103697,-10,-10,-10,220,-0.001,-40.01
"2020-10-04 23:24:52.1",5103698,-10,-10,-10,220,-0.001,-40.01
"2020-10-04 23:24:52.2",5103699,-10,-10,-10,220,-0.001,-40.01
"2020-10-04 23:24:52.3",5103700,-10,-10,-10,220,-0.001,-40.01
"2020-10-04 23:24:52.4",5103701,-10,-10,-10,220,-0.001,-40.01
"2020-10-04 23:24:52.5",5103702,-10,-10,-10,220,-0.001,-40.01
"2020-10-04 23:24:52.6",5103703,-10,-10,-10,220,-0.001,-40.01
"2020-10-04 23:24:52.7",5103704,-10,-10,-10,220,-0.001,-40.01
"2020-10-04 23:24:52.8",5103705,-10,-10,-10,220,-0.001,-40.01
"2020-10-04 23:24:52.9",5103706,-10,-10,-10,220,-0.001,-40.01
"2020-10-04 23:24:53",5103707,-10,-10,-10,220,-0.001,-40.01
"2020-10-04 23:24:53.1",5103708,-10,-10,-10,220,-0.001,-40.01
"2020-10-04 23:24:53.2",5103709,-10,-10,-10,220,-0.001,-40.01
"2020-10-04 23:24:53.3",5103710,-10,-10,-10,220,-0.001,-40.01
"2020-10-04 23:24:53.4",5103711,-10,-10,-10,220,-0.001,-40.01
"2020-10-04 23:24:53.5",5103712,-10,-10,-10,220,-0.001,-40.01
"2020-10-04 23:24:53.6",5103713,-10,-10,-10,220,-0.001,-40.01
"2020-10-04 23:24:53.7",5103714,-10,-10,-10,220,-0.001,-40.01
"2020-10-04 23:24:53.8",5103715,-10,-10,-10,220,-0.001,-40.01
"2020-10-04 23:24:53.9",5103716,-10,-10,-10,220,-0.001,-40.01
"2020-10-04 23:24:54",5103717,-10,-10,-10,220,-0.001,-40.01
"2020-10-04 23:24:54.1",5103718,-10,-10,-10,220,-0.001,-40.01
"2020-10-04 23:24:54.2",5103719,-10,-10,-10,220,-0.001,-40.01
"2020-10-04 23:24:54.3",5103720,-10,-10,-10,220,-0.001,-40.01
"2020-10-04 23:24:54.4",5103721,-10,-10,-10,220,-0.001,-40.01
"2020-10-04 23:24:54.5",5103722,-10,-10,-10,220,-0.001,-40.01
"2020-10-04 23:24:54.6",5103723,-10,-10,-10,220,-0.001,-40.01
"2020-10-04 23:24:54.7",5103724,-10,-10,-10,220,-0.001,-40.01
"2020-10-04 23:24:54.8",5103725,-10,-10,-10,220,-0.001,-40.01
"2020-10-04 23:24:54.9",5103726,-10,-10,-10,220,-0.001,-40.01
"2020-10-04 23:24:55",5103727,-10,-10,-10,220,-0.001,-40.01
"2020-10-04 23:24:55.1",5103728,-10,-10,-10,220,-0.001,-40.01
"2020-10-04 23:24:55.2",5103729,-10,-10,-10,220,-0.001,-40.01
"2020-10-04 23:24:55.3",5103730,-10,-10,-10,220,-0.001,-40.01
"2020-10-04 23:24:55.4",5103731,-10,-10,-10,220,-0.001,-40.01
"2020-10-04 23:24:55.5",5103732,-10,-10,-10,220,-0.001,-40.01
"2020-10-04 23:24:55.6",5103733,-10,-10,-10,220,-0.001,-40.01
"2020-10-04 23:24:55.7",5103734,-10,-10,-10,220,-0.001,-40.01
"2020-10-04 23:24:55.8",5103735,-10,-10,-10,220,-0.001,-40.01
"2020-10-04 23:24:55.9",5103736,-10,-10,-10,220,-0.001,-40.01
"2020-10-04 23:24:56",5103737,-10,-10,-10,220,-0.001,-40.01
"2020-10-04 23:24:56.1",5103738,-10,-10,-10,220,-0.001,-40.01
"2020-10-04 23:24:56.2",5103739,-10,-10,-10,220,-0.001,-40.01
"2020-10-04 23:24:56.3",5103740,-10,-10,-10,220,-0.001,-40.01
"2020-10-04 23:24:56.4",5103741,-10,-10,-10,220,-0.001,-40.01
"2020-10-04 23:24:56.5",5103742,-10,-10,-10,220,-0.001,-40.01
"2020-10-04 23:24:56.6",5103743,-10,-10,-10,220,-0.001,-40.01
"2020-10-04 23:24:56.7",5103744,-10,-10,-10,220,-0.001,-40.01
"2020-10-04 23:24:56.8",5103745,-10,-10,-10,220,-0.001,-40.01
"2020-10-04 23:24:56.9",5103746,-10,-10,-10,220,-0.001,-40.01
"2020-10-04 23:24:57",5103747,-10,-10,-10,220,-0.001,-40.01
"2020-10-04 23:24:57.1",5103748,-10,-10,-10,220,-0.001,-40.01
"2020-10-04 23:24:57.2",5103749,-10,-10,-10,220,-0.001,-40.01
"2020-10-04 23:24:57.3",5103750,-10,-10,-10,220,-0.001,-40.01
"2020-10-04 23:24:57.4",5103751,-10,-10,-10,220,-0.001,-40.01
"2020-10-04 23:24:57.5",5103752,-10,-10,-10,220,-0.001,-40.01
"2020-10-04 23:24:57.6",5103753,-10,-10,-10,220,-0.001,-40.01
"2020-10-04 23:24:57.7",5103754,-10,-10,-10,220,-0.001,-40.01
"2020-10-04 23:24:57.8",5103755,-10,-10,-10,220,-0.001,-40.01
"2020-10-04 23:24:57.9",5103756,-10,-10,-10,220,-0.001,-40.01
"2020-10-04 23:24:58",5103757,-10,-10,-10,220,-0.001,-40.01
"2020-10-04 23:24:58.1",5103758,-10,-10,-10,220,-0.001,-40.01
"2020-10-04 23:24:58.2",5103759,-10,-10,-10,220,-0.001,-40.01
"2020-10-04 23:24:58.3",5103760,-10,-10,-10,220,-0.001,-40.01
"2020-10-04 23:24:58.4",5103761,-10,-10,-10,220,-0.001,-40.01
"2020-10-04 23:24:58.5",5103762,-10,-10,-10,220,-0.001,-40.01
"2020-10-04 23:24:58.6",5103763,-10,-10,-10,220,-0.001,-40.01
"2020-10-04 23:24:58.7",5103764,-10,-10,-10,220,-0.001,-40.01
"2020-10-04 23:24:58.8",5103765,-10,-10,-10,220,-0.001,-40.01
"2020-10-04 23:24:58.9",5103766,-10,-10,-10,220,-0.001,-40.01
"2020-10-04 23:24:59",5103767,-10,-10,-10,220,-0.001,-40.01
"2020-10-04 23:24:59.1",5103768,-10,-10,-10,220,-0.001,-40.01
"2020-10-04 23:24:59.2",5103769,-10,-10,-10,220,-0.001,-40.01
"2020-10-04 23:24:59.3",5103770,-10,-10,-10,220,-0.001,-40.01
"2020-10-04 23:24:59.4",5103771,-10,-10,-10,220,-0.001,-40.01
"2020-10-04 23:24:59.5",5103772,-10,-10,-10,220,-0.001,-40.01
"2020-10-04 23:24:59.6",5103773,-10,-10,-10,220,-0.001,-40.01
"2020-10-04 23:24:59.7",5103774,-10,-10,-10,220,-0.001,-40.01
"2020-10-04 23:24:59.8",5103775,-10,-10,-10,220,-0.001,-40.01
"2020-10-04 23:24:59.9",5103776,-10,-10,-10,220,-0.001,-40.01
"2020-10-04 23:25:00",5103777,-10,-10,-10,220,-0.001,-40.01
"2020-10-04 23:25:00.1",5103778,-10,-10,-10,220,-0.008,-40.02
"2020-10-04 23:25:00.2",5103779,-10,-10,-10,220,-0.008,-40.02
"2020-10-04 23:25:00.3",5103780,-10,-10,-10,220,-0.001,-40.01
"2020-10-04 23:25:00.4",5103781,-10,-10,-10,220,-0.001,-40.01
"2020-10-04 23:25:00.5",5103782,-10,-10,-10,220,-0.001,-40.01
"2020-10-04 23:25:00.6",5103783,-10,-10,-10,220,-0.001,-40.01
"2020-10-04 23:25:00.7",5103784,-10,-10,-10,220,-0.001,-40.01
"2020-10-04 23:25:00.8",5103785,-10,-10,-10,220,-0.001,-40.01
"2020-10-04 23:25:00.9",5103786,-10,-10,-10,220,-0.001,-40.01
"2020-10-04 23:25:01",5103787,-10,-10,-10,220,-0.001,-40.01
"2020-10-04 23:25:01.1",5103788,-10,-10,-10,220,-0.001,-40.01
"2020-10-04 23:25:01.2",5103789,-10,-10,-10,220,-0.001,-40.01
"2020-10-04 23:25:01.3",5103790,-10,-10,-10,220,-0.001,-40.01
"2020-10-04 23:25:01.4",5103791,-10,-10,-10,220,-0.001,-40.01
"2020-10-04 23:25:01.5",5103792,-10,-10,-10,220,-0.001,-40.01
"2020-10-04 23:25:01.6",5103793,-10,-10,-10,220,-0.001,-40.01
"2020-10-04 23:25:01.7",5103794,-10,-10,-10,220,-0.001,-40.01
"2020-10-04 23:25:01.8",5103795,-10,-10,-10,220,-0.001,-40.01
"2020-10-04 23:25:01.9",5103796,-10,-10,-10,220,-0.001,-40.01
"2020-10-04 23:25:02",5103797,-10,-10,-10,220,-0.001,-40.01
"2020-10-04 23:25:02.1",5103798,-10,-10,-10,220,-0.001,-40.01
"2020-10-04 23:25:02.2",5103799,-10,-10,-10,220,-0.001,-40.01
"2020-10-04 23:25:02.3",5103800,-10,-10,-10,220,-0.001,-40.01
"2020-10-04 23:25:02.4",5103801,-10,-10,-10,220,-0.001,-40.01
"2020-10-04 23:25:02.5",5103802,-10,-10,-10,220,-0.001,-40.01
"2020-10-04 23:25:02.6",5103803,-10,-10,-10,220,-0.001,-40.01
"2020-10-04 23:25:02.7",5103804,-10,-10,-10,220,-0.001,-40.01
"2020-10-04 23:25:02.8",5103805,-10,-10,-10,220,-0.001,-40.01
"2020-10-04 23:25:02.9",5103806,-10,-10,-10,220,-0.001,-40.01
"2020-10-04 23:25:03",5103807,-10,-10,-10,220,-0.001,-40.01
"2020-10-04 23:25:03.1",5103808,-10,-10,-10,220,-0.001,-40.01
"2020-10-04 23:25:03.2",5103809,-10,-10,-10,220,-0.001,-40.01
"2020-10-04 23:25:03.3",5103810,-10,-10,-10,220,-0.001,-40.01
"2020-10-04 23:25:03.4",5103811,-10,-10,-10,220,-0.001,-40.01
"2020-10-04 23:25:03.5",5103812,-10,-10,-10,220,-0.001,-40.01
"2020-10-04 23:25:03.6",5103813,-10,-10,-10,220,-0.001,-40.01
"2020-10-04 23:25:03.7",5103814,-10,-10,-10,220,-0.001,-40.01
"2020-10-04 23:25:03.8",5103815,-10,-10,-10,220,-0.001,-40.01
"2020-10-04 23:25:03.9",5103816,-10,-10,-10,220,-0.001,-40.01
"2020-10-04 23:25:04",5103817,-10,-10,-10,220,-0.001,-40.01
"2020-10-04 23:25:04.1",5103818,-10,-10,-10,220,-0.001,-40.01
"2020-10-04 23:25:04.2",5103819,-10,-10,-10,220,-0.001,-40.01
"2020-10-04 23:25:04.3",5103820,-10,-10,-10,220,-0.001,-40.01
"2020-10-04 23:25:04.4",5103821,-10,-10,-10,220,-0.001,-40.01
"2020-10-04 23:25:04.5",5103822,-10,-10,-10,220,-0.001,-40.01
"2020-10-04 23:25:04.6",5103823,-10,-10,-10,220,-0.001,-40.01
"2020-10-04 23:25:04.7",5103824,-10,-10,-10,220,-0.001,-40.01
"2020-10-04 23:25:04.8",5103825,-10,-10,-10,220,-0.001,-40.01
"2020-10-04 23:25:04.9",5103826,-10,-10,-10,220,-0.001,-40.01
"2020-10-04 23:25:05",5103827,-10,-10,-10,220,-0.001,-40.01
"2020-10-04 23:25:05.1",5103828,-10,-10,-10,220,-0.001,-40.01
"2020-10-04 23:25:05.2",5103829,-10,-10,-10,220,-0.001,-40.01
"2020-10-04 23:25:05.3",5103830,-10,-10,-10,220,-0.001,-40.01
"2020-10-04 23:25:05.4",5103831,-10,-10,-10,220,-0.001,-40.01
"2020-10-04 23:25:05.5",5103832,-10,-10,-10,220,-0.001,-40.01
"2020-10-04 23:25:05.6",5103833,-10,-10,-10,220,-0.001,-40.01
"2020-10-04 23:25:05.7",5103834,-10,-10,-10,220,-0.001,-40.01
"2020-10-04 23:25:05.8",5103835,-10,-10,-10,220,-0.001,-40.01
"2020-10-04 23:25:05.9",5103836,-10,-10,-10,220,-0.001,-40.01
"2020-10-04 23:25:06",5103837,-10,-10,-10,220,-0.001,-40.01
"2020-10-04 23:25:06.1",5103838,-10,-10,-10,220,-0.001,-40.01
"2020-10-04 23:25:06.2",5103839,-10,-10,-10,220,-0.001,-40.01
"2020-10-04 23:25:06.3",5103840,-10,-10,-10,220,-0.001,-40.01
"2020-10-04 23:25:06.4",5103841,-10,-10,-10,220,-0.001,-40.01
"2020-10-04 23:25:06.5",5103842,-10,-10,-10,220,-0.001,-40.01
"2020-10-04 23:25:06.6",5103843,-10,-10,-10,220,-0.001,-40.01
"2020-10-04 23:25:06.7",5103844,-10,-10,-10,220,-0.001,-40.01
"2020-10-04 23:25:06.8",5103845,-10,-10,-10,220,-0.001,-40.01
"2020-10-04 23:25:06.9",5103846,-10,-10,-10,220,-0.001,-40.01
"2020-10-04 23:25:07",5103847,-10,-10,-10,220,-0.001,-40.01
"2020-10-04 23:25:07.1",5103848,-10,-10,-10,220,-0.001,-40.01
"2020-10-04 23:25:07.2",5103849,-10,-10,-10,220,-0.001,-40.01
"2020-10-04 23:25:07.3",5103850,-10,-10,-10,220,-0.001,-40.01
"2020-10-04 23:25:07.4",5103851,-10,-10,-10,220,-0.001,-40.01
"2020-10-04 23:25:07.5",5103852,-10,-10,-10,220,-0.001,-40.01
"2020-10-04 23:25:07.6",5103853,-10,-10,-10,220,-0.001,-40.01
"2020-10-04 23:25:07.7",5103854,-10,-10,-10,220,-0.001,-40.01
"2020-10-04 23:25:07.8",5103855,-10,-10,-10,220,-0.001,-40.01
"2020-10-04 23:25:07.9",5103856,-10,-10,-10,220,-0.001,-40.01
"2020-10-04 23:25:08",5103857,-10,-10,-10,220,-0.001,-40.01
"2020-10-04 23:25:08.1",5103858,-10,-10,-10,220,-0.001,-40.01
"2020-10-04 23:25:08.2",5103859,-10,-10,-10,220,-0.001,-40.01
"2020-10-04 23:25:08.3",5103860,-10,-10,-10,220,-0.001,-40.01
"2020-10-04 23:25:08.4",5103861,-10,-10,-10,220,-0.001,-40.01
"2020-10-04 23:25:08.5",5103862,-10,-10,-10,220,-0.001,-40.01
"2020-10-04 23:25:08.6",5103863,-10,-10,-10,220,-0.001,-40.01
"2020-10-04 23:25:08.7",5103864,-10,-10,-10,220,-0.001,-40.01
"2020-10-04 23:25:08.8",5103865,-10,-10,-10,220,-0.001,-40.01
"2020-10-04 23:25:08.9",5103866,-10,-10,-10,220,-0.001,-40.01
"2020-10-04 23:25:09",5103867,-10,-10,-10,220,-0.001,-40.01
"2020-10-04 23:25:09.1",5103868,-10,-10,-10,220,-0.001,-40.01
"2020-10-04 23:25:09.2",5103869,-10,-10,-10,220,-0.001,-40.01
"2020-10-04 23:25:09.3",5103870,-10,-10,-10,220,-0.001,-40.01
"2020-10-04 23:25:09.4",5103871,-10,-10,-10,220,-0.001,-40.01
"2020-10-04 23:25:09.5",5103872,-10,-10,-10,220,-0.001,-40.01
"2020-10-04 23:25:09.6",5103873,-10,-10,-10,220,-0.001,-40.01
"2020-10-04 23:25:09.7",5103874,-10,-10,-10,220,-0.001,-40.01
"2020-10-04 23:25:09.8",5103875,-10,-10,-10,220,-0.001,-40.01
"2020-10-04 23:25:09.9",5103876,-10,-10,-10,220,-0.001,-40.01
"2020-10-04 23:25:10",5103877,-10,-10,-10,220,-0.001,-40.01
"2020-10-04 23:25:10.1",5103878,-10,-10,-10,220,-0.001,-40.01
"2020-10-04 23:25:10.2",5103879,-10,-10,-10,220,-0.001,-40.01
"2020-10-04 23:25:10.3",5103880,-10,-10,-10,220,-0.001,-40.01
"2020-10-04 23:25:10.4",5103881,-10,-10,-10,220,-0.001,-40.01
"2020-10-04 23:25:10.5",5103882,-10,-10,-10,220,-0.001,-40.01
"2020-10-04 23:25:10.6",5103883,-10,-10,-10,220,-0.001,-40.01
"2020-10-04 23:25:10.7",5103884,-10,-10,-10,220,-0.001,-40.01
"2020-10-04 23:25:10.8",5103885,-10,-10,-10,220,-0.001,-40.01
"2020-10-04 23:25:10.9",5103886,-10,-10,-10,220,-0.001,-40.01
"2020-10-04 23:25:11",5103887,-10,-10,-10,220,-0.001,-40.01
"2020-10-04 23:25:11.1",5103888,-10,-10,-10,220,-0.001,-40.01
"2020-10-04 23:25:11.2",5103889,-10,-10,-10,220,-0.001,-40.01
"2020-10-04 23:25:11.3",5103890,-10,-10,-10,220,-0.001,-40.01
"2020-10-04 23:25:11.4",5103891,-10,-10,-10,220,-0.001,-40.01
"2020-10-04 23:25:11.5",5103892,-10,-10,-10,220,-0.001,-40.01
"2020-10-04 23:25:11.6",5103893,-10,-10,-10,220,-0.001,-40.01
"2020-10-04 23:25:11.7",5103894,-10,-10,-10,220,-0.001,-40.01
"2020-10-04 23:25:11.8",5103895,-10,-10,-10,220,-0.001,-40.01
"2020-10-04 23:25:11.9",5103896,-10,-10,-10,220,-0.001,-40.01
"2020-10-04 23:25:12",5103897,-10,-10,-10,220,-0.001,-40.01
"2020-10-04 23:25:12.1",5103898,-10,-10,-10,220,-0.001,-40.01
"2020-10-04 23:25:12.2",5103899,-10,-10,-10,220,-0.001,-40.01
"2020-10-04 23:25:12.3",5103900,-10,-10,-10,220,-0.001,-40.01
"2020-10-04 23:25:12.4",5103901,-10,-10,-10,220,-0.001,-40.01
"2020-10-04 23:25:12.5",5103902,-10,-10,-10,220,-0.001,-40.01
"2020-10-04 23:25:12.6",5103903,-10,-10,-10,220,-0.001,-40.01
"2020-10-04 23:25:12.7",5103904,-10,-10,-10,220,-0.001,-40.01
"2020-10-04 23:25:12.8",5103905,-10,-10,-10,220,-0.001,-40.01
"2020-10-04 23:25:12.9",5103906,-10,-10,-10,220,-0.001,-40.01
"2020-10-04 23:25:13",5103907,-10,-10,-10,220,-0.001,-40.01
"2020-10-04 23:25:13.1",5103908,-10,-10,-10,220,-0.001,-40.01
"2020-10-04 23:25:13.2",5103909,-10,-10,-10,220,-0.001,-40.01
"2020-10-04 23:25:13.3",5103910,-10,-10,-10,220,-0.001,-40.01
"2020-10-04 23:25:13.4",5103911,-10,-10,-10,220,-0.001,-40.01
"2020-10-04 23:25:13.5",5103912,-10,-10,-10,220,-0.001,-40.01
"2020-10-04 23:25:13.6",5103913,-10,-10,-10,220,-0.001,-40.01
"2020-10-04 23:25:13.7",5103914,-10,-10,-10,220,-0.001,-40.01
"2020-10-04 23:25:13.8",5103915,-10,-10,-10,220,-0.001,-40.01
"2020-10-04 23:25:13.9",5103916,-10,-10,-10,220,-0.001,-40.01
"2020-10-04 23:25:14",5103917,-10,-10,-10,220,-0.001,-40.01
"2020-10-04 23:25:14.1",5103918,-10,-10,-10,220,-0.001,-40.01
"2020-10-04 23:25:14.2",5103919,-10,-10,-10,220,-0.001,-40.01
"2020-10-04 23:25:14.3",5103920,-10,-10,-10,220,-0.001,-40.01
"2020-10-04 23:25:14.4",5103921,-10,-10,-10,220,-0.001,-40.01
"2020-10-04 23:25:14.5",5103922,-10,-10,-10,220,-0.001,-40.01
"2020-10-04 23:25:14.6",5103923,-10,-10,-10,220,-0.001,-40.01
"2020-10-04 23:25:14.7",5103924,-10,-10,-10,220,-0.001,-40.01
"2020-10-04 23:25:14.8",5103925,-10,-10,-10,220,-0.001,-40.01
"2020-10-04 23:25:14.9",5103926,-10,-10,-10,220,-0.001,-40.01
"2020-10-04 23:25:15",5103927,-10,-10,-10,220,-0.001,-40.01
"2020-10-04 23:25:15.1",5103928,-10,-10,-10,220,-0.001,-40.01
"2020-10-04 23:25:15.2",5103929,-10,-10,-10,220,-0.001,-40.01
"2020-10-04 23:25:15.3",5103930,-10,-10,-10,220,-0.001,-40.01
"2020-10-04 23:25:15.4",5103931,-10,-10,-10,220,-0.001,-40.01
"2020-10-04 23:25:15.5",5103932,-10,-10,-10,220,-0.001,-40.01
"2020-10-04 23:25:15.6",5103933,-10,-10,-10,220,-0.001,-40.01
"2020-10-04 23:25:15.7",5103934,-10,-10,-10,220,-0.001,-40.01
"2020-10-04 23:25:15.8",5103935,-10,-10,-10,220,-0.001,-40.01
"2020-10-04 23:25:15.9",5103936,-10,-10,-10,220,-0.002,-40.01
"2020-10-04 23:25:16",5103937,-10,-10,-10,220,-0.001,-40.01
"2020-10-04 23:25:16.1",5103938,-10,-10,-10,220,-0.001,-40.01
"2020-10-04 23:25:16.2",5103939,-10,-10,-10,220,-0.001,-40.01
"2020-10-04 23:25:16.3",5103940,-10,-10,-10,220,-0.001,-40.01
"2020-10-04 23:25:16.4",5103941,-10,-10,-10,220,-0.001,-40.01
"2020-10-04 23:25:16.5",5103942,-10,-10,-10,220,-0.001,-40.01
"2020-10-04 23:25:16.6",5103943,-10,-10,-10,220,-0.001,-40.01
"2020-10-04 23:25:16.7",5103944,-10,-10,-10,220,-0.001,-40.01
"2020-10-04 23:25:16.8",5103945,-10,-10,-10,220,-0.001,-40.01
"2020-10-04 23:25:16.9",5103946,-10,-10,-10,220,-0.001,-40.01
"2020-10-04 23:25:17",5103947,-10,-10,-10,220,-0.001,-40.01
"2020-10-04 23:25:17.1",5103948,-10,-10,-10,220,-0.001,-40.01
"2020-10-04 23:25:17.2",5103949,-10,-10,-10,220,-0.001,-40.01
"2020-10-04 23:25:17.3",5103950,-10,-10,-10,220,-0.001,-40.01
"2020-10-04 23:25:17.4",5103951,-10,-10,-10,220,-0.001,-40.01
"2020-10-04 23:25:17.5",5103952,-10,-10,-10,220,-0.001,-40.01
"2020-10-04 23:25:17.6",5103953,-10,-10,-10,220,-0.001,-40.01
"2020-10-04 23:25:17.7",5103954,-10,-10,-10,220,-0.001,-40.01
"2020-10-04 23:25:17.8",5103955,-10,-10,-10,220,-0.001,-40.01
"2020-10-04 23:25:17.9",5103956,-10,-10,-10,220,-0.001,-40.01
"2020-10-04 23:25:18",5103957,-10,-10,-10,220,-0.001,-40.01
"2020-10-04 23:25:18.1",5103958,-10,-10,-10,220,-0.001,-40.01
"2020-10-04 23:25:18.2",5103959,-10,-10,-10,220,-0.001,-40.01
"2020-10-04 23:25:18.3",5103960,-10,-10,-10,220,-0.001,-40.01
"2020-10-04 23:25:18.4",5103961,-10,-10,-10,220,-0.001,-40.01
"2020-10-04 23:25:18.5",5103962,-10,-10,-10,220,-0.001,-40.01
"2020-10-04 23:25:18.6",5103963,-10,-10,-10,220,-0.001,-40.01
"2020-10-04 23:25:18.7",5103964,-10,-10,-10,220,-0.001,-40.01
"2020-10-04 23:25:18.8",5103965,-10,-10,-10,220,-0.001,-40.01
"2020-10-04 23:25:18.9",5103966,-10,-10,-10,220,-0.001,-40.01
"2020-10-04 23:25:19",5103967,-10,-10,-10,220,-0.001,-40.01
"2020-10-04 23:25:19.1",5103968,-10,-10,-10,220,-0.001,-40.01
"2020-10-04 23:25:19.2",5103969,-10,-10,-10,220,-0.001,-40.01
"2020-10-04 23:25:19.3",5103970,-10,-10,-10,220,-0.001,-40.01
"2020-10-04 23:25:19.4",5103971,-10,-10,-10,220,-0.001,-40.01
"2020-10-04 23:25:19.5",5103972,-10,-10,-10,220,-0.001,-40.01
"2020-10-04 23:25:19.6",5103973,-10,-10,-10,220,-0.001,-40.01
"2020-10-04 23:25:19.7",5103974,-10,-10,-10,220,-0.001,-40.01
"2020-10-04 23:25:19.8",5103975,-10,-10,-10,220,-0.001,-40.01
"2020-10-04 23:25:19.9",5103976,-10,-10,-10,220,-0.001,-40.01
"2020-10-04 23:25:20",5103977,-10,-10,-10,220,-0.001,-40.01
"2020-10-04 23:25:20.1",5103978,-10,-10,-10,220,-0.001,-40.01
"2020-10-04 23:25:20.2",5103979,-10,-10,-10,220,-0.001,-40.01
"2020-10-04 23:25:20.3",5103980,-10,-10,-10,220,-0.001,-40.01
"2020-10-04 23:25:20.4",5103981,-10,-10,-10,220,-0.001,-40.01
"2020-10-04 23:25:20.5",5103982,-10,-10,-10,220,-0.001,-40.01
"2020-10-04 23:25:20.6",5103983,-10,-10,-10,220,-0.001,-40.01
"2020-10-04 23:25:20.7",5103984,-10,-10,-10,220,-0.001,-40.01
"2020-10-04 23:25:20.8",5103985,-10,-10,-10,220,-0.001,-40.01
"2020-10-04 23:25:20.9",5103986,-10,-10,-10,220,-0.001,-40.01
"2020-10-04 23:25:21",5103987,-10,-10,-10,220,-0.001,-40.01
"2020-10-04 23:25:21.1",5103988,-10,-10,-10,220,-0.001,-40.01
"2020-10-04 23:25:21.2",5103989,-10,-10,-10,220,-0.001,-40.01
"2020-10-04 23:25:21.3",5103990,-10,-10,-10,220,-0.001,-40.01
"2020-10-04 23:25:21.4",5103991,-10,-10,-10,220,-0.001,-40.01
"2020-10-04 23:25:21.5",5103992,-10,-10,-10,220,-0.001,-40.01
"2020-10-04 23:25:21.6",5103993,-10,-10,-10,220,-0.001,-40.01
"2020-10-04 23:25:21.7",5103994,-10,-10,-10,220,-0.001,-40.01
"2020-10-04 23:25:21.8",5103995,-10,-10,-10,220,-0.001,-40.01
"2020-10-04 23:25:21.9",5103996,-10,-10,-10,220,-0.001,-40.01
"2020-10-04 23:25:22",5103997,-10,-10,-10,220,-0.001,-40.01
"2020-10-04 23:25:22.1",5103998,-10,-10,-10,220,-0.001,-40.01
"2020-10-04 23:25:22.2",5103999,-10,-10,-10,220,-0.001,-40.01
"2020-10-04 23:25:22.3",5104000,-10,-10,-10,220,-0.001,-40.01
"2020-10-04 23:25:22.4",5104001,-10,-10,-10,220,-0.001,-40.01
"2020-10-04 23:25:22.5",5104002,-10,-10,-10,220,-0.001,-40.01
"2020-10-04 23:25:22.6",5104003,-10,-10,-10,220,-0.001,-40.01
"2020-10-04 23:25:22.7",5104004,-10,-10,-10,220,-0.001,-40.01
"2020-10-04 23:25:22.8",5104005,-10,-10,-10,220,-0.001,-40.01
"2020-10-04 23:25:22.9",5104006,-10,-10,-10,220,-0.001,-40.01
"2020-10-04 23:25:23",5104007,-10,-10,-10,220,-0.001,-40.01
"2020-10-04 23:25:23.1",5104008,-10,-10,-10,220,-0.001,-40.01
"2020-10-04 23:25:23.2",5104009,-10,-10,-10,220,-0.001,-40.01
"2020-10-04 23:25:23.3",5104010,-10,-10,-10,220,-0.001,-40.01
"2020-10-04 23:25:23.4",5104011,-10,-10,-10,220,-0.001,-40.01
"2020-10-04 23:25:23.5",5104012,-10,-10,-10,220,-0.001,-40.01
"2020-10-04 23:25:23.6",5104013,-10,-10,-10,220,-0.002,-40.01
"2020-10-04 23:25:23.7",5104014,-10,-10,-10,220,-0.001,-40.01
"2020-10-04 23:25:23.8",5104015,-10,-10,-10,220,-0.001,-40.01
"2020-10-04 23:25:23.9",5104016,-10,-10,-10,220,-0.001,-40.01
"2020-10-04 23:25:24",5104017,-10,-10,-10,220,-0.001,-40.01
"2020-10-04 23:25:24.1",5104018,-10,-10,-10,220,-0.001,-40.01
"2020-10-04 23:25:24.2",5104019,-10,-10,-10,220,-0.001,-40.01
"2020-10-04 23:25:24.3",5104020,-10,-10,-10,220,-0.001,-40.01
"2020-10-04 23:25:24.4",5104021,-10,-10,-10,220,-0.001,-40.01
"2020-10-04 23:25:24.5",5104022,-10,-10,-10,220,-0.001,-40.01
"2020-10-04 23:25:24.6",5104023,-10,-10,-10,220,-0.001,-40.01
"2020-10-04 23:25:24.7",5104024,-10,-10,-10,220,-0.001,-40.01
"2020-10-04 23:25:24.8",5104025,-10,-10,-10,220,-0.001,-40.01
"2020-10-04 23:25:24.9",5104026,-10,-10,-10,220,-0.001,-40.01
"2020-10-04 23:25:25",5104027,-10,-10,-10,220,-0.001,-40.01
"2020-10-04 23:25:25.1",5104028,-10,-10,-10,220,-0.001,-40.01
"2020-10-04 23:25:25.2",5104029,-10,-10,-10,220,-0.001,-40.01
"2020-10-04 23:25:25.3",5104030,-10,-10,-10,220,-0.001,-40.01
"2020-10-04 23:25:25.4",5104031,-10,-10,-10,220,-0.001,-40.01
"2020-10-04 23:25:25.5",5104032,-10,-10,-10,220,-0.001,-40.01
"2020-10-04 23:25:25.6",5104033,-10,-10,-10,220,-0.001,-40.01
"2020-10-04 23:25:25.7",5104034,-10,-10,-10,220,-0.001,-40.01
"2020-10-04 23:25:25.8",5104035,-10,-10,-10,220,-0.001,-40.01
"2020-10-04 23:25:25.9",5104036,-10,-10,-10,220,-0.001,-40.01
"2020-10-04 23:25:26",5104037,-10,-10,-10,220,-0.001,-40.01
"2020-10-04 23:25:26.1",5104038,-10,-10,-10,220,-0.001,-40.01
"2020-10-04 23:25:26.2",5104039,-10,-10,-10,220,-0.001,-40.01
"2020-10-04 23:25:26.3",5104040,-10,-10,-10,220,-0.001,-40.01
"2020-10-04 23:25:26.4",5104041,-10,-10,-10,220,-0.001,-40.01
"2020-10-04 23:25:26.5",5104042,-10,-10,-10,220,-0.001,-40.01
"2020-10-04 23:25:26.6",5104043,-10,-10,-10,220,-0.001,-40.01
"2020-10-04 23:25:26.7",5104044,-10,-10,-10,220,-0.001,-40.01
"2020-10-04 23:25:26.8",5104045,-10,-10,-10,220,-0.001,-40.01
"2020-10-04 23:25:26.9",5104046,-10,-10,-10,220,-0.001,-40.01
"2020-10-04 23:25:27",5104047,-10,-10,-10,220,-0.001,-40.01
"2020-10-04 23:25:27.1",5104048,-10,-10,-10,220,-0.001,-40.01
"2020-10-04 23:25:27.2",5104049,-10,-10,-10,220,-0.001,-40.01
"2020-10-04 23:25:27.3",5104050,-10,-10,-10,220,-0.001,-40.01
"2020-10-04 23:25:27.4",5104051,-10,-10,-10,220,-0.001,-40.01
"2020-10-04 23:25:27.5",5104052,-10,-10,-10,220,-0.001,-40.01
"2020-10-04 23:25:27.6",5104053,-10,-10,-10,220,-0.001,-40.01
"2020-10-04 23:25:27.7",5104054,-10,-10,-10,220,-0.001,-40.01
"2020-10-04 23:25:27.8",5104055,-10,-10,-10,220,-0.001,-40.01
"2020-10-04 23:25:27.9",5104056,-10,-10,-10,220,-0.001,-40.01
"2020-10-04 23:25:28",5104057,-10,-10,-10,220,-0.001,-40.01
"2020-10-04 23:25:28.1",5104058,-10,-10,-10,220,-0.001,-40.01
"2020-10-04 23:25:28.2",5104059,-10,-10,-10,220,-0.001,-40.01
"2020-10-04 23:25:28.3",5104060,-10,-10,-10,220,-0.001,-40.01
"2020-10-04 23:25:28.4",5104061,-10,-10,-10,220,-0.001,-40.01
"2020-10-04 23:25:28.5",5104062,-10,-10,-10,220,-0.001,-40.01
"2020-10-04 23:25:28.6",5104063,-10,-10,-10,220,-0.001,-40.01
"2020-10-04 23:25:28.7",5104064,-10,-10,-10,220,-0.001,-40.01
"2020-10-04 23:25:28.8",5104065,-10,-10,-10,220,-0.001,-40.01
"2020-10-04 23:25:28.9",5104066,-10,-10,-10,220,-0.001,-40.01
"2020-10-04 23:25:29",5104067,-10,-10,-10,220,-0.001,-40.01
"2020-10-04 23:25:29.1",5104068,-10,-10,-10,220,-0.001,-40.01
"2020-10-04 23:25:29.2",5104069,-10,-10,-10,220,-0.001,-40.01
"2020-10-04 23:25:29.3",5104070,-10,-10,-10,220,-0.001,-40.01
"2020-10-04 23:25:29.4",5104071,-10,-10,-10,220,-0.001,-40.01
"2020-10-04 23:25:29.5",5104072,-10,-10,-10,220,-0.001,-40.01
"2020-10-04 23:25:29.6",5104073,-10,-10,-10,220,-0.001,-40.01
"2020-10-04 23:25:29.7",5104074,-10,-10,-10,220,-0.001,-40.01
"2020-10-04 23:25:29.8",5104075,-10,-10,-10,220,-0.001,-40.01
"2020-10-04 23:25:29.9",5104076,-10,-10,-10,220,-0.001,-40.01
"2020-10-04 23:25:30",5104077,-10,-10,-10,220,-0.001,-40.01
"2020-10-04 23:25:30.1",5104078,-10,-10,-10,220,-0.001,-40.01
"2020-10-04 23:25:30.2",5104079,-10,-10,-10,220,-0.001,-40.01
"2020-10-04 23:25:30.3",5104080,-10,-10,-10,220,-0.001,-40.01
"2020-10-04 23:25:30.4",5104081,-10,-10,-10,220,-0.001,-40.01
"2020-10-04 23:25:30.5",5104082,-10,-10,-10,220,-0.001,-40.01
"2020-10-04 23:25:30.6",5104083,-10,-10,-10,220,-0.001,-40.01
"2020-10-04 23:25:30.7",5104084,-10,-10,-10,220,-0.001,-40.01
"2020-10-04 23:25:30.8",5104085,-10,-10,-10,220,-0.001,-40.01
"2020-10-04 23:25:30.9",5104086,-10,-10,-10,220,-0.001,-40.01
"2020-10-04 23:25:31",5104087,-10,-10,-10,220,-0.001,-40.01
"2020-10-04 23:25:31.1",5104088,-10,-10,-10,220,-0.001,-40.01
"2020-10-04 23:25:31.2",5104089,-10,-10,-10,220,-0.001,-40.01
"2020-10-04 23:25:31.3",5104090,-10,-10,-10,220,-0.001,-40.01
"2020-10-04 23:25:31.4",5104091,-10,-10,-10,220,-0.001,-40.01
"2020-10-04 23:25:31.5",5104092,-10,-10,-10,220,-0.001,-40.01
"2020-10-04 23:25:31.6",5104093,-10,-10,-10,220,-0.001,-40.01
"2020-10-04 23:25:31.7",5104094,-10,-10,-10,220,-0.001,-40.01
"2020-10-04 23:25:31.8",5104095,-10,-10,-10,220,-0.001,-40.01
"2020-10-04 23:25:31.9",5104096,-10,-10,-10,220,-0.001,-40.01
"2020-10-04 23:25:32",5104097,-10,-10,-10,220,-0.001,-40.01
"2020-10-04 23:25:32.1",5104098,-10,-10,-10,220,-0.001,-40.01
"2020-10-04 23:25:32.2",5104099,-10,-10,-10,220,-0.001,-40.01
"2020-10-04 23:25:32.3",5104100,-10,-10,-10,220,-0.001,-40.01
"2020-10-04 23:25:32.4",5104101,-10,-10,-10,220,-0.001,-40.01
"2020-10-04 23:25:32.5",5104102,-10,-10,-10,220,-0.001,-40.01
"2020-10-04 23:25:32.6",5104103,-10,-10,-10,220,-0.001,-40.01
"2020-10-04 23:25:32.7",5104104,-10,-10,-10,220,-0.001,-40.01
"2020-10-04 23:25:32.8",5104105,-10,-10,-10,220,-0.001,-40.01
"2020-10-04 23:25:32.9",5104106,-10,-10,-10,220,-0.001,-40.01
"2020-10-04 23:25:33",5104107,-10,-10,-10,220,-0.001,-40.01
"2020-10-04 23:25:33.1",5104108,-10,-10,-10,220,-0.001,-40.01
"2020-10-04 23:25:33.2",5104109,-10,-10,-10,220,-0.001,-40.01
"2020-10-04 23:25:33.3",5104110,-10,-10,-10,220,-0.001,-40.01
"2020-10-04 23:25:33.4",5104111,-10,-10,-10,220,-0.001,-40.01
"2020-10-04 23:25:33.5",5104112,-10,-10,-10,220,-0.001,-40.01
"2020-10-04 23:25:33.6",5104113,-10,-10,-10,220,-0.001,-40.01
"2020-10-04 23:25:33.7",5104114,-10,-10,-10,220,-0.001,-40.01
"2020-10-04 23:25:33.8",5104115,-10,-10,-10,220,-0.001,-40.01
"2020-10-04 23:25:33.9",5104116,-10,-10,-10,220,-0.001,-40.01
"2020-10-04 23:25:34",5104117,-10,-10,-10,220,-0.001,-40.01
"2020-10-04 23:25:34.1",5104118,-10,-10,-10,220,-0.001,-40.01
"2020-10-04 23:25:34.2",5104119,-10,-10,-10,220,-0.001,-40.01
"2020-10-04 23:25:34.3",5104120,-10,-10,-10,220,-0.001,-40.01
"2020-10-04 23:25:34.4",5104121,-10,-10,-10,220,-0.001,-40.01
"2020-10-04 23:25:34.5",5104122,-10,-10,-10,220,-0.001,-40.01
"2020-10-04 23:25:34.6",5104123,-10,-10,-10,220,-0.001,-40.01
"2020-10-04 23:25:34.7",5104124,-10,-10,-10,220,-0.001,-40.01
"2020-10-04 23:25:34.8",5104125,-10,-10,-10,220,-0.001,-40.01
"2020-10-04 23:25:34.9",5104126,-10,-10,-10,220,-0.001,-40.01
"2020-10-04 23:25:35",5104127,-10,-10,-10,220,-0.001,-40.01
"2020-10-04 23:25:35.1",5104128,-10,-10,-10,220,-0.001,-40.01
"2020-10-04 23:25:35.2",5104129,-10,-10,-10,220,-0.001,-40.01
"2020-10-04 23:25:35.3",5104130,-10,-10,-10,220,-0.001,-40.01
"2020-10-04 23:25:35.4",5104131,-10,-10,-10,220,-0.001,-40.01
"2020-10-04 23:25:35.5",5104132,-10,-10,-10,220,-0.001,-40.01
"2020-10-04 23:25:35.6",5104133,-10,-10,-10,220,-0.001,-40.01
"2020-10-04 23:25:35.7",5104134,-10,-10,-10,220,-0.001,-40.01
"2020-10-04 23:25:35.8",5104135,-10,-10,-10,220,-0.001,-40.01
"2020-10-04 23:25:35.9",5104136,-10,-10,-10,220,-0.001,-40.01
"2020-10-04 23:25:36",5104137,-10,-10,-10,220,-0.001,-40.01
"2020-10-04 23:25:36.1",5104138,-10,-10,-10,220,-0.001,-40.01
"2020-10-04 23:25:36.2",5104139,-10,-10,-10,220,-0.001,-40.01
"2020-10-04 23:25:36.3",5104140,-10,-10,-10,220,-0.001,-40.01
"2020-10-04 23:25:36.4",5104141,-10,-10,-10,220,-0.001,-40.01
"2020-10-04 23:25:36.5",5104142,-10,-10,-10,220,-0.001,-40.01
"2020-10-04 23:25:36.6",5104143,-10,-10,-10,220,-0.001,-40.01
"2020-10-04 23:25:36.7",5104144,-10,-10,-10,220,-0.001,-40.01
"2020-10-04 23:25:36.8",5104145,-10,-10,-10,220,-0.001,-40.01
"2020-10-04 23:25:36.9",5104146,-10,-10,-10,220,-0.001,-40.01
"2020-10-04 23:25:37",5104147,-10,-10,-10,220,-0.001,-40.01
"2020-10-04 23:25:37.1",5104148,-10,-10,-10,220,-0.001,-40.01
"2020-10-04 23:25:37.2",5104149,-10,-10,-10,220,-0.001,-40.01
"2020-10-04 23:25:37.3",5104150,-10,-10,-10,220,-0.001,-40.01
"2020-10-04 23:25:37.4",5104151,-10,-10,-10,220,-0.001,-40.01
"2020-10-04 23:25:37.5",5104152,-10,-10,-10,220,-0.001,-40.01
"2020-10-04 23:25:37.6",5104153,-10,-10,-10,220,-0.001,-40.01
"2020-10-04 23:25:37.7",5104154,-10,-10,-10,220,-0.001,-40.01
"2020-10-04 23:25:37.8",5104155,-10,-10,-10,220,-0.001,-40.01
"2020-10-04 23:25:37.9",5104156,-10,-10,-10,220,-0.001,-40.01
"2020-10-04 23:25:38",5104157,-10,-10,-10,220,-0.001,-40.01
"2020-10-04 23:25:38.1",5104158,-10,-10,-10,220,-0.001,-40.01
"2020-10-04 23:25:38.2",5104159,-10,-10,-10,220,-0.001,-40.01
"2020-10-04 23:25:38.3",5104160,-10,-10,-10,220,-0.001,-40.01
"2020-10-04 23:25:38.4",5104161,-10,-10,-10,220,-0.001,-40.01
"2020-10-04 23:25:38.5",5104162,-10,-10,-10,220,-0.001,-40.01
"2020-10-04 23:25:38.6",5104163,-10,-10,-10,220,-0.001,-40.01
"2020-10-04 23:25:38.7",5104164,-10,-10,-10,220,-0.001,-40.01
"2020-10-04 23:25:38.8",5104165,-10,-10,-10,220,-0.001,-40.01
"2020-10-04 23:25:38.9",5104166,-10,-10,-10,220,-0.001,-40.01
"2020-10-04 23:25:39",5104167,-10,-10,-10,220,-0.001,-40.01
"2020-10-04 23:25:39.1",5104168,-10,-10,-10,220,-0.001,-40.01
"2020-10-04 23:25:39.2",5104169,-10,-10,-10,220,-0.001,-40.01
"2020-10-04 23:25:39.3",5104170,-10,-10,-10,220,-0.001,-40.01
"2020-10-04 23:25:39.4",5104171,-10,-10,-10,220,-0.001,-40.01
"2020-10-04 23:25:39.5",5104172,-10,-10,-10,220,-0.001,-40.01
"2020-10-04 23:25:39.6",5104173,-10,-10,-10,220,-0.001,-40.01
"2020-10-04 23:25:39.7",5104174,-10,-10,-10,220,-0.001,-40.01
"2020-10-04 23:25:39.8",5104175,-10,-10,-10,220,-0.001,-40.01
"2020-10-04 23:25:39.9",5104176,-10,-10,-10,220,-0.001,-40.01
"2020-10-04 23:25:40",5104177,-10,-10,-10,220,-0.001,-40.01
"2020-10-04 23:25:40.1",5104178,-10,-10,-10,220,-0.001,-40.01
"2020-10-04 23:25:40.2",5104179,-10,-10,-10,220,-0.001,-40.01
"2020-10-04 23:25:40.3",5104180,-10,-10,-10,220,-0.001,-40.01
"2020-10-04 23:25:40.4",5104181,-10,-10,-10,220,-0.001,-40.01
"2020-10-04 23:25:40.5",5104182,-10,-10,-10,220,-0.001,-40.01
"2020-10-04 23:25:40.6",5104183,-10,-10,-10,220,-0.001,-40.01
"2020-10-04 23:25:40.7",5104184,-10,-10,-10,220,-0.001,-40.01
"2020-10-04 23:25:40.8",5104185,-10,-10,-10,220,-0.001,-40.01
"2020-10-04 23:25:40.9",5104186,-10,-10,-10,220,-0.001,-40.01
"2020-10-04 23:25:41",5104187,-10,-10,-10,220,-0.001,-40.01
"2020-10-04 23:25:41.1",5104188,-10,-10,-10,220,-0.001,-40.01
"2020-10-04 23:25:41.2",5104189,-10,-10,-10,220,-0.001,-40.01
"2020-10-04 23:25:41.3",5104190,-10,-10,-10,220,-0.001,-40.01
"2020-10-04 23:25:41.4",5104191,-10,-10,-10,220,-0.001,-40.01
"2020-10-04 23:25:41.5",5104192,-10,-10,-10,220,-0.001,-40.01
"2020-10-04 23:25:41.6",5104193,-10,-10,-10,220,-0.001,-40.01
"2020-10-04 23:25:41.7",5104194,-10,-10,-10,220,-0.001,-40.01
"2020-10-04 23:25:41.8",5104195,-10,-10,-10,220,-0.001,-40.01
"2020-10-04 23:25:41.9",5104196,-10,-10,-10,220,-0.001,-40.01
"2020-10-04 23:25:42",5104197,-10,-10,-10,220,-0.001,-40.01
"2020-10-04 23:25:42.1",5104198,-10,-10,-10,220,-0.001,-40.01
"2020-10-04 23:25:42.2",5104199,-10,-10,-10,220,-0.001,-40.01
"2020-10-04 23:25:42.3",5104200,-10,-10,-10,220,-0.001,-40.01
"2020-10-04 23:25:42.4",5104201,-10,-10,-10,220,-0.001,-40.01
"2020-10-04 23:25:42.5",5104202,-10,-10,-10,220,-0.001,-40.01
"2020-10-04 23:25:42.6",5104203,-10,-10,-10,220,-0.001,-40.01
"2020-10-04 23:25:42.7",5104204,-10,-10,-10,220,-0.001,-40.01
"2020-10-04 23:25:42.8",5104205,-10,-10,-10,220,-0.001,-40.01
"2020-10-04 23:25:42.9",5104206,-10,-10,-10,220,-0.001,-40.01
"2020-10-04 23:25:43",5104207,-10,-10,-10,220,-0.001,-40.01
"2020-10-04 23:25:43.1",5104208,-10,-10,-10,220,-0.001,-40.01
"2020-10-04 23:25:43.2",5104209,-10,-10,-10,220,-0.001,-40.01
"2020-10-04 23:25:43.3",5104210,-10,-10,-10,220,-0.001,-40.01
"2020-10-04 23:25:43.4",5104211,-10,-10,-10,220,-0.001,-40.01
"2020-10-04 23:25:43.5",5104212,-10,-10,-10,220,-0.001,-40.01
"2020-10-04 23:25:43.6",5104213,-10,-10,-10,220,-0.001,-40.01
"2020-10-04 23:25:43.7",5104214,-10,-10,-10,220,-0.001,-40.01
"2020-10-04 23:25:43.8",5104215,-10,-10,-10,220,-0.001,-40.01
"2020-10-04 23:25:43.9",5104216,-10,-10,-10,220,-0.001,-40.01
"2020-10-04 23:25:44",5104217,-10,-10,-10,220,-0.001,-40.01
"2020-10-04 23:25:44.1",5104218,-10,-10,-10,220,-0.001,-40.01
"2020-10-04 23:25:44.2",5104219,-10,-10,-10,220,-0.001,-40.01
"2020-10-04 23:25:44.3",5104220,-10,-10,-10,220,-0.001,-40.01
"2020-10-04 23:25:44.4",5104221,-10,-10,-10,220,-0.001,-40.01
"2020-10-04 23:25:44.5",5104222,-10,-10,-10,220,-0.001,-40.01
"2020-10-04 23:25:44.6",5104223,-10,-10,-10,220,-0.001,-40.01
"2020-10-04 23:25:44.7",5104224,-10,-10,-10,220,-0.001,-40.01
"2020-10-04 23:25:44.8",5104225,-10,-10,-10,220,-0.001,-40.01
"2020-10-04 23:25:44.9",5104226,-10,-10,-10,220,-0.001,-40.01
"2020-10-04 23:25:45",5104227,-10,-10,-10,220,-0.001,-40.01
"2020-10-04 23:25:45.1",5104228,-10,-10,-10,220,-0.001,-40.01
"2020-10-04 23:25:45.2",5104229,-10,-10,-10,220,-0.001,-40.01
"2020-10-04 23:25:45.3",5104230,-10,-10,-10,220,-0.001,-40.01
"2020-10-04 23:25:45.4",5104231,-10,-10,-10,220,-0.001,-40.01
"2020-10-04 23:25:45.5",5104232,-10,-10,-10,220,-0.001,-40.01
"2020-10-04 23:25:45.6",5104233,-10,-10,-10,220,-0.001,-40.01
"2020-10-04 23:25:45.7",5104234,-10,-10,-10,220,-0.001,-40.01
"2020-10-04 23:25:45.8",5104235,-10,-10,-10,220,-0.001,-40.01
"2020-10-04 23:25:45.9",5104236,-10,-10,-10,220,-0.001,-40.01
"2020-10-04 23:25:46",5104237,-10,-10,-10,220,-0.001,-40.01
"2020-10-04 23:25:46.1",5104238,-10,-10,-10,220,-0.001,-40.01
"2020-10-04 23:25:46.2",5104239,-10,-10,-10,220,-0.001,-40.01
"2020-10-04 23:25:46.3",5104240,-10,-10,-10,220,-0.001,-40.01
"2020-10-04 23:25:46.4",5104241,-10,-10,-10,220,-0.001,-40.01
"2020-10-04 23:25:46.5",5104242,-10,-10,-10,220,-0.001,-40.01
"2020-10-04 23:25:46.6",5104243,-10,-10,-10,220,-0.001,-40.01
"2020-10-04 23:25:46.7",5104244,-10,-10,-10,220,-0.001,-40.01
"2020-10-04 23:25:46.8",5104245,-10,-10,-10,220,-0.001,-40.01
"2020-10-04 23:25:46.9",5104246,-10,-10,-10,220,-0.001,-40.01
"2020-10-04 23:25:47",5104247,-10,-10,-10,220,-0.001,-40.01
"2020-10-04 23:25:47.1",5104248,-10,-10,-10,220,-0.001,-40.01
"2020-10-04 23:25:47.2",5104249,-10,-10,-10,220,-0.001,-40.01
"2020-10-04 23:25:47.3",5104250,-10,-10,-10,220,-0.001,-40.01
"2020-10-04 23:25:47.4",5104251,-10,-10,-10,220,-0.001,-40.01
"2020-10-04 23:25:47.5",5104252,-10,-10,-10,220,-0.001,-40.01
"2020-10-04 23:25:47.6",5104253,-10,-10,-10,220,-0.001,-40.01
"2020-10-04 23:25:47.7",5104254,-10,-10,-10,220,-0.001,-40.01
"2020-10-04 23:25:47.8",5104255,-10,-10,-10,220,-0.001,-40.01
"2020-10-04 23:25:47.9",5104256,-10,-10,-10,220,-0.001,-40.01
"2020-10-04 23:25:48",5104257,-10,-10,-10,220,-0.001,-40.01
"2020-10-04 23:25:48.1",5104258,-10,-10,-10,220,-0.001,-40.01
"2020-10-04 23:25:48.2",5104259,-10,-10,-10,220,-0.001,-40.01
"2020-10-04 23:25:48.3",5104260,-10,-10,-10,220,-0.001,-40.01
"2020-10-04 23:25:48.4",5104261,-10,-10,-10,220,-0.001,-40.01
"2020-10-04 23:25:48.5",5104262,-10,-10,-10,220,-0.001,-40.01
"2020-10-04 23:25:48.6",5104263,-10,-10,-10,220,-0.001,-40.01
"2020-10-04 23:25:48.7",5104264,-10,-10,-10,220,-0.001,-40.01
"2020-10-04 23:25:48.8",5104265,-10,-10,-10,220,-0.001,-40.01
"2020-10-04 23:25:48.9",5104266,-10,-10,-10,220,-0.001,-40.01
"2020-10-04 23:25:49",5104267,-10,-10,-10,220,-0.001,-40.01
"2020-10-04 23:25:49.1",5104268,-10,-10,-10,220,-0.001,-40.01
"2020-10-04 23:25:49.2",5104269,-10,-10,-10,220,-0.001,-40.01
"2020-10-04 23:25:49.3",5104270,-10,-10,-10,220,-0.001,-40.01
"2020-10-04 23:25:49.4",5104271,-10,-10,-10,220,-0.001,-40.01
"2020-10-04 23:25:49.5",5104272,-10,-10,-10,220,-0.001,-40.01
"2020-10-04 23:25:49.6",5104273,-10,-10,-10,220,-0.001,-40.01
"2020-10-04 23:25:49.7",5104274,-10,-10,-10,220,-0.001,-40.01
"2020-10-04 23:25:49.8",5104275,-10,-10,-10,220,-0.001,-40.01
"2020-10-04 23:25:49.9",5104276,-10,-10,-10,220,-0.001,-40.01
"2020-10-04 23:25:50",5104277,-10,-10,-10,220,-0.001,-40.01
"2020-10-04 23:25:50.1",5104278,-10,-10,-10,220,-0.001,-40.01
"2020-10-04 23:25:50.2",5104279,-10,-10,-10,220,-0.001,-40.01
"2020-10-04 23:25:50.3",5104280,-10,-10,-10,220,-0.001,-40.01
"2020-10-04 23:25:50.4",5104281,-10,-10,-10,220,-0.001,-40.01
"2020-10-04 23:25:50.5",5104282,-10,-10,-10,220,-0.001,-40.01
"2020-10-04 23:25:50.6",5104283,-10,-10,-10,220,-0.001,-40.01
"2020-10-04 23:25:50.7",5104284,-10,-10,-10,220,-0.001,-40.01
"2020-10-04 23:25:50.8",5104285,-10,-10,-10,220,-0.001,-40.01
"2020-10-04 23:25:50.9",5104286,-10,-10,-10,220,-0.001,-40.01
