"TOA5","10329","CR6","10329","CR6.Std.09.01 CR6-WIFI.04.00.01","CPU:YOUNG81000_HMP60_10Hz.CR6","51185","Young10Hz_hmp"
"TIMESTAMP","RECORD","U","V","W","TSonic","RH","T_HMP60"
"TS","RN","mV","mV","mV","mV","%","Deg C"
"","","Smp","Smp","Smp","Smp","Smp","Smp"
"2020-10-08 02:09:51",7794687,-10,-10,-10,220,-0.003,-40.01
"2020-10-08 02:09:51.1",7794688,-10,-10,-10,220,-0.003,-40.01
"2020-10-08 02:09:51.2",7794689,-10,-10,-10,220,-0.003,-40.01
"2020-10-08 02:09:51.3",7794690,-10,-10,-10,220,-0.003,-40.01
"2020-10-08 02:09:51.4",7794691,-10,-10,-10,220,-0.003,-40.01
"2020-10-08 02:09:51.5",7794692,-10,-10,-10,220,-0.003,-40.01
"2020-10-08 02:09:51.6",7794693,-10,-10,-10,220,-0.003,-40.01
"2020-10-08 02:09:51.7",7794694,-10,-10,-10,220,-0.003,-40.01
"2020-10-08 02:09:51.8",7794695,-10,-10,-10,220,-0.003,-40.01
"2020-10-08 02:09:51.9",7794696,-10,-10,-10,220,-0.003,-40.01
"2020-10-08 02:09:52",7794697,-10,-10,-10,220,-0.003,-40.01
"2020-10-08 02:09:52.1",7794698,-10,-10,-10,220,-0.003,-40.01
"2020-10-08 02:09:52.2",7794699,-10,-10,-10,220,-0.003,-40.01
"2020-10-08 02:09:52.3",7794700,-10,-10,-10,220,-0.003,-40.01
"2020-10-08 02:09:52.4",7794701,-10,-10,-10,220,-0.003,-40.01
"2020-10-08 02:09:52.5",7794702,-10,-10,-10,220,-0.003,-40.01
"2020-10-08 02:09:52.6",7794703,-10,-10,-10,220,-0.003,-40.01
"2020-10-08 02:09:52.7",7794704,-10,-10,-10,220,-0.003,-40.01
"2020-10-08 02:09:52.8",7794705,-10,-10,-10,220,-0.003,-40.01
"2020-10-08 02:09:52.9",7794706,-10,-10,-10,220,-0.003,-40.01
"2020-10-08 02:09:53",7794707,-10,-10,-10,220,-0.003,-40.01
"2020-10-08 02:09:53.1",7794708,-10,-10,-10,220,-0.003,-40.01
"2020-10-08 02:09:53.2",7794709,-10,-10,-10,220,-0.003,-40.01
"2020-10-08 02:09:53.3",7794710,-10,-10,-10,220,-0.003,-40.01
"2020-10-08 02:09:53.4",7794711,-10,-10,-10,220,-0.003,-40.01
"2020-10-08 02:09:53.5",7794712,-10,-10,-10,220,-0.003,-40.01
"2020-10-08 02:09:53.6",7794713,-10,-10,-10,220,-0.003,-40.01
"2020-10-08 02:09:53.7",7794714,-10,-10,-10,220,-0.003,-40.01
"2020-10-08 02:09:53.8",7794715,-10,-10,-10,220,-0.003,-40.01
"2020-10-08 02:09:53.9",7794716,-10,-10,-10,220,-0.003,-40.01
"2020-10-08 02:09:54",7794717,-10,-10,-10,220,-0.003,-40.01
"2020-10-08 02:09:54.1",7794718,-10,-10,-10,220,-0.003,-40.01
"2020-10-08 02:09:54.2",7794719,-10,-10,-10,220,-0.003,-40.01
"2020-10-08 02:09:54.3",7794720,-10,-10,-10,220,-0.003,-40.01
"2020-10-08 02:09:54.4",7794721,-10,-10,-10,220,-0.003,-40.01
"2020-10-08 02:09:54.5",7794722,-10,-10,-10,220,-0.003,-40.01
"2020-10-08 02:09:54.6",7794723,-10,-10,-10,220,-0.003,-40.01
"2020-10-08 02:09:54.7",7794724,-10,-10,-10,220,-0.003,-40.01
"2020-10-08 02:09:54.8",7794725,-10,-10,-10,220,-0.003,-40.01
"2020-10-08 02:09:54.9",7794726,-10,-10,-10,220,-0.003,-40.01
"2020-10-08 02:09:55",7794727,-10,-10,-10,220,-0.003,-40.01
"2020-10-08 02:09:55.1",7794728,-10,-10,-10,220,-0.003,-40.01
"2020-10-08 02:09:55.2",7794729,-10,-10,-10,220,-0.003,-40.01
"2020-10-08 02:09:55.3",7794730,-10,-10,-10,220,-0.003,-40.01
"2020-10-08 02:09:55.4",7794731,-10,-10,-10,220,-0.003,-40.01
"2020-10-08 02:09:55.5",7794732,-10,-10,-10,220,-0.003,-40.01
"2020-10-08 02:09:55.6",7794733,-10,-10,-10,220,-0.003,-40.01
"2020-10-08 02:09:55.7",7794734,-10,-10,-10,220,-0.003,-40.01
"2020-10-08 02:09:55.8",7794735,-10,-10,-10,220,-0.003,-40.01
"2020-10-08 02:09:55.9",7794736,-10,-10,-10,220,-0.003,-40.01
"2020-10-08 02:09:56",7794737,-10,-10,-10,220,-0.003,-40.01
"2020-10-08 02:09:56.1",7794738,-10,-10,-10,220,-0.003,-40.01
"2020-10-08 02:09:56.2",7794739,-10,-10,-10,220,-0.003,-40.01
"2020-10-08 02:09:56.3",7794740,-10,-10,-10,220,-0.003,-40.01
"2020-10-08 02:09:56.4",7794741,-10,-10,-10,220,-0.003,-40.01
"2020-10-08 02:09:56.5",7794742,-10,-10,-10,220,-0.003,-40.01
"2020-10-08 02:09:56.6",7794743,-10,-10,-10,220,-0.003,-40.01
"2020-10-08 02:09:56.7",7794744,-10,-10,-10,220,-0.003,-40.01
"2020-10-08 02:09:56.8",7794745,-10,-10,-10,220,-0.003,-40.01
"2020-10-08 02:09:56.9",7794746,-10,-10,-10,220,-0.003,-40.01
"2020-10-08 02:09:57",7794747,-10,-10,-10,220,-0.003,-40.01
"2020-10-08 02:09:57.1",7794748,-10,-10,-10,220,-0.003,-40.01
"2020-10-08 02:09:57.2",7794749,-10,-10,-10,220,-0.003,-40.01
"2020-10-08 02:09:57.3",7794750,-10,-10,-10,220,-0.003,-40.01
"2020-10-08 02:09:57.4",7794751,-10,-10,-10,220,-0.003,-40.01
"2020-10-08 02:09:57.5",7794752,-10,-10,-10,220,-0.003,-40.01
"2020-10-08 02:09:57.6",7794753,-10,-10,-10,220,-0.003,-40.01
"2020-10-08 02:09:57.7",7794754,-10,-10,-10,220,-0.003,-40.01
"2020-10-08 02:09:57.8",7794755,-10,-10,-10,220,-0.003,-40.01
"2020-10-08 02:09:57.9",7794756,-10,-10,-10,220,-0.003,-40.01
"2020-10-08 02:09:58",7794757,-10,-10,-10,220,-0.003,-40.01
"2020-10-08 02:09:58.1",7794758,-10,-10,-10,220,-0.003,-40.01
"2020-10-08 02:09:58.2",7794759,-10,-10,-10,220,-0.003,-40.01
"2020-10-08 02:09:58.3",7794760,-10,-10,-10,220,-0.003,-40.01
"2020-10-08 02:09:58.4",7794761,-10,-10,-10,220,-0.003,-40.01
"2020-10-08 02:09:58.5",7794762,-10,-10,-10,220,-0.003,-40.01
"2020-10-08 02:09:58.6",7794763,-10,-10,-10,220,-0.003,-40.01
"2020-10-08 02:09:58.7",7794764,-10,-10,-10,220,-0.003,-40.01
"2020-10-08 02:09:58.8",7794765,-10,-10,-10,220,-0.003,-40.01
"2020-10-08 02:09:58.9",7794766,-10,-10,-10,220,-0.003,-40.01
"2020-10-08 02:09:59",7794767,-10,-10,-10,220,-0.003,-40.01
"2020-10-08 02:09:59.1",7794768,-10,-10,-10,220,-0.003,-40.01
"2020-10-08 02:09:59.2",7794769,-10,-10,-10,220,-0.003,-40.01
"2020-10-08 02:09:59.3",7794770,-10,-10,-10,220,-0.003,-40.01
"2020-10-08 02:09:59.4",7794771,-10,-10,-10,220,-0.003,-40.01
"2020-10-08 02:09:59.5",7794772,-10,-10,-10,220,-0.003,-40.01
"2020-10-08 02:09:59.6",7794773,-10,-10,-10,220,-0.003,-40.01
"2020-10-08 02:09:59.7",7794774,-10,-10,-10,220,-0.003,-40.01
"2020-10-08 02:09:59.8",7794775,-10,-10,-10,220,-0.003,-40.01
"2020-10-08 02:09:59.9",7794776,-10,-10,-10,220,-0.003,-40.01
"2020-10-08 02:10:00",7794777,-10,-10,-10,220,-0.003,-40.01
"2020-10-08 02:10:00.1",7794778,-10,-10,-10,220,-0.008,-40.02
"2020-10-08 02:10:00.2",7794779,-10,-10,-10,220,-0.008,-40.02
"2020-10-08 02:10:00.3",7794780,-10,-10,-10,220,-0.002,-40
"2020-10-08 02:10:00.4",7794781,-10,-10,-10,220,-0.003,-40.01
"2020-10-08 02:10:00.5",7794782,-10,-10,-10,220,-0.003,-40.01
"2020-10-08 02:10:00.6",7794783,-10,-10,-10,220,-0.003,-40.01
"2020-10-08 02:10:00.7",7794784,-10,-10,-10,220,-0.002,-40.01
"2020-10-08 02:10:00.8",7794785,-10,-10,-10,220,-0.003,-40.01
"2020-10-08 02:10:00.9",7794786,-10,-10,-10,220,-0.003,-40.01
"2020-10-08 02:10:01",7794787,-10,-10,-10,220,-0.003,-40.01
"2020-10-08 02:10:01.1",7794788,-10,-10,-10,220,-0.003,-40.01
"2020-10-08 02:10:01.2",7794789,-10,-10,-10,220,-0.003,-40.01
"2020-10-08 02:10:01.3",7794790,-10,-10,-10,220,-0.003,-40.01
"2020-10-08 02:10:01.4",7794791,-10,-10,-10,220,-0.003,-40.01
"2020-10-08 02:10:01.5",7794792,-10,-10,-10,220,-0.003,-40.01
"2020-10-08 02:10:01.6",7794793,-10,-10,-10,220,-0.003,-40.01
"2020-10-08 02:10:01.7",7794794,-10,-10,-10,220,-0.003,-40.01
"2020-10-08 02:10:01.8",7794795,-10,-10,-10,220,-0.003,-40.01
"2020-10-08 02:10:01.9",7794796,-10,-10,-10,220,-0.003,-40.01
"2020-10-08 02:10:02",7794797,-10,-10,-10,220,-0.003,-40.01
"2020-10-08 02:10:02.1",7794798,-10,-10,-10,220,-0.003,-40.01
"2020-10-08 02:10:02.2",7794799,-10,-10,-10,220,-0.003,-40.01
"2020-10-08 02:10:02.3",7794800,-10,-10,-10,220,-0.003,-40.01
"2020-10-08 02:10:02.4",7794801,-10,-10,-10,220,-0.003,-40.01
"2020-10-08 02:10:02.5",7794802,-10,-10,-10,220,-0.003,-40.01
"2020-10-08 02:10:02.6",7794803,-10,-10,-10,220,-0.003,-40.01
"2020-10-08 02:10:02.7",7794804,-10,-10,-10,220,-0.003,-40.01
"2020-10-08 02:10:02.8",7794805,-10,-10,-10,220,-0.003,-40.01
"2020-10-08 02:10:02.9",7794806,-10,-10,-10,220,-0.003,-40.01
"2020-10-08 02:10:03",7794807,-10,-10,-10,220,-0.003,-40.01
"2020-10-08 02:10:03.1",7794808,-10,-10,-10,220,-0.003,-40.01
"2020-10-08 02:10:03.2",7794809,-10,-10,-10,220,-0.003,-40.01
"2020-10-08 02:10:03.3",7794810,-10,-10,-10,220,-0.003,-40.01
"2020-10-08 02:10:03.4",7794811,-10,-10,-10,220,-0.003,-40.01
"2020-10-08 02:10:03.5",7794812,-10,-10,-10,220,-0.003,-40.01
"2020-10-08 02:10:03.6",7794813,-10,-10,-10,220,-0.003,-40.01
"2020-10-08 02:10:03.7",7794814,-10,-10,-10,220,-0.003,-40.01
"2020-10-08 02:10:03.8",7794815,-10,-10,-10,220,-0.003,-40.01
"2020-10-08 02:10:03.9",7794816,-10,-10,-10,220,-0.003,-40.01
"2020-10-08 02:10:04",7794817,-10,-10,-10,220,-0.003,-40.01
"2020-10-08 02:10:04.1",7794818,-10,-10,-10,220,-0.003,-40.01
"2020-10-08 02:10:04.2",7794819,-10,-10,-10,220,-0.003,-40.01
"2020-10-08 02:10:04.3",7794820,-10,-10,-10,220,-0.003,-40.01
"2020-10-08 02:10:04.4",7794821,-10,-10,-10,220,-0.003,-40.01
"2020-10-08 02:10:04.5",7794822,-10,-10,-10,220,-0.003,-40.01
"2020-10-08 02:10:04.6",7794823,-10,-10,-10,220,-0.003,-40.01
"2020-10-08 02:10:04.7",7794824,-10,-10,-10,220,-0.003,-40.01
"2020-10-08 02:10:04.8",7794825,-10,-10,-10,220,-0.003,-40.01
"2020-10-08 02:10:04.9",7794826,-10,-10,-10,220,-0.003,-40.01
"2020-10-08 02:10:05",7794827,-10,-10,-10,220,-0.003,-40.01
"2020-10-08 02:10:05.1",7794828,-10,-10,-10,220,-0.003,-40.01
"2020-10-08 02:10:05.2",7794829,-10,-10,-10,220,-0.003,-40.01
"2020-10-08 02:10:05.3",7794830,-10,-10,-10,220,-0.003,-40.01
"2020-10-08 02:10:05.4",7794831,-10,-10,-10,220,-0.003,-40.01
"2020-10-08 02:10:05.5",7794832,-10,-10,-10,220,-0.003,-40.01
"2020-10-08 02:10:05.6",7794833,-10,-10,-10,220,-0.003,-40.01
"2020-10-08 02:10:05.7",7794834,-10,-10,-10,220,-0.003,-40.01
"2020-10-08 02:10:05.8",7794835,-10,-10,-10,220,-0.003,-40.01
"2020-10-08 02:10:05.9",7794836,-10,-10,-10,220,-0.003,-40.01
"2020-10-08 02:10:06",7794837,-10,-10,-10,220,-0.003,-40.01
"2020-10-08 02:10:06.1",7794838,-10,-10,-10,220,-0.003,-40.01
"2020-10-08 02:10:06.2",7794839,-10,-10,-10,220,-0.003,-40.01
"2020-10-08 02:10:06.3",7794840,-10,-10,-10,220,-0.003,-40.01
"2020-10-08 02:10:06.4",7794841,-10,-10,-10,220,-0.003,-40.01
"2020-10-08 02:10:06.5",7794842,-10,-10,-10,220,-0.003,-40.01
"2020-10-08 02:10:06.6",7794843,-10,-10,-10,220,-0.003,-40.01
"2020-10-08 02:10:06.7",7794844,-10,-10,-10,220,-0.003,-40.01
"2020-10-08 02:10:06.8",7794845,-10,-10,-10,220,-0.003,-40.01
"2020-10-08 02:10:06.9",7794846,-10,-10,-10,220,-0.003,-40.01
"2020-10-08 02:10:07",7794847,-10,-10,-10,220,-0.003,-40.01
"2020-10-08 02:10:07.1",7794848,-10,-10,-10,220,-0.003,-40.01
"2020-10-08 02:10:07.2",7794849,-10,-10,-10,220,-0.003,-40.01
"2020-10-08 02:10:07.3",7794850,-10,-10,-10,220,-0.003,-40.01
"2020-10-08 02:10:07.4",7794851,-10,-10,-10,220,-0.003,-40.01
"2020-10-08 02:10:07.5",7794852,-10,-10,-10,220,-0.003,-40.01
"2020-10-08 02:10:07.6",7794853,-10,-10,-10,220,-0.003,-40.01
"2020-10-08 02:10:07.7",7794854,-10,-10,-10,220,-0.003,-40.01
"2020-10-08 02:10:07.8",7794855,-10,-10,-10,220,-0.003,-40.01
"2020-10-08 02:10:07.9",7794856,-10,-10,-10,220,-0.003,-40.01
"2020-10-08 02:10:08",7794857,-10,-10,-10,220,-0.003,-40.01
"2020-10-08 02:10:08.1",7794858,-10,-10,-10,220,-0.003,-40.01
"2020-10-08 02:10:08.2",7794859,-10,-10,-10,220,-0.003,-40.01
"2020-10-08 02:10:08.3",7794860,-10,-10,-10,220,-0.003,-40.01
"2020-10-08 02:10:08.4",7794861,-10,-10,-10,220,-0.003,-40.01
"2020-10-08 02:10:08.5",7794862,-10,-10,-10,220,-0.003,-40.01
"2020-10-08 02:10:08.6",7794863,-10,-10,-10,220,-0.003,-40.01
"2020-10-08 02:10:08.7",7794864,-10,-10,-10,220,-0.003,-40.01
"2020-10-08 02:10:08.8",7794865,-10,-10,-10,220,-0.003,-40.01
"2020-10-08 02:10:08.9",7794866,-10,-10,-10,220,-0.003,-40.01
"2020-10-08 02:10:09",7794867,-10,-10,-10,220,-0.003,-40.01
"2020-10-08 02:10:09.1",7794868,-10,-10,-10,220,-0.003,-40.01
"2020-10-08 02:10:09.2",7794869,-10,-10,-10,220,-0.003,-40.01
"2020-10-08 02:10:09.3",7794870,-10,-10,-10,220,-0.003,-40.01
"2020-10-08 02:10:09.4",7794871,-10,-10,-10,220,-0.003,-40.01
"2020-10-08 02:10:09.5",7794872,-10,-10,-10,220,-0.003,-40.01
"2020-10-08 02:10:09.6",7794873,-10,-10,-10,220,-0.003,-40.01
"2020-10-08 02:10:09.7",7794874,-10,-10,-10,220,-0.003,-40.01
"2020-10-08 02:10:09.8",7794875,-10,-10,-10,220,-0.003,-40.01
"2020-10-08 02:10:09.9",7794876,-10,-10,-10,220,-0.003,-40.01
"2020-10-08 02:10:10",7794877,-10,-10,-10,220,-0.003,-40.01
"2020-10-08 02:10:10.1",7794878,-10,-10,-10,220,-0.003,-40.01
"2020-10-08 02:10:10.2",7794879,-10,-10,-10,220,-0.003,-40.01
"2020-10-08 02:10:10.3",7794880,-10,-10,-10,220,-0.003,-40.01
"2020-10-08 02:10:10.4",7794881,-10,-10,-10,220,-0.003,-40.01
"2020-10-08 02:10:10.5",7794882,-10,-10,-10,220,-0.003,-40.01
"2020-10-08 02:10:10.6",7794883,-10,-10,-10,220,-0.003,-40.01
"2020-10-08 02:10:10.7",7794884,-10,-10,-10,220,-0.003,-40.01
"2020-10-08 02:10:10.8",7794885,-10,-10,-10,220,-0.003,-40.01
"2020-10-08 02:10:10.9",7794886,-10,-10,-10,220,-0.003,-40.01
"2020-10-08 02:10:11",7794887,-10,-10,-10,220,-0.003,-40.01
"2020-10-08 02:10:11.1",7794888,-10,-10,-10,220,-0.003,-40.01
"2020-10-08 02:10:11.2",7794889,-10,-10,-10,220,-0.003,-40.01
"2020-10-08 02:10:11.3",7794890,-10,-10,-10,220,-0.003,-40.01
"2020-10-08 02:10:11.4",7794891,-10,-10,-10,220,-0.003,-40.01
"2020-10-08 02:10:11.5",7794892,-10,-10,-10,220,-0.003,-40.01
"2020-10-08 02:10:11.6",7794893,-10,-10,-10,220,-0.003,-40.01
"2020-10-08 02:10:11.7",7794894,-10,-10,-10,220,-0.003,-40.01
"2020-10-08 02:10:11.8",7794895,-10,-10,-10,220,-0.003,-40.01
"2020-10-08 02:10:11.9",7794896,-10,-10,-10,220,-0.003,-40.01
"2020-10-08 02:10:12",7794897,-10,-10,-10,220,-0.003,-40.01
"2020-10-08 02:10:12.1",7794898,-10,-10,-10,220,-0.003,-40.01
"2020-10-08 02:10:12.2",7794899,-10,-10,-10,220,-0.003,-40.01
"2020-10-08 02:10:12.3",7794900,-10,-10,-10,220,-0.003,-40.01
"2020-10-08 02:10:12.4",7794901,-10,-10,-10,220,-0.003,-40.01
"2020-10-08 02:10:12.5",7794902,-10,-10,-10,220,-0.003,-40.01
"2020-10-08 02:10:12.6",7794903,-10,-10,-10,220,-0.003,-40.01
"2020-10-08 02:10:12.7",7794904,-10,-10,-10,220,-0.003,-40.01
"2020-10-08 02:10:12.8",7794905,-10,-10,-10,220,-0.003,-40.01
"2020-10-08 02:10:12.9",7794906,-10,-10,-10,220,-0.003,-40.01
"2020-10-08 02:10:13",7794907,-10,-10,-10,220,-0.003,-40.01
"2020-10-08 02:10:13.1",7794908,-10,-10,-10,220,-0.003,-40.01
"2020-10-08 02:10:13.2",7794909,-10,-10,-10,220,-0.003,-40.01
"2020-10-08 02:10:13.3",7794910,-10,-10,-10,220,-0.003,-40.01
"2020-10-08 02:10:13.4",7794911,-10,-10,-10,220,-0.003,-40.01
"2020-10-08 02:10:13.5",7794912,-10,-10,-10,220,-0.003,-40.01
"2020-10-08 02:10:13.6",7794913,-10,-10,-10,220,-0.003,-40.01
"2020-10-08 02:10:13.7",7794914,-10,-10,-10,220,-0.003,-40.01
"2020-10-08 02:10:13.8",7794915,-10,-10,-10,220,-0.003,-40.01
"2020-10-08 02:10:13.9",7794916,-10,-10,-10,220,-0.003,-40.01
"2020-10-08 02:10:14",7794917,-10,-10,-10,220,-0.003,-40.01
"2020-10-08 02:10:14.1",7794918,-10,-10,-10,220,-0.003,-40.01
"2020-10-08 02:10:14.2",7794919,-10,-10,-10,220,-0.003,-40.01
"2020-10-08 02:10:14.3",7794920,-10,-10,-10,220,-0.003,-40.01
"2020-10-08 02:10:14.4",7794921,-10,-10,-10,220,-0.003,-40.01
"2020-10-08 02:10:14.5",7794922,-10,-10,-10,220,-0.003,-40.01
"2020-10-08 02:10:14.6",7794923,-10,-10,-10,220,-0.003,-40.01
"2020-10-08 02:10:14.7",7794924,-10,-10,-10,220,-0.003,-40.01
"2020-10-08 02:10:14.8",7794925,-10,-10,-10,220,-0.003,-40.01
"2020-10-08 02:10:14.9",7794926,-10,-10,-10,220,-0.003,-40.01
"2020-10-08 02:10:15",7794927,-10,-10,-10,220,-0.003,-40.01
"2020-10-08 02:10:15.1",7794928,-10,-10,-10,220,-0.003,-40.01
"2020-10-08 02:10:15.2",7794929,-10,-10,-10,220,-0.003,-40.01
"2020-10-08 02:10:15.3",7794930,-10,-10,-10,220,-0.003,-40.01
"2020-10-08 02:10:15.4",7794931,-10,-10,-10,220,-0.003,-40.01
"2020-10-08 02:10:15.5",7794932,-10,-10,-10,220,-0.003,-40.01
"2020-10-08 02:10:15.6",7794933,-10,-10,-10,220,-0.003,-40.01
"2020-10-08 02:10:15.7",7794934,-10,-10,-10,220,-0.003,-40.01
"2020-10-08 02:10:15.8",7794935,-10,-10,-10,220,-0.003,-40.01
"2020-10-08 02:10:15.9",7794936,-10,-10,-10,220,-0.003,-40.01
"2020-10-08 02:10:16",7794937,-10,-10,-10,220,-0.003,-40.01
"2020-10-08 02:10:16.1",7794938,-10,-10,-10,220,-0.003,-40.01
"2020-10-08 02:10:16.2",7794939,-10,-10,-10,220,-0.003,-40.01
"2020-10-08 02:10:16.3",7794940,-10,-10,-10,220,-0.003,-40.01
"2020-10-08 02:10:16.4",7794941,-10,-10,-10,220,-0.003,-40.01
"2020-10-08 02:10:16.5",7794942,-10,-10,-10,220,-0.003,-40.01
"2020-10-08 02:10:16.6",7794943,-10,-10,-10,220,-0.003,-40.01
"2020-10-08 02:10:16.7",7794944,-10,-10,-10,220,-0.003,-40.01
"2020-10-08 02:10:16.8",7794945,-10,-10,-10,220,-0.003,-40.01
"2020-10-08 02:10:16.9",7794946,-10,-10,-10,220,-0.003,-40.01
"2020-10-08 02:10:17",7794947,-10,-10,-10,220,-0.003,-40.01
"2020-10-08 02:10:17.1",7794948,-10,-10,-10,220,-0.003,-40.01
"2020-10-08 02:10:17.2",7794949,-10,-10,-10,220,-0.003,-40.01
"2020-10-08 02:10:17.3",7794950,-10,-10,-10,220,-0.003,-40.01
"2020-10-08 02:10:17.4",7794951,-10,-10,-10,220,-0.003,-40.01
"2020-10-08 02:10:17.5",7794952,-10,-10,-10,220,-0.003,-40.01
"2020-10-08 02:10:17.6",7794953,-10,-10,-10,220,-0.003,-40.01
"2020-10-08 02:10:17.7",7794954,-10,-10,-10,220,-0.003,-40.01
"2020-10-08 02:10:17.8",7794955,-10,-10,-10,220,-0.003,-40.01
"2020-10-08 02:10:17.9",7794956,-10,-10,-10,220,-0.003,-40.01
"2020-10-08 02:10:18",7794957,-10,-10,-10,220,-0.003,-40.01
"2020-10-08 02:10:18.1",7794958,-10,-10,-10,220,-0.003,-40.01
"2020-10-08 02:10:18.2",7794959,-10,-10,-10,220,-0.003,-40.01
"2020-10-08 02:10:18.3",7794960,-10,-10,-10,220,-0.003,-40.01
"2020-10-08 02:10:18.4",7794961,-10,-10,-10,220,-0.003,-40.01
"2020-10-08 02:10:18.5",7794962,-10,-10,-10,220,-0.003,-40.01
"2020-10-08 02:10:18.6",7794963,-10,-10,-10,220,-0.003,-40.01
"2020-10-08 02:10:18.7",7794964,-10,-10,-10,220,-0.003,-40.01
"2020-10-08 02:10:18.8",7794965,-10,-10,-10,220,-0.003,-40.01
"2020-10-08 02:10:18.9",7794966,-10,-10,-10,220,-0.003,-40.01
"2020-10-08 02:10:19",7794967,-10,-10,-10,220,-0.003,-40.01
"2020-10-08 02:10:19.1",7794968,-10,-10,-10,220,-0.003,-40.01
"2020-10-08 02:10:19.2",7794969,-10,-10,-10,220,-0.003,-40.01
"2020-10-08 02:10:19.3",7794970,-10,-10,-10,220,-0.003,-40.01
"2020-10-08 02:10:19.4",7794971,-10,-10,-10,220,-0.003,-40.01
"2020-10-08 02:10:19.5",7794972,-10,-10,-10,220,-0.003,-40.01
"2020-10-08 02:10:19.6",7794973,-10,-10,-10,220,-0.003,-40.01
"2020-10-08 02:10:19.7",7794974,-10,-10,-10,220,-0.003,-40.01
"2020-10-08 02:10:19.8",7794975,-10,-10,-10,220,-0.003,-40.01
"2020-10-08 02:10:19.9",7794976,-10,-10,-10,220,-0.003,-40.01
"2020-10-08 02:10:20",7794977,-10,-10,-10,220,-0.003,-40.01
"2020-10-08 02:10:20.1",7794978,-10,-10,-10,220,-0.003,-40.01
"2020-10-08 02:10:20.2",7794979,-10,-10,-10,220,-0.003,-40.01
"2020-10-08 02:10:20.3",7794980,-10,-10,-10,220,-0.003,-40.01
"2020-10-08 02:10:20.4",7794981,-10,-10,-10,220,-0.003,-40.01
"2020-10-08 02:10:20.5",7794982,-10,-10,-10,220,-0.003,-40.01
"2020-10-08 02:10:20.6",7794983,-10,-10,-10,220,-0.003,-40.01
"2020-10-08 02:10:20.7",7794984,-10,-10,-10,220,-0.003,-40.01
"2020-10-08 02:10:20.8",7794985,-10,-10,-10,220,-0.003,-40.01
"2020-10-08 02:10:20.9",7794986,-10,-10,-10,220,-0.003,-40.01
"2020-10-08 02:10:21",7794987,-10,-10,-10,220,-0.003,-40.01
"2020-10-08 02:10:21.1",7794988,-10,-10,-10,220,-0.003,-40.01
"2020-10-08 02:10:21.2",7794989,-10,-10,-10,220,-0.003,-40.01
"2020-10-08 02:10:21.3",7794990,-10,-10,-10,220,-0.003,-40.01
"2020-10-08 02:10:21.4",7794991,-10,-10,-10,220,-0.003,-40.01
"2020-10-08 02:10:21.5",7794992,-10,-10,-10,220,-0.003,-40.01
"2020-10-08 02:10:21.6",7794993,-10,-10,-10,220,-0.003,-40.01
"2020-10-08 02:10:21.7",7794994,-10,-10,-10,220,-0.003,-40.01
"2020-10-08 02:10:21.8",7794995,-10,-10,-10,220,-0.003,-40.01
"2020-10-08 02:10:21.9",7794996,-10,-10,-10,220,-0.003,-40.01
"2020-10-08 02:10:22",7794997,-10,-10,-10,220,-0.003,-40.01
"2020-10-08 02:10:22.1",7794998,-10,-10,-10,220,-0.003,-40.01
"2020-10-08 02:10:22.2",7794999,-10,-10,-10,220,-0.003,-40.01
"2020-10-08 02:10:22.3",7795000,-10,-10,-10,220,-0.003,-40.01
"2020-10-08 02:10:22.4",7795001,-10,-10,-10,220,-0.003,-40.01
"2020-10-08 02:10:22.5",7795002,-10,-10,-10,220,-0.003,-40.01
"2020-10-08 02:10:22.6",7795003,-10,-10,-10,220,-0.003,-40.01
"2020-10-08 02:10:22.7",7795004,-10,-10,-10,220,-0.003,-40.01
"2020-10-08 02:10:22.8",7795005,-10,-10,-10,220,-0.003,-40.01
"2020-10-08 02:10:22.9",7795006,-10,-10,-10,220,-0.003,-40.01
"2020-10-08 02:10:23",7795007,-10,-10,-10,220,-0.003,-40.01
"2020-10-08 02:10:23.1",7795008,-10,-10,-10,220,-0.003,-40.01
"2020-10-08 02:10:23.2",7795009,-10,-10,-10,220,-0.003,-40.01
"2020-10-08 02:10:23.3",7795010,-10,-10,-10,220,-0.003,-40.01
"2020-10-08 02:10:23.4",7795011,-10,-10,-10,220,-0.003,-40.01
"2020-10-08 02:10:23.5",7795012,-10,-10,-10,220,-0.003,-40.01
"2020-10-08 02:10:23.6",7795013,-10,-10,-10,220,-0.003,-40.01
"2020-10-08 02:10:23.7",7795014,-10,-10,-10,220,-0.003,-40.01
"2020-10-08 02:10:23.8",7795015,-10,-10,-10,220,-0.003,-40.01
"2020-10-08 02:10:23.9",7795016,-10,-10,-10,220,-0.003,-40.01
"2020-10-08 02:10:24",7795017,-10,-10,-10,220,-0.003,-40.01
"2020-10-08 02:10:24.1",7795018,-10,-10,-10,220,-0.003,-40.01
"2020-10-08 02:10:24.2",7795019,-10,-10,-10,220,-0.003,-40.01
"2020-10-08 02:10:24.3",7795020,-10,-10,-10,220,-0.003,-40.01
"2020-10-08 02:10:24.4",7795021,-10,-10,-10,220,-0.003,-40.01
"2020-10-08 02:10:24.5",7795022,-10,-10,-10,220,-0.003,-40.01
"2020-10-08 02:10:24.6",7795023,-10,-10,-10,220,-0.003,-40.01
"2020-10-08 02:10:24.7",7795024,-10,-10,-10,220,-0.003,-40.01
"2020-10-08 02:10:24.8",7795025,-10,-10,-10,220,-0.003,-40.01
"2020-10-08 02:10:24.9",7795026,-10,-10,-10,220,-0.003,-40.01
"2020-10-08 02:10:25",7795027,-10,-10,-10,220,-0.003,-40.01
"2020-10-08 02:10:25.1",7795028,-10,-10,-10,220,-0.003,-40.01
"2020-10-08 02:10:25.2",7795029,-10,-10,-10,220,-0.003,-40.01
"2020-10-08 02:10:25.3",7795030,-10,-10,-10,220,-0.003,-40.01
"2020-10-08 02:10:25.4",7795031,-10,-10,-10,220,-0.003,-40.01
"2020-10-08 02:10:25.5",7795032,-10,-10,-10,220,-0.003,-40.01
"2020-10-08 02:10:25.6",7795033,-10,-10,-10,220,-0.003,-40.01
"2020-10-08 02:10:25.7",7795034,-10,-10,-10,220,-0.003,-40.01
"2020-10-08 02:10:25.8",7795035,-10,-10,-10,220,-0.003,-40.01
"2020-10-08 02:10:25.9",7795036,-10,-10,-10,220,-0.003,-40.01
"2020-10-08 02:10:26",7795037,-10,-10,-10,220,-0.003,-40.01
"2020-10-08 02:10:26.1",7795038,-10,-10,-10,220,-0.003,-40.01
"2020-10-08 02:10:26.2",7795039,-10,-10,-10,220,-0.003,-40.01
"2020-10-08 02:10:26.3",7795040,-10,-10,-10,220,-0.003,-40.01
"2020-10-08 02:10:26.4",7795041,-10,-10,-10,220,-0.003,-40.01
"2020-10-08 02:10:26.5",7795042,-10,-10,-10,220,-0.003,-40.01
"2020-10-08 02:10:26.6",7795043,-10,-10,-10,220,-0.003,-40.01
"2020-10-08 02:10:26.7",7795044,-10,-10,-10,220,-0.003,-40.01
"2020-10-08 02:10:26.8",7795045,-10,-10,-10,220,-0.003,-40.01
"2020-10-08 02:10:26.9",7795046,-10,-10,-10,220,-0.003,-40.01
"2020-10-08 02:10:27",7795047,-10,-10,-10,220,-0.003,-40.01
"2020-10-08 02:10:27.1",7795048,-10,-10,-10,220,-0.003,-40.01
"2020-10-08 02:10:27.2",7795049,-10,-10,-10,220,-0.003,-40.01
"2020-10-08 02:10:27.3",7795050,-10,-10,-10,220,-0.003,-40.01
"2020-10-08 02:10:27.4",7795051,-10,-10,-10,220,-0.003,-40.01
"2020-10-08 02:10:27.5",7795052,-10,-10,-10,220,-0.003,-40.01
"2020-10-08 02:10:27.6",7795053,-10,-10,-10,220,-0.003,-40.01
"2020-10-08 02:10:27.7",7795054,-10,-10,-10,220,-0.003,-40.01
"2020-10-08 02:10:27.8",7795055,-10,-10,-10,220,-0.003,-40.01
"2020-10-08 02:10:27.9",7795056,-10,-10,-10,220,-0.003,-40.01
"2020-10-08 02:10:28",7795057,-10,-10,-10,220,-0.003,-40.01
"2020-10-08 02:10:28.1",7795058,-10,-10,-10,220,-0.003,-40.01
"2020-10-08 02:10:28.2",7795059,-10,-10,-10,220,-0.003,-40.01
"2020-10-08 02:10:28.3",7795060,-10,-10,-10,220,-0.003,-40.01
"2020-10-08 02:10:28.4",7795061,-10,-10,-10,220,-0.003,-40.01
"2020-10-08 02:10:28.5",7795062,-10,-10,-10,220,-0.003,-40.01
"2020-10-08 02:10:28.6",7795063,-10,-10,-10,220,-0.003,-40.01
"2020-10-08 02:10:28.7",7795064,-10,-10,-10,220,-0.003,-40.01
"2020-10-08 02:10:28.8",7795065,-10,-10,-10,220,-0.003,-40.01
"2020-10-08 02:10:28.9",7795066,-10,-10,-10,220,-0.003,-40.01
"2020-10-08 02:10:29",7795067,-10,-10,-10,220,-0.003,-40.01
"2020-10-08 02:10:29.1",7795068,-10,-10,-10,220,-0.003,-40.01
"2020-10-08 02:10:29.2",7795069,-10,-10,-10,220,-0.003,-40.01
"2020-10-08 02:10:29.3",7795070,-10,-10,-10,220,-0.003,-40.01
"2020-10-08 02:10:29.4",7795071,-10,-10,-10,220,-0.003,-40.01
"2020-10-08 02:10:29.5",7795072,-10,-10,-10,220,-0.003,-40.01
"2020-10-08 02:10:29.6",7795073,-10,-10,-10,220,-0.003,-40.01
"2020-10-08 02:10:29.7",7795074,-10,-10,-10,220,-0.003,-40.01
"2020-10-08 02:10:29.8",7795075,-10,-10,-10,220,-0.003,-40.01
"2020-10-08 02:10:29.9",7795076,-10,-10,-10,220,-0.003,-40.01
"2020-10-08 02:10:30",7795077,-10,-10,-10,220,-0.003,-40.01
"2020-10-08 02:10:30.1",7795078,-10,-10,-10,220,-0.003,-40.01
"2020-10-08 02:10:30.2",7795079,-10,-10,-10,220,-0.003,-40.01
"2020-10-08 02:10:30.3",7795080,-10,-10,-10,220,-0.003,-40.01
"2020-10-08 02:10:30.4",7795081,-10,-10,-10,220,-0.003,-40.01
"2020-10-08 02:10:30.5",7795082,-10,-10,-10,220,-0.003,-40.01
"2020-10-08 02:10:30.6",7795083,-10,-10,-10,220,-0.003,-40.01
"2020-10-08 02:10:30.7",7795084,-10,-10,-10,220,-0.003,-40.01
"2020-10-08 02:10:30.8",7795085,-10,-10,-10,220,-0.003,-40.01
"2020-10-08 02:10:30.9",7795086,-10,-10,-10,220,-0.003,-40.01
"2020-10-08 02:10:31",7795087,-10,-10,-10,220,-0.003,-40.01
"2020-10-08 02:10:31.1",7795088,-10,-10,-10,220,-0.003,-40.01
"2020-10-08 02:10:31.2",7795089,-10,-10,-10,220,-0.003,-40.01
"2020-10-08 02:10:31.3",7795090,-10,-10,-10,220,-0.003,-40.01
"2020-10-08 02:10:31.4",7795091,-10,-10,-10,220,-0.003,-40.01
"2020-10-08 02:10:31.5",7795092,-10,-10,-10,220,-0.003,-40.01
"2020-10-08 02:10:31.6",7795093,-10,-10,-10,220,-0.003,-40.01
"2020-10-08 02:10:31.7",7795094,-10,-10,-10,220,-0.003,-40.01
"2020-10-08 02:10:31.8",7795095,-10,-10,-10,220,-0.003,-40.01
"2020-10-08 02:10:31.9",7795096,-10,-10,-10,220,-0.003,-40.01
"2020-10-08 02:10:32",7795097,-10,-10,-10,220,-0.003,-40.01
"2020-10-08 02:10:32.1",7795098,-10,-10,-10,220,-0.003,-40.01
"2020-10-08 02:10:32.2",7795099,-10,-10,-10,220,-0.003,-40.01
"2020-10-08 02:10:32.3",7795100,-10,-10,-10,220,-0.003,-40.01
"2020-10-08 02:10:32.4",7795101,-10,-10,-10,220,-0.003,-40.01
"2020-10-08 02:10:32.5",7795102,-10,-10,-10,220,-0.003,-40.01
"2020-10-08 02:10:32.6",7795103,-10,-10,-10,220,-0.003,-40.01
"2020-10-08 02:10:32.7",7795104,-10,-10,-10,220,-0.003,-40.01
"2020-10-08 02:10:32.8",7795105,-10,-10,-10,220,-0.003,-40.01
"2020-10-08 02:10:32.9",7795106,-10,-10,-10,220,-0.003,-40.01
"2020-10-08 02:10:33",7795107,-10,-10,-10,220,-0.003,-40.01
"2020-10-08 02:10:33.1",7795108,-10,-10,-10,220,-0.003,-40.01
"2020-10-08 02:10:33.2",7795109,-10,-10,-10,220,-0.003,-40.01
"2020-10-08 02:10:33.3",7795110,-10,-10,-10,220,-0.003,-40.01
"2020-10-08 02:10:33.4",7795111,-10,-10,-10,220,-0.003,-40.01
"2020-10-08 02:10:33.5",7795112,-10,-10,-10,220,-0.003,-40.01
"2020-10-08 02:10:33.6",7795113,-10,-10,-10,220,-0.003,-40.01
"2020-10-08 02:10:33.7",7795114,-10,-10,-10,220,-0.003,-40.01
"2020-10-08 02:10:33.8",7795115,-10,-10,-10,220,-0.003,-40.01
"2020-10-08 02:10:33.9",7795116,-10,-10,-10,220,-0.003,-40.01
"2020-10-08 02:10:34",7795117,-10,-10,-10,220,-0.003,-40.01
"2020-10-08 02:10:34.1",7795118,-10,-10,-10,220,-0.003,-40.01
"2020-10-08 02:10:34.2",7795119,-10,-10,-10,220,-0.003,-40.01
"2020-10-08 02:10:34.3",7795120,-10,-10,-10,220,-0.003,-40.01
"2020-10-08 02:10:34.4",7795121,-10,-10,-10,220,-0.003,-40.01
"2020-10-08 02:10:34.5",7795122,-10,-10,-10,220,-0.003,-40.01
"2020-10-08 02:10:34.6",7795123,-10,-10,-10,220,-0.003,-40.01
"2020-10-08 02:10:34.7",7795124,-10,-10,-10,220,-0.003,-40.01
"2020-10-08 02:10:34.8",7795125,-10,-10,-10,220,-0.003,-40.01
"2020-10-08 02:10:34.9",7795126,-10,-10,-10,220,-0.003,-40.01
"2020-10-08 02:10:35",7795127,-10,-10,-10,220,-0.003,-40.01
"2020-10-08 02:10:35.1",7795128,-10,-10,-10,220,-0.003,-40.01
"2020-10-08 02:10:35.2",7795129,-10,-10,-10,220,-0.003,-40.01
"2020-10-08 02:10:35.3",7795130,-10,-10,-10,220,-0.003,-40.01
"2020-10-08 02:10:35.4",7795131,-10,-10,-10,220,-0.003,-40.01
"2020-10-08 02:10:35.5",7795132,-10,-10,-10,220,-0.003,-40.01
"2020-10-08 02:10:35.6",7795133,-10,-10,-10,220,-0.003,-40.01
"2020-10-08 02:10:35.7",7795134,-10,-10,-10,220,-0.003,-40.01
"2020-10-08 02:10:35.8",7795135,-10,-10,-10,220,-0.003,-40.01
"2020-10-08 02:10:35.9",7795136,-10,-10,-10,220,-0.003,-40.01
"2020-10-08 02:10:36",7795137,-10,-10,-10,220,-0.003,-40.01
"2020-10-08 02:10:36.1",7795138,-10,-10,-10,220,-0.003,-40.01
"2020-10-08 02:10:36.2",7795139,-10,-10,-10,220,-0.003,-40.01
"2020-10-08 02:10:36.3",7795140,-10,-10,-10,220,-0.003,-40.01
"2020-10-08 02:10:36.4",7795141,-10,-10,-10,220,-0.003,-40.01
"2020-10-08 02:10:36.5",7795142,-10,-10,-10,220,-0.003,-40.01
"2020-10-08 02:10:36.6",7795143,-10,-10,-10,220,-0.003,-40.01
"2020-10-08 02:10:36.7",7795144,-10,-10,-10,220,-0.003,-40.01
"2020-10-08 02:10:36.8",7795145,-10,-10,-10,220,-0.003,-40.01
"2020-10-08 02:10:36.9",7795146,-10,-10,-10,220,-0.003,-40.01
"2020-10-08 02:10:37",7795147,-10,-10,-10,220,-0.003,-40.01
"2020-10-08 02:10:37.1",7795148,-10,-10,-10,220,-0.003,-40.01
"2020-10-08 02:10:37.2",7795149,-10,-10,-10,220,-0.003,-40.01
"2020-10-08 02:10:37.3",7795150,-10,-10,-10,220,-0.003,-40.01
"2020-10-08 02:10:37.4",7795151,-10,-10,-10,220,-0.003,-40.01
"2020-10-08 02:10:37.5",7795152,-10,-10,-10,220,-0.003,-40.01
"2020-10-08 02:10:37.6",7795153,-10,-10,-10,220,-0.003,-40.01
"2020-10-08 02:10:37.7",7795154,-10,-10,-10,220,-0.003,-40.01
"2020-10-08 02:10:37.8",7795155,-10,-10,-10,220,-0.003,-40.01
"2020-10-08 02:10:37.9",7795156,-10,-10,-10,220,-0.003,-40.01
"2020-10-08 02:10:38",7795157,-10,-10,-10,220,-0.003,-40.01
"2020-10-08 02:10:38.1",7795158,-10,-10,-10,220,-0.003,-40.01
"2020-10-08 02:10:38.2",7795159,-10,-10,-10,220,-0.003,-40.01
"2020-10-08 02:10:38.3",7795160,-10,-10,-10,220,-0.003,-40.01
"2020-10-08 02:10:38.4",7795161,-10,-10,-10,220,-0.003,-40.01
"2020-10-08 02:10:38.5",7795162,-10,-10,-10,220,-0.003,-40.01
"2020-10-08 02:10:38.6",7795163,-10,-10,-10,220,-0.003,-40.01
"2020-10-08 02:10:38.7",7795164,-10,-10,-10,220,-0.003,-40.01
"2020-10-08 02:10:38.8",7795165,-10,-10,-10,220,-0.003,-40.01
"2020-10-08 02:10:38.9",7795166,-10,-10,-10,220,-0.003,-40.01
"2020-10-08 02:10:39",7795167,-10,-10,-10,220,-0.003,-40.01
"2020-10-08 02:10:39.1",7795168,-10,-10,-10,220,-0.003,-40.01
"2020-10-08 02:10:39.2",7795169,-10,-10,-10,220,-0.003,-40.01
"2020-10-08 02:10:39.3",7795170,-10,-10,-10,220,-0.003,-40.01
"2020-10-08 02:10:39.4",7795171,-10,-10,-10,220,-0.003,-40.01
"2020-10-08 02:10:39.5",7795172,-10,-10,-10,220,-0.003,-40.01
"2020-10-08 02:10:39.6",7795173,-10,-10,-10,220,-0.003,-40.01
"2020-10-08 02:10:39.7",7795174,-10,-10,-10,220,-0.003,-40.01
"2020-10-08 02:10:39.8",7795175,-10,-10,-10,220,-0.003,-40.01
"2020-10-08 02:10:39.9",7795176,-10,-10,-10,220,-0.003,-40.01
"2020-10-08 02:10:40",7795177,-10,-10,-10,220,-0.003,-40.01
"2020-10-08 02:10:40.1",7795178,-10,-10,-10,220,-0.003,-40.01
"2020-10-08 02:10:40.2",7795179,-10,-10,-10,220,-0.003,-40.01
"2020-10-08 02:10:40.3",7795180,-10,-10,-10,220,-0.003,-40.01
"2020-10-08 02:10:40.4",7795181,-10,-10,-10,220,-0.003,-40.01
"2020-10-08 02:10:40.5",7795182,-10,-10,-10,220,-0.003,-40.01
"2020-10-08 02:10:40.6",7795183,-10,-10,-10,220,-0.003,-40.01
"2020-10-08 02:10:40.7",7795184,-10,-10,-10,220,-0.003,-40.01
"2020-10-08 02:10:40.8",7795185,-10,-10,-10,220,-0.003,-40.01
"2020-10-08 02:10:40.9",7795186,-10,-10,-10,220,-0.003,-40.01
"2020-10-08 02:10:41",7795187,-10,-10,-10,220,-0.003,-40.01
"2020-10-08 02:10:41.1",7795188,-10,-10,-10,220,-0.003,-40.01
"2020-10-08 02:10:41.2",7795189,-10,-10,-10,220,-0.003,-40.01
"2020-10-08 02:10:41.3",7795190,-10,-10,-10,220,-0.003,-40.01
"2020-10-08 02:10:41.4",7795191,-10,-10,-10,220,-0.003,-40.01
"2020-10-08 02:10:41.5",7795192,-10,-10,-10,220,-0.003,-40.01
"2020-10-08 02:10:41.6",7795193,-10,-10,-10,220,-0.003,-40.01
"2020-10-08 02:10:41.7",7795194,-10,-10,-10,220,-0.003,-40.01
"2020-10-08 02:10:41.8",7795195,-10,-10,-10,220,-0.003,-40.01
"2020-10-08 02:10:41.9",7795196,-10,-10,-10,220,-0.003,-40.01
"2020-10-08 02:10:42",7795197,-10,-10,-10,220,-0.003,-40.01
"2020-10-08 02:10:42.1",7795198,-10,-10,-10,220,-0.003,-40.01
"2020-10-08 02:10:42.2",7795199,-10,-10,-10,220,-0.003,-40.01
"2020-10-08 02:10:42.3",7795200,-10,-10,-10,220,-0.003,-40.01
"2020-10-08 02:10:42.4",7795201,-10,-10,-10,220,-0.003,-40.01
"2020-10-08 02:10:42.5",7795202,-10,-10,-10,220,-0.003,-40.01
"2020-10-08 02:10:42.6",7795203,-10,-10,-10,220,-0.003,-40.01
"2020-10-08 02:10:42.7",7795204,-10,-10,-10,220,-0.003,-40.01
"2020-10-08 02:10:42.8",7795205,-10,-10,-10,220,-0.003,-40.01
"2020-10-08 02:10:42.9",7795206,-10,-10,-10,220,-0.003,-40.01
"2020-10-08 02:10:43",7795207,-10,-10,-10,220,-0.003,-40.01
"2020-10-08 02:10:43.1",7795208,-10,-10,-10,220,-0.003,-40.01
"2020-10-08 02:10:43.2",7795209,-10,-10,-10,220,-0.003,-40.01
"2020-10-08 02:10:43.3",7795210,-10,-10,-10,220,-0.003,-40.01
"2020-10-08 02:10:43.4",7795211,-10,-10,-10,220,-0.003,-40.01
"2020-10-08 02:10:43.5",7795212,-10,-10,-10,220,-0.003,-40.01
"2020-10-08 02:10:43.6",7795213,-10,-10,-10,220,-0.003,-40.01
"2020-10-08 02:10:43.7",7795214,-10,-10,-10,220,-0.003,-40.01
"2020-10-08 02:10:43.8",7795215,-10,-10,-10,220,-0.003,-40.01
"2020-10-08 02:10:43.9",7795216,-10,-10,-10,220,-0.003,-40.01
"2020-10-08 02:10:44",7795217,-10,-10,-10,220,-0.003,-40.01
"2020-10-08 02:10:44.1",7795218,-10,-10,-10,220,-0.003,-40.01
"2020-10-08 02:10:44.2",7795219,-10,-10,-10,220,-0.003,-40.01
"2020-10-08 02:10:44.3",7795220,-10,-10,-10,220,-0.003,-40.01
"2020-10-08 02:10:44.4",7795221,-10,-10,-10,220,-0.003,-40.01
"2020-10-08 02:10:44.5",7795222,-10,-10,-10,220,-0.003,-40.01
"2020-10-08 02:10:44.6",7795223,-10,-10,-10,220,-0.003,-40.01
"2020-10-08 02:10:44.7",7795224,-10,-10,-10,220,-0.003,-40.01
"2020-10-08 02:10:44.8",7795225,-10,-10,-10,220,-0.003,-40.01
"2020-10-08 02:10:44.9",7795226,-10,-10,-10,220,-0.003,-40.01
"2020-10-08 02:10:45",7795227,-10,-10,-10,220,-0.003,-40.01
"2020-10-08 02:10:45.1",7795228,-10,-10,-10,220,-0.003,-40.01
"2020-10-08 02:10:45.2",7795229,-10,-10,-10,220,-0.003,-40.01
"2020-10-08 02:10:45.3",7795230,-10,-10,-10,220,-0.003,-40.01
"2020-10-08 02:10:45.4",7795231,-10,-10,-10,220,-0.003,-40.01
"2020-10-08 02:10:45.5",7795232,-10,-10,-10,220,-0.003,-40.01
"2020-10-08 02:10:45.6",7795233,-10,-10,-10,220,-0.003,-40.01
"2020-10-08 02:10:45.7",7795234,-10,-10,-10,220,-0.003,-40.01
"2020-10-08 02:10:45.8",7795235,-10,-10,-10,220,-0.003,-40.01
"2020-10-08 02:10:45.9",7795236,-10,-10,-10,220,-0.003,-40.01
"2020-10-08 02:10:46",7795237,-10,-10,-10,220,-0.003,-40.01
"2020-10-08 02:10:46.1",7795238,-10,-10,-10,220,-0.003,-40.01
"2020-10-08 02:10:46.2",7795239,-10,-10,-10,220,-0.003,-40.01
"2020-10-08 02:10:46.3",7795240,-10,-10,-10,220,-0.003,-40.01
"2020-10-08 02:10:46.4",7795241,-10,-10,-10,220,-0.003,-40.01
"2020-10-08 02:10:46.5",7795242,-10,-10,-10,220,-0.003,-40.01
"2020-10-08 02:10:46.6",7795243,-10,-10,-10,220,-0.003,-40.01
"2020-10-08 02:10:46.7",7795244,-10,-10,-10,220,-0.003,-40.01
"2020-10-08 02:10:46.8",7795245,-10,-10,-10,220,-0.003,-40.01
"2020-10-08 02:10:46.9",7795246,-10,-10,-10,220,-0.003,-40.01
"2020-10-08 02:10:47",7795247,-10,-10,-10,220,-0.003,-40.01
"2020-10-08 02:10:47.1",7795248,-10,-10,-10,220,-0.003,-40.01
"2020-10-08 02:10:47.2",7795249,-10,-10,-10,220,-0.003,-40.01
"2020-10-08 02:10:47.3",7795250,-10,-10,-10,220,-0.003,-40.01
"2020-10-08 02:10:47.4",7795251,-10,-10,-10,220,-0.003,-40.01
"2020-10-08 02:10:47.5",7795252,-10,-10,-10,220,-0.003,-40.01
"2020-10-08 02:10:47.6",7795253,-10,-10,-10,220,-0.003,-40.01
"2020-10-08 02:10:47.7",7795254,-10,-10,-10,220,-0.003,-40.01
"2020-10-08 02:10:47.8",7795255,-10,-10,-10,220,-0.003,-40.01
"2020-10-08 02:10:47.9",7795256,-10,-10,-10,220,-0.003,-40.01
"2020-10-08 02:10:48",7795257,-10,-10,-10,220,-0.003,-40.01
"2020-10-08 02:10:48.1",7795258,-10,-10,-10,220,-0.003,-40.01
"2020-10-08 02:10:48.2",7795259,-10,-10,-10,220,-0.003,-40.01
"2020-10-08 02:10:48.3",7795260,-10,-10,-10,220,-0.003,-40.01
"2020-10-08 02:10:48.4",7795261,-10,-10,-10,220,-0.003,-40.01
"2020-10-08 02:10:48.5",7795262,-10,-10,-10,220,-0.003,-40.01
"2020-10-08 02:10:48.6",7795263,-10,-10,-10,220,-0.003,-40.01
"2020-10-08 02:10:48.7",7795264,-10,-10,-10,220,-0.003,-40.01
"2020-10-08 02:10:48.8",7795265,-10,-10,-10,220,-0.003,-40.01
"2020-10-08 02:10:48.9",7795266,-10,-10,-10,220,-0.003,-40.01
"2020-10-08 02:10:49",7795267,-10,-10,-10,220,-0.003,-40.01
"2020-10-08 02:10:49.1",7795268,-10,-10,-10,220,-0.003,-40.01
"2020-10-08 02:10:49.2",7795269,-10,-10,-10,220,-0.003,-40.01
"2020-10-08 02:10:49.3",7795270,-10,-10,-10,220,-0.003,-40.01
"2020-10-08 02:10:49.4",7795271,-10,-10,-10,220,-0.003,-40.01
"2020-10-08 02:10:49.5",7795272,-10,-10,-10,220,-0.003,-40.01
"2020-10-08 02:10:49.6",7795273,-10,-10,-10,220,-0.003,-40.01
"2020-10-08 02:10:49.7",7795274,-10,-10,-10,220,-0.003,-40.01
"2020-10-08 02:10:49.8",7795275,-10,-10,-10,220,-0.003,-40.01
"2020-10-08 02:10:49.9",7795276,-10,-10,-10,220,-0.003,-40.01
"2020-10-08 02:10:50",7795277,-10,-10,-10,220,-0.003,-40.01
"2020-10-08 02:10:50.1",7795278,-10,-10,-10,220,-0.003,-40.01
"2020-10-08 02:10:50.2",7795279,-10,-10,-10,220,-0.003,-40.01
"2020-10-08 02:10:50.3",7795280,-10,-10,-10,220,-0.003,-40.01
"2020-10-08 02:10:50.4",7795281,-10,-10,-10,220,-0.003,-40.01
"2020-10-08 02:10:50.5",7795282,-10,-10,-10,220,-0.003,-40.01
"2020-10-08 02:10:50.6",7795283,-10,-10,-10,220,-0.003,-40.01
"2020-10-08 02:10:50.7",7795284,-10,-10,-10,220,-0.003,-40.01
"2020-10-08 02:10:50.8",7795285,-10,-10,-10,220,-0.003,-40.01
"2020-10-08 02:10:50.9",7795286,-10,-10,-10,220,-0.003,-40.01
