"TOA5","10329","CR6","10329","CR6.Std.09.01 CR6-WIFI.04.00.01","CPU:YOUNG81000_HMP60_10Hz.CR6","51185","Young10Hz_hmp"
"TIMESTAMP","RECORD","U","V","W","TSonic","RH","T_HMP60"
"TS","RN","mV","mV","mV","mV","%","Deg C"
"","","Smp","Smp","Smp","Smp","Smp","Smp"
"2020-10-05 09:09:51",5454687,-10,-10,-10,220,-0.004,-40
"2020-10-05 09:09:51.1",5454688,-10,-10,-10,220,-0.004,-40
"2020-10-05 09:09:51.2",5454689,-10,-10,-10,220,-0.004,-40
"2020-10-05 09:09:51.3",5454690,-10,-10,-10,220,-0.004,-40
"2020-10-05 09:09:51.4",5454691,-10,-10,-10,220,-0.004,-40
"2020-10-05 09:09:51.5",5454692,-10,-10,-10,220,-0.004,-40
"2020-10-05 09:09:51.6",5454693,-10,-10,-10,220,-0.004,-40
"2020-10-05 09:09:51.7",5454694,-10,-10,-10,220,-0.004,-40
"2020-10-05 09:09:51.8",5454695,-10,-10,-10,220,-0.004,-40
"2020-10-05 09:09:51.9",5454696,-10,-10,-10,220,-0.004,-40
"2020-10-05 09:09:52",5454697,-10,-10,-10,220,-0.004,-40
"2020-10-05 09:09:52.1",5454698,-10,-10,-10,220,-0.004,-40
"2020-10-05 09:09:52.2",5454699,-10,-10,-10,220,-0.004,-40
"2020-10-05 09:09:52.3",5454700,-10,-10,-10,220,-0.004,-40
"2020-10-05 09:09:52.4",5454701,-10,-10,-10,220,-0.004,-40
"2020-10-05 09:09:52.5",5454702,-10,-10,-10,220,-0.004,-40
"2020-10-05 09:09:52.6",5454703,-10,-10,-10,220,-0.004,-40
"2020-10-05 09:09:52.7",5454704,-10,-10,-10,220,-0.004,-40
"2020-10-05 09:09:52.8",5454705,-10,-10,-10,220,-0.004,-40
"2020-10-05 09:09:52.9",5454706,-10,-10,-10,220,-0.004,-40
"2020-10-05 09:09:53",5454707,-10,-10,-10,220,-0.004,-40
"2020-10-05 09:09:53.1",5454708,-10,-10,-10,220,-0.004,-40
"2020-10-05 09:09:53.2",5454709,-10,-10,-10,220,-0.004,-40
"2020-10-05 09:09:53.3",5454710,-10,-10,-10,220,-0.004,-40
"2020-10-05 09:09:53.4",5454711,-10,-10,-10,220,-0.004,-40
"2020-10-05 09:09:53.5",5454712,-10,-10,-10,220,-0.004,-40
"2020-10-05 09:09:53.6",5454713,-10,-10,-10,220,-0.004,-40
"2020-10-05 09:09:53.7",5454714,-10,-10,-10,220,-0.004,-40
"2020-10-05 09:09:53.8",5454715,-10,-10,-10,220,-0.004,-40
"2020-10-05 09:09:53.9",5454716,-10,-10,-10,220,-0.004,-40
"2020-10-05 09:09:54",5454717,-10,-10,-10,220,-0.004,-40
"2020-10-05 09:09:54.1",5454718,-10,-10,-10,220,-0.004,-40
"2020-10-05 09:09:54.2",5454719,-10,-10,-10,220,-0.004,-40
"2020-10-05 09:09:54.3",5454720,-10,-10,-10,220,-0.004,-40
"2020-10-05 09:09:54.4",5454721,-10,-10,-10,220,-0.004,-40
"2020-10-05 09:09:54.5",5454722,-10,-10,-10,220,-0.004,-40
"2020-10-05 09:09:54.6",5454723,-10,-10,-10,220,-0.004,-40
"2020-10-05 09:09:54.7",5454724,-10,-10,-10,220,-0.004,-40
"2020-10-05 09:09:54.8",5454725,-10,-10,-10,220,-0.004,-40
"2020-10-05 09:09:54.9",5454726,-10,-10,-10,220,-0.004,-40
"2020-10-05 09:09:55",5454727,-10,-10,-10,220,-0.004,-40
"2020-10-05 09:09:55.1",5454728,-10,-10,-10,220,-0.004,-40
"2020-10-05 09:09:55.2",5454729,-10,-10,-10,220,-0.004,-40
"2020-10-05 09:09:55.3",5454730,-10,-10,-10,220,-0.004,-40
"2020-10-05 09:09:55.4",5454731,-10,-10,-10,220,-0.004,-40
"2020-10-05 09:09:55.5",5454732,-10,-10,-10,220,-0.004,-40
"2020-10-05 09:09:55.6",5454733,-10,-10,-10,220,-0.004,-40
"2020-10-05 09:09:55.7",5454734,-10,-10,-10,220,-0.004,-40
"2020-10-05 09:09:55.8",5454735,-10,-10,-10,220,-0.004,-40
"2020-10-05 09:09:55.9",5454736,-10,-10,-10,220,-0.004,-40
"2020-10-05 09:09:56",5454737,-10,-10,-10,220,-0.004,-40
"2020-10-05 09:09:56.1",5454738,-10,-10,-10,220,-0.004,-40
"2020-10-05 09:09:56.2",5454739,-10,-10,-10,220,-0.004,-40
"2020-10-05 09:09:56.3",5454740,-10,-10,-10,220,-0.004,-40
"2020-10-05 09:09:56.4",5454741,-10,-10,-10,220,-0.004,-40
"2020-10-05 09:09:56.5",5454742,-10,-10,-10,220,-0.004,-40
"2020-10-05 09:09:56.6",5454743,-10,-10,-10,220,-0.004,-40
"2020-10-05 09:09:56.7",5454744,-10,-10,-10,220,-0.004,-40
"2020-10-05 09:09:56.8",5454745,-10,-10,-10,220,-0.004,-40
"2020-10-05 09:09:56.9",5454746,-10,-10,-10,220,-0.004,-40
"2020-10-05 09:09:57",5454747,-10,-10,-10,220,-0.004,-40
"2020-10-05 09:09:57.1",5454748,-10,-10,-10,220,-0.004,-40
"2020-10-05 09:09:57.2",5454749,-10,-10,-10,220,-0.004,-40
"2020-10-05 09:09:57.3",5454750,-10,-10,-10,220,-0.004,-40
"2020-10-05 09:09:57.4",5454751,-10,-10,-10,220,-0.004,-40
"2020-10-05 09:09:57.5",5454752,-10,-10,-10,220,-0.004,-40
"2020-10-05 09:09:57.6",5454753,-10,-10,-10,220,-0.004,-40
"2020-10-05 09:09:57.7",5454754,-10,-10,-10,220,-0.004,-40
"2020-10-05 09:09:57.8",5454755,-10,-10,-10,220,-0.004,-40
"2020-10-05 09:09:57.9",5454756,-10,-10,-10,220,-0.004,-40
"2020-10-05 09:09:58",5454757,-10,-10,-10,220,-0.004,-40
"2020-10-05 09:09:58.1",5454758,-10,-10,-10,220,-0.004,-40
"2020-10-05 09:09:58.2",5454759,-10,-10,-10,220,-0.004,-40
"2020-10-05 09:09:58.3",5454760,-10,-10,-10,220,-0.004,-40
"2020-10-05 09:09:58.4",5454761,-10,-10,-10,220,-0.004,-40
"2020-10-05 09:09:58.5",5454762,-10,-10,-10,220,-0.004,-40
"2020-10-05 09:09:58.6",5454763,-10,-10,-10,220,-0.004,-40
"2020-10-05 09:09:58.7",5454764,-10,-10,-10,220,-0.004,-40
"2020-10-05 09:09:58.8",5454765,-10,-10,-10,220,-0.004,-40
"2020-10-05 09:09:58.9",5454766,-10,-10,-10,220,-0.004,-40
"2020-10-05 09:09:59",5454767,-10,-10,-10,220,-0.004,-40
"2020-10-05 09:09:59.1",5454768,-10,-10,-10,220,-0.004,-40
"2020-10-05 09:09:59.2",5454769,-10,-10,-10,220,-0.004,-40
"2020-10-05 09:09:59.3",5454770,-10,-10,-10,220,-0.004,-40
"2020-10-05 09:09:59.4",5454771,-10,-10,-10,220,-0.004,-40
"2020-10-05 09:09:59.5",5454772,-10,-10,-10,220,-0.004,-40
"2020-10-05 09:09:59.6",5454773,-10,-10,-10,220,-0.004,-40
"2020-10-05 09:09:59.7",5454774,-10,-10,-10,220,-0.004,-40
"2020-10-05 09:09:59.8",5454775,-10,-10,-10,220,-0.004,-40
"2020-10-05 09:09:59.9",5454776,-10,-10,-10,220,-0.004,-40
"2020-10-05 09:10:00",5454777,-10,-10,-10,220,-0.004,-40
"2020-10-05 09:10:00.1",5454778,-10,-10,-10,220,-0.008,-40.02
"2020-10-05 09:10:00.2",5454779,-10,-10,-10,220,-0.008,-40.02
"2020-10-05 09:10:00.3",5454780,-10,-10,-10,220,-0.004,-40
"2020-10-05 09:10:00.4",5454781,-10,-10,-10,220,-0.004,-40
"2020-10-05 09:10:00.5",5454782,-10,-10,-10,220,-0.004,-40
"2020-10-05 09:10:00.6",5454783,-10,-10,-10,220,-0.004,-40
"2020-10-05 09:10:00.7",5454784,-10,-10,-10,220,-0.004,-40
"2020-10-05 09:10:00.8",5454785,-10,-10,-10,220,-0.004,-40
"2020-10-05 09:10:00.9",5454786,-10,-10,-10,220,-0.004,-40
"2020-10-05 09:10:01",5454787,-10,-10,-10,220,-0.004,-40
"2020-10-05 09:10:01.1",5454788,-10,-10,-10,220,-0.004,-40
"2020-10-05 09:10:01.2",5454789,-10,-10,-10,220,-0.004,-40
"2020-10-05 09:10:01.3",5454790,-10,-10,-10,220,-0.004,-40
"2020-10-05 09:10:01.4",5454791,-10,-10,-10,220,-0.004,-40
"2020-10-05 09:10:01.5",5454792,-10,-10,-10,220,-0.004,-40
"2020-10-05 09:10:01.6",5454793,-10,-10,-10,220,-0.004,-40
"2020-10-05 09:10:01.7",5454794,-10,-10,-10,220,-0.004,-40
"2020-10-05 09:10:01.8",5454795,-10,-10,-10,220,-0.004,-40
"2020-10-05 09:10:01.9",5454796,-10,-10,-10,220,-0.004,-40
"2020-10-05 09:10:02",5454797,-10,-10,-10,220,-0.004,-40
"2020-10-05 09:10:02.1",5454798,-10,-10,-10,220,-0.004,-40
"2020-10-05 09:10:02.2",5454799,-10,-10,-10,220,-0.004,-40
"2020-10-05 09:10:02.3",5454800,-10,-10,-10,220,-0.004,-40
"2020-10-05 09:10:02.4",5454801,-10,-10,-10,220,-0.004,-40
"2020-10-05 09:10:02.5",5454802,-10,-10,-10,220,-0.004,-40
"2020-10-05 09:10:02.6",5454803,-10,-10,-10,220,-0.004,-40
"2020-10-05 09:10:02.7",5454804,-10,-10,-10,220,-0.004,-40
"2020-10-05 09:10:02.8",5454805,-10,-10,-10,220,-0.004,-40
"2020-10-05 09:10:02.9",5454806,-10,-10,-10,220,-0.004,-40
"2020-10-05 09:10:03",5454807,-10,-10,-10,220,-0.004,-40
"2020-10-05 09:10:03.1",5454808,-10,-10,-10,220,-0.004,-40
"2020-10-05 09:10:03.2",5454809,-10,-10,-10,220,-0.004,-40
"2020-10-05 09:10:03.3",5454810,-10,-10,-10,220,-0.004,-40
"2020-10-05 09:10:03.4",5454811,-10,-10,-10,220,-0.004,-40
"2020-10-05 09:10:03.5",5454812,-10,-10,-10,220,-0.004,-40
"2020-10-05 09:10:03.6",5454813,-10,-10,-10,220,-0.004,-40
"2020-10-05 09:10:03.7",5454814,-10,-10,-10,220,-0.004,-40
"2020-10-05 09:10:03.8",5454815,-10,-10,-10,220,-0.004,-40
"2020-10-05 09:10:03.9",5454816,-10,-10,-10,220,-0.004,-40
"2020-10-05 09:10:04",5454817,-10,-10,-10,220,-0.004,-40
"2020-10-05 09:10:04.1",5454818,-10,-10,-10,220,-0.004,-40
"2020-10-05 09:10:04.2",5454819,-10,-10,-10,220,-0.004,-40
"2020-10-05 09:10:04.3",5454820,-10,-10,-10,220,-0.004,-40
"2020-10-05 09:10:04.4",5454821,-10,-10,-10,220,-0.004,-40
"2020-10-05 09:10:04.5",5454822,-10,-10,-10,220,-0.004,-40
"2020-10-05 09:10:04.6",5454823,-10,-10,-10,220,-0.004,-40
"2020-10-05 09:10:04.7",5454824,-10,-10,-10,220,-0.004,-40
"2020-10-05 09:10:04.8",5454825,-10,-10,-10,220,-0.004,-40
"2020-10-05 09:10:04.9",5454826,-10,-10,-10,220,-0.004,-40
"2020-10-05 09:10:05",5454827,-10,-10,-10,220,-0.004,-40
"2020-10-05 09:10:05.1",5454828,-10,-10,-10,220,-0.004,-40
"2020-10-05 09:10:05.2",5454829,-10,-10,-10,220,-0.004,-40
"2020-10-05 09:10:05.3",5454830,-10,-10,-10,220,-0.004,-40
"2020-10-05 09:10:05.4",5454831,-10,-10,-10,220,-0.004,-40
"2020-10-05 09:10:05.5",5454832,-10,-10,-10,220,-0.004,-40
"2020-10-05 09:10:05.6",5454833,-10,-10,-10,220,-0.004,-40
"2020-10-05 09:10:05.7",5454834,-10,-10,-10,220,-0.004,-40
"2020-10-05 09:10:05.8",5454835,-10,-10,-10,220,-0.004,-40
"2020-10-05 09:10:05.9",5454836,-10,-10,-10,220,-0.004,-40
"2020-10-05 09:10:06",5454837,-10,-10,-10,220,-0.004,-40
"2020-10-05 09:10:06.1",5454838,-10,-10,-10,220,-0.004,-40
"2020-10-05 09:10:06.2",5454839,-10,-10,-10,220,-0.004,-40
"2020-10-05 09:10:06.3",5454840,-10,-10,-10,220,-0.004,-40
"2020-10-05 09:10:06.4",5454841,-10,-10,-10,220,-0.004,-40
"2020-10-05 09:10:06.5",5454842,-10,-10,-10,220,-0.004,-40
"2020-10-05 09:10:06.6",5454843,-10,-10,-10,220,-0.004,-40
"2020-10-05 09:10:06.7",5454844,-10,-10,-10,220,-0.004,-40
"2020-10-05 09:10:06.8",5454845,-10,-10,-10,220,-0.004,-40
"2020-10-05 09:10:06.9",5454846,-10,-10,-10,220,-0.004,-40
"2020-10-05 09:10:07",5454847,-10,-10,-10,220,-0.004,-40
"2020-10-05 09:10:07.1",5454848,-10,-10,-10,220,-0.004,-40
"2020-10-05 09:10:07.2",5454849,-10,-10,-10,220,-0.004,-40
"2020-10-05 09:10:07.3",5454850,-10,-10,-10,220,-0.004,-40
"2020-10-05 09:10:07.4",5454851,-10,-10,-10,220,-0.004,-40
"2020-10-05 09:10:07.5",5454852,-10,-10,-10,220,-0.004,-40
"2020-10-05 09:10:07.6",5454853,-10,-10,-10,220,-0.004,-40
"2020-10-05 09:10:07.7",5454854,-10,-10,-10,220,-0.004,-40
"2020-10-05 09:10:07.8",5454855,-10,-10,-10,220,-0.004,-40
"2020-10-05 09:10:07.9",5454856,-10,-10,-10,220,-0.004,-40
"2020-10-05 09:10:08",5454857,-10,-10,-10,220,-0.004,-40
"2020-10-05 09:10:08.1",5454858,-10,-10,-10,220,-0.004,-40
"2020-10-05 09:10:08.2",5454859,-10,-10,-10,220,-0.004,-40
"2020-10-05 09:10:08.3",5454860,-10,-10,-10,220,-0.004,-40
"2020-10-05 09:10:08.4",5454861,-10,-10,-10,220,-0.004,-40
"2020-10-05 09:10:08.5",5454862,-10,-10,-10,220,-0.004,-40
"2020-10-05 09:10:08.6",5454863,-10,-10,-10,220,-0.004,-40
"2020-10-05 09:10:08.7",5454864,-10,-10,-10,220,-0.004,-40
"2020-10-05 09:10:08.8",5454865,-10,-10,-10,220,-0.004,-40
"2020-10-05 09:10:08.9",5454866,-10,-10,-10,220,-0.004,-40
"2020-10-05 09:10:09",5454867,-10,-10,-10,220,-0.004,-40
"2020-10-05 09:10:09.1",5454868,-10,-10,-10,220,-0.004,-40
"2020-10-05 09:10:09.2",5454869,-10,-10,-10,220,-0.004,-40
"2020-10-05 09:10:09.3",5454870,-10,-10,-10,220,-0.004,-40
"2020-10-05 09:10:09.4",5454871,-10,-10,-10,220,-0.004,-40
"2020-10-05 09:10:09.5",5454872,-10,-10,-10,220,-0.004,-40
"2020-10-05 09:10:09.6",5454873,-10,-10,-10,220,-0.004,-40
"2020-10-05 09:10:09.7",5454874,-10,-10,-10,220,-0.004,-40
"2020-10-05 09:10:09.8",5454875,-10,-10,-10,220,-0.004,-40
"2020-10-05 09:10:09.9",5454876,-10,-10,-10,220,-0.004,-40
"2020-10-05 09:10:10",5454877,-10,-10,-10,220,-0.004,-40
"2020-10-05 09:10:10.1",5454878,-10,-10,-10,220,-0.004,-40
"2020-10-05 09:10:10.2",5454879,-10,-10,-10,220,-0.004,-40
"2020-10-05 09:10:10.3",5454880,-10,-10,-10,220,-0.004,-40
"2020-10-05 09:10:10.4",5454881,-10,-10,-10,220,-0.004,-40
"2020-10-05 09:10:10.5",5454882,-10,-10,-10,220,-0.004,-40
"2020-10-05 09:10:10.6",5454883,-10,-10,-10,220,-0.004,-40
"2020-10-05 09:10:10.7",5454884,-10,-10,-10,220,-0.004,-40
"2020-10-05 09:10:10.8",5454885,-10,-10,-10,220,-0.005,-40
"2020-10-05 09:10:10.9",5454886,-10,-10,-10,220,-0.004,-40
"2020-10-05 09:10:11",5454887,-10,-10,-10,220,-0.004,-40
"2020-10-05 09:10:11.1",5454888,-10,-10,-10,220,-0.004,-40
"2020-10-05 09:10:11.2",5454889,-10,-10,-10,220,-0.004,-40
"2020-10-05 09:10:11.3",5454890,-10,-10,-10,220,-0.005,-40
"2020-10-05 09:10:11.4",5454891,-10,-10,-10,220,-0.005,-40
"2020-10-05 09:10:11.5",5454892,-10,-10,-10,220,-0.004,-40
"2020-10-05 09:10:11.6",5454893,-10,-10,-10,220,-0.004,-40
"2020-10-05 09:10:11.7",5454894,-10,-10,-10,220,-0.005,-40
"2020-10-05 09:10:11.8",5454895,-10,-10,-10,220,-0.004,-40
"2020-10-05 09:10:11.9",5454896,-10,-10,-10,220,-0.004,-40
"2020-10-05 09:10:12",5454897,-10,-10,-10,220,-0.004,-40
"2020-10-05 09:10:12.1",5454898,-10,-10,-10,220,-0.004,-40
"2020-10-05 09:10:12.2",5454899,-10,-10,-10,220,-0.005,-40
"2020-10-05 09:10:12.3",5454900,-10,-10,-10,220,-0.004,-40
"2020-10-05 09:10:12.4",5454901,-10,-10,-10,220,-0.005,-40
"2020-10-05 09:10:12.5",5454902,-10,-10,-10,220,-0.004,-40
"2020-10-05 09:10:12.6",5454903,-10,-10,-10,220,-0.004,-40
"2020-10-05 09:10:12.7",5454904,-10,-10,-10,220,-0.004,-40
"2020-10-05 09:10:12.8",5454905,-10,-10,-10,220,-0.004,-40
"2020-10-05 09:10:12.9",5454906,-10,-10,-10,220,-0.004,-40
"2020-10-05 09:10:13",5454907,-10,-10,-10,220,-0.004,-40
"2020-10-05 09:10:13.1",5454908,-10,-10,-10,220,-0.004,-40
"2020-10-05 09:10:13.2",5454909,-10,-10,-10,220,-0.004,-40
"2020-10-05 09:10:13.3",5454910,-10,-10,-10,220,-0.004,-40
"2020-10-05 09:10:13.4",5454911,-10,-10,-10,220,-0.004,-40
"2020-10-05 09:10:13.5",5454912,-10,-10,-10,220,-0.004,-40
"2020-10-05 09:10:13.6",5454913,-10,-10,-10,220,-0.004,-40
"2020-10-05 09:10:13.7",5454914,-10,-10,-10,220,-0.004,-40
"2020-10-05 09:10:13.8",5454915,-10,-10,-10,220,-0.004,-40
"2020-10-05 09:10:13.9",5454916,-10,-10,-10,220,-0.004,-40
"2020-10-05 09:10:14",5454917,-10,-10,-10,220,-0.004,-40
"2020-10-05 09:10:14.1",5454918,-10,-10,-10,220,-0.004,-40
"2020-10-05 09:10:14.2",5454919,-10,-10,-10,220,-0.004,-40
"2020-10-05 09:10:14.3",5454920,-10,-10,-10,220,-0.004,-40
"2020-10-05 09:10:14.4",5454921,-10,-10,-10,220,-0.004,-40
"2020-10-05 09:10:14.5",5454922,-10,-10,-10,220,-0.004,-40
"2020-10-05 09:10:14.6",5454923,-10,-10,-10,220,-0.004,-40
"2020-10-05 09:10:14.7",5454924,-10,-10,-10,220,-0.004,-40
"2020-10-05 09:10:14.8",5454925,-10,-10,-10,220,-0.004,-40
"2020-10-05 09:10:14.9",5454926,-10,-10,-10,220,-0.004,-40
"2020-10-05 09:10:15",5454927,-10,-10,-10,220,-0.004,-40
"2020-10-05 09:10:15.1",5454928,-10,-10,-10,220,-0.004,-40
"2020-10-05 09:10:15.2",5454929,-10,-10,-10,220,-0.004,-40
"2020-10-05 09:10:15.3",5454930,-10,-10,-10,220,-0.004,-40
"2020-10-05 09:10:15.4",5454931,-10,-10,-10,220,-0.004,-40
"2020-10-05 09:10:15.5",5454932,-10,-10,-10,220,-0.004,-40
"2020-10-05 09:10:15.6",5454933,-10,-10,-10,220,-0.004,-40
"2020-10-05 09:10:15.7",5454934,-10,-10,-10,220,-0.004,-40
"2020-10-05 09:10:15.8",5454935,-10,-10,-10,220,-0.004,-40
"2020-10-05 09:10:15.9",5454936,-10,-10,-10,220,-0.004,-40
"2020-10-05 09:10:16",5454937,-10,-10,-10,220,-0.004,-40
"2020-10-05 09:10:16.1",5454938,-10,-10,-10,220,-0.004,-40
"2020-10-05 09:10:16.2",5454939,-10,-10,-10,220,-0.004,-40
"2020-10-05 09:10:16.3",5454940,-10,-10,-10,220,-0.004,-40
"2020-10-05 09:10:16.4",5454941,-10,-10,-10,220,-0.004,-40
"2020-10-05 09:10:16.5",5454942,-10,-10,-10,220,-0.004,-40
"2020-10-05 09:10:16.6",5454943,-10,-10,-10,220,-0.004,-40
"2020-10-05 09:10:16.7",5454944,-10,-10,-10,220,-0.004,-40
"2020-10-05 09:10:16.8",5454945,-10,-10,-10,220,-0.004,-40
"2020-10-05 09:10:16.9",5454946,-10,-10,-10,220,-0.004,-40
"2020-10-05 09:10:17",5454947,-10,-10,-10,220,-0.004,-40
"2020-10-05 09:10:17.1",5454948,-10,-10,-10,220,-0.004,-40
"2020-10-05 09:10:17.2",5454949,-10,-10,-10,220,-0.004,-40
"2020-10-05 09:10:17.3",5454950,-10,-10,-10,220,-0.004,-40
"2020-10-05 09:10:17.4",5454951,-10,-10,-10,220,-0.004,-40
"2020-10-05 09:10:17.5",5454952,-10,-10,-10,220,-0.004,-40
"2020-10-05 09:10:17.6",5454953,-10,-10,-10,220,-0.004,-40
"2020-10-05 09:10:17.7",5454954,-10,-10,-10,220,-0.004,-40
"2020-10-05 09:10:17.8",5454955,-10,-10,-10,220,-0.004,-40
"2020-10-05 09:10:17.9",5454956,-10,-10,-10,220,-0.004,-40
"2020-10-05 09:10:18",5454957,-10,-10,-10,220,-0.004,-40
"2020-10-05 09:10:18.1",5454958,-10,-10,-10,220,-0.004,-40
"2020-10-05 09:10:18.2",5454959,-10,-10,-10,220,-0.004,-40
"2020-10-05 09:10:18.3",5454960,-10,-10,-10,220,-0.004,-40
"2020-10-05 09:10:18.4",5454961,-10,-10,-10,220,-0.004,-40
"2020-10-05 09:10:18.5",5454962,-10,-10,-10,220,-0.004,-40
"2020-10-05 09:10:18.6",5454963,-10,-10,-10,220,-0.004,-40
"2020-10-05 09:10:18.7",5454964,-10,-10,-10,220,-0.004,-40
"2020-10-05 09:10:18.8",5454965,-10,-10,-10,220,-0.004,-40
"2020-10-05 09:10:18.9",5454966,-10,-10,-10,220,-0.004,-40
"2020-10-05 09:10:19",5454967,-10,-10,-10,220,-0.004,-40
"2020-10-05 09:10:19.1",5454968,-10,-10,-10,220,-0.004,-40
"2020-10-05 09:10:19.2",5454969,-10,-10,-10,220,-0.004,-40
"2020-10-05 09:10:19.3",5454970,-10,-10,-10,220,-0.004,-40
"2020-10-05 09:10:19.4",5454971,-10,-10,-10,220,-0.004,-40
"2020-10-05 09:10:19.5",5454972,-10,-10,-10,220,-0.004,-40
"2020-10-05 09:10:19.6",5454973,-10,-10,-10,220,-0.004,-40
"2020-10-05 09:10:19.7",5454974,-10,-10,-10,220,-0.004,-40
"2020-10-05 09:10:19.8",5454975,-10,-10,-10,220,-0.004,-40
"2020-10-05 09:10:19.9",5454976,-10,-10,-10,220,-0.004,-40
"2020-10-05 09:10:20",5454977,-10,-10,-10,220,-0.004,-40
"2020-10-05 09:10:20.1",5454978,-10,-10,-10,220,-0.004,-40
"2020-10-05 09:10:20.2",5454979,-10,-10,-10,220,-0.004,-40
"2020-10-05 09:10:20.3",5454980,-10,-10,-10,220,-0.004,-40
"2020-10-05 09:10:20.4",5454981,-10,-10,-10,220,-0.004,-40
"2020-10-05 09:10:20.5",5454982,-10,-10,-10,220,-0.004,-40
"2020-10-05 09:10:20.6",5454983,-10,-10,-10,220,-0.005,-40
"2020-10-05 09:10:20.7",5454984,-10,-10,-10,220,-0.004,-40
"2020-10-05 09:10:20.8",5454985,-10,-10,-10,220,-0.004,-40
"2020-10-05 09:10:20.9",5454986,-10,-10,-10,220,-0.004,-40
"2020-10-05 09:10:21",5454987,-10,-10,-10,220,-0.005,-40
"2020-10-05 09:10:21.1",5454988,-10,-10,-10,220,-0.005,-40
"2020-10-05 09:10:21.2",5454989,-10,-10,-10,220,-0.004,-40
"2020-10-05 09:10:21.3",5454990,-10,-10,-10,220,-0.005,-40
"2020-10-05 09:10:21.4",5454991,-10,-10,-10,220,-0.004,-40
"2020-10-05 09:10:21.5",5454992,-10,-10,-10,220,-0.004,-40
"2020-10-05 09:10:21.6",5454993,-10,-10,-10,220,-0.004,-40
"2020-10-05 09:10:21.7",5454994,-10,-10,-10,220,-0.004,-40
"2020-10-05 09:10:21.8",5454995,-10,-10,-10,220,-0.005,-40
"2020-10-05 09:10:21.9",5454996,-10,-10,-10,220,-0.004,-40
"2020-10-05 09:10:22",5454997,-10,-10,-10,220,-0.005,-40
"2020-10-05 09:10:22.1",5454998,-10,-10,-10,220,-0.004,-40
"2020-10-05 09:10:22.2",5454999,-10,-10,-10,220,-0.004,-40
"2020-10-05 09:10:22.3",5455000,-10,-10,-10,220,-0.004,-40
"2020-10-05 09:10:22.4",5455001,-10,-10,-10,220,-0.005,-40
"2020-10-05 09:10:22.5",5455002,-10,-10,-10,220,-0.004,-40
"2020-10-05 09:10:22.6",5455003,-10,-10,-10,220,-0.004,-40
"2020-10-05 09:10:22.7",5455004,-10,-10,-10,220,-0.004,-40
"2020-10-05 09:10:22.8",5455005,-10,-10,-10,220,-0.004,-40
"2020-10-05 09:10:22.9",5455006,-10,-10,-10,220,-0.004,-40
"2020-10-05 09:10:23",5455007,-10,-10,-10,220,-0.005,-40
"2020-10-05 09:10:23.1",5455008,-10,-10,-10,220,-0.004,-40
"2020-10-05 09:10:23.2",5455009,-10,-10,-10,220,-0.004,-40
"2020-10-05 09:10:23.3",5455010,-10,-10,-10,220,-0.004,-40
"2020-10-05 09:10:23.4",5455011,-10,-10,-10,220,-0.004,-40
"2020-10-05 09:10:23.5",5455012,-10,-10,-10,220,-0.005,-40
"2020-10-05 09:10:23.6",5455013,-10,-10,-10,220,-0.004,-40
"2020-10-05 09:10:23.7",5455014,-10,-10,-10,220,-0.004,-40
"2020-10-05 09:10:23.8",5455015,-10,-10,-10,220,-0.005,-40
"2020-10-05 09:10:23.9",5455016,-10,-10,-10,220,-0.005,-40
"2020-10-05 09:10:24",5455017,-10,-10,-10,220,-0.004,-40
"2020-10-05 09:10:24.1",5455018,-10,-10,-10,220,-0.004,-40
"2020-10-05 09:10:24.2",5455019,-10,-10,-10,220,-0.004,-40
"2020-10-05 09:10:24.3",5455020,-10,-10,-10,220,-0.005,-40
"2020-10-05 09:10:24.4",5455021,-10,-10,-10,220,-0.005,-40
"2020-10-05 09:10:24.5",5455022,-10,-10,-10,220,-0.005,-40
"2020-10-05 09:10:24.6",5455023,-10,-10,-10,220,-0.005,-40
"2020-10-05 09:10:24.7",5455024,-10,-10,-10,220,-0.004,-40
"2020-10-05 09:10:24.8",5455025,-10,-10,-10,220,-0.004,-40
"2020-10-05 09:10:24.9",5455026,-10,-10,-10,220,-0.005,-40
"2020-10-05 09:10:25",5455027,-10,-10,-10,220,-0.005,-40
"2020-10-05 09:10:25.1",5455028,-10,-10,-10,220,-0.004,-40
"2020-10-05 09:10:25.2",5455029,-10,-10,-10,220,-0.004,-40
"2020-10-05 09:10:25.3",5455030,-10,-10,-10,220,-0.005,-40
"2020-10-05 09:10:25.4",5455031,-10,-10,-10,220,-0.004,-40
"2020-10-05 09:10:25.5",5455032,-10,-10,-10,220,-0.005,-40
"2020-10-05 09:10:25.6",5455033,-10,-10,-10,220,-0.004,-40
"2020-10-05 09:10:25.7",5455034,-10,-10,-10,220,-0.004,-40
"2020-10-05 09:10:25.8",5455035,-10,-10,-10,220,-0.005,-40
"2020-10-05 09:10:25.9",5455036,-10,-10,-10,220,-0.005,-40
"2020-10-05 09:10:26",5455037,-10,-10,-10,220,-0.004,-40
"2020-10-05 09:10:26.1",5455038,-10,-10,-10,220,-0.005,-40
"2020-10-05 09:10:26.2",5455039,-10,-10,-10,220,-0.004,-40
"2020-10-05 09:10:26.3",5455040,-10,-10,-10,220,-0.004,-40
"2020-10-05 09:10:26.4",5455041,-10,-10,-10,220,-0.005,-40
"2020-10-05 09:10:26.5",5455042,-10,-10,-10,220,-0.004,-40
"2020-10-05 09:10:26.6",5455043,-10,-10,-10,220,-0.005,-40
"2020-10-05 09:10:26.7",5455044,-10,-10,-10,220,-0.005,-40
"2020-10-05 09:10:26.8",5455045,-10,-10,-10,220,-0.005,-40
"2020-10-05 09:10:26.9",5455046,-10,-10,-10,220,-0.005,-40
"2020-10-05 09:10:27",5455047,-10,-10,-10,220,-0.004,-40
"2020-10-05 09:10:27.1",5455048,-10,-10,-10,220,-0.005,-40
"2020-10-05 09:10:27.2",5455049,-10,-10,-10,220,-0.004,-40
"2020-10-05 09:10:27.3",5455050,-10,-10,-10,220,-0.004,-40
"2020-10-05 09:10:27.4",5455051,-10,-10,-10,220,-0.005,-40
"2020-10-05 09:10:27.5",5455052,-10,-10,-10,220,-0.004,-40
"2020-10-05 09:10:27.6",5455053,-10,-10,-10,220,-0.005,-40
"2020-10-05 09:10:27.7",5455054,-10,-10,-10,220,-0.005,-40
"2020-10-05 09:10:27.8",5455055,-10,-10,-10,220,-0.005,-40
"2020-10-05 09:10:27.9",5455056,-10,-10,-10,220,-0.005,-40
"2020-10-05 09:10:28",5455057,-10,-10,-10,220,-0.004,-40
"2020-10-05 09:10:28.1",5455058,-10,-10,-10,220,-0.004,-40
"2020-10-05 09:10:28.2",5455059,-10,-10,-10,220,-0.004,-40
"2020-10-05 09:10:28.3",5455060,-10,-10,-10,220,-0.004,-40
"2020-10-05 09:10:28.4",5455061,-10,-10,-10,220,-0.004,-40
"2020-10-05 09:10:28.5",5455062,-10,-10,-10,220,-0.005,-40
"2020-10-05 09:10:28.6",5455063,-10,-10,-10,220,-0.005,-40
"2020-10-05 09:10:28.7",5455064,-10,-10,-10,220,-0.004,-40
"2020-10-05 09:10:28.8",5455065,-10,-10,-10,220,-0.005,-40
"2020-10-05 09:10:28.9",5455066,-10,-10,-10,220,-0.005,-40
"2020-10-05 09:10:29",5455067,-10,-10,-10,220,-0.005,-40
"2020-10-05 09:10:29.1",5455068,-10,-10,-10,220,-0.004,-40
"2020-10-05 09:10:29.2",5455069,-10,-10,-10,220,-0.004,-40
"2020-10-05 09:10:29.3",5455070,-10,-10,-10,220,-0.004,-40
"2020-10-05 09:10:29.4",5455071,-10,-10,-10,220,-0.005,-40
"2020-10-05 09:10:29.5",5455072,-10,-10,-10,220,-0.004,-40
"2020-10-05 09:10:29.6",5455073,-10,-10,-10,220,-0.004,-40
"2020-10-05 09:10:29.7",5455074,-10,-10,-10,220,-0.005,-40
"2020-10-05 09:10:29.8",5455075,-10,-10,-10,220,-0.004,-40
"2020-10-05 09:10:29.9",5455076,-10,-10,-10,220,-0.005,-40
"2020-10-05 09:10:30",5455077,-10,-10,-10,220,-0.004,-40
"2020-10-05 09:10:30.1",5455078,-10,-10,-10,220,-0.005,-40
"2020-10-05 09:10:30.2",5455079,-10,-10,-10,220,-0.004,-40
"2020-10-05 09:10:30.3",5455080,-10,-10,-10,220,-0.005,-40
"2020-10-05 09:10:30.4",5455081,-10,-10,-10,220,-0.005,-40
"2020-10-05 09:10:30.5",5455082,-10,-10,-10,220,-0.005,-40
"2020-10-05 09:10:30.6",5455083,-10,-10,-10,220,-0.005,-40
"2020-10-05 09:10:30.7",5455084,-10,-10,-10,220,-0.005,-40
"2020-10-05 09:10:30.8",5455085,-10,-10,-10,220,-0.005,-40
"2020-10-05 09:10:30.9",5455086,-10,-10,-10,220,-0.004,-40
"2020-10-05 09:10:31",5455087,-10,-10,-10,220,-0.004,-40
"2020-10-05 09:10:31.1",5455088,-10,-10,-10,220,-0.004,-40
"2020-10-05 09:10:31.2",5455089,-10,-10,-10,220,-0.004,-40
"2020-10-05 09:10:31.3",5455090,-10,-10,-10,220,-0.004,-40
"2020-10-05 09:10:31.4",5455091,-10,-10,-10,220,-0.005,-40
"2020-10-05 09:10:31.5",5455092,-10,-10,-10,220,-0.005,-40
"2020-10-05 09:10:31.6",5455093,-10,-10,-10,220,-0.005,-40
"2020-10-05 09:10:31.7",5455094,-10,-10,-10,220,-0.004,-40
"2020-10-05 09:10:31.8",5455095,-10,-10,-10,220,-0.004,-40
"2020-10-05 09:10:31.9",5455096,-10,-10,-10,220,-0.004,-40
"2020-10-05 09:10:32",5455097,-10,-10,-10,220,-0.004,-40
"2020-10-05 09:10:32.1",5455098,-10,-10,-10,220,-0.005,-40
"2020-10-05 09:10:32.2",5455099,-10,-10,-10,220,-0.004,-40
"2020-10-05 09:10:32.3",5455100,-10,-10,-10,220,-0.005,-40
"2020-10-05 09:10:32.4",5455101,-10,-10,-10,220,-0.005,-40
"2020-10-05 09:10:32.5",5455102,-10,-10,-10,220,-0.004,-40
"2020-10-05 09:10:32.6",5455103,-10,-10,-10,220,-0.005,-40
"2020-10-05 09:10:32.7",5455104,-10,-10,-10,220,-0.004,-40
"2020-10-05 09:10:32.8",5455105,-10,-10,-10,220,-0.005,-40
"2020-10-05 09:10:32.9",5455106,-10,-10,-10,220,-0.005,-40
"2020-10-05 09:10:33",5455107,-10,-10,-10,220,-0.004,-40
"2020-10-05 09:10:33.1",5455108,-10,-10,-10,220,-0.004,-40
"2020-10-05 09:10:33.2",5455109,-10,-10,-10,220,-0.004,-40
"2020-10-05 09:10:33.3",5455110,-10,-10,-10,220,-0.004,-40
"2020-10-05 09:10:33.4",5455111,-10,-10,-10,220,-0.004,-40
"2020-10-05 09:10:33.5",5455112,-10,-10,-10,220,-0.004,-40
"2020-10-05 09:10:33.6",5455113,-10,-10,-10,220,-0.005,-40
"2020-10-05 09:10:33.7",5455114,-10,-10,-10,220,-0.004,-40
"2020-10-05 09:10:33.8",5455115,-10,-10,-10,220,-0.004,-40
"2020-10-05 09:10:33.9",5455116,-10,-10,-10,220,-0.005,-40
"2020-10-05 09:10:34",5455117,-10,-10,-10,220,-0.004,-40
"2020-10-05 09:10:34.1",5455118,-10,-10,-10,220,-0.005,-40
"2020-10-05 09:10:34.2",5455119,-10,-10,-10,220,-0.005,-40
"2020-10-05 09:10:34.3",5455120,-10,-10,-10,220,-0.004,-40
"2020-10-05 09:10:34.4",5455121,-10,-10,-10,220,-0.004,-40
"2020-10-05 09:10:34.5",5455122,-10,-10,-10,220,-0.004,-40
"2020-10-05 09:10:34.6",5455123,-10,-10,-10,220,-0.004,-40
"2020-10-05 09:10:34.7",5455124,-10,-10,-10,220,-0.004,-40
"2020-10-05 09:10:34.8",5455125,-10,-10,-10,220,-0.005,-40
"2020-10-05 09:10:34.9",5455126,-10,-10,-10,220,-0.004,-40
"2020-10-05 09:10:35",5455127,-10,-10,-10,220,-0.005,-40
"2020-10-05 09:10:35.1",5455128,-10,-10,-10,220,-0.004,-40
"2020-10-05 09:10:35.2",5455129,-10,-10,-10,220,-0.004,-40
"2020-10-05 09:10:35.3",5455130,-10,-10,-10,220,-0.004,-40
"2020-10-05 09:10:35.4",5455131,-10,-10,-10,220,-0.005,-40
"2020-10-05 09:10:35.5",5455132,-10,-10,-10,220,-0.004,-40
"2020-10-05 09:10:35.6",5455133,-10,-10,-10,220,-0.004,-40
"2020-10-05 09:10:35.7",5455134,-10,-10,-10,220,-0.005,-40
"2020-10-05 09:10:35.8",5455135,-10,-10,-10,220,-0.004,-40
"2020-10-05 09:10:35.9",5455136,-10,-10,-10,220,-0.004,-40
"2020-10-05 09:10:36",5455137,-10,-10,-10,220,-0.004,-40
"2020-10-05 09:10:36.1",5455138,-10,-10,-10,220,-0.004,-40
"2020-10-05 09:10:36.2",5455139,-10,-10,-10,220,-0.004,-40
"2020-10-05 09:10:36.3",5455140,-10,-10,-10,220,-0.005,-40
"2020-10-05 09:10:36.4",5455141,-10,-10,-10,220,-0.004,-40
"2020-10-05 09:10:36.5",5455142,-10,-10,-10,220,-0.004,-40
"2020-10-05 09:10:36.6",5455143,-10,-10,-10,220,-0.004,-40
"2020-10-05 09:10:36.7",5455144,-10,-10,-10,220,-0.004,-40
"2020-10-05 09:10:36.8",5455145,-10,-10,-10,220,-0.005,-40
"2020-10-05 09:10:36.9",5455146,-10,-10,-10,220,-0.004,-40
"2020-10-05 09:10:37",5455147,-10,-10,-10,220,-0.005,-40
"2020-10-05 09:10:37.1",5455148,-10,-10,-10,220,-0.004,-40
"2020-10-05 09:10:37.2",5455149,-10,-10,-10,220,-0.005,-40
"2020-10-05 09:10:37.3",5455150,-10,-10,-10,220,-0.004,-40
"2020-10-05 09:10:37.4",5455151,-10,-10,-10,220,-0.004,-40
"2020-10-05 09:10:37.5",5455152,-10,-10,-10,220,-0.005,-40
"2020-10-05 09:10:37.6",5455153,-10,-10,-10,220,-0.005,-40
"2020-10-05 09:10:37.7",5455154,-10,-10,-10,220,-0.004,-40
"2020-10-05 09:10:37.8",5455155,-10,-10,-10,220,-0.004,-40
"2020-10-05 09:10:37.9",5455156,-10,-10,-10,220,-0.005,-40
"2020-10-05 09:10:38",5455157,-10,-10,-10,220,-0.005,-40
"2020-10-05 09:10:38.1",5455158,-10,-10,-10,220,-0.005,-40
"2020-10-05 09:10:38.2",5455159,-10,-10,-10,220,-0.005,-40
"2020-10-05 09:10:38.3",5455160,-10,-10,-10,220,-0.004,-40
"2020-10-05 09:10:38.4",5455161,-10,-10,-10,220,-0.005,-40
"2020-10-05 09:10:38.5",5455162,-10,-10,-10,220,-0.004,-40
"2020-10-05 09:10:38.6",5455163,-10,-10,-10,220,-0.005,-40
"2020-10-05 09:10:38.7",5455164,-10,-10,-10,220,-0.005,-40
"2020-10-05 09:10:38.8",5455165,-10,-10,-10,220,-0.005,-40
"2020-10-05 09:10:38.9",5455166,-10,-10,-10,220,-0.004,-40
"2020-10-05 09:10:39",5455167,-10,-10,-10,220,-0.004,-40
"2020-10-05 09:10:39.1",5455168,-10,-10,-10,220,-0.005,-40
"2020-10-05 09:10:39.2",5455169,-10,-10,-10,220,-0.005,-40
"2020-10-05 09:10:39.3",5455170,-10,-10,-10,220,-0.005,-40
"2020-10-05 09:10:39.4",5455171,-10,-10,-10,220,-0.005,-40
"2020-10-05 09:10:39.5",5455172,-10,-10,-10,220,-0.004,-40
"2020-10-05 09:10:39.6",5455173,-10,-10,-10,220,-0.004,-40
"2020-10-05 09:10:39.7",5455174,-10,-10,-10,220,-0.004,-40
"2020-10-05 09:10:39.8",5455175,-10,-10,-10,220,-0.005,-40
"2020-10-05 09:10:39.9",5455176,-10,-10,-10,220,-0.004,-40
"2020-10-05 09:10:40",5455177,-10,-10,-10,220,-0.004,-40
"2020-10-05 09:10:40.1",5455178,-10,-10,-10,220,-0.005,-40
"2020-10-05 09:10:40.2",5455179,-10,-10,-10,220,-0.004,-40
"2020-10-05 09:10:40.3",5455180,-10,-10,-10,220,-0.004,-40
"2020-10-05 09:10:40.4",5455181,-10,-10,-10,220,-0.004,-40
"2020-10-05 09:10:40.5",5455182,-10,-10,-10,220,-0.005,-40
"2020-10-05 09:10:40.6",5455183,-10,-10,-10,220,-0.005,-40
"2020-10-05 09:10:40.7",5455184,-10,-10,-10,220,-0.005,-40
"2020-10-05 09:10:40.8",5455185,-10,-10,-10,220,-0.005,-40
"2020-10-05 09:10:40.9",5455186,-10,-10,-10,220,-0.005,-40
"2020-10-05 09:10:41",5455187,-10,-10,-10,220,-0.005,-40
"2020-10-05 09:10:41.1",5455188,-10,-10,-10,220,-0.005,-40
"2020-10-05 09:10:41.2",5455189,-10,-10,-10,220,-0.005,-40
"2020-10-05 09:10:41.3",5455190,-10,-10,-10,220,-0.004,-40
"2020-10-05 09:10:41.4",5455191,-10,-10,-10,220,-0.004,-40
"2020-10-05 09:10:41.5",5455192,-10,-10,-10,220,-0.005,-40
"2020-10-05 09:10:41.6",5455193,-10,-10,-10,220,-0.005,-40
"2020-10-05 09:10:41.7",5455194,-10,-10,-10,220,-0.005,-40
"2020-10-05 09:10:41.8",5455195,-10,-10,-10,220,-0.005,-40
"2020-10-05 09:10:41.9",5455196,-10,-10,-10,220,-0.004,-40
"2020-10-05 09:10:42",5455197,-10,-10,-10,220,-0.005,-40
"2020-10-05 09:10:42.1",5455198,-10,-10,-10,220,-0.005,-40
"2020-10-05 09:10:42.2",5455199,-10,-10,-10,220,-0.004,-40
"2020-10-05 09:10:42.3",5455200,-10,-10,-10,220,-0.005,-40
"2020-10-05 09:10:42.4",5455201,-10,-10,-10,220,-0.005,-40
"2020-10-05 09:10:42.5",5455202,-10,-10,-10,220,-0.004,-40
"2020-10-05 09:10:42.6",5455203,-10,-10,-10,220,-0.004,-40
"2020-10-05 09:10:42.7",5455204,-10,-10,-10,220,-0.004,-40
"2020-10-05 09:10:42.8",5455205,-10,-10,-10,220,-0.005,-40
"2020-10-05 09:10:42.9",5455206,-10,-10,-10,220,-0.005,-40
"2020-10-05 09:10:43",5455207,-10,-10,-10,220,-0.005,-40
"2020-10-05 09:10:43.1",5455208,-10,-10,-10,220,-0.005,-40
"2020-10-05 09:10:43.2",5455209,-10,-10,-10,220,-0.005,-40
"2020-10-05 09:10:43.3",5455210,-10,-10,-10,220,-0.004,-40
"2020-10-05 09:10:43.4",5455211,-10,-10,-10,220,-0.005,-40
"2020-10-05 09:10:43.5",5455212,-10,-10,-10,220,-0.005,-40
"2020-10-05 09:10:43.6",5455213,-10,-10,-10,220,-0.005,-40
"2020-10-05 09:10:43.7",5455214,-10,-10,-10,220,-0.005,-40
"2020-10-05 09:10:43.8",5455215,-10,-10,-10,220,-0.005,-40
"2020-10-05 09:10:43.9",5455216,-10,-10,-10,220,-0.004,-40
"2020-10-05 09:10:44",5455217,-10,-10,-10,220,-0.005,-40
"2020-10-05 09:10:44.1",5455218,-10,-10,-10,220,-0.005,-40
"2020-10-05 09:10:44.2",5455219,-10,-10,-10,220,-0.005,-40
"2020-10-05 09:10:44.3",5455220,-10,-10,-10,220,-0.005,-40
"2020-10-05 09:10:44.4",5455221,-10,-10,-10,220,-0.005,-40
"2020-10-05 09:10:44.5",5455222,-10,-10,-10,220,-0.005,-40
"2020-10-05 09:10:44.6",5455223,-10,-10,-10,220,-0.005,-40
"2020-10-05 09:10:44.7",5455224,-10,-10,-10,220,-0.005,-40
"2020-10-05 09:10:44.8",5455225,-10,-10,-10,220,-0.005,-40
"2020-10-05 09:10:44.9",5455226,-10,-10,-10,220,-0.005,-40
"2020-10-05 09:10:45",5455227,-10,-10,-10,220,-0.005,-40
"2020-10-05 09:10:45.1",5455228,-10,-10,-10,220,-0.005,-40
"2020-10-05 09:10:45.2",5455229,-10,-10,-10,220,-0.005,-40
"2020-10-05 09:10:45.3",5455230,-10,-10,-10,220,-0.005,-40
"2020-10-05 09:10:45.4",5455231,-10,-10,-10,220,-0.005,-40
"2020-10-05 09:10:45.5",5455232,-10,-10,-10,220,-0.004,-40
"2020-10-05 09:10:45.6",5455233,-10,-10,-10,220,-0.004,-40
"2020-10-05 09:10:45.7",5455234,-10,-10,-10,220,-0.005,-40
"2020-10-05 09:10:45.8",5455235,-10,-10,-10,220,-0.005,-40
"2020-10-05 09:10:45.9",5455236,-10,-10,-10,220,-0.005,-40
"2020-10-05 09:10:46",5455237,-10,-10,-10,220,-0.004,-40
"2020-10-05 09:10:46.1",5455238,-10,-10,-10,220,-0.004,-40
"2020-10-05 09:10:46.2",5455239,-10,-10,-10,220,-0.005,-40
"2020-10-05 09:10:46.3",5455240,-10,-10,-10,220,-0.005,-40
"2020-10-05 09:10:46.4",5455241,-10,-10,-10,220,-0.005,-40
"2020-10-05 09:10:46.5",5455242,-10,-10,-10,220,-0.005,-40
"2020-10-05 09:10:46.6",5455243,-10,-10,-10,220,-0.005,-40
"2020-10-05 09:10:46.7",5455244,-10,-10,-10,220,-0.005,-40
"2020-10-05 09:10:46.8",5455245,-10,-10,-10,220,-0.005,-40
"2020-10-05 09:10:46.9",5455246,-10,-10,-10,220,-0.005,-40
"2020-10-05 09:10:47",5455247,-10,-10,-10,220,-0.005,-40
"2020-10-05 09:10:47.1",5455248,-10,-10,-10,220,-0.005,-40
"2020-10-05 09:10:47.2",5455249,-10,-10,-10,220,-0.005,-40
"2020-10-05 09:10:47.3",5455250,-10,-10,-10,220,-0.004,-40
"2020-10-05 09:10:47.4",5455251,-10,-10,-10,220,-0.005,-40
"2020-10-05 09:10:47.5",5455252,-10,-10,-10,220,-0.005,-40
"2020-10-05 09:10:47.6",5455253,-10,-10,-10,220,-0.005,-40
"2020-10-05 09:10:47.7",5455254,-10,-10,-10,220,-0.005,-40
"2020-10-05 09:10:47.8",5455255,-10,-10,-10,220,-0.005,-40
"2020-10-05 09:10:47.9",5455256,-10,-10,-10,220,-0.004,-40
"2020-10-05 09:10:48",5455257,-10,-10,-10,220,-0.004,-40
"2020-10-05 09:10:48.1",5455258,-10,-10,-10,220,-0.005,-40
"2020-10-05 09:10:48.2",5455259,-10,-10,-10,220,-0.005,-40
"2020-10-05 09:10:48.3",5455260,-10,-10,-10,220,-0.005,-40
"2020-10-05 09:10:48.4",5455261,-10,-10,-10,220,-0.005,-40
"2020-10-05 09:10:48.5",5455262,-10,-10,-10,220,-0.005,-40
"2020-10-05 09:10:48.6",5455263,-10,-10,-10,220,-0.005,-40
"2020-10-05 09:10:48.7",5455264,-10,-10,-10,220,-0.005,-40
"2020-10-05 09:10:48.8",5455265,-10,-10,-10,220,-0.005,-40
"2020-10-05 09:10:48.9",5455266,-10,-10,-10,220,-0.005,-40
"2020-10-05 09:10:49",5455267,-10,-10,-10,220,-0.005,-40
"2020-10-05 09:10:49.1",5455268,-10,-10,-10,220,-0.005,-40
"2020-10-05 09:10:49.2",5455269,-10,-10,-10,220,-0.005,-40
"2020-10-05 09:10:49.3",5455270,-10,-10,-10,220,-0.005,-40
"2020-10-05 09:10:49.4",5455271,-10,-10,-10,220,-0.005,-40
"2020-10-05 09:10:49.5",5455272,-10,-10,-10,220,-0.005,-40
"2020-10-05 09:10:49.6",5455273,-10,-10,-10,220,-0.005,-40
"2020-10-05 09:10:49.7",5455274,-10,-10,-10,220,-0.005,-40
"2020-10-05 09:10:49.8",5455275,-10,-10,-10,220,-0.005,-40
"2020-10-05 09:10:49.9",5455276,-10,-10,-10,220,-0.005,-40
"2020-10-05 09:10:50",5455277,-10,-10,-10,220,-0.005,-40
"2020-10-05 09:10:50.1",5455278,-10,-10,-10,220,-0.005,-40
"2020-10-05 09:10:50.2",5455279,-10,-10,-10,220,-0.005,-40
"2020-10-05 09:10:50.3",5455280,-10,-10,-10,220,-0.005,-40
"2020-10-05 09:10:50.4",5455281,-10,-10,-10,220,-0.004,-40
"2020-10-05 09:10:50.5",5455282,-10,-10,-10,220,-0.005,-40
"2020-10-05 09:10:50.6",5455283,-10,-10,-10,220,-0.005,-40
"2020-10-05 09:10:50.7",5455284,-10,-10,-10,220,-0.005,-40
"2020-10-05 09:10:50.8",5455285,-10,-10,-10,220,-0.005,-40
"2020-10-05 09:10:50.9",5455286,-10,-10,-10,220,-0.004,-40
