"TOA5","10329","CR6","10329","CR6.Std.09.01 CR6-WIFI.04.00.01","CPU:YOUNG81000_HMP60_10Hz.CR6","51185","Young10Hz_hmp"
"TIMESTAMP","RECORD","U","V","W","TSonic","RH","T_HMP60"
"TS","RN","mV","mV","mV","mV","%","Deg C"
"","","Smp","Smp","Smp","Smp","Smp","Smp"
"2020-10-04 19:48:51",4974087,-10,-10,-10,220,-0.001,-40.01
"2020-10-04 19:48:51.1",4974088,-10,-10,-10,220,-0.001,-40.01
"2020-10-04 19:48:51.2",4974089,-10,-10,-10,220,-0.001,-40.01
"2020-10-04 19:48:51.3",4974090,-10,-10,-10,220,-0.001,-40.01
"2020-10-04 19:48:51.4",4974091,-10,-10,-10,220,-0.001,-40.01
"2020-10-04 19:48:51.5",4974092,-10,-10,-10,220,-0.001,-40.01
"2020-10-04 19:48:51.6",4974093,-10,-10,-10,220,-0.001,-40.01
"2020-10-04 19:48:51.7",4974094,-10,-10,-10,220,-0.001,-40.01
"2020-10-04 19:48:51.8",4974095,-10,-10,-10,220,-0.001,-40.01
"2020-10-04 19:48:51.9",4974096,-10,-10,-10,220,-0.001,-40.01
"2020-10-04 19:48:52",4974097,-10,-10,-10,220,-0.001,-40.01
"2020-10-04 19:48:52.1",4974098,-10,-10,-10,220,-0.001,-40.01
"2020-10-04 19:48:52.2",4974099,-10,-10,-10,220,-0.001,-40.01
"2020-10-04 19:48:52.3",4974100,-10,-10,-10,220,-0.001,-40.01
"2020-10-04 19:48:52.4",4974101,-10,-10,-10,220,-0.001,-40.01
"2020-10-04 19:48:52.5",4974102,-10,-10,-10,220,-0.001,-40.01
"2020-10-04 19:48:52.6",4974103,-10,-10,-10,220,-0.001,-40.01
"2020-10-04 19:48:52.7",4974104,-10,-10,-10,220,-0.001,-40.01
"2020-10-04 19:48:52.8",4974105,-10,-10,-10,220,-0.001,-40.01
"2020-10-04 19:48:52.9",4974106,-10,-10,-10,220,-0.001,-40.01
"2020-10-04 19:48:53",4974107,-10,-10,-10,220,-0.001,-40.01
"2020-10-04 19:48:53.1",4974108,-10,-10,-10,220,-0.001,-40.01
"2020-10-04 19:48:53.2",4974109,-10,-10,-10,220,-0.001,-40.01
"2020-10-04 19:48:53.3",4974110,-10,-10,-10,220,-0.001,-40.01
"2020-10-04 19:48:53.4",4974111,-10,-10,-10,220,-0.001,-40.01
"2020-10-04 19:48:53.5",4974112,-10,-10,-10,220,-0.001,-40.01
"2020-10-04 19:48:53.6",4974113,-10,-10,-10,220,-0.001,-40.01
"2020-10-04 19:48:53.7",4974114,-10,-10,-10,220,-0.001,-40.01
"2020-10-04 19:48:53.8",4974115,-10,-10,-10,220,-0.001,-40.01
"2020-10-04 19:48:53.9",4974116,-10,-10,-10,220,-0.001,-40.01
"2020-10-04 19:48:54",4974117,-10,-10,-10,220,-0.001,-40.01
"2020-10-04 19:48:54.1",4974118,-10,-10,-10,220,-0.001,-40.01
"2020-10-04 19:48:54.2",4974119,-10,-10,-10,220,-0.001,-40.01
"2020-10-04 19:48:54.3",4974120,-10,-10,-10,220,-0.001,-40.01
"2020-10-04 19:48:54.4",4974121,-10,-10,-10,220,-0.001,-40.01
"2020-10-04 19:48:54.5",4974122,-10,-10,-10,220,-0.001,-40.01
"2020-10-04 19:48:54.6",4974123,-10,-10,-10,220,-0.001,-40.01
"2020-10-04 19:48:54.7",4974124,-10,-10,-10,220,-0.001,-40.01
"2020-10-04 19:48:54.8",4974125,-10,-10,-10,220,-0.001,-40.01
"2020-10-04 19:48:54.9",4974126,-10,-10,-10,220,-0.001,-40.01
"2020-10-04 19:48:55",4974127,-10,-10,-10,220,-0.001,-40.01
"2020-10-04 19:48:55.1",4974128,-10,-10,-10,220,-0.001,-40.01
"2020-10-04 19:48:55.2",4974129,-10,-10,-10,220,-0.001,-40.01
"2020-10-04 19:48:55.3",4974130,-10,-10,-10,220,-0.001,-40.01
"2020-10-04 19:48:55.4",4974131,-10,-10,-10,220,-0.001,-40.01
"2020-10-04 19:48:55.5",4974132,-10,-10,-10,220,-0.001,-40.01
"2020-10-04 19:48:55.6",4974133,-10,-10,-10,220,-0.001,-40.01
"2020-10-04 19:48:55.7",4974134,-10,-10,-10,220,-0.001,-40.01
"2020-10-04 19:48:55.8",4974135,-10,-10,-10,220,-0.001,-40.01
"2020-10-04 19:48:55.9",4974136,-10,-10,-10,220,-0.001,-40.01
"2020-10-04 19:48:56",4974137,-10,-10,-10,220,-0.001,-40.01
"2020-10-04 19:48:56.1",4974138,-10,-10,-10,220,-0.001,-40.01
"2020-10-04 19:48:56.2",4974139,-10,-10,-10,220,-0.001,-40.01
"2020-10-04 19:48:56.3",4974140,-10,-10,-10,220,-0.001,-40.01
"2020-10-04 19:48:56.4",4974141,-10,-10,-10,220,-0.001,-40.01
"2020-10-04 19:48:56.5",4974142,-10,-10,-10,220,-0.001,-40.01
"2020-10-04 19:48:56.6",4974143,-10,-10,-10,220,-0.001,-40.01
"2020-10-04 19:48:56.7",4974144,-10,-10,-10,220,-0.001,-40.01
"2020-10-04 19:48:56.8",4974145,-10,-10,-10,220,-0.001,-40.01
"2020-10-04 19:48:56.9",4974146,-10,-10,-10,220,-0.001,-40.01
"2020-10-04 19:48:57",4974147,-10,-10,-10,220,-0.001,-40.01
"2020-10-04 19:48:57.1",4974148,-10,-10,-10,220,-0.001,-40.01
"2020-10-04 19:48:57.2",4974149,-10,-10,-10,220,-0.001,-40.01
"2020-10-04 19:48:57.3",4974150,-10,-10,-10,220,-0.001,-40.01
"2020-10-04 19:48:57.4",4974151,-10,-10,-10,220,-0.001,-40.01
"2020-10-04 19:48:57.5",4974152,-10,-10,-10,220,-0.001,-40.01
"2020-10-04 19:48:57.6",4974153,-10,-10,-10,220,-0.001,-40.01
"2020-10-04 19:48:57.7",4974154,-10,-10,-10,220,-0.001,-40.01
"2020-10-04 19:48:57.8",4974155,-10,-10,-10,220,-0.001,-40.01
"2020-10-04 19:48:57.9",4974156,-10,-10,-10,220,-0.001,-40.01
"2020-10-04 19:48:58",4974157,-10,-10,-10,220,-0.001,-40.01
"2020-10-04 19:48:58.1",4974158,-10,-10,-10,220,-0.001,-40.01
"2020-10-04 19:48:58.2",4974159,-10,-10,-10,220,-0.001,-40.01
"2020-10-04 19:48:58.3",4974160,-10,-10,-10,220,-0.001,-40.01
"2020-10-04 19:48:58.4",4974161,-10,-10,-10,220,-0.001,-40.01
"2020-10-04 19:48:58.5",4974162,-10,-10,-10,220,-0.001,-40.01
"2020-10-04 19:48:58.6",4974163,-10,-10,-10,220,-0.001,-40.01
"2020-10-04 19:48:58.7",4974164,-10,-10,-10,220,-0.001,-40.01
"2020-10-04 19:48:58.8",4974165,-10,-10,-10,220,-0.001,-40.01
"2020-10-04 19:48:58.9",4974166,-10,-10,-10,220,-0.001,-40.01
"2020-10-04 19:48:59",4974167,-10,-10,-10,220,-0.001,-40.01
"2020-10-04 19:48:59.1",4974168,-10,-10,-10,220,-0.001,-40.01
"2020-10-04 19:48:59.2",4974169,-10,-10,-10,220,-0.001,-40.01
"2020-10-04 19:48:59.3",4974170,-10,-10,-10,220,-0.001,-40.01
"2020-10-04 19:48:59.4",4974171,-10,-10,-10,220,-0.001,-40.01
"2020-10-04 19:48:59.5",4974172,-10,-10,-10,220,-0.001,-40.01
"2020-10-04 19:48:59.6",4974173,-10,-10,-10,220,-0.001,-40.01
"2020-10-04 19:48:59.7",4974174,-10,-10,-10,220,-0.001,-40.01
"2020-10-04 19:48:59.8",4974175,-10,-10,-10,220,-0.001,-40.01
"2020-10-04 19:48:59.9",4974176,-10,-10,-10,220,-0.001,-40.01
"2020-10-04 19:49:00",4974177,-10,-10,-10,220,-0.001,-40.01
"2020-10-04 19:49:00.1",4974178,-10,-10,-10,220,-0.008,-40.02
"2020-10-04 19:49:00.2",4974179,-10,-10,-10,220,-0.008,-40.02
"2020-10-04 19:49:00.3",4974180,-10,-10,-10,220,-0.001,-40.01
"2020-10-04 19:49:00.4",4974181,-10,-10,-10,220,-0.001,-40.01
"2020-10-04 19:49:00.5",4974182,-10,-10,-10,220,-0.001,-40.01
"2020-10-04 19:49:00.6",4974183,-10,-10,-10,220,-0.001,-40.01
"2020-10-04 19:49:00.7",4974184,-10,-10,-10,220,-0.001,-40.01
"2020-10-04 19:49:00.8",4974185,-10,-10,-10,220,-0.001,-40.01
"2020-10-04 19:49:00.9",4974186,-10,-10,-10,220,-0.001,-40.01
"2020-10-04 19:49:01",4974187,-10,-10,-10,220,-0.001,-40.01
"2020-10-04 19:49:01.1",4974188,-10,-10,-10,220,-0.001,-40.01
"2020-10-04 19:49:01.2",4974189,-10,-10,-10,220,-0.001,-40.01
"2020-10-04 19:49:01.3",4974190,-10,-10,-10,220,-0.001,-40.01
"2020-10-04 19:49:01.4",4974191,-10,-10,-10,220,-0.001,-40.01
"2020-10-04 19:49:01.5",4974192,-10,-10,-10,220,-0.001,-40.01
"2020-10-04 19:49:01.6",4974193,-10,-10,-10,220,-0.001,-40.01
"2020-10-04 19:49:01.7",4974194,-10,-10,-10,220,-0.001,-40.01
"2020-10-04 19:49:01.8",4974195,-10,-10,-10,220,-0.001,-40.01
"2020-10-04 19:49:01.9",4974196,-10,-10,-10,220,-0.001,-40.01
"2020-10-04 19:49:02",4974197,-10,-10,-10,220,-0.001,-40.01
"2020-10-04 19:49:02.1",4974198,-10,-10,-10,220,-0.001,-40.01
"2020-10-04 19:49:02.2",4974199,-10,-10,-10,220,-0.001,-40.01
"2020-10-04 19:49:02.3",4974200,-10,-10,-10,220,-0.001,-40.01
"2020-10-04 19:49:02.4",4974201,-10,-10,-10,220,-0.001,-40.01
"2020-10-04 19:49:02.5",4974202,-10,-10,-10,220,-0.001,-40.01
"2020-10-04 19:49:02.6",4974203,-10,-10,-10,220,-0.001,-40.01
"2020-10-04 19:49:02.7",4974204,-10,-10,-10,220,-0.001,-40.01
"2020-10-04 19:49:02.8",4974205,-10,-10,-10,220,-0.001,-40.01
"2020-10-04 19:49:02.9",4974206,-10,-10,-10,220,-0.001,-40.01
"2020-10-04 19:49:03",4974207,-10,-10,-10,220,-0.001,-40.01
"2020-10-04 19:49:03.1",4974208,-10,-10,-10,220,-0.001,-40.01
"2020-10-04 19:49:03.2",4974209,-10,-10,-10,220,-0.001,-40.01
"2020-10-04 19:49:03.3",4974210,-10,-10,-10,220,-0.001,-40.01
"2020-10-04 19:49:03.4",4974211,-10,-10,-10,220,-0.001,-40.01
"2020-10-04 19:49:03.5",4974212,-10,-10,-10,220,-0.001,-40.01
"2020-10-04 19:49:03.6",4974213,-10,-10,-10,220,-0.001,-40.01
"2020-10-04 19:49:03.7",4974214,-10,-10,-10,220,-0.001,-40.01
"2020-10-04 19:49:03.8",4974215,-10,-10,-10,220,-0.001,-40.01
"2020-10-04 19:49:03.9",4974216,-10,-10,-10,220,-0.001,-40.01
"2020-10-04 19:49:04",4974217,-10,-10,-10,220,-0.001,-40.01
"2020-10-04 19:49:04.1",4974218,-10,-10,-10,220,-0.001,-40.01
"2020-10-04 19:49:04.2",4974219,-10,-10,-10,220,-0.001,-40.01
"2020-10-04 19:49:04.3",4974220,-10,-10,-10,220,-0.001,-40.01
"2020-10-04 19:49:04.4",4974221,-10,-10,-10,220,-0.001,-40.01
"2020-10-04 19:49:04.5",4974222,-10,-10,-10,220,-0.001,-40.01
"2020-10-04 19:49:04.6",4974223,-10,-10,-10,220,-0.001,-40.01
"2020-10-04 19:49:04.7",4974224,-10,-10,-10,220,-0.001,-40.01
"2020-10-04 19:49:04.8",4974225,-10,-10,-10,220,-0.001,-40.01
"2020-10-04 19:49:04.9",4974226,-10,-10,-10,220,-0.001,-40.01
"2020-10-04 19:49:05",4974227,-10,-10,-10,220,-0.001,-40.01
"2020-10-04 19:49:05.1",4974228,-10,-10,-10,220,-0.001,-40.01
"2020-10-04 19:49:05.2",4974229,-10,-10,-10,220,-0.001,-40.01
"2020-10-04 19:49:05.3",4974230,-10,-10,-10,220,-0.001,-40.01
"2020-10-04 19:49:05.4",4974231,-10,-10,-10,220,-0.001,-40.01
"2020-10-04 19:49:05.5",4974232,-10,-10,-10,220,-0.001,-40.01
"2020-10-04 19:49:05.6",4974233,-10,-10,-10,220,-0.001,-40.01
"2020-10-04 19:49:05.7",4974234,-10,-10,-10,220,-0.001,-40.01
"2020-10-04 19:49:05.8",4974235,-10,-10,-10,220,-0.001,-40.01
"2020-10-04 19:49:05.9",4974236,-10,-10,-10,220,-0.001,-40.01
"2020-10-04 19:49:06",4974237,-10,-10,-10,220,-0.001,-40.01
"2020-10-04 19:49:06.1",4974238,-10,-10,-10,220,-0.001,-40.01
"2020-10-04 19:49:06.2",4974239,-10,-10,-10,220,-0.001,-40.01
"2020-10-04 19:49:06.3",4974240,-10,-10,-10,220,-0.001,-40.01
"2020-10-04 19:49:06.4",4974241,-10,-10,-10,220,-0.001,-40.01
"2020-10-04 19:49:06.5",4974242,-10,-10,-10,220,-0.001,-40.01
"2020-10-04 19:49:06.6",4974243,-10,-10,-10,220,-0.001,-40.01
"2020-10-04 19:49:06.7",4974244,-10,-10,-10,220,-0.001,-40.01
"2020-10-04 19:49:06.8",4974245,-10,-10,-10,220,-0.001,-40.01
"2020-10-04 19:49:06.9",4974246,-10,-10,-10,220,-0.001,-40.01
"2020-10-04 19:49:07",4974247,-10,-10,-10,220,-0.001,-40.01
"2020-10-04 19:49:07.1",4974248,-10,-10,-10,220,-0.001,-40.01
"2020-10-04 19:49:07.2",4974249,-10,-10,-10,220,-0.001,-40.01
"2020-10-04 19:49:07.3",4974250,-10,-10,-10,220,-0.001,-40.01
"2020-10-04 19:49:07.4",4974251,-10,-10,-10,220,-0.001,-40.01
"2020-10-04 19:49:07.5",4974252,-10,-10,-10,220,-0.001,-40.01
"2020-10-04 19:49:07.6",4974253,-10,-10,-10,220,-0.001,-40.01
"2020-10-04 19:49:07.7",4974254,-10,-10,-10,220,-0.001,-40.01
"2020-10-04 19:49:07.8",4974255,-10,-10,-10,220,-0.001,-40.01
"2020-10-04 19:49:07.9",4974256,-10,-10,-10,220,-0.001,-40.01
"2020-10-04 19:49:08",4974257,-10,-10,-10,220,-0.001,-40.01
"2020-10-04 19:49:08.1",4974258,-10,-10,-10,220,-0.001,-40.01
"2020-10-04 19:49:08.2",4974259,-10,-10,-10,220,-0.001,-40.01
"2020-10-04 19:49:08.3",4974260,-10,-10,-10,220,-0.001,-40.01
"2020-10-04 19:49:08.4",4974261,-10,-10,-10,220,-0.001,-40.01
"2020-10-04 19:49:08.5",4974262,-10,-10,-10,220,-0.001,-40.01
"2020-10-04 19:49:08.6",4974263,-10,-10,-10,220,-0.001,-40.01
"2020-10-04 19:49:08.7",4974264,-10,-10,-10,220,-0.001,-40.01
"2020-10-04 19:49:08.8",4974265,-10,-10,-10,220,-0.001,-40.01
"2020-10-04 19:49:08.9",4974266,-10,-10,-10,220,-0.001,-40.01
"2020-10-04 19:49:09",4974267,-10,-10,-10,220,-0.001,-40.01
"2020-10-04 19:49:09.1",4974268,-10,-10,-10,220,-0.001,-40.01
"2020-10-04 19:49:09.2",4974269,-10,-10,-10,220,-0.001,-40.01
"2020-10-04 19:49:09.3",4974270,-10,-10,-10,220,-0.001,-40.01
"2020-10-04 19:49:09.4",4974271,-10,-10,-10,220,-0.001,-40.01
"2020-10-04 19:49:09.5",4974272,-10,-10,-10,220,-0.001,-40.01
"2020-10-04 19:49:09.6",4974273,-10,-10,-10,220,-0.001,-40.01
"2020-10-04 19:49:09.7",4974274,-10,-10,-10,220,-0.001,-40.01
"2020-10-04 19:49:09.8",4974275,-10,-10,-10,220,-0.001,-40.01
"2020-10-04 19:49:09.9",4974276,-10,-10,-10,220,-0.001,-40.01
"2020-10-04 19:49:10",4974277,-10,-10,-10,220,-0.001,-40.01
"2020-10-04 19:49:10.1",4974278,-10,-10,-10,220,-0.001,-40.01
"2020-10-04 19:49:10.2",4974279,-10,-10,-10,220,-0.001,-40.01
"2020-10-04 19:49:10.3",4974280,-10,-10,-10,220,-0.001,-40.01
"2020-10-04 19:49:10.4",4974281,-10,-10,-10,220,-0.001,-40.01
"2020-10-04 19:49:10.5",4974282,-10,-10,-10,220,-0.001,-40.01
"2020-10-04 19:49:10.6",4974283,-10,-10,-10,220,-0.001,-40.01
"2020-10-04 19:49:10.7",4974284,-10,-10,-10,220,-0.001,-40.01
"2020-10-04 19:49:10.8",4974285,-10,-10,-10,220,-0.001,-40.01
"2020-10-04 19:49:10.9",4974286,-10,-10,-10,220,-0.001,-40.01
"2020-10-04 19:49:11",4974287,-10,-10,-10,220,-0.001,-40.01
"2020-10-04 19:49:11.1",4974288,-10,-10,-10,220,-0.001,-40.01
"2020-10-04 19:49:11.2",4974289,-10,-10,-10,220,-0.001,-40.01
"2020-10-04 19:49:11.3",4974290,-10,-10,-10,220,-0.001,-40.01
"2020-10-04 19:49:11.4",4974291,-10,-10,-10,220,-0.001,-40.01
"2020-10-04 19:49:11.5",4974292,-10,-10,-10,220,-0.001,-40.01
"2020-10-04 19:49:11.6",4974293,-10,-10,-10,220,-0.001,-40.01
"2020-10-04 19:49:11.7",4974294,-10,-10,-10,220,-0.001,-40.01
"2020-10-04 19:49:11.8",4974295,-10,-10,-10,220,-0.001,-40.01
"2020-10-04 19:49:11.9",4974296,-10,-10,-10,220,-0.001,-40.01
"2020-10-04 19:49:12",4974297,-10,-10,-10,220,-0.001,-40.01
"2020-10-04 19:49:12.1",4974298,-10,-10,-10,220,-0.001,-40.01
"2020-10-04 19:49:12.2",4974299,-10,-10,-10,220,-0.001,-40.01
"2020-10-04 19:49:12.3",4974300,-10,-10,-10,220,-0.001,-40.01
"2020-10-04 19:49:12.4",4974301,-10,-10,-10,220,-0.001,-40.01
"2020-10-04 19:49:12.5",4974302,-10,-10,-10,220,-0.001,-40.01
"2020-10-04 19:49:12.6",4974303,-10,-10,-10,220,-0.001,-40.01
"2020-10-04 19:49:12.7",4974304,-10,-10,-10,220,-0.001,-40.01
"2020-10-04 19:49:12.8",4974305,-10,-10,-10,220,-0.001,-40.01
"2020-10-04 19:49:12.9",4974306,-10,-10,-10,220,-0.001,-40.01
"2020-10-04 19:49:13",4974307,-10,-10,-10,220,-0.001,-40.01
"2020-10-04 19:49:13.1",4974308,-10,-10,-10,220,-0.001,-40.01
"2020-10-04 19:49:13.2",4974309,-10,-10,-10,220,-0.001,-40.01
"2020-10-04 19:49:13.3",4974310,-10,-10,-10,220,-0.001,-40.01
"2020-10-04 19:49:13.4",4974311,-10,-10,-10,220,-0.001,-40.01
"2020-10-04 19:49:13.5",4974312,-10,-10,-10,220,-0.001,-40.01
"2020-10-04 19:49:13.6",4974313,-10,-10,-10,220,-0.001,-40.01
"2020-10-04 19:49:13.7",4974314,-10,-10,-10,220,-0.001,-40.01
"2020-10-04 19:49:13.8",4974315,-10,-10,-10,220,-0.001,-40.01
"2020-10-04 19:49:13.9",4974316,-10,-10,-10,220,-0.001,-40.01
"2020-10-04 19:49:14",4974317,-10,-10,-10,220,-0.001,-40.01
"2020-10-04 19:49:14.1",4974318,-10,-10,-10,220,-0.001,-40.01
"2020-10-04 19:49:14.2",4974319,-10,-10,-10,220,-0.001,-40.01
"2020-10-04 19:49:14.3",4974320,-10,-10,-10,220,-0.001,-40.01
"2020-10-04 19:49:14.4",4974321,-10,-10,-10,220,-0.001,-40.01
"2020-10-04 19:49:14.5",4974322,-10,-10,-10,220,-0.001,-40.01
"2020-10-04 19:49:14.6",4974323,-10,-10,-10,220,-0.001,-40.01
"2020-10-04 19:49:14.7",4974324,-10,-10,-10,220,-0.001,-40.01
"2020-10-04 19:49:14.8",4974325,-10,-10,-10,220,-0.001,-40.01
"2020-10-04 19:49:14.9",4974326,-10,-10,-10,220,-0.001,-40.01
"2020-10-04 19:49:15",4974327,-10,-10,-10,220,-0.001,-40.01
"2020-10-04 19:49:15.1",4974328,-10,-10,-10,220,-0.001,-40.01
"2020-10-04 19:49:15.2",4974329,-10,-10,-10,220,-0.001,-40.01
"2020-10-04 19:49:15.3",4974330,-10,-10,-10,220,-0.001,-40.01
"2020-10-04 19:49:15.4",4974331,-10,-10,-10,220,-0.001,-40.01
"2020-10-04 19:49:15.5",4974332,-10,-10,-10,220,-0.001,-40.01
"2020-10-04 19:49:15.6",4974333,-10,-10,-10,220,-0.001,-40.01
"2020-10-04 19:49:15.7",4974334,-10,-10,-10,220,-0.001,-40.01
"2020-10-04 19:49:15.8",4974335,-10,-10,-10,220,-0.001,-40.01
"2020-10-04 19:49:15.9",4974336,-10,-10,-10,220,-0.001,-40.01
"2020-10-04 19:49:16",4974337,-10,-10,-10,220,-0.001,-40.01
"2020-10-04 19:49:16.1",4974338,-10,-10,-10,220,-0.001,-40.01
"2020-10-04 19:49:16.2",4974339,-10,-10,-10,220,-0.001,-40.01
"2020-10-04 19:49:16.3",4974340,-10,-10,-10,220,-0.001,-40.01
"2020-10-04 19:49:16.4",4974341,-10,-10,-10,220,-0.001,-40.01
"2020-10-04 19:49:16.5",4974342,-10,-10,-10,220,-0.001,-40.01
"2020-10-04 19:49:16.6",4974343,-10,-10,-10,220,-0.002,-40.01
"2020-10-04 19:49:16.7",4974344,-10,-10,-10,220,-0.001,-40.01
"2020-10-04 19:49:16.8",4974345,-10,-10,-10,220,-0.001,-40.01
"2020-10-04 19:49:16.9",4974346,-10,-10,-10,220,-0.001,-40.01
"2020-10-04 19:49:17",4974347,-10,-10,-10,220,-0.001,-40.01
"2020-10-04 19:49:17.1",4974348,-10,-10,-10,220,-0.001,-40.01
"2020-10-04 19:49:17.2",4974349,-10,-10,-10,220,-0.001,-40.01
"2020-10-04 19:49:17.3",4974350,-10,-10,-10,220,-0.001,-40.01
"2020-10-04 19:49:17.4",4974351,-10,-10,-10,220,-0.001,-40.01
"2020-10-04 19:49:17.5",4974352,-10,-10,-10,220,-0.001,-40.01
"2020-10-04 19:49:17.6",4974353,-10,-10,-10,220,-0.001,-40.01
"2020-10-04 19:49:17.7",4974354,-10,-10,-10,220,-0.001,-40.01
"2020-10-04 19:49:17.8",4974355,-10,-10,-10,220,-0.001,-40.01
"2020-10-04 19:49:17.9",4974356,-10,-10,-10,220,-0.001,-40.01
"2020-10-04 19:49:18",4974357,-10,-10,-10,220,-0.001,-40.01
"2020-10-04 19:49:18.1",4974358,-10,-10,-10,220,-0.001,-40.01
"2020-10-04 19:49:18.2",4974359,-10,-10,-10,220,-0.001,-40.01
"2020-10-04 19:49:18.3",4974360,-10,-10,-10,220,-0.001,-40.01
"2020-10-04 19:49:18.4",4974361,-10,-10,-10,220,-0.001,-40.01
"2020-10-04 19:49:18.5",4974362,-10,-10,-10,220,-0.001,-40.01
"2020-10-04 19:49:18.6",4974363,-10,-10,-10,220,-0.001,-40.01
"2020-10-04 19:49:18.7",4974364,-10,-10,-10,220,-0.001,-40.01
"2020-10-04 19:49:18.8",4974365,-10,-10,-10,220,-0.001,-40.01
"2020-10-04 19:49:18.9",4974366,-10,-10,-10,220,-0.001,-40.01
"2020-10-04 19:49:19",4974367,-10,-10,-10,220,-0.001,-40.01
"2020-10-04 19:49:19.1",4974368,-10,-10,-10,220,-0.001,-40.01
"2020-10-04 19:49:19.2",4974369,-10,-10,-10,220,-0.001,-40.01
"2020-10-04 19:49:19.3",4974370,-10,-10,-10,220,-0.001,-40.01
"2020-10-04 19:49:19.4",4974371,-10,-10,-10,220,-0.001,-40.01
"2020-10-04 19:49:19.5",4974372,-10,-10,-10,220,-0.001,-40.01
"2020-10-04 19:49:19.6",4974373,-10,-10,-10,220,-0.001,-40.01
"2020-10-04 19:49:19.7",4974374,-10,-10,-10,220,-0.001,-40.01
"2020-10-04 19:49:19.8",4974375,-10,-10,-10,220,-0.001,-40.01
"2020-10-04 19:49:19.9",4974376,-10,-10,-10,220,-0.001,-40.01
"2020-10-04 19:49:20",4974377,-10,-10,-10,220,-0.001,-40.01
"2020-10-04 19:49:20.1",4974378,-10,-10,-10,220,-0.001,-40.01
"2020-10-04 19:49:20.2",4974379,-10,-10,-10,220,-0.001,-40.01
"2020-10-04 19:49:20.3",4974380,-10,-10,-10,220,-0.001,-40.01
"2020-10-04 19:49:20.4",4974381,-10,-10,-10,220,-0.001,-40.01
"2020-10-04 19:49:20.5",4974382,-10,-10,-10,220,-0.001,-40.01
"2020-10-04 19:49:20.6",4974383,-10,-10,-10,220,-0.001,-40.01
"2020-10-04 19:49:20.7",4974384,-10,-10,-10,220,-0.001,-40.01
"2020-10-04 19:49:20.8",4974385,-10,-10,-10,220,-0.001,-40.01
"2020-10-04 19:49:20.9",4974386,-10,-10,-10,220,-0.001,-40.01
"2020-10-04 19:49:21",4974387,-10,-10,-10,220,-0.001,-40.01
"2020-10-04 19:49:21.1",4974388,-10,-10,-10,220,-0.001,-40.01
"2020-10-04 19:49:21.2",4974389,-10,-10,-10,220,-0.001,-40.01
"2020-10-04 19:49:21.3",4974390,-10,-10,-10,220,-0.001,-40.01
"2020-10-04 19:49:21.4",4974391,-10,-10,-10,220,-0.001,-40.01
"2020-10-04 19:49:21.5",4974392,-10,-10,-10,220,-0.001,-40.01
"2020-10-04 19:49:21.6",4974393,-10,-10,-10,220,-0.001,-40.01
"2020-10-04 19:49:21.7",4974394,-10,-10,-10,220,-0.001,-40.01
"2020-10-04 19:49:21.8",4974395,-10,-10,-10,220,-0.001,-40.01
"2020-10-04 19:49:21.9",4974396,-10,-10,-10,220,-0.001,-40.01
"2020-10-04 19:49:22",4974397,-10,-10,-10,220,-0.001,-40.01
"2020-10-04 19:49:22.1",4974398,-10,-10,-10,220,-0.001,-40.01
"2020-10-04 19:49:22.2",4974399,-10,-10,-10,220,-0.001,-40.01
"2020-10-04 19:49:22.3",4974400,-10,-10,-10,220,-0.001,-40.01
"2020-10-04 19:49:22.4",4974401,-10,-10,-10,220,-0.001,-40.01
"2020-10-04 19:49:22.5",4974402,-10,-10,-10,220,-0.001,-40.01
"2020-10-04 19:49:22.6",4974403,-10,-10,-10,220,-0.001,-40.01
"2020-10-04 19:49:22.7",4974404,-10,-10,-10,220,-0.001,-40.01
"2020-10-04 19:49:22.8",4974405,-10,-10,-10,220,-0.001,-40.01
"2020-10-04 19:49:22.9",4974406,-10,-10,-10,220,-0.001,-40.01
"2020-10-04 19:49:23",4974407,-10,-10,-10,220,-0.001,-40.01
"2020-10-04 19:49:23.1",4974408,-10,-10,-10,220,-0.001,-40.01
"2020-10-04 19:49:23.2",4974409,-10,-10,-10,220,-0.001,-40.01
"2020-10-04 19:49:23.3",4974410,-10,-10,-10,220,-0.001,-40.01
"2020-10-04 19:49:23.4",4974411,-10,-10,-10,220,-0.001,-40.01
"2020-10-04 19:49:23.5",4974412,-10,-10,-10,220,-0.001,-40.01
"2020-10-04 19:49:23.6",4974413,-10,-10,-10,220,-0.001,-40.01
"2020-10-04 19:49:23.7",4974414,-10,-10,-10,220,-0.001,-40.01
"2020-10-04 19:49:23.8",4974415,-10,-10,-10,220,-0.001,-40.01
"2020-10-04 19:49:23.9",4974416,-10,-10,-10,220,-0.001,-40.01
"2020-10-04 19:49:24",4974417,-10,-10,-10,220,-0.001,-40.01
"2020-10-04 19:49:24.1",4974418,-10,-10,-10,220,-0.001,-40.01
"2020-10-04 19:49:24.2",4974419,-10,-10,-10,220,-0.001,-40.01
"2020-10-04 19:49:24.3",4974420,-10,-10,-10,220,-0.001,-40.01
"2020-10-04 19:49:24.4",4974421,-10,-10,-10,220,-0.001,-40.01
"2020-10-04 19:49:24.5",4974422,-10,-10,-10,220,-0.001,-40.01
"2020-10-04 19:49:24.6",4974423,-10,-10,-10,220,-0.001,-40.01
"2020-10-04 19:49:24.7",4974424,-10,-10,-10,220,-0.001,-40.01
"2020-10-04 19:49:24.8",4974425,-10,-10,-10,220,-0.001,-40.01
"2020-10-04 19:49:24.9",4974426,-10,-10,-10,220,-0.001,-40.01
"2020-10-04 19:49:25",4974427,-10,-10,-10,220,-0.001,-40.01
"2020-10-04 19:49:25.1",4974428,-10,-10,-10,220,-0.001,-40.01
"2020-10-04 19:49:25.2",4974429,-10,-10,-10,220,-0.001,-40.01
"2020-10-04 19:49:25.3",4974430,-10,-10,-10,220,-0.001,-40.01
"2020-10-04 19:49:25.4",4974431,-10,-10,-10,220,-0.001,-40.01
"2020-10-04 19:49:25.5",4974432,-10,-10,-10,220,-0.001,-40.01
"2020-10-04 19:49:25.6",4974433,-10,-10,-10,220,-0.001,-40.01
"2020-10-04 19:49:25.7",4974434,-10,-10,-10,220,-0.001,-40.01
"2020-10-04 19:49:25.8",4974435,-10,-10,-10,220,-0.001,-40.01
"2020-10-04 19:49:25.9",4974436,-10,-10,-10,220,-0.001,-40.01
"2020-10-04 19:49:26",4974437,-10,-10,-10,220,-0.001,-40.01
"2020-10-04 19:49:26.1",4974438,-10,-10,-10,220,-0.001,-40.01
"2020-10-04 19:49:26.2",4974439,-10,-10,-10,220,-0.001,-40.01
"2020-10-04 19:49:26.3",4974440,-10,-10,-10,220,-0.001,-40.01
"2020-10-04 19:49:26.4",4974441,-10,-10,-10,220,-0.001,-40.01
"2020-10-04 19:49:26.5",4974442,-10,-10,-10,220,-0.001,-40.01
"2020-10-04 19:49:26.6",4974443,-10,-10,-10,220,-0.001,-40.01
"2020-10-04 19:49:26.7",4974444,-10,-10,-10,220,-0.001,-40.01
"2020-10-04 19:49:26.8",4974445,-10,-10,-10,220,-0.001,-40.01
"2020-10-04 19:49:26.9",4974446,-10,-10,-10,220,-0.001,-40.01
"2020-10-04 19:49:27",4974447,-10,-10,-10,220,-0.001,-40.01
"2020-10-04 19:49:27.1",4974448,-10,-10,-10,220,-0.001,-40.01
"2020-10-04 19:49:27.2",4974449,-10,-10,-10,220,-0.001,-40.01
"2020-10-04 19:49:27.3",4974450,-10,-10,-10,220,-0.001,-40.01
"2020-10-04 19:49:27.4",4974451,-10,-10,-10,220,-0.001,-40.01
"2020-10-04 19:49:27.5",4974452,-10,-10,-10,220,-0.001,-40.01
"2020-10-04 19:49:27.6",4974453,-10,-10,-10,220,-0.001,-40.01
"2020-10-04 19:49:27.7",4974454,-10,-10,-10,220,-0.001,-40.01
"2020-10-04 19:49:27.8",4974455,-10,-10,-10,220,-0.001,-40.01
"2020-10-04 19:49:27.9",4974456,-10,-10,-10,220,-0.001,-40.01
"2020-10-04 19:49:28",4974457,-10,-10,-10,220,-0.001,-40.01
"2020-10-04 19:49:28.1",4974458,-10,-10,-10,220,-0.001,-40.01
"2020-10-04 19:49:28.2",4974459,-10,-10,-10,220,-0.001,-40.01
"2020-10-04 19:49:28.3",4974460,-10,-10,-10,220,-0.001,-40.01
"2020-10-04 19:49:28.4",4974461,-10,-10,-10,220,-0.001,-40.01
"2020-10-04 19:49:28.5",4974462,-10,-10,-10,220,-0.001,-40.01
"2020-10-04 19:49:28.6",4974463,-10,-10,-10,220,-0.001,-40.01
"2020-10-04 19:49:28.7",4974464,-10,-10,-10,220,-0.001,-40.01
"2020-10-04 19:49:28.8",4974465,-10,-10,-10,220,-0.001,-40.01
"2020-10-04 19:49:28.9",4974466,-10,-10,-10,220,-0.001,-40.01
"2020-10-04 19:49:29",4974467,-10,-10,-10,220,-0.001,-40.01
"2020-10-04 19:49:29.1",4974468,-10,-10,-10,220,-0.001,-40.01
"2020-10-04 19:49:29.2",4974469,-10,-10,-10,220,-0.001,-40.01
"2020-10-04 19:49:29.3",4974470,-10,-10,-10,220,-0.001,-40.01
"2020-10-04 19:49:29.4",4974471,-10,-10,-10,220,-0.001,-40.01
"2020-10-04 19:49:29.5",4974472,-10,-10,-10,220,-0.001,-40.01
"2020-10-04 19:49:29.6",4974473,-10,-10,-10,220,-0.001,-40.01
"2020-10-04 19:49:29.7",4974474,-10,-10,-10,220,-0.001,-40.01
"2020-10-04 19:49:29.8",4974475,-10,-10,-10,220,-0.001,-40.01
"2020-10-04 19:49:29.9",4974476,-10,-10,-10,220,-0.001,-40.01
"2020-10-04 19:49:30",4974477,-10,-10,-10,220,-0.001,-40.01
"2020-10-04 19:49:30.1",4974478,-10,-10,-10,220,-0.001,-40.01
"2020-10-04 19:49:30.2",4974479,-10,-10,-10,220,-0.001,-40.01
"2020-10-04 19:49:30.3",4974480,-10,-10,-10,220,-0.001,-40.01
"2020-10-04 19:49:30.4",4974481,-10,-10,-10,220,-0.001,-40.01
"2020-10-04 19:49:30.5",4974482,-10,-10,-10,220,-0.001,-40.01
"2020-10-04 19:49:30.6",4974483,-10,-10,-10,220,-0.001,-40.01
"2020-10-04 19:49:30.7",4974484,-10,-10,-10,220,-0.001,-40.01
"2020-10-04 19:49:30.8",4974485,-10,-10,-10,220,-0.001,-40.01
"2020-10-04 19:49:30.9",4974486,-10,-10,-10,220,-0.001,-40.01
"2020-10-04 19:49:31",4974487,-10,-10,-10,220,-0.001,-40.01
"2020-10-04 19:49:31.1",4974488,-10,-10,-10,220,-0.001,-40.01
"2020-10-04 19:49:31.2",4974489,-10,-10,-10,220,-0.001,-40.01
"2020-10-04 19:49:31.3",4974490,-10,-10,-10,220,-0.001,-40.01
"2020-10-04 19:49:31.4",4974491,-10,-10,-10,220,-0.001,-40.01
"2020-10-04 19:49:31.5",4974492,-10,-10,-10,220,-0.001,-40.01
"2020-10-04 19:49:31.6",4974493,-10,-10,-10,220,-0.001,-40.01
"2020-10-04 19:49:31.7",4974494,-10,-10,-10,220,-0.001,-40.01
"2020-10-04 19:49:31.8",4974495,-10,-10,-10,220,-0.001,-40.01
"2020-10-04 19:49:31.9",4974496,-10,-10,-10,220,-0.001,-40.01
"2020-10-04 19:49:32",4974497,-10,-10,-10,220,-0.001,-40.01
"2020-10-04 19:49:32.1",4974498,-10,-10,-10,220,-0.001,-40.01
"2020-10-04 19:49:32.2",4974499,-10,-10,-10,220,-0.001,-40.01
"2020-10-04 19:49:32.3",4974500,-10,-10,-10,220,-0.001,-40.01
"2020-10-04 19:49:32.4",4974501,-10,-10,-10,220,-0.001,-40.01
"2020-10-04 19:49:32.5",4974502,-10,-10,-10,220,-0.001,-40.01
"2020-10-04 19:49:32.6",4974503,-10,-10,-10,220,-0.001,-40.01
"2020-10-04 19:49:32.7",4974504,-10,-10,-10,220,-0.001,-40.01
"2020-10-04 19:49:32.8",4974505,-10,-10,-10,220,-0.001,-40.01
"2020-10-04 19:49:32.9",4974506,-10,-10,-10,220,-0.001,-40.01
"2020-10-04 19:49:33",4974507,-10,-10,-10,220,-0.001,-40.01
"2020-10-04 19:49:33.1",4974508,-10,-10,-10,220,-0.001,-40.01
"2020-10-04 19:49:33.2",4974509,-10,-10,-10,220,-0.001,-40.01
"2020-10-04 19:49:33.3",4974510,-10,-10,-10,220,-0.001,-40.01
"2020-10-04 19:49:33.4",4974511,-10,-10,-10,220,-0.001,-40.01
"2020-10-04 19:49:33.5",4974512,-10,-10,-10,220,-0.001,-40.01
"2020-10-04 19:49:33.6",4974513,-10,-10,-10,220,-0.001,-40.01
"2020-10-04 19:49:33.7",4974514,-10,-10,-10,220,-0.001,-40.01
"2020-10-04 19:49:33.8",4974515,-10,-10,-10,220,-0.001,-40.01
"2020-10-04 19:49:33.9",4974516,-10,-10,-10,220,-0.001,-40.01
"2020-10-04 19:49:34",4974517,-10,-10,-10,220,-0.001,-40.01
"2020-10-04 19:49:34.1",4974518,-10,-10,-10,220,-0.001,-40.01
"2020-10-04 19:49:34.2",4974519,-10,-10,-10,220,-0.001,-40.01
"2020-10-04 19:49:34.3",4974520,-10,-10,-10,220,-0.001,-40.01
"2020-10-04 19:49:34.4",4974521,-10,-10,-10,220,-0.001,-40.01
"2020-10-04 19:49:34.5",4974522,-10,-10,-10,220,-0.001,-40.01
"2020-10-04 19:49:34.6",4974523,-10,-10,-10,220,-0.001,-40.01
"2020-10-04 19:49:34.7",4974524,-10,-10,-10,220,-0.001,-40.01
"2020-10-04 19:49:34.8",4974525,-10,-10,-10,220,-0.001,-40.01
"2020-10-04 19:49:34.9",4974526,-10,-10,-10,220,-0.001,-40.01
"2020-10-04 19:49:35",4974527,-10,-10,-10,220,-0.001,-40.01
"2020-10-04 19:49:35.1",4974528,-10,-10,-10,220,-0.001,-40.01
"2020-10-04 19:49:35.2",4974529,-10,-10,-10,220,-0.001,-40.01
"2020-10-04 19:49:35.3",4974530,-10,-10,-10,220,-0.001,-40.01
"2020-10-04 19:49:35.4",4974531,-10,-10,-10,220,-0.001,-40.01
"2020-10-04 19:49:35.5",4974532,-10,-10,-10,220,-0.001,-40.01
"2020-10-04 19:49:35.6",4974533,-10,-10,-10,220,-0.001,-40.01
"2020-10-04 19:49:35.7",4974534,-10,-10,-10,220,-0.001,-40.01
"2020-10-04 19:49:35.8",4974535,-10,-10,-10,220,-0.001,-40.01
"2020-10-04 19:49:35.9",4974536,-10,-10,-10,220,-0.001,-40.01
"2020-10-04 19:49:36",4974537,-10,-10,-10,220,-0.001,-40.01
"2020-10-04 19:49:36.1",4974538,-10,-10,-10,220,-0.001,-40.01
"2020-10-04 19:49:36.2",4974539,-10,-10,-10,220,-0.001,-40.01
"2020-10-04 19:49:36.3",4974540,-10,-10,-10,220,-0.001,-40.01
"2020-10-04 19:49:36.4",4974541,-10,-10,-10,220,-0.001,-40.01
"2020-10-04 19:49:36.5",4974542,-10,-10,-10,220,-0.001,-40.01
"2020-10-04 19:49:36.6",4974543,-10,-10,-10,220,-0.001,-40.01
"2020-10-04 19:49:36.7",4974544,-10,-10,-10,220,-0.001,-40.01
"2020-10-04 19:49:36.8",4974545,-10,-10,-10,220,-0.001,-40.01
"2020-10-04 19:49:36.9",4974546,-10,-10,-10,220,-0.001,-40.01
"2020-10-04 19:49:37",4974547,-10,-10,-10,220,-0.001,-40.01
"2020-10-04 19:49:37.1",4974548,-10,-10,-10,220,-0.001,-40.01
"2020-10-04 19:49:37.2",4974549,-10,-10,-10,220,-0.001,-40.01
"2020-10-04 19:49:37.3",4974550,-10,-10,-10,220,-0.001,-40.01
"2020-10-04 19:49:37.4",4974551,-10,-10,-10,220,-0.001,-40.01
"2020-10-04 19:49:37.5",4974552,-10,-10,-10,220,-0.001,-40.01
"2020-10-04 19:49:37.6",4974553,-10,-10,-10,220,-0.001,-40.01
"2020-10-04 19:49:37.7",4974554,-10,-10,-10,220,-0.001,-40.01
"2020-10-04 19:49:37.8",4974555,-10,-10,-10,220,-0.001,-40.01
"2020-10-04 19:49:37.9",4974556,-10,-10,-10,220,-0.001,-40.01
"2020-10-04 19:49:38",4974557,-10,-10,-10,220,-0.001,-40.01
"2020-10-04 19:49:38.1",4974558,-10,-10,-10,220,-0.001,-40.01
"2020-10-04 19:49:38.2",4974559,-10,-10,-10,220,-0.001,-40.01
"2020-10-04 19:49:38.3",4974560,-10,-10,-10,220,-0.001,-40.01
"2020-10-04 19:49:38.4",4974561,-10,-10,-10,220,-0.001,-40.01
"2020-10-04 19:49:38.5",4974562,-10,-10,-10,220,-0.001,-40.01
"2020-10-04 19:49:38.6",4974563,-10,-10,-10,220,-0.001,-40.01
"2020-10-04 19:49:38.7",4974564,-10,-10,-10,220,-0.001,-40.01
"2020-10-04 19:49:38.8",4974565,-10,-10,-10,220,-0.001,-40.01
"2020-10-04 19:49:38.9",4974566,-10,-10,-10,220,-0.001,-40.01
"2020-10-04 19:49:39",4974567,-10,-10,-10,220,-0.001,-40.01
"2020-10-04 19:49:39.1",4974568,-10,-10,-10,220,-0.001,-40.01
"2020-10-04 19:49:39.2",4974569,-10,-10,-10,220,-0.001,-40.01
"2020-10-04 19:49:39.3",4974570,-10,-10,-10,220,-0.001,-40.01
"2020-10-04 19:49:39.4",4974571,-10,-10,-10,220,-0.001,-40.01
"2020-10-04 19:49:39.5",4974572,-10,-10,-10,220,-0.001,-40.01
"2020-10-04 19:49:39.6",4974573,-10,-10,-10,220,-0.001,-40.01
"2020-10-04 19:49:39.7",4974574,-10,-10,-10,220,-0.001,-40.01
"2020-10-04 19:49:39.8",4974575,-10,-10,-10,220,-0.001,-40.01
"2020-10-04 19:49:39.9",4974576,-10,-10,-10,220,-0.001,-40.01
"2020-10-04 19:49:40",4974577,-10,-10,-10,220,-0.001,-40.01
"2020-10-04 19:49:40.1",4974578,-10,-10,-10,220,-0.001,-40.01
"2020-10-04 19:49:40.2",4974579,-10,-10,-10,220,-0.001,-40.01
"2020-10-04 19:49:40.3",4974580,-10,-10,-10,220,-0.001,-40.01
"2020-10-04 19:49:40.4",4974581,-10,-10,-10,220,-0.001,-40.01
"2020-10-04 19:49:40.5",4974582,-10,-10,-10,220,-0.001,-40.01
"2020-10-04 19:49:40.6",4974583,-10,-10,-10,220,-0.001,-40.01
"2020-10-04 19:49:40.7",4974584,-10,-10,-10,220,-0.001,-40.01
"2020-10-04 19:49:40.8",4974585,-10,-10,-10,220,-0.001,-40.01
"2020-10-04 19:49:40.9",4974586,-10,-10,-10,220,-0.001,-40.01
"2020-10-04 19:49:41",4974587,-10,-10,-10,220,-0.001,-40.01
"2020-10-04 19:49:41.1",4974588,-10,-10,-10,220,-0.001,-40.01
"2020-10-04 19:49:41.2",4974589,-10,-10,-10,220,-0.001,-40.01
"2020-10-04 19:49:41.3",4974590,-10,-10,-10,220,-0.001,-40.01
"2020-10-04 19:49:41.4",4974591,-10,-10,-10,220,-0.001,-40.01
"2020-10-04 19:49:41.5",4974592,-10,-10,-10,220,-0.001,-40.01
"2020-10-04 19:49:41.6",4974593,-10,-10,-10,220,-0.001,-40.01
"2020-10-04 19:49:41.7",4974594,-10,-10,-10,220,-0.001,-40.01
"2020-10-04 19:49:41.8",4974595,-10,-10,-10,220,-0.001,-40.01
"2020-10-04 19:49:41.9",4974596,-10,-10,-10,220,-0.001,-40.01
"2020-10-04 19:49:42",4974597,-10,-10,-10,220,-0.001,-40.01
"2020-10-04 19:49:42.1",4974598,-10,-10,-10,220,-0.001,-40.01
"2020-10-04 19:49:42.2",4974599,-10,-10,-10,220,-0.001,-40.01
"2020-10-04 19:49:42.3",4974600,-10,-10,-10,220,-0.001,-40.01
"2020-10-04 19:49:42.4",4974601,-10,-10,-10,220,-0.001,-40.01
"2020-10-04 19:49:42.5",4974602,-10,-10,-10,220,-0.001,-40.01
"2020-10-04 19:49:42.6",4974603,-10,-10,-10,220,-0.001,-40.01
"2020-10-04 19:49:42.7",4974604,-10,-10,-10,220,-0.001,-40.01
"2020-10-04 19:49:42.8",4974605,-10,-10,-10,220,-0.001,-40.01
"2020-10-04 19:49:42.9",4974606,-10,-10,-10,220,-0.001,-40.01
"2020-10-04 19:49:43",4974607,-10,-10,-10,220,-0.001,-40.01
"2020-10-04 19:49:43.1",4974608,-10,-10,-10,220,-0.001,-40.01
"2020-10-04 19:49:43.2",4974609,-10,-10,-10,220,-0.001,-40.01
"2020-10-04 19:49:43.3",4974610,-10,-10,-10,220,-0.001,-40.01
"2020-10-04 19:49:43.4",4974611,-10,-10,-10,220,-0.001,-40.01
"2020-10-04 19:49:43.5",4974612,-10,-10,-10,220,-0.001,-40.01
"2020-10-04 19:49:43.6",4974613,-10,-10,-10,220,-0.001,-40.01
"2020-10-04 19:49:43.7",4974614,-10,-10,-10,220,-0.001,-40.01
"2020-10-04 19:49:43.8",4974615,-10,-10,-10,220,-0.001,-40.01
"2020-10-04 19:49:43.9",4974616,-10,-10,-10,220,-0.001,-40.01
"2020-10-04 19:49:44",4974617,-10,-10,-10,220,-0.001,-40.01
"2020-10-04 19:49:44.1",4974618,-10,-10,-10,220,-0.001,-40.01
"2020-10-04 19:49:44.2",4974619,-10,-10,-10,220,-0.001,-40.01
"2020-10-04 19:49:44.3",4974620,-10,-10,-10,220,-0.001,-40.01
"2020-10-04 19:49:44.4",4974621,-10,-10,-10,220,-0.001,-40.01
"2020-10-04 19:49:44.5",4974622,-10,-10,-10,220,-0.001,-40.01
"2020-10-04 19:49:44.6",4974623,-10,-10,-10,220,-0.001,-40.01
"2020-10-04 19:49:44.7",4974624,-10,-10,-10,220,-0.001,-40.01
"2020-10-04 19:49:44.8",4974625,-10,-10,-10,220,-0.001,-40.01
"2020-10-04 19:49:44.9",4974626,-10,-10,-10,220,-0.001,-40.01
"2020-10-04 19:49:45",4974627,-10,-10,-10,220,-0.001,-40.01
"2020-10-04 19:49:45.1",4974628,-10,-10,-10,220,-0.001,-40.01
"2020-10-04 19:49:45.2",4974629,-10,-10,-10,220,-0.001,-40.01
"2020-10-04 19:49:45.3",4974630,-10,-10,-10,220,-0.001,-40.01
"2020-10-04 19:49:45.4",4974631,-10,-10,-10,220,-0.001,-40.01
"2020-10-04 19:49:45.5",4974632,-10,-10,-10,220,-0.001,-40.01
"2020-10-04 19:49:45.6",4974633,-10,-10,-10,220,-0.001,-40.01
"2020-10-04 19:49:45.7",4974634,-10,-10,-10,220,-0.001,-40.01
"2020-10-04 19:49:45.8",4974635,-10,-10,-10,220,-0.001,-40.01
"2020-10-04 19:49:45.9",4974636,-10,-10,-10,220,-0.001,-40.01
"2020-10-04 19:49:46",4974637,-10,-10,-10,220,-0.001,-40.01
"2020-10-04 19:49:46.1",4974638,-10,-10,-10,220,-0.001,-40.01
"2020-10-04 19:49:46.2",4974639,-10,-10,-10,220,-0.001,-40.01
"2020-10-04 19:49:46.3",4974640,-10,-10,-10,220,-0.001,-40.01
"2020-10-04 19:49:46.4",4974641,-10,-10,-10,220,-0.001,-40.01
"2020-10-04 19:49:46.5",4974642,-10,-10,-10,220,-0.001,-40.01
"2020-10-04 19:49:46.6",4974643,-10,-10,-10,220,-0.001,-40.01
"2020-10-04 19:49:46.7",4974644,-10,-10,-10,220,-0.001,-40.01
"2020-10-04 19:49:46.8",4974645,-10,-10,-10,220,-0.001,-40.01
"2020-10-04 19:49:46.9",4974646,-10,-10,-10,220,-0.001,-40.01
"2020-10-04 19:49:47",4974647,-10,-10,-10,220,-0.001,-40.01
"2020-10-04 19:49:47.1",4974648,-10,-10,-10,220,-0.001,-40.01
"2020-10-04 19:49:47.2",4974649,-10,-10,-10,220,-0.001,-40.01
"2020-10-04 19:49:47.3",4974650,-10,-10,-10,220,-0.001,-40.01
"2020-10-04 19:49:47.4",4974651,-10,-10,-10,220,-0.001,-40.01
"2020-10-04 19:49:47.5",4974652,-10,-10,-10,220,-0.001,-40.01
"2020-10-04 19:49:47.6",4974653,-10,-10,-10,220,-0.001,-40.01
"2020-10-04 19:49:47.7",4974654,-10,-10,-10,220,-0.001,-40.01
"2020-10-04 19:49:47.8",4974655,-10,-10,-10,220,-0.001,-40.01
"2020-10-04 19:49:47.9",4974656,-10,-10,-10,220,-0.001,-40.01
"2020-10-04 19:49:48",4974657,-10,-10,-10,220,-0.001,-40.01
"2020-10-04 19:49:48.1",4974658,-10,-10,-10,220,-0.001,-40.01
"2020-10-04 19:49:48.2",4974659,-10,-10,-10,220,-0.001,-40.01
"2020-10-04 19:49:48.3",4974660,-10,-10,-10,220,-0.001,-40.01
"2020-10-04 19:49:48.4",4974661,-10,-10,-10,220,-0.001,-40.01
"2020-10-04 19:49:48.5",4974662,-10,-10,-10,220,-0.001,-40.01
"2020-10-04 19:49:48.6",4974663,-10,-10,-10,220,-0.001,-40.01
"2020-10-04 19:49:48.7",4974664,-10,-10,-10,220,-0.001,-40.01
"2020-10-04 19:49:48.8",4974665,-10,-10,-10,220,-0.001,-40.01
"2020-10-04 19:49:48.9",4974666,-10,-10,-10,220,-0.001,-40.01
"2020-10-04 19:49:49",4974667,-10,-10,-10,220,-0.001,-40.01
"2020-10-04 19:49:49.1",4974668,-10,-10,-10,220,-0.001,-40.01
"2020-10-04 19:49:49.2",4974669,-10,-10,-10,220,-0.001,-40.01
"2020-10-04 19:49:49.3",4974670,-10,-10,-10,220,-0.001,-40.01
"2020-10-04 19:49:49.4",4974671,-10,-10,-10,220,-0.001,-40.01
"2020-10-04 19:49:49.5",4974672,-10,-10,-10,220,-0.001,-40.01
"2020-10-04 19:49:49.6",4974673,-10,-10,-10,220,-0.001,-40.01
"2020-10-04 19:49:49.7",4974674,-10,-10,-10,220,-0.001,-40.01
"2020-10-04 19:49:49.8",4974675,-10,-10,-10,220,-0.001,-40.01
"2020-10-04 19:49:49.9",4974676,-10,-10,-10,220,-0.001,-40.01
"2020-10-04 19:49:50",4974677,-10,-10,-10,220,-0.001,-40.01
"2020-10-04 19:49:50.1",4974678,-10,-10,-10,220,-0.001,-40.01
"2020-10-04 19:49:50.2",4974679,-10,-10,-10,220,-0.001,-40.01
"2020-10-04 19:49:50.3",4974680,-10,-10,-10,220,-0.001,-40.01
"2020-10-04 19:49:50.4",4974681,-10,-10,-10,220,-0.001,-40.01
"2020-10-04 19:49:50.5",4974682,-10,-10,-10,220,-0.001,-40.01
"2020-10-04 19:49:50.6",4974683,-10,-10,-10,220,-0.001,-40.01
"2020-10-04 19:49:50.7",4974684,-10,-10,-10,220,-0.001,-40.01
"2020-10-04 19:49:50.8",4974685,-10,-10,-10,220,-0.001,-40.01
"2020-10-04 19:49:50.9",4974686,-10,-10,-10,220,-0.001,-40.01
