"TOA5","10329","CR6","10329","CR6.Std.09.01 CR6-WIFI.04.00.01","CPU:YOUNG81000_HMP60_10Hz.CR6","51185","Young10Hz_hmp"
"TIMESTAMP","RECORD","U","V","W","TSonic","RH","T_HMP60"
"TS","RN","mV","mV","mV","mV","%","Deg C"
"","","Smp","Smp","Smp","Smp","Smp","Smp"
"2020-10-06 14:05:51",6496287,-10,-10,-10,220,-0.003,-40.01
"2020-10-06 14:05:51.1",6496288,-10,-10,-10,220,-0.003,-40.01
"2020-10-06 14:05:51.2",6496289,-10,-10,-10,220,-0.003,-40.01
"2020-10-06 14:05:51.3",6496290,-10,-10,-10,220,-0.003,-40.01
"2020-10-06 14:05:51.4",6496291,-10,-10,-10,220,-0.003,-40.01
"2020-10-06 14:05:51.5",6496292,-10,-10,-10,220,-0.003,-40.01
"2020-10-06 14:05:51.6",6496293,-10,-10,-10,220,-0.003,-40.01
"2020-10-06 14:05:51.7",6496294,-10,-10,-10,220,-0.003,-40.01
"2020-10-06 14:05:51.8",6496295,-10,-10,-10,220,-0.003,-40.01
"2020-10-06 14:05:51.9",6496296,-10,-10,-10,220,-0.003,-40.01
"2020-10-06 14:05:52",6496297,-10,-10,-10,220,-0.003,-40.01
"2020-10-06 14:05:52.1",6496298,-10,-10,-10,220,-0.003,-40.01
"2020-10-06 14:05:52.2",6496299,-10,-10,-10,220,-0.003,-40.01
"2020-10-06 14:05:52.3",6496300,-10,-10,-10,220,-0.003,-40.01
"2020-10-06 14:05:52.4",6496301,-10,-10,-10,220,-0.003,-40.01
"2020-10-06 14:05:52.5",6496302,-10,-10,-10,220,-0.003,-40.01
"2020-10-06 14:05:52.6",6496303,-10,-10,-10,220,-0.003,-40.01
"2020-10-06 14:05:52.7",6496304,-10,-10,-10,220,-0.003,-40.01
"2020-10-06 14:05:52.8",6496305,-10,-10,-10,220,-0.003,-40.01
"2020-10-06 14:05:52.9",6496306,-10,-10,-10,220,-0.003,-40.01
"2020-10-06 14:05:53",6496307,-10,-10,-10,220,-0.003,-40.01
"2020-10-06 14:05:53.1",6496308,-10,-10,-10,220,-0.003,-40.01
"2020-10-06 14:05:53.2",6496309,-10,-10,-10,220,-0.003,-40.01
"2020-10-06 14:05:53.3",6496310,-10,-10,-10,220,-0.003,-40.01
"2020-10-06 14:05:53.4",6496311,-10,-10,-10,220,-0.003,-40.01
"2020-10-06 14:05:53.5",6496312,-10,-10,-10,220,-0.003,-40.01
"2020-10-06 14:05:53.6",6496313,-10,-10,-10,220,-0.003,-40.01
"2020-10-06 14:05:53.7",6496314,-10,-10,-10,220,-0.003,-40.01
"2020-10-06 14:05:53.8",6496315,-10,-10,-10,220,-0.003,-40.01
"2020-10-06 14:05:53.9",6496316,-10,-10,-10,220,-0.003,-40.01
"2020-10-06 14:05:54",6496317,-10,-10,-10,220,-0.003,-40.01
"2020-10-06 14:05:54.1",6496318,-10,-10,-10,220,-0.003,-40.01
"2020-10-06 14:05:54.2",6496319,-10,-10,-10,220,-0.003,-40.01
"2020-10-06 14:05:54.3",6496320,-10,-10,-10,220,-0.003,-40.01
"2020-10-06 14:05:54.4",6496321,-10,-10,-10,220,-0.003,-40.01
"2020-10-06 14:05:54.5",6496322,-10,-10,-10,220,-0.003,-40.01
"2020-10-06 14:05:54.6",6496323,-10,-10,-10,220,-0.003,-40.01
"2020-10-06 14:05:54.7",6496324,-10,-10,-10,220,-0.003,-40.01
"2020-10-06 14:05:54.8",6496325,-10,-10,-10,220,-0.003,-40.01
"2020-10-06 14:05:54.9",6496326,-10,-10,-10,220,-0.003,-40.01
"2020-10-06 14:05:55",6496327,-10,-10,-10,220,-0.003,-40.01
"2020-10-06 14:05:55.1",6496328,-10,-10,-10,220,-0.003,-40.01
"2020-10-06 14:05:55.2",6496329,-10,-10,-10,220,-0.003,-40.01
"2020-10-06 14:05:55.3",6496330,-10,-10,-10,220,-0.003,-40.01
"2020-10-06 14:05:55.4",6496331,-10,-10,-10,220,-0.003,-40.01
"2020-10-06 14:05:55.5",6496332,-10,-10,-10,220,-0.003,-40.01
"2020-10-06 14:05:55.6",6496333,-10,-10,-10,220,-0.003,-40.01
"2020-10-06 14:05:55.7",6496334,-10,-10,-10,220,-0.003,-40.01
"2020-10-06 14:05:55.8",6496335,-10,-10,-10,220,-0.003,-40.01
"2020-10-06 14:05:55.9",6496336,-10,-10,-10,220,-0.003,-40.01
"2020-10-06 14:05:56",6496337,-10,-10,-10,220,-0.003,-40.01
"2020-10-06 14:05:56.1",6496338,-10,-10,-10,220,-0.003,-40.01
"2020-10-06 14:05:56.2",6496339,-10,-10,-10,220,-0.003,-40.01
"2020-10-06 14:05:56.3",6496340,-10,-10,-10,220,-0.003,-40.01
"2020-10-06 14:05:56.4",6496341,-10,-10,-10,220,-0.003,-40.01
"2020-10-06 14:05:56.5",6496342,-10,-10,-10,220,-0.003,-40.01
"2020-10-06 14:05:56.6",6496343,-10,-10,-10,220,-0.003,-40.01
"2020-10-06 14:05:56.7",6496344,-10,-10,-10,220,-0.003,-40.01
"2020-10-06 14:05:56.8",6496345,-10,-10,-10,220,-0.003,-40.01
"2020-10-06 14:05:56.9",6496346,-10,-10,-10,220,-0.003,-40.01
"2020-10-06 14:05:57",6496347,-10,-10,-10,220,-0.003,-40.01
"2020-10-06 14:05:57.1",6496348,-10,-10,-10,220,-0.003,-40.01
"2020-10-06 14:05:57.2",6496349,-10,-10,-10,220,-0.003,-40.01
"2020-10-06 14:05:57.3",6496350,-10,-10,-10,220,-0.003,-40.01
"2020-10-06 14:05:57.4",6496351,-10,-10,-10,220,-0.003,-40.01
"2020-10-06 14:05:57.5",6496352,-10,-10,-10,220,-0.003,-40.01
"2020-10-06 14:05:57.6",6496353,-10,-10,-10,220,-0.003,-40.01
"2020-10-06 14:05:57.7",6496354,-10,-10,-10,220,-0.003,-40.01
"2020-10-06 14:05:57.8",6496355,-10,-10,-10,220,-0.003,-40.01
"2020-10-06 14:05:57.9",6496356,-10,-10,-10,220,-0.003,-40.01
"2020-10-06 14:05:58",6496357,-10,-10,-10,220,-0.003,-40.01
"2020-10-06 14:05:58.1",6496358,-10,-10,-10,220,-0.003,-40.01
"2020-10-06 14:05:58.2",6496359,-10,-10,-10,220,-0.003,-40.01
"2020-10-06 14:05:58.3",6496360,-10,-10,-10,220,-0.003,-40.01
"2020-10-06 14:05:58.4",6496361,-10,-10,-10,220,-0.003,-40.01
"2020-10-06 14:05:58.5",6496362,-10,-10,-10,220,-0.003,-40.01
"2020-10-06 14:05:58.6",6496363,-10,-10,-10,220,-0.003,-40.01
"2020-10-06 14:05:58.7",6496364,-10,-10,-10,220,-0.003,-40.01
"2020-10-06 14:05:58.8",6496365,-10,-10,-10,220,-0.003,-40.01
"2020-10-06 14:05:58.9",6496366,-10,-10,-10,220,-0.003,-40.01
"2020-10-06 14:05:59",6496367,-10,-10,-10,220,-0.003,-40.01
"2020-10-06 14:05:59.1",6496368,-10,-10,-10,220,-0.003,-40.01
"2020-10-06 14:05:59.2",6496369,-10,-10,-10,220,-0.003,-40.01
"2020-10-06 14:05:59.3",6496370,-10,-10,-10,220,-0.003,-40.01
"2020-10-06 14:05:59.4",6496371,-10,-10,-10,220,-0.003,-40.01
"2020-10-06 14:05:59.5",6496372,-10,-10,-10,220,-0.003,-40.01
"2020-10-06 14:05:59.6",6496373,-10,-10,-10,220,-0.003,-40.01
"2020-10-06 14:05:59.7",6496374,-10,-10,-10,220,-0.003,-40.01
"2020-10-06 14:05:59.8",6496375,-10,-10,-10,220,-0.003,-40.01
"2020-10-06 14:05:59.9",6496376,-10,-10,-10,220,-0.003,-40.01
"2020-10-06 14:06:00",6496377,-10,-10,-10,220,-0.003,-40.01
"2020-10-06 14:06:00.1",6496378,-10,-10,-10,220,-0.008,-40.02
"2020-10-06 14:06:00.2",6496379,-10,-10,-10,220,-0.008,-40.02
"2020-10-06 14:06:00.3",6496380,-10,-10,-10,220,-0.002,-40
"2020-10-06 14:06:00.4",6496381,-10,-10,-10,220,-0.003,-40.01
"2020-10-06 14:06:00.5",6496382,-10,-10,-10,220,-0.003,-40.01
"2020-10-06 14:06:00.6",6496383,-10,-10,-10,220,-0.003,-40.01
"2020-10-06 14:06:00.7",6496384,-10,-10,-10,220,-0.003,-40.01
"2020-10-06 14:06:00.8",6496385,-10,-10,-10,220,-0.003,-40.01
"2020-10-06 14:06:00.9",6496386,-10,-10,-10,220,-0.003,-40.01
"2020-10-06 14:06:01",6496387,-10,-10,-10,220,-0.003,-40.01
"2020-10-06 14:06:01.1",6496388,-10,-10,-10,220,-0.003,-40.01
"2020-10-06 14:06:01.2",6496389,-10,-10,-10,220,-0.003,-40.01
"2020-10-06 14:06:01.3",6496390,-10,-10,-10,220,-0.003,-40.01
"2020-10-06 14:06:01.4",6496391,-10,-10,-10,220,-0.003,-40.01
"2020-10-06 14:06:01.5",6496392,-10,-10,-10,220,-0.003,-40.01
"2020-10-06 14:06:01.6",6496393,-10,-10,-10,220,-0.003,-40.01
"2020-10-06 14:06:01.7",6496394,-10,-10,-10,220,-0.003,-40.01
"2020-10-06 14:06:01.8",6496395,-10,-10,-10,220,-0.003,-40.01
"2020-10-06 14:06:01.9",6496396,-10,-10,-10,220,-0.003,-40.01
"2020-10-06 14:06:02",6496397,-10,-10,-10,220,-0.003,-40.01
"2020-10-06 14:06:02.1",6496398,-10,-10,-10,220,-0.003,-40.01
"2020-10-06 14:06:02.2",6496399,-10,-10,-10,220,-0.003,-40.01
"2020-10-06 14:06:02.3",6496400,-10,-10,-10,220,-0.003,-40.01
"2020-10-06 14:06:02.4",6496401,-10,-10,-10,220,-0.003,-40.01
"2020-10-06 14:06:02.5",6496402,-10,-10,-10,220,-0.003,-40.01
"2020-10-06 14:06:02.6",6496403,-10,-10,-10,220,-0.003,-40.01
"2020-10-06 14:06:02.7",6496404,-10,-10,-10,220,-0.003,-40.01
"2020-10-06 14:06:02.8",6496405,-10,-10,-10,220,-0.003,-40.01
"2020-10-06 14:06:02.9",6496406,-10,-10,-10,220,-0.003,-40.01
"2020-10-06 14:06:03",6496407,-10,-10,-10,220,-0.003,-40.01
"2020-10-06 14:06:03.1",6496408,-10,-10,-10,220,-0.003,-40.01
"2020-10-06 14:06:03.2",6496409,-10,-10,-10,220,-0.003,-40.01
"2020-10-06 14:06:03.3",6496410,-10,-10,-10,220,-0.003,-40.01
"2020-10-06 14:06:03.4",6496411,-10,-10,-10,220,-0.003,-40.01
"2020-10-06 14:06:03.5",6496412,-10,-10,-10,220,-0.003,-40.01
"2020-10-06 14:06:03.6",6496413,-10,-10,-10,220,-0.003,-40.01
"2020-10-06 14:06:03.7",6496414,-10,-10,-10,220,-0.003,-40.01
"2020-10-06 14:06:03.8",6496415,-10,-10,-10,220,-0.003,-40.01
"2020-10-06 14:06:03.9",6496416,-10,-10,-10,220,-0.003,-40.01
"2020-10-06 14:06:04",6496417,-10,-10,-10,220,-0.003,-40.01
"2020-10-06 14:06:04.1",6496418,-10,-10,-10,220,-0.003,-40.01
"2020-10-06 14:06:04.2",6496419,-10,-10,-10,220,-0.003,-40.01
"2020-10-06 14:06:04.3",6496420,-10,-10,-10,220,-0.003,-40.01
"2020-10-06 14:06:04.4",6496421,-10,-10,-10,220,-0.003,-40.01
"2020-10-06 14:06:04.5",6496422,-10,-10,-10,220,-0.003,-40.01
"2020-10-06 14:06:04.6",6496423,-10,-10,-10,220,-0.003,-40.01
"2020-10-06 14:06:04.7",6496424,-10,-10,-10,220,-0.003,-40.01
"2020-10-06 14:06:04.8",6496425,-10,-10,-10,220,-0.003,-40.01
"2020-10-06 14:06:04.9",6496426,-10,-10,-10,220,-0.003,-40.01
"2020-10-06 14:06:05",6496427,-10,-10,-10,220,-0.003,-40.01
"2020-10-06 14:06:05.1",6496428,-10,-10,-10,220,-0.003,-40.01
"2020-10-06 14:06:05.2",6496429,-10,-10,-10,220,-0.003,-40.01
"2020-10-06 14:06:05.3",6496430,-10,-10,-10,220,-0.003,-40.01
"2020-10-06 14:06:05.4",6496431,-10,-10,-10,220,-0.003,-40.01
"2020-10-06 14:06:05.5",6496432,-10,-10,-10,220,-0.003,-40.01
"2020-10-06 14:06:05.6",6496433,-10,-10,-10,220,-0.003,-40.01
"2020-10-06 14:06:05.7",6496434,-10,-10,-10,220,-0.003,-40.01
"2020-10-06 14:06:05.8",6496435,-10,-10,-10,220,-0.003,-40.01
"2020-10-06 14:06:05.9",6496436,-10,-10,-10,220,-0.003,-40.01
"2020-10-06 14:06:06",6496437,-10,-10,-10,220,-0.003,-40.01
"2020-10-06 14:06:06.1",6496438,-10,-10,-10,220,-0.003,-40.01
"2020-10-06 14:06:06.2",6496439,-10,-10,-10,220,-0.003,-40.01
"2020-10-06 14:06:06.3",6496440,-10,-10,-10,220,-0.003,-40.01
"2020-10-06 14:06:06.4",6496441,-10,-10,-10,220,-0.003,-40.01
"2020-10-06 14:06:06.5",6496442,-10,-10,-10,220,-0.003,-40.01
"2020-10-06 14:06:06.6",6496443,-10,-10,-10,220,-0.003,-40.01
"2020-10-06 14:06:06.7",6496444,-10,-10,-10,220,-0.003,-40.01
"2020-10-06 14:06:06.8",6496445,-10,-10,-10,220,-0.003,-40.01
"2020-10-06 14:06:06.9",6496446,-10,-10,-10,220,-0.003,-40.01
"2020-10-06 14:06:07",6496447,-10,-10,-10,220,-0.003,-40.01
"2020-10-06 14:06:07.1",6496448,-10,-10,-10,220,-0.003,-40.01
"2020-10-06 14:06:07.2",6496449,-10,-10,-10,220,-0.003,-40.01
"2020-10-06 14:06:07.3",6496450,-10,-10,-10,220,-0.003,-40.01
"2020-10-06 14:06:07.4",6496451,-10,-10,-10,220,-0.003,-40.01
"2020-10-06 14:06:07.5",6496452,-10,-10,-10,220,-0.003,-40.01
"2020-10-06 14:06:07.6",6496453,-10,-10,-10,220,-0.003,-40.01
"2020-10-06 14:06:07.7",6496454,-10,-10,-10,220,-0.003,-40.01
"2020-10-06 14:06:07.8",6496455,-10,-10,-10,220,-0.003,-40.01
"2020-10-06 14:06:07.9",6496456,-10,-10,-10,220,-0.003,-40.01
"2020-10-06 14:06:08",6496457,-10,-10,-10,220,-0.003,-40.01
"2020-10-06 14:06:08.1",6496458,-10,-10,-10,220,-0.003,-40.01
"2020-10-06 14:06:08.2",6496459,-10,-10,-10,220,-0.003,-40.01
"2020-10-06 14:06:08.3",6496460,-10,-10,-10,220,-0.003,-40.01
"2020-10-06 14:06:08.4",6496461,-10,-10,-10,220,-0.003,-40.01
"2020-10-06 14:06:08.5",6496462,-10,-10,-10,220,-0.003,-40.01
"2020-10-06 14:06:08.6",6496463,-10,-10,-10,220,-0.003,-40.01
"2020-10-06 14:06:08.7",6496464,-10,-10,-10,220,-0.003,-40.01
"2020-10-06 14:06:08.8",6496465,-10,-10,-10,220,-0.003,-40.01
"2020-10-06 14:06:08.9",6496466,-10,-10,-10,220,-0.003,-40.01
"2020-10-06 14:06:09",6496467,-10,-10,-10,220,-0.003,-40.01
"2020-10-06 14:06:09.1",6496468,-10,-10,-10,220,-0.003,-40.01
"2020-10-06 14:06:09.2",6496469,-10,-10,-10,220,-0.003,-40.01
"2020-10-06 14:06:09.3",6496470,-10,-10,-10,220,-0.003,-40.01
"2020-10-06 14:06:09.4",6496471,-10,-10,-10,220,-0.003,-40.01
"2020-10-06 14:06:09.5",6496472,-10,-10,-10,220,-0.003,-40.01
"2020-10-06 14:06:09.6",6496473,-10,-10,-10,220,-0.003,-40.01
"2020-10-06 14:06:09.7",6496474,-10,-10,-10,220,-0.003,-40.01
"2020-10-06 14:06:09.8",6496475,-10,-10,-10,220,-0.003,-40.01
"2020-10-06 14:06:09.9",6496476,-10,-10,-10,220,-0.003,-40.01
"2020-10-06 14:06:10",6496477,-10,-10,-10,220,-0.003,-40.01
"2020-10-06 14:06:10.1",6496478,-10,-10,-10,220,-0.003,-40.01
"2020-10-06 14:06:10.2",6496479,-10,-10,-10,220,-0.003,-40.01
"2020-10-06 14:06:10.3",6496480,-10,-10,-10,220,-0.003,-40.01
"2020-10-06 14:06:10.4",6496481,-10,-10,-10,220,-0.003,-40.01
"2020-10-06 14:06:10.5",6496482,-10,-10,-10,220,-0.003,-40.01
"2020-10-06 14:06:10.6",6496483,-10,-10,-10,220,-0.003,-40.01
"2020-10-06 14:06:10.7",6496484,-10,-10,-10,220,-0.003,-40.01
"2020-10-06 14:06:10.8",6496485,-10,-10,-10,220,-0.003,-40.01
"2020-10-06 14:06:10.9",6496486,-10,-10,-10,220,-0.003,-40.01
"2020-10-06 14:06:11",6496487,-10,-10,-10,220,-0.003,-40.01
"2020-10-06 14:06:11.1",6496488,-10,-10,-10,220,-0.003,-40.01
"2020-10-06 14:06:11.2",6496489,-10,-10,-10,220,-0.003,-40.01
"2020-10-06 14:06:11.3",6496490,-10,-10,-10,220,-0.003,-40.01
"2020-10-06 14:06:11.4",6496491,-10,-10,-10,220,-0.003,-40.01
"2020-10-06 14:06:11.5",6496492,-10,-10,-10,220,-0.003,-40.01
"2020-10-06 14:06:11.6",6496493,-10,-10,-10,220,-0.003,-40.01
"2020-10-06 14:06:11.7",6496494,-10,-10,-10,220,-0.003,-40.01
"2020-10-06 14:06:11.8",6496495,-10,-10,-10,220,-0.003,-40.01
"2020-10-06 14:06:11.9",6496496,-10,-10,-10,220,-0.003,-40.01
"2020-10-06 14:06:12",6496497,-10,-10,-10,220,-0.003,-40.01
"2020-10-06 14:06:12.1",6496498,-10,-10,-10,220,-0.003,-40.01
"2020-10-06 14:06:12.2",6496499,-10,-10,-10,220,-0.003,-40.01
"2020-10-06 14:06:12.3",6496500,-10,-10,-10,220,-0.003,-40.01
"2020-10-06 14:06:12.4",6496501,-10,-10,-10,220,-0.003,-40.01
"2020-10-06 14:06:12.5",6496502,-10,-10,-10,220,-0.003,-40.01
"2020-10-06 14:06:12.6",6496503,-10,-10,-10,220,-0.003,-40.01
"2020-10-06 14:06:12.7",6496504,-10,-10,-10,220,-0.003,-40.01
"2020-10-06 14:06:12.8",6496505,-10,-10,-10,220,-0.003,-40.01
"2020-10-06 14:06:12.9",6496506,-10,-10,-10,220,-0.003,-40.01
"2020-10-06 14:06:13",6496507,-10,-10,-10,220,-0.003,-40.01
"2020-10-06 14:06:13.1",6496508,-10,-10,-10,220,-0.003,-40.01
"2020-10-06 14:06:13.2",6496509,-10,-10,-10,220,-0.003,-40.01
"2020-10-06 14:06:13.3",6496510,-10,-10,-10,220,-0.003,-40.01
"2020-10-06 14:06:13.4",6496511,-10,-10,-10,220,-0.003,-40.01
"2020-10-06 14:06:13.5",6496512,-10,-10,-10,220,-0.003,-40.01
"2020-10-06 14:06:13.6",6496513,-10,-10,-10,220,-0.003,-40.01
"2020-10-06 14:06:13.7",6496514,-10,-10,-10,220,-0.003,-40.01
"2020-10-06 14:06:13.8",6496515,-10,-10,-10,220,-0.003,-40.01
"2020-10-06 14:06:13.9",6496516,-10,-10,-10,220,-0.003,-40.01
"2020-10-06 14:06:14",6496517,-10,-10,-10,220,-0.003,-40.01
"2020-10-06 14:06:14.1",6496518,-10,-10,-10,220,-0.003,-40.01
"2020-10-06 14:06:14.2",6496519,-10,-10,-10,220,-0.003,-40.01
"2020-10-06 14:06:14.3",6496520,-10,-10,-10,220,-0.003,-40.01
"2020-10-06 14:06:14.4",6496521,-10,-10,-10,220,-0.003,-40.01
"2020-10-06 14:06:14.5",6496522,-10,-10,-10,220,-0.003,-40.01
"2020-10-06 14:06:14.6",6496523,-10,-10,-10,220,-0.003,-40.01
"2020-10-06 14:06:14.7",6496524,-10,-10,-10,220,-0.003,-40.01
"2020-10-06 14:06:14.8",6496525,-10,-10,-10,220,-0.003,-40.01
"2020-10-06 14:06:14.9",6496526,-10,-10,-10,220,-0.003,-40.01
"2020-10-06 14:06:15",6496527,-10,-10,-10,220,-0.003,-40.01
"2020-10-06 14:06:15.1",6496528,-10,-10,-10,220,-0.003,-40.01
"2020-10-06 14:06:15.2",6496529,-10,-10,-10,220,-0.003,-40.01
"2020-10-06 14:06:15.3",6496530,-10,-10,-10,220,-0.003,-40.01
"2020-10-06 14:06:15.4",6496531,-10,-10,-10,220,-0.003,-40.01
"2020-10-06 14:06:15.5",6496532,-10,-10,-10,220,-0.003,-40.01
"2020-10-06 14:06:15.6",6496533,-10,-10,-10,220,-0.003,-40.01
"2020-10-06 14:06:15.7",6496534,-10,-10,-10,220,-0.003,-40.01
"2020-10-06 14:06:15.8",6496535,-10,-10,-10,220,-0.003,-40.01
"2020-10-06 14:06:15.9",6496536,-10,-10,-10,220,-0.003,-40.01
"2020-10-06 14:06:16",6496537,-10,-10,-10,220,-0.003,-40.01
"2020-10-06 14:06:16.1",6496538,-10,-10,-10,220,-0.003,-40.01
"2020-10-06 14:06:16.2",6496539,-10,-10,-10,220,-0.003,-40.01
"2020-10-06 14:06:16.3",6496540,-10,-10,-10,220,-0.003,-40.01
"2020-10-06 14:06:16.4",6496541,-10,-10,-10,220,-0.003,-40.01
"2020-10-06 14:06:16.5",6496542,-10,-10,-10,220,-0.003,-40.01
"2020-10-06 14:06:16.6",6496543,-10,-10,-10,220,-0.003,-40.01
"2020-10-06 14:06:16.7",6496544,-10,-10,-10,220,-0.003,-40.01
"2020-10-06 14:06:16.8",6496545,-10,-10,-10,220,-0.003,-40.01
"2020-10-06 14:06:16.9",6496546,-10,-10,-10,220,-0.003,-40.01
"2020-10-06 14:06:17",6496547,-10,-10,-10,220,-0.003,-40.01
"2020-10-06 14:06:17.1",6496548,-10,-10,-10,220,-0.003,-40.01
"2020-10-06 14:06:17.2",6496549,-10,-10,-10,220,-0.003,-40.01
"2020-10-06 14:06:17.3",6496550,-10,-10,-10,220,-0.003,-40.01
"2020-10-06 14:06:17.4",6496551,-10,-10,-10,220,-0.003,-40.01
"2020-10-06 14:06:17.5",6496552,-10,-10,-10,220,-0.003,-40.01
"2020-10-06 14:06:17.6",6496553,-10,-10,-10,220,-0.003,-40.01
"2020-10-06 14:06:17.7",6496554,-10,-10,-10,220,-0.003,-40.01
"2020-10-06 14:06:17.8",6496555,-10,-10,-10,220,-0.003,-40.01
"2020-10-06 14:06:17.9",6496556,-10,-10,-10,220,-0.003,-40.01
"2020-10-06 14:06:18",6496557,-10,-10,-10,220,-0.003,-40.01
"2020-10-06 14:06:18.1",6496558,-10,-10,-10,220,-0.003,-40.01
"2020-10-06 14:06:18.2",6496559,-10,-10,-10,220,-0.003,-40.01
"2020-10-06 14:06:18.3",6496560,-10,-10,-10,220,-0.003,-40.01
"2020-10-06 14:06:18.4",6496561,-10,-10,-10,220,-0.003,-40.01
"2020-10-06 14:06:18.5",6496562,-10,-10,-10,220,-0.003,-40.01
"2020-10-06 14:06:18.6",6496563,-10,-10,-10,220,-0.003,-40.01
"2020-10-06 14:06:18.7",6496564,-10,-10,-10,220,-0.003,-40.01
"2020-10-06 14:06:18.8",6496565,-10,-10,-10,220,-0.003,-40.01
"2020-10-06 14:06:18.9",6496566,-10,-10,-10,220,-0.003,-40.01
"2020-10-06 14:06:19",6496567,-10,-10,-10,220,-0.003,-40.01
"2020-10-06 14:06:19.1",6496568,-10,-10,-10,220,-0.003,-40.01
"2020-10-06 14:06:19.2",6496569,-10,-10,-10,220,-0.003,-40.01
"2020-10-06 14:06:19.3",6496570,-10,-10,-10,220,-0.003,-40.01
"2020-10-06 14:06:19.4",6496571,-10,-10,-10,220,-0.003,-40.01
"2020-10-06 14:06:19.5",6496572,-10,-10,-10,220,-0.003,-40.01
"2020-10-06 14:06:19.6",6496573,-10,-10,-10,220,-0.003,-40.01
"2020-10-06 14:06:19.7",6496574,-10,-10,-10,220,-0.003,-40.01
"2020-10-06 14:06:19.8",6496575,-10,-10,-10,220,-0.003,-40.01
"2020-10-06 14:06:19.9",6496576,-10,-10,-10,220,-0.003,-40.01
"2020-10-06 14:06:20",6496577,-10,-10,-10,220,-0.003,-40.01
"2020-10-06 14:06:20.1",6496578,-10,-10,-10,220,-0.003,-40.01
"2020-10-06 14:06:20.2",6496579,-10,-10,-10,220,-0.003,-40.01
"2020-10-06 14:06:20.3",6496580,-10,-10,-10,220,-0.003,-40.01
"2020-10-06 14:06:20.4",6496581,-10,-10,-10,220,-0.003,-40.01
"2020-10-06 14:06:20.5",6496582,-10,-10,-10,220,-0.003,-40.01
"2020-10-06 14:06:20.6",6496583,-10,-10,-10,220,-0.003,-40.01
"2020-10-06 14:06:20.7",6496584,-10,-10,-10,220,-0.003,-40.01
"2020-10-06 14:06:20.8",6496585,-10,-10,-10,220,-0.003,-40.01
"2020-10-06 14:06:20.9",6496586,-10,-10,-10,220,-0.003,-40.01
"2020-10-06 14:06:21",6496587,-10,-10,-10,220,-0.003,-40.01
"2020-10-06 14:06:21.1",6496588,-10,-10,-10,220,-0.003,-40.01
"2020-10-06 14:06:21.2",6496589,-10,-10,-10,220,-0.003,-40.01
"2020-10-06 14:06:21.3",6496590,-10,-10,-10,220,-0.003,-40.01
"2020-10-06 14:06:21.4",6496591,-10,-10,-10,220,-0.003,-40.01
"2020-10-06 14:06:21.5",6496592,-10,-10,-10,220,-0.003,-40.01
"2020-10-06 14:06:21.6",6496593,-10,-10,-10,220,-0.003,-40.01
"2020-10-06 14:06:21.7",6496594,-10,-10,-10,220,-0.003,-40.01
"2020-10-06 14:06:21.8",6496595,-10,-10,-10,220,-0.003,-40.01
"2020-10-06 14:06:21.9",6496596,-10,-10,-10,220,-0.003,-40.01
"2020-10-06 14:06:22",6496597,-10,-10,-10,220,-0.003,-40.01
"2020-10-06 14:06:22.1",6496598,-10,-10,-10,220,-0.003,-40.01
"2020-10-06 14:06:22.2",6496599,-10,-10,-10,220,-0.003,-40.01
"2020-10-06 14:06:22.3",6496600,-10,-10,-10,220,-0.003,-40.01
"2020-10-06 14:06:22.4",6496601,-10,-10,-10,220,-0.003,-40.01
"2020-10-06 14:06:22.5",6496602,-10,-10,-10,220,-0.003,-40.01
"2020-10-06 14:06:22.6",6496603,-10,-10,-10,220,-0.003,-40.01
"2020-10-06 14:06:22.7",6496604,-10,-10,-10,220,-0.003,-40.01
"2020-10-06 14:06:22.8",6496605,-10,-10,-10,220,-0.003,-40.01
"2020-10-06 14:06:22.9",6496606,-10,-10,-10,220,-0.003,-40.01
"2020-10-06 14:06:23",6496607,-10,-10,-10,220,-0.003,-40.01
"2020-10-06 14:06:23.1",6496608,-10,-10,-10,220,-0.003,-40.01
"2020-10-06 14:06:23.2",6496609,-10,-10,-10,220,-0.003,-40.01
"2020-10-06 14:06:23.3",6496610,-10,-10,-10,220,-0.003,-40.01
"2020-10-06 14:06:23.4",6496611,-10,-10,-10,220,-0.003,-40.01
"2020-10-06 14:06:23.5",6496612,-10,-10,-10,220,-0.003,-40.01
"2020-10-06 14:06:23.6",6496613,-10,-10,-10,220,-0.003,-40.01
"2020-10-06 14:06:23.7",6496614,-10,-10,-10,220,-0.003,-40.01
"2020-10-06 14:06:23.8",6496615,-10,-10,-10,220,-0.003,-40.01
"2020-10-06 14:06:23.9",6496616,-10,-10,-10,220,-0.003,-40.01
"2020-10-06 14:06:24",6496617,-10,-10,-10,220,-0.003,-40.01
"2020-10-06 14:06:24.1",6496618,-10,-10,-10,220,-0.003,-40.01
"2020-10-06 14:06:24.2",6496619,-10,-10,-10,220,-0.003,-40.01
"2020-10-06 14:06:24.3",6496620,-10,-10,-10,220,-0.003,-40.01
"2020-10-06 14:06:24.4",6496621,-10,-10,-10,220,-0.003,-40.01
"2020-10-06 14:06:24.5",6496622,-10,-10,-10,220,-0.003,-40.01
"2020-10-06 14:06:24.6",6496623,-10,-10,-10,220,-0.003,-40.01
"2020-10-06 14:06:24.7",6496624,-10,-10,-10,220,-0.003,-40.01
"2020-10-06 14:06:24.8",6496625,-10,-10,-10,220,-0.003,-40.01
"2020-10-06 14:06:24.9",6496626,-10,-10,-10,220,-0.003,-40.01
"2020-10-06 14:06:25",6496627,-10,-10,-10,220,-0.003,-40.01
"2020-10-06 14:06:25.1",6496628,-10,-10,-10,220,-0.003,-40.01
"2020-10-06 14:06:25.2",6496629,-10,-10,-10,220,-0.003,-40.01
"2020-10-06 14:06:25.3",6496630,-10,-10,-10,220,-0.003,-40.01
"2020-10-06 14:06:25.4",6496631,-10,-10,-10,220,-0.003,-40.01
"2020-10-06 14:06:25.5",6496632,-10,-10,-10,220,-0.003,-40.01
"2020-10-06 14:06:25.6",6496633,-10,-10,-10,220,-0.003,-40.01
"2020-10-06 14:06:25.7",6496634,-10,-10,-10,220,-0.003,-40.01
"2020-10-06 14:06:25.8",6496635,-10,-10,-10,220,-0.003,-40.01
"2020-10-06 14:06:25.9",6496636,-10,-10,-10,220,-0.003,-40.01
"2020-10-06 14:06:26",6496637,-10,-10,-10,220,-0.003,-40.01
"2020-10-06 14:06:26.1",6496638,-10,-10,-10,220,-0.003,-40.01
"2020-10-06 14:06:26.2",6496639,-10,-10,-10,220,-0.003,-40.01
"2020-10-06 14:06:26.3",6496640,-10,-10,-10,220,-0.003,-40.01
"2020-10-06 14:06:26.4",6496641,-10,-10,-10,220,-0.003,-40.01
"2020-10-06 14:06:26.5",6496642,-10,-10,-10,220,-0.003,-40.01
"2020-10-06 14:06:26.6",6496643,-10,-10,-10,220,-0.003,-40.01
"2020-10-06 14:06:26.7",6496644,-10,-10,-10,220,-0.003,-40.01
"2020-10-06 14:06:26.8",6496645,-10,-10,-10,220,-0.003,-40.01
"2020-10-06 14:06:26.9",6496646,-10,-10,-10,220,-0.003,-40.01
"2020-10-06 14:06:27",6496647,-10,-10,-10,220,-0.003,-40.01
"2020-10-06 14:06:27.1",6496648,-10,-10,-10,220,-0.003,-40.01
"2020-10-06 14:06:27.2",6496649,-10,-10,-10,220,-0.003,-40.01
"2020-10-06 14:06:27.3",6496650,-10,-10,-10,220,-0.003,-40.01
"2020-10-06 14:06:27.4",6496651,-10,-10,-10,220,-0.003,-40.01
"2020-10-06 14:06:27.5",6496652,-10,-10,-10,220,-0.003,-40.01
"2020-10-06 14:06:27.6",6496653,-10,-10,-10,220,-0.003,-40.01
"2020-10-06 14:06:27.7",6496654,-10,-10,-10,220,-0.003,-40.01
"2020-10-06 14:06:27.8",6496655,-10,-10,-10,220,-0.003,-40.01
"2020-10-06 14:06:27.9",6496656,-10,-10,-10,220,-0.003,-40.01
"2020-10-06 14:06:28",6496657,-10,-10,-10,220,-0.003,-40.01
"2020-10-06 14:06:28.1",6496658,-10,-10,-10,220,-0.003,-40.01
"2020-10-06 14:06:28.2",6496659,-10,-10,-10,220,-0.003,-40.01
"2020-10-06 14:06:28.3",6496660,-10,-10,-10,220,-0.003,-40.01
"2020-10-06 14:06:28.4",6496661,-10,-10,-10,220,-0.003,-40.01
"2020-10-06 14:06:28.5",6496662,-10,-10,-10,220,-0.003,-40.01
"2020-10-06 14:06:28.6",6496663,-10,-10,-10,220,-0.003,-40.01
"2020-10-06 14:06:28.7",6496664,-10,-10,-10,220,-0.003,-40.01
"2020-10-06 14:06:28.8",6496665,-10,-10,-10,220,-0.003,-40.01
"2020-10-06 14:06:28.9",6496666,-10,-10,-10,220,-0.003,-40.01
"2020-10-06 14:06:29",6496667,-10,-10,-10,220,-0.003,-40.01
"2020-10-06 14:06:29.1",6496668,-10,-10,-10,220,-0.003,-40.01
"2020-10-06 14:06:29.2",6496669,-10,-10,-10,220,-0.003,-40.01
"2020-10-06 14:06:29.3",6496670,-10,-10,-10,220,-0.003,-40.01
"2020-10-06 14:06:29.4",6496671,-10,-10,-10,220,-0.003,-40.01
"2020-10-06 14:06:29.5",6496672,-10,-10,-10,220,-0.003,-40.01
"2020-10-06 14:06:29.6",6496673,-10,-10,-10,220,-0.003,-40.01
"2020-10-06 14:06:29.7",6496674,-10,-10,-10,220,-0.003,-40.01
"2020-10-06 14:06:29.8",6496675,-10,-10,-10,220,-0.003,-40.01
"2020-10-06 14:06:29.9",6496676,-10,-10,-10,220,-0.003,-40.01
"2020-10-06 14:06:30",6496677,-10,-10,-10,220,-0.003,-40.01
"2020-10-06 14:06:30.1",6496678,-10,-10,-10,220,-0.003,-40.01
"2020-10-06 14:06:30.2",6496679,-10,-10,-10,220,-0.003,-40.01
"2020-10-06 14:06:30.3",6496680,-10,-10,-10,220,-0.003,-40.01
"2020-10-06 14:06:30.4",6496681,-10,-10,-10,220,-0.003,-40.01
"2020-10-06 14:06:30.5",6496682,-10,-10,-10,220,-0.003,-40.01
"2020-10-06 14:06:30.6",6496683,-10,-10,-10,220,-0.003,-40.01
"2020-10-06 14:06:30.7",6496684,-10,-10,-10,220,-0.003,-40.01
"2020-10-06 14:06:30.8",6496685,-10,-10,-10,220,-0.003,-40.01
"2020-10-06 14:06:30.9",6496686,-10,-10,-10,220,-0.003,-40.01
"2020-10-06 14:06:31",6496687,-10,-10,-10,220,-0.003,-40.01
"2020-10-06 14:06:31.1",6496688,-10,-10,-10,220,-0.003,-40.01
"2020-10-06 14:06:31.2",6496689,-10,-10,-10,220,-0.003,-40.01
"2020-10-06 14:06:31.3",6496690,-10,-10,-10,220,-0.003,-40.01
"2020-10-06 14:06:31.4",6496691,-10,-10,-10,220,-0.003,-40.01
"2020-10-06 14:06:31.5",6496692,-10,-10,-10,220,-0.003,-40.01
"2020-10-06 14:06:31.6",6496693,-10,-10,-10,220,-0.003,-40.01
"2020-10-06 14:06:31.7",6496694,-10,-10,-10,220,-0.003,-40.01
"2020-10-06 14:06:31.8",6496695,-10,-10,-10,220,-0.003,-40.01
"2020-10-06 14:06:31.9",6496696,-10,-10,-10,220,-0.003,-40.01
"2020-10-06 14:06:32",6496697,-10,-10,-10,220,-0.003,-40.01
"2020-10-06 14:06:32.1",6496698,-10,-10,-10,220,-0.003,-40.01
"2020-10-06 14:06:32.2",6496699,-10,-10,-10,220,-0.003,-40.01
"2020-10-06 14:06:32.3",6496700,-10,-10,-10,220,-0.003,-40.01
"2020-10-06 14:06:32.4",6496701,-10,-10,-10,220,-0.003,-40.01
"2020-10-06 14:06:32.5",6496702,-10,-10,-10,220,-0.003,-40.01
"2020-10-06 14:06:32.6",6496703,-10,-10,-10,220,-0.003,-40.01
"2020-10-06 14:06:32.7",6496704,-10,-10,-10,220,-0.003,-40.01
"2020-10-06 14:06:32.8",6496705,-10,-10,-10,220,-0.003,-40.01
"2020-10-06 14:06:32.9",6496706,-10,-10,-10,220,-0.003,-40.01
"2020-10-06 14:06:33",6496707,-10,-10,-10,220,-0.003,-40.01
"2020-10-06 14:06:33.1",6496708,-10,-10,-10,220,-0.003,-40.01
"2020-10-06 14:06:33.2",6496709,-10,-10,-10,220,-0.003,-40.01
"2020-10-06 14:06:33.3",6496710,-10,-10,-10,220,-0.003,-40.01
"2020-10-06 14:06:33.4",6496711,-10,-10,-10,220,-0.003,-40.01
"2020-10-06 14:06:33.5",6496712,-10,-10,-10,220,-0.003,-40.01
"2020-10-06 14:06:33.6",6496713,-10,-10,-10,220,-0.003,-40.01
"2020-10-06 14:06:33.7",6496714,-10,-10,-10,220,-0.003,-40.01
"2020-10-06 14:06:33.8",6496715,-10,-10,-10,220,-0.003,-40.01
"2020-10-06 14:06:33.9",6496716,-10,-10,-10,220,-0.003,-40.01
"2020-10-06 14:06:34",6496717,-10,-10,-10,220,-0.003,-40.01
"2020-10-06 14:06:34.1",6496718,-10,-10,-10,220,-0.003,-40.01
"2020-10-06 14:06:34.2",6496719,-10,-10,-10,220,-0.003,-40.01
"2020-10-06 14:06:34.3",6496720,-10,-10,-10,220,-0.003,-40.01
"2020-10-06 14:06:34.4",6496721,-10,-10,-10,220,-0.003,-40.01
"2020-10-06 14:06:34.5",6496722,-10,-10,-10,220,-0.003,-40.01
"2020-10-06 14:06:34.6",6496723,-10,-10,-10,220,-0.003,-40.01
"2020-10-06 14:06:34.7",6496724,-10,-10,-10,220,-0.003,-40.01
"2020-10-06 14:06:34.8",6496725,-10,-10,-10,220,-0.003,-40.01
"2020-10-06 14:06:34.9",6496726,-10,-10,-10,220,-0.003,-40.01
"2020-10-06 14:06:35",6496727,-10,-10,-10,220,-0.003,-40.01
"2020-10-06 14:06:35.1",6496728,-10,-10,-10,220,-0.003,-40.01
"2020-10-06 14:06:35.2",6496729,-10,-10,-10,220,-0.003,-40.01
"2020-10-06 14:06:35.3",6496730,-10,-10,-10,220,-0.003,-40.01
"2020-10-06 14:06:35.4",6496731,-10,-10,-10,220,-0.003,-40.01
"2020-10-06 14:06:35.5",6496732,-10,-10,-10,220,-0.003,-40.01
"2020-10-06 14:06:35.6",6496733,-10,-10,-10,220,-0.003,-40.01
"2020-10-06 14:06:35.7",6496734,-10,-10,-10,220,-0.003,-40.01
"2020-10-06 14:06:35.8",6496735,-10,-10,-10,220,-0.003,-40.01
"2020-10-06 14:06:35.9",6496736,-10,-10,-10,220,-0.003,-40.01
"2020-10-06 14:06:36",6496737,-10,-10,-10,220,-0.003,-40.01
"2020-10-06 14:06:36.1",6496738,-10,-10,-10,220,-0.003,-40.01
"2020-10-06 14:06:36.2",6496739,-10,-10,-10,220,-0.003,-40.01
"2020-10-06 14:06:36.3",6496740,-10,-10,-10,220,-0.003,-40.01
"2020-10-06 14:06:36.4",6496741,-10,-10,-10,220,-0.003,-40.01
"2020-10-06 14:06:36.5",6496742,-10,-10,-10,220,-0.003,-40.01
"2020-10-06 14:06:36.6",6496743,-10,-10,-10,220,-0.003,-40.01
"2020-10-06 14:06:36.7",6496744,-10,-10,-10,220,-0.003,-40.01
"2020-10-06 14:06:36.8",6496745,-10,-10,-10,220,-0.003,-40.01
"2020-10-06 14:06:36.9",6496746,-10,-10,-10,220,-0.003,-40.01
"2020-10-06 14:06:37",6496747,-10,-10,-10,220,-0.003,-40.01
"2020-10-06 14:06:37.1",6496748,-10,-10,-10,220,-0.003,-40.01
"2020-10-06 14:06:37.2",6496749,-10,-10,-10,220,-0.003,-40.01
"2020-10-06 14:06:37.3",6496750,-10,-10,-10,220,-0.003,-40.01
"2020-10-06 14:06:37.4",6496751,-10,-10,-10,220,-0.003,-40.01
"2020-10-06 14:06:37.5",6496752,-10,-10,-10,220,-0.003,-40.01
"2020-10-06 14:06:37.6",6496753,-10,-10,-10,220,-0.003,-40.01
"2020-10-06 14:06:37.7",6496754,-10,-10,-10,220,-0.003,-40.01
"2020-10-06 14:06:37.8",6496755,-10,-10,-10,220,-0.003,-40.01
"2020-10-06 14:06:37.9",6496756,-10,-10,-10,220,-0.003,-40.01
"2020-10-06 14:06:38",6496757,-10,-10,-10,220,-0.003,-40.01
"2020-10-06 14:06:38.1",6496758,-10,-10,-10,220,-0.003,-40.01
"2020-10-06 14:06:38.2",6496759,-10,-10,-10,220,-0.003,-40.01
"2020-10-06 14:06:38.3",6496760,-10,-10,-10,220,-0.003,-40.01
"2020-10-06 14:06:38.4",6496761,-10,-10,-10,220,-0.003,-40.01
"2020-10-06 14:06:38.5",6496762,-10,-10,-10,220,-0.003,-40.01
"2020-10-06 14:06:38.6",6496763,-10,-10,-10,220,-0.003,-40.01
"2020-10-06 14:06:38.7",6496764,-10,-10,-10,220,-0.003,-40.01
"2020-10-06 14:06:38.8",6496765,-10,-10,-10,220,-0.003,-40.01
"2020-10-06 14:06:38.9",6496766,-10,-10,-10,220,-0.003,-40.01
"2020-10-06 14:06:39",6496767,-10,-10,-10,220,-0.003,-40.01
"2020-10-06 14:06:39.1",6496768,-10,-10,-10,220,-0.003,-40.01
"2020-10-06 14:06:39.2",6496769,-10,-10,-10,220,-0.003,-40.01
"2020-10-06 14:06:39.3",6496770,-10,-10,-10,220,-0.003,-40.01
"2020-10-06 14:06:39.4",6496771,-10,-10,-10,220,-0.003,-40.01
"2020-10-06 14:06:39.5",6496772,-10,-10,-10,220,-0.003,-40.01
"2020-10-06 14:06:39.6",6496773,-10,-10,-10,220,-0.003,-40.01
"2020-10-06 14:06:39.7",6496774,-10,-10,-10,220,-0.003,-40.01
"2020-10-06 14:06:39.8",6496775,-10,-10,-10,220,-0.003,-40.01
"2020-10-06 14:06:39.9",6496776,-10,-10,-10,220,-0.003,-40.01
"2020-10-06 14:06:40",6496777,-10,-10,-10,220,-0.003,-40.01
"2020-10-06 14:06:40.1",6496778,-10,-10,-10,220,-0.003,-40.01
"2020-10-06 14:06:40.2",6496779,-10,-10,-10,220,-0.003,-40.01
"2020-10-06 14:06:40.3",6496780,-10,-10,-10,220,-0.003,-40.01
"2020-10-06 14:06:40.4",6496781,-10,-10,-10,220,-0.003,-40.01
"2020-10-06 14:06:40.5",6496782,-10,-10,-10,220,-0.003,-40.01
"2020-10-06 14:06:40.6",6496783,-10,-10,-10,220,-0.003,-40.01
"2020-10-06 14:06:40.7",6496784,-10,-10,-10,220,-0.003,-40.01
"2020-10-06 14:06:40.8",6496785,-10,-10,-10,220,-0.003,-40.01
"2020-10-06 14:06:40.9",6496786,-10,-10,-10,220,-0.003,-40.01
"2020-10-06 14:06:41",6496787,-10,-10,-10,220,-0.003,-40.01
"2020-10-06 14:06:41.1",6496788,-10,-10,-10,220,-0.003,-40.01
"2020-10-06 14:06:41.2",6496789,-10,-10,-10,220,-0.003,-40.01
"2020-10-06 14:06:41.3",6496790,-10,-10,-10,220,-0.003,-40.01
"2020-10-06 14:06:41.4",6496791,-10,-10,-10,220,-0.003,-40.01
"2020-10-06 14:06:41.5",6496792,-10,-10,-10,220,-0.003,-40.01
"2020-10-06 14:06:41.6",6496793,-10,-10,-10,220,-0.003,-40.01
"2020-10-06 14:06:41.7",6496794,-10,-10,-10,220,-0.003,-40.01
"2020-10-06 14:06:41.8",6496795,-10,-10,-10,220,-0.003,-40.01
"2020-10-06 14:06:41.9",6496796,-10,-10,-10,220,-0.003,-40.01
"2020-10-06 14:06:42",6496797,-10,-10,-10,220,-0.003,-40.01
"2020-10-06 14:06:42.1",6496798,-10,-10,-10,220,-0.003,-40.01
"2020-10-06 14:06:42.2",6496799,-10,-10,-10,220,-0.003,-40.01
"2020-10-06 14:06:42.3",6496800,-10,-10,-10,220,-0.003,-40.01
"2020-10-06 14:06:42.4",6496801,-10,-10,-10,220,-0.003,-40.01
"2020-10-06 14:06:42.5",6496802,-10,-10,-10,220,-0.003,-40.01
"2020-10-06 14:06:42.6",6496803,-10,-10,-10,220,-0.003,-40.01
"2020-10-06 14:06:42.7",6496804,-10,-10,-10,220,-0.003,-40.01
"2020-10-06 14:06:42.8",6496805,-10,-10,-10,220,-0.003,-40.01
"2020-10-06 14:06:42.9",6496806,-10,-10,-10,220,-0.003,-40.01
"2020-10-06 14:06:43",6496807,-10,-10,-10,220,-0.003,-40.01
"2020-10-06 14:06:43.1",6496808,-10,-10,-10,220,-0.003,-40.01
"2020-10-06 14:06:43.2",6496809,-10,-10,-10,220,-0.003,-40.01
"2020-10-06 14:06:43.3",6496810,-10,-10,-10,220,-0.003,-40.01
"2020-10-06 14:06:43.4",6496811,-10,-10,-10,220,-0.003,-40.01
"2020-10-06 14:06:43.5",6496812,-10,-10,-10,220,-0.003,-40.01
"2020-10-06 14:06:43.6",6496813,-10,-10,-10,220,-0.003,-40.01
"2020-10-06 14:06:43.7",6496814,-10,-10,-10,220,-0.003,-40.01
"2020-10-06 14:06:43.8",6496815,-10,-10,-10,220,-0.003,-40.01
"2020-10-06 14:06:43.9",6496816,-10,-10,-10,220,-0.003,-40.01
"2020-10-06 14:06:44",6496817,-10,-10,-10,220,-0.003,-40.01
"2020-10-06 14:06:44.1",6496818,-10,-10,-10,220,-0.003,-40.01
"2020-10-06 14:06:44.2",6496819,-10,-10,-10,220,-0.003,-40.01
"2020-10-06 14:06:44.3",6496820,-10,-10,-10,220,-0.003,-40.01
"2020-10-06 14:06:44.4",6496821,-10,-10,-10,220,-0.003,-40.01
"2020-10-06 14:06:44.5",6496822,-10,-10,-10,220,-0.003,-40.01
"2020-10-06 14:06:44.6",6496823,-10,-10,-10,220,-0.003,-40.01
"2020-10-06 14:06:44.7",6496824,-10,-10,-10,220,-0.003,-40.01
"2020-10-06 14:06:44.8",6496825,-10,-10,-10,220,-0.003,-40.01
"2020-10-06 14:06:44.9",6496826,-10,-10,-10,220,-0.003,-40.01
"2020-10-06 14:06:45",6496827,-10,-10,-10,220,-0.003,-40.01
"2020-10-06 14:06:45.1",6496828,-10,-10,-10,220,-0.003,-40.01
"2020-10-06 14:06:45.2",6496829,-10,-10,-10,220,-0.003,-40.01
"2020-10-06 14:06:45.3",6496830,-10,-10,-10,220,-0.003,-40.01
"2020-10-06 14:06:45.4",6496831,-10,-10,-10,220,-0.003,-40.01
"2020-10-06 14:06:45.5",6496832,-10,-10,-10,220,-0.003,-40.01
"2020-10-06 14:06:45.6",6496833,-10,-10,-10,220,-0.003,-40.01
"2020-10-06 14:06:45.7",6496834,-10,-10,-10,220,-0.003,-40.01
"2020-10-06 14:06:45.8",6496835,-10,-10,-10,220,-0.003,-40.01
"2020-10-06 14:06:45.9",6496836,-10,-10,-10,220,-0.003,-40.01
"2020-10-06 14:06:46",6496837,-10,-10,-10,220,-0.003,-40.01
"2020-10-06 14:06:46.1",6496838,-10,-10,-10,220,-0.003,-40.01
"2020-10-06 14:06:46.2",6496839,-10,-10,-10,220,-0.003,-40.01
"2020-10-06 14:06:46.3",6496840,-10,-10,-10,220,-0.003,-40.01
"2020-10-06 14:06:46.4",6496841,-10,-10,-10,220,-0.003,-40.01
"2020-10-06 14:06:46.5",6496842,-10,-10,-10,220,-0.003,-40.01
"2020-10-06 14:06:46.6",6496843,-10,-10,-10,220,-0.003,-40.01
"2020-10-06 14:06:46.7",6496844,-10,-10,-10,220,-0.003,-40.01
"2020-10-06 14:06:46.8",6496845,-10,-10,-10,220,-0.003,-40.01
"2020-10-06 14:06:46.9",6496846,-10,-10,-10,220,-0.003,-40.01
"2020-10-06 14:06:47",6496847,-10,-10,-10,220,-0.003,-40.01
"2020-10-06 14:06:47.1",6496848,-10,-10,-10,220,-0.003,-40.01
"2020-10-06 14:06:47.2",6496849,-10,-10,-10,220,-0.003,-40.01
"2020-10-06 14:06:47.3",6496850,-10,-10,-10,220,-0.003,-40.01
"2020-10-06 14:06:47.4",6496851,-10,-10,-10,220,-0.003,-40.01
"2020-10-06 14:06:47.5",6496852,-10,-10,-10,220,-0.003,-40.01
"2020-10-06 14:06:47.6",6496853,-10,-10,-10,220,-0.003,-40.01
"2020-10-06 14:06:47.7",6496854,-10,-10,-10,220,-0.003,-40.01
"2020-10-06 14:06:47.8",6496855,-10,-10,-10,220,-0.003,-40.01
"2020-10-06 14:06:47.9",6496856,-10,-10,-10,220,-0.003,-40.01
"2020-10-06 14:06:48",6496857,-10,-10,-10,220,-0.003,-40.01
"2020-10-06 14:06:48.1",6496858,-10,-10,-10,220,-0.003,-40.01
"2020-10-06 14:06:48.2",6496859,-10,-10,-10,220,-0.003,-40.01
"2020-10-06 14:06:48.3",6496860,-10,-10,-10,220,-0.003,-40.01
"2020-10-06 14:06:48.4",6496861,-10,-10,-10,220,-0.003,-40.01
"2020-10-06 14:06:48.5",6496862,-10,-10,-10,220,-0.003,-40.01
"2020-10-06 14:06:48.6",6496863,-10,-10,-10,220,-0.003,-40.01
"2020-10-06 14:06:48.7",6496864,-10,-10,-10,220,-0.003,-40.01
"2020-10-06 14:06:48.8",6496865,-10,-10,-10,220,-0.003,-40.01
"2020-10-06 14:06:48.9",6496866,-10,-10,-10,220,-0.003,-40.01
"2020-10-06 14:06:49",6496867,-10,-10,-10,220,-0.003,-40.01
"2020-10-06 14:06:49.1",6496868,-10,-10,-10,220,-0.003,-40.01
"2020-10-06 14:06:49.2",6496869,-10,-10,-10,220,-0.003,-40.01
"2020-10-06 14:06:49.3",6496870,-10,-10,-10,220,-0.003,-40.01
"2020-10-06 14:06:49.4",6496871,-10,-10,-10,220,-0.003,-40.01
"2020-10-06 14:06:49.5",6496872,-10,-10,-10,220,-0.003,-40.01
"2020-10-06 14:06:49.6",6496873,-10,-10,-10,220,-0.003,-40.01
"2020-10-06 14:06:49.7",6496874,-10,-10,-10,220,-0.003,-40.01
"2020-10-06 14:06:49.8",6496875,-10,-10,-10,220,-0.003,-40.01
"2020-10-06 14:06:49.9",6496876,-10,-10,-10,220,-0.003,-40.01
"2020-10-06 14:06:50",6496877,-10,-10,-10,220,-0.003,-40.01
"2020-10-06 14:06:50.1",6496878,-10,-10,-10,220,-0.003,-40.01
"2020-10-06 14:06:50.2",6496879,-10,-10,-10,220,-0.003,-40.01
"2020-10-06 14:06:50.3",6496880,-10,-10,-10,220,-0.003,-40.01
"2020-10-06 14:06:50.4",6496881,-10,-10,-10,220,-0.003,-40.01
"2020-10-06 14:06:50.5",6496882,-10,-10,-10,220,-0.003,-40.01
"2020-10-06 14:06:50.6",6496883,-10,-10,-10,220,-0.003,-40.01
"2020-10-06 14:06:50.7",6496884,-10,-10,-10,220,-0.003,-40.01
"2020-10-06 14:06:50.8",6496885,-10,-10,-10,220,-0.003,-40.01
"2020-10-06 14:06:50.9",6496886,-10,-10,-10,220,-0.003,-40.01
