"TOA5","10329","CR6","10329","CR6.Std.09.01 CR6-WIFI.04.00.01","CPU:YOUNG81000_HMP60_10Hz.CR6","51185","Young10Hz_hmp"
"TIMESTAMP","RECORD","U","V","W","TSonic","RH","T_HMP60"
"TS","RN","mV","mV","mV","mV","%","Deg C"
"","","Smp","Smp","Smp","Smp","Smp","Smp"
"2020-10-08 12:35:14.2",8159184,-0.008,-0.031,0.044,297.1,31.65,22.85
"2020-10-08 12:35:14.3",8159185,-0.008,-0.031,0.044,297.1,31.65,22.85
"2020-10-08 12:35:14.4",8159186,-0.008,-0.031,0.044,297.1,31.65,22.85
"2020-10-08 12:35:14.5",8159187,-0.008,-0.031,0.044,297.1,31.65,22.85
"2020-10-08 12:35:14.6",8159188,-0.008,-0.031,0.044,297.1,31.65,22.85
"2020-10-08 12:35:14.7",8159189,-0.008,-0.031,0.044,297.1,31.65,22.85
"2020-10-08 12:35:14.8",8159190,-0.008,-0.031,0.044,297.1,31.65,22.85
"2020-10-08 12:35:14.9",8159191,-0.008,-0.031,0.044,297.1,31.68,22.89
"2020-10-08 12:35:15",8159192,-0.008,-0.031,0.044,297.1,31.65,22.85
"2020-10-08 12:35:15.1",8159193,-0.008,-0.031,0.044,297.1,31.65,22.85
"2020-10-08 12:35:15.2",8159194,-0.008,-0.031,0.044,297.1,31.65,22.85
"2020-10-08 12:35:15.3",8159195,-0.008,-0.031,0.044,297.1,31.65,22.85
"2020-10-08 12:35:15.4",8159196,-0.008,-0.032,0.044,297.1,31.65,22.85
"2020-10-08 12:35:15.5",8159197,-0.008,-0.031,0.044,297.1,31.65,22.85
"2020-10-08 12:35:15.6",8159198,-0.008,-0.031,0.044,297.1,31.65,22.85
"2020-10-08 12:35:15.7",8159199,-0.008,-0.031,0.044,297.1,31.65,22.85
"2020-10-08 12:35:15.8",8159200,-0.008,-0.032,0.044,297.1,31.65,22.85
"2020-10-08 12:35:15.9",8159201,-0.008,-0.031,0.044,297.1,31.65,22.85
"2020-10-08 12:35:16",8159202,-0.008,-0.031,0.044,297.1,31.65,22.85
"2020-10-08 12:35:16.1",8159203,-0.008,-0.031,0.044,297.1,31.67,22.85
"2020-10-08 12:35:16.2",8159204,-0.008,-0.031,0.044,297.1,31.65,22.85
"2020-10-08 12:35:16.3",8159205,-0.008,-0.031,0.044,297.1,31.65,22.85
"2020-10-08 12:35:16.4",8159206,-0.008,-0.032,0.044,297.1,31.65,22.85
"2020-10-08 12:35:16.5",8159207,-0.008,-0.031,0.044,297.1,31.65,22.85
"2020-10-08 12:35:16.6",8159208,-0.008,-0.031,0.044,297.1,31.65,22.85
"2020-10-08 12:35:16.7",8159209,-0.008,-0.031,0.044,297.1,31.65,22.85
"2020-10-08 12:35:16.8",8159210,-0.008,-0.031,0.044,297.1,31.65,22.85
"2020-10-08 12:35:16.9",8159211,-0.038,-0.002,0.015,297.1,31.65,22.85
"2020-10-08 12:35:17",8159212,-0.037,-0.002,0.015,297.1,31.65,22.85
"2020-10-08 12:35:17.1",8159213,-0.037,-0.002,0.015,297.1,31.65,22.85
"2020-10-08 12:35:17.2",8159214,-0.037,-0.002,0.015,297.1,31.65,22.85
"2020-10-08 12:35:17.3",8159215,-0.037,-0.002,0.015,297.1,31.65,22.85
"2020-10-08 12:35:17.4",8159216,-0.037,-0.002,0.015,297.1,31.68,22.9
"2020-10-08 12:35:17.5",8159217,-0.037,-0.002,0.015,297.1,31.65,22.85
"2020-10-08 12:35:17.6",8159218,-0.037,-0.002,0.015,297.1,31.65,22.85
"2020-10-08 12:35:17.7",8159219,-0.037,-0.002,0.015,297.1,31.65,22.85
"2020-10-08 12:35:17.8",8159220,-0.037,-0.002,0.015,297.1,31.65,22.85
"2020-10-08 12:35:17.9",8159221,-0.038,-0.002,0.015,297.1,31.65,22.85
"2020-10-08 12:35:18",8159222,-0.037,-0.002,0.015,297.1,31.65,22.85
"2020-10-08 12:35:18.1",8159223,-0.037,-0.002,0.015,297.1,31.65,22.85
"2020-10-08 12:35:18.2",8159224,-0.008,-0.002,0.064,297.2,31.65,22.85
"2020-10-08 12:35:18.3",8159225,-0.008,-0.002,0.064,297.2,31.65,22.85
"2020-10-08 12:35:18.4",8159226,-0.008,-0.002,0.073,297.2,31.65,22.85
"2020-10-08 12:35:18.5",8159227,-0.008,-0.002,0.074,297.2,31.65,22.85
"2020-10-08 12:35:18.6",8159228,-0.008,-0.002,0.074,297.2,31.65,22.85
"2020-10-08 12:35:18.7",8159229,-0.018,-0.041,0.044,297.3,31.65,22.85
"2020-10-08 12:35:18.8",8159230,-0.018,-0.041,0.044,297.3,31.65,22.85
"2020-10-08 12:35:18.9",8159231,-0.018,-0.041,0.044,297.3,31.65,22.85
"2020-10-08 12:35:19",8159232,-0.018,-0.041,0.044,297.3,31.65,22.85
"2020-10-08 12:35:19.1",8159233,-0.018,-0.041,0.044,297.3,31.65,22.85
"2020-10-08 12:35:19.2",8159234,0.012,-0.041,0.025,297.3,31.65,22.85
"2020-10-08 12:35:19.3",8159235,0.012,-0.041,0.025,297.3,31.65,22.85
"2020-10-08 12:35:19.4",8159236,-0.018,-0.002,0.015,297.4,31.65,22.85
"2020-10-08 12:35:19.5",8159237,-0.018,-0.002,0.015,297.4,31.65,22.85
"2020-10-08 12:35:19.6",8159238,-0.018,-0.002,0.015,297.4,31.65,22.85
"2020-10-08 12:35:19.7",8159239,0.012,-0.041,0.025,297.4,31.65,22.85
"2020-10-08 12:35:19.8",8159240,0.012,-0.041,0.025,297.4,31.65,22.85
"2020-10-08 12:35:19.9",8159241,-0.018,-0.041,0.044,297.4,31.68,22.9
"2020-10-08 12:35:20",8159242,-0.018,-0.041,0.044,297.4,31.65,22.85
"2020-10-08 12:35:20.1",8159243,-0.018,-0.041,0.044,297.4,31.65,22.85
"2020-10-08 12:35:20.2",8159244,-0.047,-0.051,0.074,297.6,31.65,22.85
"2020-10-08 12:35:20.3",8159245,-0.047,-0.051,0.073,297.6,31.65,22.85
"2020-10-08 12:35:20.4",8159246,-0.008,-0.002,0.074,297.7,31.65,22.85
"2020-10-08 12:35:20.5",8159247,-0.008,-0.002,0.074,297.7,31.65,22.85
"2020-10-08 12:35:20.6",8159248,-0.008,-0.002,0.074,297.7,31.65,22.85
"2020-10-08 12:35:20.7",8159249,-0.008,0.009,0.044,297.7,31.65,22.85
"2020-10-08 12:35:20.8",8159250,-0.008,0.009,0.044,297.7,31.65,22.85
"2020-10-08 12:35:20.9",8159251,-0.008,-0.002,0.074,297.7,31.65,22.85
"2020-10-08 12:35:21",8159252,-0.008,-0.002,0.074,297.7,31.65,22.85
"2020-10-08 12:35:21.1",8159253,-0.008,-0.002,0.074,297.7,31.65,22.85
"2020-10-08 12:35:21.2",8159254,-0.027,-0.002,0.093,297.7,31.65,22.85
"2020-10-08 12:35:21.3",8159255,-0.028,-0.002,0.093,297.7,31.65,22.85
"2020-10-08 12:35:21.4",8159256,-0.008,-0.012,0.064,297.6,31.65,22.85
"2020-10-08 12:35:21.5",8159257,-0.008,-0.012,0.064,297.6,31.65,22.85
"2020-10-08 12:35:21.6",8159258,-0.008,-0.012,0.064,297.6,31.65,22.85
"2020-10-08 12:35:21.7",8159259,-0.008,-0.012,0.064,297.6,31.65,22.85
"2020-10-08 12:35:21.8",8159260,-0.008,-0.012,0.064,297.6,31.65,22.85
"2020-10-08 12:35:21.9",8159261,-0.008,-0.012,0.064,297.5,31.65,22.85
"2020-10-08 12:35:22",8159262,-0.008,-0.012,0.064,297.6,31.65,22.85
"2020-10-08 12:35:22.1",8159263,-0.008,-0.012,0.064,297.6,31.65,22.85
"2020-10-08 12:35:22.2",8159264,-0.027,-0.002,0.025,297.5,31.65,22.85
"2020-10-08 12:35:22.3",8159265,-0.028,-0.002,0.025,297.5,31.65,22.85
"2020-10-08 12:35:22.4",8159266,-0.018,-0.041,0.044,297.4,31.71,22.9
"2020-10-08 12:35:22.5",8159267,-0.018,-0.041,0.044,297.4,31.65,22.85
"2020-10-08 12:35:22.6",8159268,-0.018,-0.041,0.044,297.4,31.65,22.85
"2020-10-08 12:35:22.7",8159269,-0.008,0.009,0.044,297.4,31.65,22.85
"2020-10-08 12:35:22.8",8159270,-0.008,0.009,0.044,297.4,31.65,22.85
"2020-10-08 12:35:22.9",8159271,-0.008,-0.002,0.064,297.3,31.65,22.85
"2020-10-08 12:35:23",8159272,-0.008,-0.002,0.064,297.3,31.65,22.85
"2020-10-08 12:35:23.1",8159273,-0.008,-0.002,0.064,297.3,31.65,22.85
"2020-10-08 12:35:23.2",8159274,-0.008,0.018,0.044,297.3,31.65,22.85
"2020-10-08 12:35:23.3",8159275,-0.008,0.018,0.044,297.3,31.65,22.85
"2020-10-08 12:35:23.4",8159276,-0.008,-0.002,0.064,297.2,31.65,22.85
"2020-10-08 12:35:23.5",8159277,-0.008,-0.002,0.064,297.2,31.65,22.85
"2020-10-08 12:35:23.6",8159278,-0.008,-0.002,0.064,297.2,31.65,22.85
"2020-10-08 12:35:23.7",8159279,0.012,0.009,0.025,297.2,31.65,22.86
"2020-10-08 12:35:23.8",8159280,0.012,0.009,0.025,297.2,31.65,22.85
"2020-10-08 12:35:23.9",8159281,-0.008,-0.002,-0.006,297.1,31.65,22.85
"2020-10-08 12:35:24",8159282,-0.008,-0.002,-0.006,297.1,31.65,22.85
"2020-10-08 12:35:24.1",8159283,-0.008,-0.002,-0.006,297.1,31.65,22.85
"2020-10-08 12:35:24.2",8159284,-0.008,0.009,0.044,297.1,31.65,22.85
"2020-10-08 12:35:24.3",8159285,-0.008,0.009,0.044,297.1,31.65,22.85
"2020-10-08 12:35:24.4",8159286,-0.018,-0.002,0.015,297.1,31.65,22.85
"2020-10-08 12:35:24.5",8159287,-0.018,-0.002,0.015,297.1,31.65,22.85
"2020-10-08 12:35:24.6",8159288,-0.018,-0.002,0.015,297.1,31.65,22.85
"2020-10-08 12:35:24.7",8159289,-0.008,0.009,0.044,297,31.65,22.85
"2020-10-08 12:35:24.8",8159290,-0.008,0.009,0.044,297,31.65,22.85
"2020-10-08 12:35:24.9",8159291,-0.018,-0.002,0.015,297,31.7,22.89
"2020-10-08 12:35:25",8159292,-0.018,-0.002,0.015,297,31.65,22.85
"2020-10-08 12:35:25.1",8159293,-0.018,-0.002,0.015,297,31.65,22.85
"2020-10-08 12:35:25.2",8159294,-0.018,-0.002,0.015,297,31.65,22.84
"2020-10-08 12:35:25.3",8159295,-0.018,-0.002,0.015,297,31.65,22.85
"2020-10-08 12:35:25.4",8159296,-0.017,-0.002,0.015,297,31.65,22.85
"2020-10-08 12:35:25.5",8159297,-0.018,-0.002,0.015,297,31.65,22.85
"2020-10-08 12:35:25.6",8159298,-0.018,-0.002,0.015,297,31.65,22.85
"2020-10-08 12:35:25.7",8159299,-0.008,-0.002,-0.006,297,31.65,22.85
"2020-10-08 12:35:25.8",8159300,-0.008,-0.002,-0.006,297,31.65,22.85
"2020-10-08 12:35:25.9",8159301,-0.008,-0.002,-0.006,297,31.65,22.85
"2020-10-08 12:35:26",8159302,-0.008,-0.002,-0.006,297,31.65,22.85
"2020-10-08 12:35:26.1",8159303,-0.008,-0.002,-0.006,297,31.65,22.85
"2020-10-08 12:35:26.2",8159304,-0.008,-0.002,-0.006,297,31.65,22.88
"2020-10-08 12:35:26.3",8159305,-0.008,-0.002,-0.006,297,31.65,22.85
"2020-10-08 12:35:26.4",8159306,-0.008,-0.002,-0.006,297,31.65,22.85
"2020-10-08 12:35:26.5",8159307,-0.008,-0.002,-0.006,297,31.65,22.86
"2020-10-08 12:35:26.6",8159308,-0.008,-0.002,-0.006,297,31.65,22.86
"2020-10-08 12:35:26.7",8159309,-0.008,-0.002,-0.006,297,31.65,22.86
"2020-10-08 12:35:26.8",8159310,-0.008,-0.002,-0.006,297,31.65,22.86
"2020-10-08 12:35:26.9",8159311,-0.008,-0.002,-0.006,297,31.65,22.87
"2020-10-08 12:35:27",8159312,-0.008,-0.002,-0.006,297,31.65,22.86
"2020-10-08 12:35:27.1",8159313,-0.008,-0.002,-0.006,297,31.65,22.87
"2020-10-08 12:35:27.2",8159314,-0.008,-0.002,-0.006,297,31.65,22.87
"2020-10-08 12:35:27.3",8159315,-0.008,-0.002,-0.006,297,31.65,22.87
"2020-10-08 12:35:27.4",8159316,0.012,0.008,0.025,297.1,31.7,22.88
"2020-10-08 12:35:27.5",8159317,0.012,0.009,0.025,297.1,31.65,22.86
"2020-10-08 12:35:27.6",8159318,0.012,0.009,0.025,297.1,31.65,22.87
"2020-10-08 12:35:27.7",8159319,-0.018,-0.002,0.015,297.1,31.65,22.87
"2020-10-08 12:35:27.8",8159320,-0.018,-0.002,0.015,297.1,31.65,22.87
"2020-10-08 12:35:27.9",8159321,-0.018,-0.002,0.015,297.1,31.65,22.87
"2020-10-08 12:35:28",8159322,-0.018,-0.002,0.015,297.1,31.65,22.87
"2020-10-08 12:35:28.1",8159323,-0.018,-0.002,0.015,297.1,31.65,22.87
"2020-10-08 12:35:28.2",8159324,-0.018,-0.002,0.015,297.1,31.65,22.87
"2020-10-08 12:35:28.3",8159325,-0.018,-0.002,0.015,297.1,31.65,22.87
"2020-10-08 12:35:28.4",8159326,-0.018,-0.002,0.015,297.1,31.65,22.87
"2020-10-08 12:35:28.5",8159327,-0.018,-0.002,0.015,297.1,31.65,22.87
"2020-10-08 12:35:28.6",8159328,-0.018,-0.002,0.015,297.1,31.65,22.87
"2020-10-08 12:35:28.7",8159329,-0.018,-0.002,0.015,297.1,31.65,22.9
"2020-10-08 12:35:28.8",8159330,-0.018,-0.002,0.015,297.1,31.65,22.87
"2020-10-08 12:35:28.9",8159331,-0.018,-0.002,0.015,297.1,31.65,22.87
"2020-10-08 12:35:29",8159332,-0.018,-0.002,0.015,297.1,31.65,22.87
"2020-10-08 12:35:29.1",8159333,-0.018,-0.002,0.015,297.1,31.65,22.87
"2020-10-08 12:35:29.2",8159334,-0.018,-0.002,0.015,297.1,31.65,22.87
"2020-10-08 12:35:29.3",8159335,-0.018,-0.002,0.015,297.1,31.65,22.87
"2020-10-08 12:35:29.4",8159336,-0.018,-0.002,0.015,297.1,31.65,22.87
"2020-10-08 12:35:29.5",8159337,-0.018,-0.002,0.015,297.1,31.65,22.87
"2020-10-08 12:35:29.6",8159338,-0.018,-0.002,0.015,297.1,31.65,22.87
"2020-10-08 12:35:29.7",8159339,-0.018,-0.002,0.015,297.1,31.65,22.87
"2020-10-08 12:35:29.8",8159340,-0.018,-0.002,0.015,297.1,31.65,22.87
"2020-10-08 12:35:29.9",8159341,-0.018,-0.002,0.015,297.1,31.7,22.87
"2020-10-08 12:35:30",8159342,-0.018,-0.002,0.015,297.1,31.65,22.87
"2020-10-08 12:35:30.1",8159343,-0.018,-0.002,0.015,297.1,31.65,22.87
"2020-10-08 12:35:30.2",8159344,-0.018,-0.002,0.015,297.1,31.65,22.87
"2020-10-08 12:35:30.3",8159345,-0.018,-0.002,0.015,297.1,31.65,22.87
"2020-10-08 12:35:30.4",8159346,-0.008,-0.002,-0.006,297,31.65,22.87
"2020-10-08 12:35:30.5",8159347,-0.008,-0.002,-0.006,297,31.65,22.87
"2020-10-08 12:35:30.6",8159348,-0.008,-0.002,-0.006,297,31.65,22.87
"2020-10-08 12:35:30.7",8159349,0.012,0.009,0.025,297,31.65,22.87
"2020-10-08 12:35:30.8",8159350,0.012,0.008,0.025,297,31.65,22.87
"2020-10-08 12:35:30.9",8159351,-0.008,0.009,0.044,297,31.65,22.87
"2020-10-08 12:35:31",8159352,-0.008,0.009,0.044,297,31.65,22.87
"2020-10-08 12:35:31.1",8159353,-0.008,0.009,0.044,297,31.65,22.87
"2020-10-08 12:35:31.2",8159354,-0.008,-0.002,-0.006,296.9,31.67,22.89
"2020-10-08 12:35:31.3",8159355,-0.008,-0.002,-0.006,296.9,31.65,22.87
"2020-10-08 12:35:31.4",8159356,-0.008,-0.002,-0.006,296.9,31.65,22.87
"2020-10-08 12:35:31.5",8159357,-0.008,-0.002,-0.006,296.9,31.65,22.87
"2020-10-08 12:35:31.6",8159358,-0.008,-0.002,-0.006,296.9,31.65,22.87
"2020-10-08 12:35:31.7",8159359,-0.008,-0.002,-0.006,296.9,31.65,22.87
"2020-10-08 12:35:31.8",8159360,-0.008,-0.002,-0.006,296.9,31.65,22.87
"2020-10-08 12:35:31.9",8159361,-0.008,-0.002,-0.006,296.9,31.65,22.87
"2020-10-08 12:35:32",8159362,-0.008,-0.002,-0.006,296.9,31.65,22.87
"2020-10-08 12:35:32.1",8159363,-0.008,-0.002,-0.006,296.9,31.65,22.87
"2020-10-08 12:35:32.2",8159364,-0.008,-0.002,-0.006,296.9,31.65,22.87
"2020-10-08 12:35:32.3",8159365,-0.008,-0.002,-0.006,296.9,31.65,22.87
"2020-10-08 12:35:32.4",8159366,-0.008,-0.002,-0.006,296.9,31.68,22.87
"2020-10-08 12:35:32.5",8159367,-0.008,-0.002,-0.006,296.9,31.65,22.86
"2020-10-08 12:35:32.6",8159368,-0.008,-0.002,-0.006,296.9,31.65,22.86
"2020-10-08 12:35:32.7",8159369,-0.008,-0.002,-0.006,296.9,31.65,22.85
"2020-10-08 12:35:32.8",8159370,-0.008,-0.002,-0.006,296.9,31.65,22.85
"2020-10-08 12:35:32.9",8159371,0.012,-0.041,0.025,296.9,31.65,22.85
"2020-10-08 12:35:33",8159372,0.012,-0.041,0.025,296.9,31.65,22.85
"2020-10-08 12:35:33.1",8159373,0.012,-0.041,0.025,296.9,31.65,22.85
"2020-10-08 12:35:33.2",8159374,0.012,-0.041,0.025,296.9,31.65,22.85
"2020-10-08 12:35:33.3",8159375,0.012,-0.041,0.025,296.9,31.65,22.85
"2020-10-08 12:35:33.4",8159376,0.012,-0.041,0.025,296.9,31.65,22.85
"2020-10-08 12:35:33.5",8159377,0.012,-0.041,0.025,296.9,31.65,22.85
"2020-10-08 12:35:33.6",8159378,0.012,-0.041,0.025,296.9,31.65,22.85
"2020-10-08 12:35:33.7",8159379,-0.008,-0.002,-0.006,296.9,31.68,22.89
"2020-10-08 12:35:33.8",8159380,-0.008,-0.002,-0.006,296.9,31.65,22.84
"2020-10-08 12:35:33.9",8159381,-0.008,-0.002,-0.006,296.9,31.65,22.85
"2020-10-08 12:35:34",8159382,-0.008,-0.002,-0.006,296.9,31.65,22.85
"2020-10-08 12:35:34.1",8159383,-0.008,-0.002,-0.006,296.9,31.65,22.85
"2020-10-08 12:35:34.2",8159384,-0.008,-0.002,-0.006,296.9,31.65,22.85
"2020-10-08 12:35:34.3",8159385,-0.008,-0.002,-0.006,296.9,31.65,22.85
"2020-10-08 12:35:34.4",8159386,-0.008,-0.002,-0.006,296.9,31.65,22.85
"2020-10-08 12:35:34.5",8159387,-0.008,-0.002,-0.006,296.9,31.65,22.85
"2020-10-08 12:35:34.6",8159388,-0.008,-0.002,-0.006,296.9,31.65,22.85
"2020-10-08 12:35:34.7",8159389,-0.008,-0.002,-0.006,296.9,31.65,22.85
"2020-10-08 12:35:34.8",8159390,-0.008,-0.002,-0.006,296.9,31.65,22.85
"2020-10-08 12:35:34.9",8159391,-0.008,-0.002,-0.006,296.9,31.66,22.85
"2020-10-08 12:35:35",8159392,-0.008,-0.002,-0.006,296.9,31.65,22.85
"2020-10-08 12:35:35.1",8159393,-0.008,-0.002,-0.006,296.9,31.65,22.85
"2020-10-08 12:35:35.2",8159394,-0.008,-0.002,-0.006,296.9,31.65,22.85
"2020-10-08 12:35:35.3",8159395,-0.008,-0.002,-0.006,296.9,31.65,22.85
"2020-10-08 12:35:35.4",8159396,-0.008,-0.002,-0.006,296.9,31.65,22.85
"2020-10-08 12:35:35.5",8159397,-0.008,-0.002,-0.006,296.9,31.65,22.85
"2020-10-08 12:35:35.6",8159398,-0.008,-0.002,-0.006,296.9,31.65,22.85
"2020-10-08 12:35:35.7",8159399,-0.008,-0.002,-0.006,296.9,31.65,22.85
"2020-10-08 12:35:35.8",8159400,-0.008,-0.002,-0.006,296.9,31.65,22.85
"2020-10-08 12:35:35.9",8159401,-0.008,-0.002,-0.006,296.9,31.65,22.85
"2020-10-08 12:35:36",8159402,-0.008,-0.002,-0.006,296.9,31.65,22.85
"2020-10-08 12:35:36.1",8159403,-0.008,-0.002,-0.006,296.9,31.65,22.85
"2020-10-08 12:35:36.2",8159404,-0.008,-0.002,-0.006,296.9,31.68,22.9
"2020-10-08 12:35:36.3",8159405,-0.008,-0.002,-0.006,296.9,31.65,22.84
"2020-10-08 12:35:36.4",8159406,-0.008,-0.002,-0.006,296.9,31.65,22.85
"2020-10-08 12:35:36.5",8159407,-0.008,-0.002,-0.006,296.9,31.65,22.85
"2020-10-08 12:35:36.6",8159408,-0.008,-0.002,-0.006,296.9,31.65,22.85
"2020-10-08 12:35:36.7",8159409,-0.028,-0.002,0.025,296.9,31.65,22.85
"2020-10-08 12:35:36.8",8159410,-0.027,-0.002,0.025,296.9,31.65,22.85
"2020-10-08 12:35:36.9",8159411,-0.028,-0.002,0.025,296.9,31.65,22.85
"2020-10-08 12:35:37",8159412,-0.028,-0.002,0.025,296.9,31.65,22.85
"2020-10-08 12:35:37.1",8159413,-0.028,-0.002,0.025,296.9,31.65,22.85
"2020-10-08 12:35:37.2",8159414,-0.028,-0.002,0.025,296.9,31.65,22.85
"2020-10-08 12:35:37.3",8159415,-0.028,-0.002,0.025,296.9,31.65,22.85
"2020-10-08 12:35:37.4",8159416,-0.028,-0.002,0.025,296.9,31.65,22.85
"2020-10-08 12:35:37.5",8159417,-0.027,-0.002,0.025,296.9,31.65,22.85
"2020-10-08 12:35:37.6",8159418,-0.028,-0.002,0.025,296.9,31.65,22.85
"2020-10-08 12:35:37.7",8159419,-0.027,-0.002,0.025,296.9,31.65,22.85
"2020-10-08 12:35:37.8",8159420,-0.027,-0.002,0.025,296.9,31.65,22.85
"2020-10-08 12:35:37.9",8159421,-0.028,-0.002,0.025,296.9,31.65,22.85
"2020-10-08 12:35:38",8159422,-0.027,-0.002,0.025,296.9,31.65,22.85
"2020-10-08 12:35:38.1",8159423,-0.027,-0.002,0.025,296.9,31.65,22.85
"2020-10-08 12:35:38.2",8159424,-0.028,-0.002,0.025,296.9,31.65,22.85
"2020-10-08 12:35:38.3",8159425,-0.028,-0.002,0.025,296.9,31.65,22.85
"2020-10-08 12:35:38.4",8159426,-0.027,-0.002,0.025,296.9,31.65,22.85
"2020-10-08 12:35:38.5",8159427,-0.027,-0.002,0.025,296.9,31.65,22.85
"2020-10-08 12:35:38.6",8159428,-0.027,-0.002,0.025,296.9,31.65,22.85
"2020-10-08 12:35:38.7",8159429,-0.027,-0.002,0.025,296.9,31.69,22.9
"2020-10-08 12:35:38.8",8159430,-0.028,-0.002,0.025,296.9,31.64,22.85
"2020-10-08 12:35:38.9",8159431,-0.028,-0.002,0.025,296.9,31.64,22.85
"2020-10-08 12:35:39",8159432,-0.028,-0.002,0.025,296.9,31.64,22.85
"2020-10-08 12:35:39.1",8159433,-0.027,-0.002,0.025,296.9,31.63,22.85
"2020-10-08 12:35:39.2",8159434,-0.008,-0.002,-0.006,296.9,31.63,22.85
"2020-10-08 12:35:39.3",8159435,-0.008,-0.002,-0.006,296.9,31.63,22.85
"2020-10-08 12:35:39.4",8159436,-0.008,-0.002,-0.006,296.9,31.63,22.85
"2020-10-08 12:35:39.5",8159437,-0.008,-0.002,-0.006,296.9,31.63,22.85
"2020-10-08 12:35:39.6",8159438,-0.008,-0.002,-0.006,296.9,31.63,22.85
"2020-10-08 12:35:39.7",8159439,-0.008,-0.002,-0.006,296.9,31.63,22.85
"2020-10-08 12:35:39.8",8159440,-0.008,-0.002,-0.006,296.9,31.63,22.85
"2020-10-08 12:35:39.9",8159441,-0.008,-0.002,-0.006,296.9,31.63,22.85
"2020-10-08 12:35:40",8159442,-0.008,-0.002,-0.006,296.9,31.63,22.85
"2020-10-08 12:35:40.1",8159443,-0.008,-0.002,-0.006,296.9,31.63,22.85
"2020-10-08 12:35:40.2",8159444,-0.008,-0.002,-0.006,296.9,31.63,22.85
"2020-10-08 12:35:40.3",8159445,-0.008,-0.002,-0.006,296.9,31.63,22.85
"2020-10-08 12:35:40.4",8159446,-0.008,-0.002,-0.006,296.9,31.63,22.85
"2020-10-08 12:35:40.5",8159447,-0.008,-0.002,-0.006,296.9,31.63,22.85
"2020-10-08 12:35:40.6",8159448,-0.008,-0.002,-0.006,296.9,31.63,22.85
"2020-10-08 12:35:40.7",8159449,-0.008,-0.002,-0.006,296.9,31.63,22.85
"2020-10-08 12:35:40.8",8159450,-0.008,-0.002,-0.006,296.9,31.63,22.85
"2020-10-08 12:35:40.9",8159451,-0.008,-0.031,-0.016,296.9,31.63,22.85
"2020-10-08 12:35:41",8159452,-0.008,-0.031,-0.016,296.9,31.63,22.85
"2020-10-08 12:35:41.1",8159453,-0.008,-0.032,-0.016,296.9,31.63,22.85
"2020-10-08 12:35:41.2",8159454,-0.008,-0.031,-0.016,296.9,31.69,22.9
"2020-10-08 12:35:41.3",8159455,-0.008,-0.031,-0.016,296.9,31.63,22.84
"2020-10-08 12:35:41.4",8159456,-0.008,-0.032,-0.016,296.9,31.63,22.84
"2020-10-08 12:35:41.5",8159457,-0.008,-0.031,-0.016,296.9,31.63,22.84
"2020-10-08 12:35:41.6",8159458,-0.008,-0.031,-0.016,296.9,31.63,22.85
"2020-10-08 12:35:41.7",8159459,-0.008,-0.031,-0.016,296.9,31.63,22.84
"2020-10-08 12:35:41.8",8159460,-0.008,-0.031,-0.016,296.9,31.63,22.85
"2020-10-08 12:35:41.9",8159461,-0.008,-0.032,-0.016,296.9,31.63,22.85
"2020-10-08 12:35:42",8159462,-0.008,-0.031,-0.016,296.9,31.63,22.85
"2020-10-08 12:35:42.1",8159463,-0.008,-0.031,-0.016,296.9,31.63,22.85
"2020-10-08 12:35:42.2",8159464,-0.008,-0.031,-0.016,296.9,31.63,22.85
"2020-10-08 12:35:42.3",8159465,-0.008,-0.031,-0.016,296.9,31.63,22.85
"2020-10-08 12:35:42.4",8159466,-0.008,-0.031,-0.016,296.9,31.63,22.85
"2020-10-08 12:35:42.5",8159467,-0.008,-0.031,-0.016,296.9,31.63,22.86
"2020-10-08 12:35:42.6",8159468,-0.008,-0.031,-0.016,296.9,31.63,22.85
"2020-10-08 12:35:42.7",8159469,-0.008,-0.031,-0.016,296.9,31.63,22.85
"2020-10-08 12:35:42.8",8159470,-0.008,-0.031,-0.016,296.9,31.63,22.85
"2020-10-08 12:35:42.9",8159471,-0.008,-0.031,-0.016,296.9,31.63,22.85
"2020-10-08 12:35:43",8159472,-0.008,-0.031,-0.016,296.9,31.63,22.85
"2020-10-08 12:35:43.1",8159473,-0.008,-0.031,-0.016,296.9,31.63,22.85
"2020-10-08 12:35:43.2",8159474,-0.008,-0.031,-0.016,296.9,31.63,22.85
"2020-10-08 12:35:43.3",8159475,-0.008,-0.031,-0.016,296.9,31.63,22.85
"2020-10-08 12:35:43.4",8159476,-0.008,-0.031,-0.016,296.9,31.63,22.85
"2020-10-08 12:35:43.5",8159477,-0.008,-0.031,-0.016,296.9,31.63,22.85
"2020-10-08 12:35:43.6",8159478,-0.008,-0.031,-0.016,296.9,31.63,22.85
"2020-10-08 12:35:43.7",8159479,-0.008,-0.031,-0.016,296.9,31.68,22.89
"2020-10-08 12:35:43.8",8159480,-0.008,-0.031,-0.016,296.9,31.63,22.85
"2020-10-08 12:35:43.9",8159481,-0.008,-0.031,-0.016,296.9,31.63,22.85
"2020-10-08 12:35:44",8159482,-0.008,-0.031,-0.016,296.9,31.63,22.85
"2020-10-08 12:35:44.1",8159483,-0.008,-0.031,-0.016,296.9,31.63,22.85
"2020-10-08 12:35:44.2",8159484,-0.008,-0.031,-0.016,296.9,31.63,22.85
"2020-10-08 12:35:44.3",8159485,-0.008,-0.031,-0.016,296.9,31.63,22.85
"2020-10-08 12:35:44.4",8159486,-0.008,-0.031,-0.016,296.9,31.63,22.85
"2020-10-08 12:35:44.5",8159487,-0.008,-0.031,-0.016,296.9,31.63,22.85
"2020-10-08 12:35:44.6",8159488,-0.008,-0.031,-0.016,296.9,31.63,22.85
"2020-10-08 12:35:44.7",8159489,-0.008,-0.031,-0.016,296.9,31.63,22.85
"2020-10-08 12:35:44.8",8159490,-0.008,-0.031,-0.016,296.9,31.63,22.85
"2020-10-08 12:35:44.9",8159491,-0.008,-0.031,-0.016,296.9,31.63,22.85
"2020-10-08 12:35:45",8159492,-0.008,-0.031,-0.016,296.9,31.63,22.87
"2020-10-08 12:35:45.1",8159493,-0.008,-0.031,-0.016,296.9,31.63,22.85
"2020-10-08 12:35:45.2",8159494,-0.008,-0.031,-0.016,296.9,31.63,22.85
"2020-10-08 12:35:45.3",8159495,-0.008,-0.031,-0.016,296.9,31.63,22.85
"2020-10-08 12:35:45.4",8159496,-0.008,-0.031,-0.016,296.9,31.63,22.85
"2020-10-08 12:35:45.5",8159497,-0.008,-0.031,-0.016,296.9,31.63,22.85
"2020-10-08 12:35:45.6",8159498,-0.008,-0.031,-0.016,296.9,31.63,22.85
"2020-10-08 12:35:45.7",8159499,-0.008,-0.031,-0.016,296.9,31.63,22.85
"2020-10-08 12:35:45.8",8159500,-0.008,-0.031,-0.016,296.9,31.63,22.85
"2020-10-08 12:35:45.9",8159501,-0.008,-0.031,-0.016,296.9,31.63,22.85
"2020-10-08 12:35:46",8159502,-0.008,-0.031,-0.016,296.9,31.63,22.85
"2020-10-08 12:35:46.1",8159503,-0.008,-0.031,-0.016,296.9,31.63,22.85
"2020-10-08 12:35:46.2",8159504,-0.008,-0.032,-0.016,296.9,31.68,22.87
"2020-10-08 12:35:46.3",8159505,-0.008,-0.031,-0.016,296.9,31.63,22.85
"2020-10-08 12:35:46.4",8159506,-0.008,-0.032,-0.016,296.9,31.63,22.85
"2020-10-08 12:35:46.5",8159507,-0.008,-0.031,-0.016,296.9,31.63,22.85
"2020-10-08 12:35:46.6",8159508,-0.008,-0.031,-0.016,296.9,31.63,22.85
"2020-10-08 12:35:46.7",8159509,-0.008,-0.031,-0.016,296.9,31.63,22.85
"2020-10-08 12:35:46.8",8159510,-0.008,-0.031,-0.016,296.9,31.63,22.85
"2020-10-08 12:35:46.9",8159511,-0.008,-0.002,-0.006,297,31.63,22.85
"2020-10-08 12:35:47",8159512,-0.008,-0.002,-0.006,297,31.63,22.85
"2020-10-08 12:35:47.1",8159513,-0.008,-0.002,-0.006,297,31.63,22.85
"2020-10-08 12:35:47.2",8159514,-0.008,-0.002,-0.006,297,31.63,22.85
"2020-10-08 12:35:47.3",8159515,-0.008,-0.002,-0.006,297,31.63,22.85
"2020-10-08 12:35:47.4",8159516,-0.008,-0.002,-0.006,297,31.63,22.85
"2020-10-08 12:35:47.5",8159517,-0.008,-0.002,-0.006,297,31.63,22.88
"2020-10-08 12:35:47.6",8159518,-0.008,-0.002,-0.006,297,31.63,22.84
"2020-10-08 12:35:47.7",8159519,-0.008,-0.002,-0.006,297,31.63,22.85
"2020-10-08 12:35:47.8",8159520,-0.008,-0.002,-0.006,297,31.63,22.85
"2020-10-08 12:35:47.9",8159521,-0.008,-0.002,-0.006,297,31.63,22.85
"2020-10-08 12:35:48",8159522,-0.008,-0.002,-0.006,297,31.63,22.85
"2020-10-08 12:35:48.1",8159523,-0.008,-0.002,-0.006,297,31.63,22.85
"2020-10-08 12:35:48.2",8159524,-0.008,-0.002,-0.006,297,31.63,22.85
"2020-10-08 12:35:48.3",8159525,-0.008,-0.002,-0.006,297,31.63,22.85
"2020-10-08 12:35:48.4",8159526,-0.008,-0.002,-0.006,297,31.63,22.85
"2020-10-08 12:35:48.5",8159527,-0.008,-0.002,-0.006,297,31.63,22.85
"2020-10-08 12:35:48.6",8159528,-0.008,-0.002,-0.006,297,31.63,22.85
"2020-10-08 12:35:48.7",8159529,-0.008,-0.002,-0.006,297,31.68,22.85
"2020-10-08 12:35:48.8",8159530,-0.008,-0.002,-0.006,297,31.63,22.84
"2020-10-08 12:35:48.9",8159531,-0.008,-0.002,-0.006,297,31.63,22.85
"2020-10-08 12:35:49",8159532,-0.008,-0.002,-0.006,297,31.63,22.85
"2020-10-08 12:35:49.1",8159533,-0.008,-0.002,-0.006,297,31.63,22.85
"2020-10-08 12:35:49.2",8159534,-0.008,-0.002,-0.006,297,31.63,22.85
"2020-10-08 12:35:49.3",8159535,-0.008,-0.002,-0.006,297,31.63,22.85
"2020-10-08 12:35:49.4",8159536,-0.008,-0.002,-0.006,297,31.63,22.85
"2020-10-08 12:35:49.5",8159537,-0.008,-0.002,-0.006,297,31.63,22.85
"2020-10-08 12:35:49.6",8159538,-0.008,-0.002,-0.006,297,31.63,22.85
"2020-10-08 12:35:49.7",8159539,0.012,-0.031,0.015,297,31.63,22.85
"2020-10-08 12:35:49.8",8159540,0.012,-0.031,0.015,297,31.63,22.85
"2020-10-08 12:35:49.9",8159541,-0.028,-0.002,0.025,297,31.63,22.85
"2020-10-08 12:35:50",8159542,-0.028,-0.002,0.025,297,31.65,22.88
"2020-10-08 12:35:50.1",8159543,-0.028,-0.002,0.025,297,31.63,22.85
"2020-10-08 12:35:50.2",8159544,-0.027,-0.002,0.025,297,31.63,22.85
"2020-10-08 12:35:50.3",8159545,-0.028,-0.002,0.025,297,31.63,22.85
"2020-10-08 12:35:50.4",8159546,-0.008,-0.031,0.044,297,31.63,22.85
"2020-10-08 12:35:50.5",8159547,-0.008,-0.032,0.044,297,31.63,22.85
"2020-10-08 12:35:50.6",8159548,-0.008,-0.031,0.044,297,31.63,22.85
"2020-10-08 12:35:50.7",8159549,-0.008,-0.031,0.044,297,31.63,22.85
"2020-10-08 12:35:50.8",8159550,-0.008,-0.031,0.044,297,31.63,22.85
"2020-10-08 12:35:50.9",8159551,-0.008,-0.031,0.044,297,31.63,22.85
"2020-10-08 12:35:51",8159552,-0.008,-0.031,0.044,297,31.63,22.85
"2020-10-08 12:35:51.1",8159553,-0.008,-0.032,0.044,297,31.63,22.85
"2020-10-08 12:35:51.2",8159554,-0.008,0.009,0.044,297,31.67,22.85
"2020-10-08 12:35:51.3",8159555,-0.008,0.008,0.044,297,31.63,22.85
"2020-10-08 12:35:51.4",8159556,-0.008,0.009,0.044,297,31.63,22.85
"2020-10-08 12:35:51.5",8159557,-0.008,0.009,0.044,297,31.63,22.86
"2020-10-08 12:35:51.6",8159558,-0.008,0.009,0.044,297,31.63,22.86
"2020-10-08 12:35:51.7",8159559,-0.028,-0.002,0.025,297.1,31.63,22.86
"2020-10-08 12:35:51.8",8159560,-0.028,-0.002,0.025,297.1,31.63,22.86
"2020-10-08 12:35:51.9",8159561,-0.008,-0.032,0.044,297.1,31.63,22.86
"2020-10-08 12:35:52",8159562,-0.008,-0.031,0.044,297.1,31.63,22.87
"2020-10-08 12:35:52.1",8159563,-0.008,-0.031,0.044,297.1,31.63,22.87
"2020-10-08 12:35:52.2",8159564,-0.008,-0.031,0.044,297.1,31.63,22.87
"2020-10-08 12:35:52.3",8159565,-0.008,-0.031,0.044,297.1,31.63,22.87
"2020-10-08 12:35:52.4",8159566,-0.027,-0.002,0.025,297.1,31.63,22.87
"2020-10-08 12:35:52.5",8159567,-0.028,-0.002,0.025,297.1,31.66,22.92
"2020-10-08 12:35:52.6",8159568,-0.027,-0.002,0.025,297.1,31.63,22.87
"2020-10-08 12:35:52.7",8159569,-0.027,-0.002,0.025,297.1,31.63,22.87
"2020-10-08 12:35:52.8",8159570,-0.027,-0.002,0.025,297.1,31.63,22.87
"2020-10-08 12:35:52.9",8159571,-0.027,-0.002,0.025,297.1,31.63,22.87
"2020-10-08 12:35:53",8159572,-0.028,-0.002,0.025,297.1,31.63,22.87
"2020-10-08 12:35:53.1",8159573,-0.028,-0.002,0.025,297.1,31.63,22.87
"2020-10-08 12:35:53.2",8159574,-0.028,-0.002,0.025,297.1,31.63,22.87
"2020-10-08 12:35:53.3",8159575,-0.028,-0.002,0.025,297.1,31.63,22.87
"2020-10-08 12:35:53.4",8159576,-0.028,-0.002,0.025,297.1,31.63,22.87
"2020-10-08 12:35:53.5",8159577,-0.028,-0.002,0.025,297.1,31.63,22.87
"2020-10-08 12:35:53.6",8159578,-0.027,-0.002,0.025,297.1,31.63,22.87
"2020-10-08 12:35:53.7",8159579,-0.028,-0.002,0.025,297.1,31.64,22.87
"2020-10-08 12:35:53.8",8159580,-0.027,-0.002,0.025,297.1,31.63,22.87
"2020-10-08 12:35:53.9",8159581,-0.027,-0.002,0.025,297.1,31.63,22.87
"2020-10-08 12:35:54",8159582,-0.028,-0.002,0.025,297.1,31.64,22.87
"2020-10-08 12:35:54.1",8159583,-0.028,-0.002,0.025,297.1,31.64,22.87
"2020-10-08 12:35:54.2",8159584,-0.027,-0.002,0.025,297.1,31.64,22.87
"2020-10-08 12:35:54.3",8159585,-0.027,-0.002,0.025,297.1,31.65,22.87
"2020-10-08 12:35:54.4",8159586,-0.028,-0.002,0.025,297.1,31.65,22.87
"2020-10-08 12:35:54.5",8159587,-0.027,-0.002,0.025,297.1,31.65,22.87
"2020-10-08 12:35:54.6",8159588,-0.027,-0.002,0.025,297.1,31.65,22.87
"2020-10-08 12:35:54.7",8159589,-0.027,-0.002,0.025,297.1,31.65,22.87
"2020-10-08 12:35:54.8",8159590,-0.028,-0.002,0.025,297.1,31.65,22.87
"2020-10-08 12:35:54.9",8159591,-0.027,-0.002,0.024,297.1,31.65,22.87
"2020-10-08 12:35:55",8159592,-0.027,-0.002,0.025,297.1,31.68,22.92
"2020-10-08 12:35:55.1",8159593,-0.027,-0.002,0.025,297.1,31.65,22.86
"2020-10-08 12:35:55.2",8159594,-0.028,-0.002,0.025,297.1,31.65,22.87
"2020-10-08 12:35:55.3",8159595,-0.028,-0.002,0.025,297.1,31.65,22.87
"2020-10-08 12:35:55.4",8159596,-0.028,-0.002,0.025,297.1,31.65,22.87
"2020-10-08 12:35:55.5",8159597,-0.028,-0.002,0.025,297.1,31.65,22.87
"2020-10-08 12:35:55.6",8159598,-0.028,-0.002,0.025,297.1,31.65,22.87
"2020-10-08 12:35:55.7",8159599,-0.028,-0.002,0.025,297.1,31.65,22.87
"2020-10-08 12:35:55.8",8159600,-0.028,-0.002,0.025,297.1,31.65,22.87
"2020-10-08 12:35:55.9",8159601,-0.028,-0.002,0.025,297.1,31.65,22.87
"2020-10-08 12:35:56",8159602,-0.028,-0.002,0.025,297.1,31.65,22.87
"2020-10-08 12:35:56.1",8159603,-0.028,-0.002,0.025,297.1,31.65,22.87
"2020-10-08 12:35:56.2",8159604,-0.008,-0.031,-0.016,297,31.65,22.87
"2020-10-08 12:35:56.3",8159605,-0.008,-0.031,-0.016,297,31.65,22.87
"2020-10-08 12:35:56.4",8159606,-0.008,-0.031,-0.016,297,31.65,22.87
"2020-10-08 12:35:56.5",8159607,-0.008,-0.031,-0.016,297,31.65,22.87
"2020-10-08 12:35:56.6",8159608,-0.008,-0.031,-0.016,297,31.65,22.87
"2020-10-08 12:35:56.7",8159609,-0.047,-0.041,-0.006,297,31.65,22.87
"2020-10-08 12:35:56.8",8159610,-0.047,-0.041,-0.006,297,31.65,22.87
"2020-10-08 12:35:56.9",8159611,-0.028,-0.002,0.025,297,31.65,22.87
"2020-10-08 12:35:57",8159612,-0.028,-0.002,0.025,297,31.65,22.87
"2020-10-08 12:35:57.1",8159613,-0.028,-0.002,0.025,297,31.65,22.87
"2020-10-08 12:35:57.2",8159614,-0.027,-0.002,0.025,297,31.65,22.87
"2020-10-08 12:35:57.3",8159615,-0.028,-0.002,0.025,297,31.65,22.87
"2020-10-08 12:35:57.4",8159616,-0.027,-0.002,0.025,297.1,31.65,22.87
"2020-10-08 12:35:57.5",8159617,-0.027,-0.002,0.025,297.1,31.7,22.92
"2020-10-08 12:35:57.6",8159618,-0.028,-0.002,0.025,297.1,31.65,22.87
"2020-10-08 12:35:57.7",8159619,-0.027,-0.002,0.025,297.1,31.65,22.87
"2020-10-08 12:35:57.8",8159620,-0.027,-0.002,0.025,297.1,31.65,22.87
"2020-10-08 12:35:57.9",8159621,-0.028,-0.002,0.025,297.1,31.65,22.87
"2020-10-08 12:35:58",8159622,-0.028,-0.002,0.025,297.1,31.65,22.87
"2020-10-08 12:35:58.1",8159623,-0.028,-0.002,0.025,297.1,31.65,22.87
"2020-10-08 12:35:58.2",8159624,-0.008,-0.002,-0.006,297,31.65,22.87
"2020-10-08 12:35:58.3",8159625,-0.008,-0.002,-0.006,297,31.65,22.87
"2020-10-08 12:35:58.4",8159626,-0.008,-0.002,-0.006,297,31.65,22.87
"2020-10-08 12:35:58.5",8159627,-0.008,-0.002,-0.006,297,31.65,22.87
"2020-10-08 12:35:58.6",8159628,-0.008,-0.002,-0.006,297,31.65,22.87
"2020-10-08 12:35:58.7",8159629,-0.008,-0.002,-0.006,297,31.65,22.87
"2020-10-08 12:35:58.8",8159630,-0.008,-0.002,-0.006,297,31.65,22.87
"2020-10-08 12:35:58.9",8159631,-0.008,-0.002,-0.006,297,31.65,22.87
"2020-10-08 12:35:59",8159632,-0.008,-0.002,-0.006,297,31.65,22.87
"2020-10-08 12:35:59.1",8159633,-0.008,-0.002,-0.006,297,31.65,22.87
"2020-10-08 12:35:59.2",8159634,0.012,-0.031,0.015,297,31.65,22.87
"2020-10-08 12:35:59.3",8159635,0.012,-0.032,0.015,297,31.65,22.87
"2020-10-08 12:35:59.4",8159636,0.012,-0.031,0.015,297,31.65,22.87
"2020-10-08 12:35:59.5",8159637,0.012,-0.031,0.015,297,31.65,22.87
"2020-10-08 12:35:59.6",8159638,0.012,-0.031,0.015,297,31.65,22.87
"2020-10-08 12:35:59.7",8159639,-0.028,-0.002,0.025,297,31.65,22.87
"2020-10-08 12:35:59.8",8159640,-0.028,-0.002,0.025,297,31.65,22.87
"2020-10-08 12:35:59.9",8159641,-0.027,-0.002,0.025,297,31.65,22.87
"2020-10-08 12:36:00",8159642,-0.028,-0.002,0.025,297,31.7,22.91
"2020-10-08 12:36:00.1",8159643,-0.028,-0.002,0.025,297,31.65,22.87
"2020-10-08 12:36:00.2",8159644,-0.028,-0.002,0.025,297,31.65,22.87
"2020-10-08 12:36:00.3",8159645,-0.027,-0.002,0.025,297,31.65,22.87
"2020-10-08 12:36:00.4",8159646,-0.028,-0.002,0.025,297,31.65,22.87
"2020-10-08 12:36:00.5",8159647,-0.027,-0.002,0.025,297,31.65,22.87
"2020-10-08 12:36:00.6",8159648,-0.028,-0.002,0.025,297,31.65,22.87
"2020-10-08 12:36:00.7",8159649,-0.028,-0.002,0.025,297,31.65,22.87
"2020-10-08 12:36:00.8",8159650,-0.028,-0.002,0.025,297,31.65,22.87
"2020-10-08 12:36:00.9",8159651,-0.027,-0.002,0.025,297,31.65,22.87
"2020-10-08 12:36:01",8159652,-0.028,-0.002,0.025,297,31.65,22.87
"2020-10-08 12:36:01.1",8159653,-0.027,-0.002,0.025,297,31.65,22.87
"2020-10-08 12:36:01.2",8159654,-0.008,-0.031,0.044,297,31.65,22.87
"2020-10-08 12:36:01.3",8159655,-0.008,-0.031,0.044,297,31.65,22.9
"2020-10-08 12:36:01.4",8159656,-0.008,-0.031,0.044,297,31.65,22.87
"2020-10-08 12:36:01.5",8159657,-0.008,-0.031,0.044,297,31.65,22.86
"2020-10-08 12:36:01.6",8159658,-0.008,-0.031,0.044,297,31.65,22.87
"2020-10-08 12:36:01.7",8159659,-0.037,-0.07,0.005,297,31.65,22.87
"2020-10-08 12:36:01.8",8159660,-0.037,-0.07,0.005,297,31.65,22.87
"2020-10-08 12:36:01.9",8159661,-0.037,-0.07,0.005,297,31.65,22.87
"2020-10-08 12:36:02",8159662,-0.037,-0.07,0.005,297,31.65,22.87
"2020-10-08 12:36:02.1",8159663,-0.037,-0.07,0.005,297,31.65,22.87
"2020-10-08 12:36:02.2",8159664,-0.037,-0.07,0.005,297,31.65,22.87
"2020-10-08 12:36:02.3",8159665,-0.037,-0.07,0.005,297,31.65,22.87
"2020-10-08 12:36:02.4",8159666,-0.037,-0.07,0.005,297,31.65,22.87
"2020-10-08 12:36:02.5",8159667,-0.037,-0.07,0.005,297,31.7,22.89
"2020-10-08 12:36:02.6",8159668,-0.037,-0.07,0.005,297,31.65,22.87
"2020-10-08 12:36:02.7",8159669,-0.047,-0.041,-0.006,297,31.65,22.87
"2020-10-08 12:36:02.8",8159670,-0.047,-0.041,-0.006,297,31.65,22.87
"2020-10-08 12:36:02.9",8159671,-0.047,-0.041,-0.006,297,31.65,22.87
"2020-10-08 12:36:03",8159672,-0.047,-0.041,-0.006,297,31.65,22.87
"2020-10-08 12:36:03.1",8159673,-0.047,-0.041,-0.006,297,31.65,22.87
"2020-10-08 12:36:03.2",8159674,-0.047,-0.041,-0.006,297,31.65,22.87
"2020-10-08 12:36:03.3",8159675,-0.047,-0.041,-0.006,297,31.65,22.87
"2020-10-08 12:36:03.4",8159676,-0.047,-0.041,-0.006,297,31.65,22.87
"2020-10-08 12:36:03.5",8159677,-0.047,-0.041,-0.006,297,31.65,22.87
"2020-10-08 12:36:03.6",8159678,-0.047,-0.041,-0.006,297,31.65,22.87
"2020-10-08 12:36:03.7",8159679,-0.047,-0.041,-0.006,297,31.65,22.87
"2020-10-08 12:36:03.8",8159680,-0.047,-0.041,-0.006,297,31.65,22.9
"2020-10-08 12:36:03.9",8159681,-0.047,-0.041,-0.006,297,31.65,22.87
"2020-10-08 12:36:04",8159682,-0.047,-0.041,-0.006,297,31.65,22.87
"2020-10-08 12:36:04.1",8159683,-0.047,-0.041,-0.006,297,31.65,22.87
"2020-10-08 12:36:04.2",8159684,-0.047,-0.041,-0.006,297,31.65,22.87
"2020-10-08 12:36:04.3",8159685,-0.047,-0.041,-0.006,297,31.65,22.87
"2020-10-08 12:36:04.4",8159686,-0.047,-0.041,-0.006,297,31.65,22.87
"2020-10-08 12:36:04.5",8159687,-0.047,-0.041,-0.006,297,31.65,22.87
"2020-10-08 12:36:04.6",8159688,-0.047,-0.041,-0.006,297,31.65,22.87
"2020-10-08 12:36:04.7",8159689,-0.047,-0.041,-0.006,297,31.65,22.87
"2020-10-08 12:36:04.8",8159690,-0.047,-0.041,-0.006,297,31.65,22.87
"2020-10-08 12:36:04.9",8159691,-0.047,-0.041,-0.006,297,31.65,22.87
"2020-10-08 12:36:05",8159692,-0.047,-0.041,-0.006,297,31.7,22.87
"2020-10-08 12:36:05.1",8159693,-0.047,-0.041,-0.006,297,31.65,22.87
"2020-10-08 12:36:05.2",8159694,-0.047,-0.041,-0.006,297,31.65,22.87
"2020-10-08 12:36:05.3",8159695,-0.047,-0.041,-0.006,297,31.65,22.87
"2020-10-08 12:36:05.4",8159696,-0.047,-0.041,-0.006,297,31.65,22.87
"2020-10-08 12:36:05.5",8159697,-0.047,-0.041,-0.006,297,31.65,22.87
"2020-10-08 12:36:05.6",8159698,-0.047,-0.041,-0.006,297,31.65,22.87
"2020-10-08 12:36:05.7",8159699,-0.047,-0.041,-0.006,297,31.65,22.87
"2020-10-08 12:36:05.8",8159700,-0.047,-0.041,-0.006,297,31.65,22.87
"2020-10-08 12:36:05.9",8159701,-0.047,-0.041,-0.006,297,31.65,22.87
"2020-10-08 12:36:06",8159702,-0.047,-0.041,-0.006,297,31.65,22.87
"2020-10-08 12:36:06.1",8159703,-0.047,-0.041,-0.006,297,31.65,22.87
"2020-10-08 12:36:06.2",8159704,-0.047,-0.041,-0.006,297,31.65,22.87
"2020-10-08 12:36:06.3",8159705,-0.047,-0.041,-0.006,297,31.66,22.9
"2020-10-08 12:36:06.4",8159706,-0.047,-0.041,-0.006,297,31.65,22.87
"2020-10-08 12:36:06.5",8159707,-0.047,-0.041,-0.006,297,31.65,22.87
"2020-10-08 12:36:06.6",8159708,-0.047,-0.041,-0.006,297,31.65,22.87
"2020-10-08 12:36:06.7",8159709,-0.047,-0.041,-0.006,297,31.65,22.87
"2020-10-08 12:36:06.8",8159710,-0.047,-0.041,-0.006,297,31.65,22.87
"2020-10-08 12:36:06.9",8159711,-0.047,-0.041,-0.006,297,31.65,22.87
"2020-10-08 12:36:07",8159712,-0.047,-0.041,-0.006,297,31.65,22.87
"2020-10-08 12:36:07.1",8159713,-0.047,-0.041,-0.006,297,31.65,22.87
"2020-10-08 12:36:07.2",8159714,-0.047,-0.041,-0.006,297,31.65,22.87
"2020-10-08 12:36:07.3",8159715,-0.047,-0.041,-0.006,297,31.65,22.87
"2020-10-08 12:36:07.4",8159716,-0.047,-0.041,-0.006,297,31.65,22.87
"2020-10-08 12:36:07.5",8159717,-0.047,-0.041,-0.006,297,31.69,22.87
"2020-10-08 12:36:07.6",8159718,-0.047,-0.041,-0.006,297,31.65,22.87
"2020-10-08 12:36:07.7",8159719,-0.037,-0.07,0.005,297,31.65,22.87
"2020-10-08 12:36:07.8",8159720,-0.037,-0.07,0.005,297,31.65,22.87
"2020-10-08 12:36:07.9",8159721,-0.037,-0.07,0.005,297,31.65,22.87
"2020-10-08 12:36:08",8159722,-0.037,-0.071,0.005,297,31.65,22.87
"2020-10-08 12:36:08.1",8159723,-0.037,-0.07,0.005,297,31.65,22.87
"2020-10-08 12:36:08.2",8159724,-0.037,-0.071,0.005,297,31.65,22.87
"2020-10-08 12:36:08.3",8159725,-0.037,-0.07,0.005,297,31.65,22.87
"2020-10-08 12:36:08.4",8159726,-0.037,-0.07,0.005,297,31.65,22.87
"2020-10-08 12:36:08.5",8159727,-0.037,-0.07,0.005,297,31.65,22.87
"2020-10-08 12:36:08.6",8159728,-0.036,-0.068,0.005,297,31.65,22.85
"2020-10-08 12:36:08.7",8159729,-0.035,-0.069,0.007,297,31.64,22.87
"2020-10-08 12:36:08.8",8159730,-0.036,-0.068,0.006,297,31.67,22.92
"2020-10-08 12:36:08.9",8159731,-0.086,0.009,0.015,297,31.66,22.87
"2020-10-08 12:36:09",8159732,-0.083,0.01,0.015,297,31.66,22.86
"2020-10-08 12:36:09.1",8159733,-0.084,0.011,0.016,297,31.65,22.85
"2020-10-08 12:36:09.2",8159734,-0.188,-0.06,-0.005,297,31.64,22.87
"2020-10-08 12:36:09.3",8159735,-0.189,-0.06,-0.005,297,31.65,22.87
"2020-10-08 12:36:09.4",8159736,-0.129,-0.04,0.035,297,31.66,22.86
"2020-10-08 12:36:09.5",8159737,-0.129,-0.041,0.035,297,31.64,22.86
"2020-10-08 12:36:09.6",8159738,-0.126,-0.041,0.037,297,31.64,22.86
"2020-10-08 12:36:09.7",8159739,-0.159,-0.01,-0.005,297,31.65,22.87
"2020-10-08 12:36:09.8",8159740,-0.158,-0.011,-0.006,297,31.66,22.86
"2020-10-08 12:36:09.9",8159741,-0.168,-0.09,0.005,296.9,31.65,22.86
"2020-10-08 12:36:10",8159742,-0.166,-0.09,0.007,296.9,31.64,22.88
"2020-10-08 12:36:10.1",8159743,-0.169,-0.09,0.006,296.9,31.64,22.87
"2020-10-08 12:36:10.2",8159744,-0.188,-0.059,-0.006,296.9,31.65,22.87
"2020-10-08 12:36:10.3",8159745,-0.187,-0.059,-0.006,296.9,31.66,22.85
"2020-10-08 12:36:10.4",8159746,-0.187,0.008,-0.006,297,31.64,22.87
"2020-10-08 12:36:10.5",8159747,-0.187,0.009,-0.005,297,31.64,22.87
"2020-10-08 12:36:10.6",8159748,-0.189,0.009,-0.006,297,31.65,22.87
"2020-10-08 12:36:10.7",8159749,-0.188,0.01,-0.006,297,31.66,22.85
"2020-10-08 12:36:10.8",8159750,-0.188,0.009,-0.006,297,31.64,22.86
"2020-10-08 12:36:10.9",8159751,-0.187,0.009,-0.005,297,31.64,22.87
"2020-10-08 12:36:11",8159752,-0.189,0.009,-0.006,297,31.65,22.87
"2020-10-08 12:36:11.1",8159753,-0.188,0.01,-0.006,297,31.66,22.86
"2020-10-08 12:36:11.2",8159754,-0.185,0.009,-0.006,297,31.65,22.85
"2020-10-08 12:36:11.3",8159755,-0.187,0.009,-0.005,297,31.66,22.93
"2020-10-08 12:36:11.4",8159756,-0.121,-0.002,-0.005,296.9,31.65,22.87
"2020-10-08 12:36:11.5",8159757,-0.12,0,-0.006,296.9,31.66,22.86
"2020-10-08 12:36:11.6",8159758,-0.12,-0.001,-0.006,296.9,31.65,22.85
"2020-10-08 12:36:11.7",8159759,-0.085,0.009,0.015,296.9,31.64,22.86
"2020-10-08 12:36:11.8",8159760,-0.086,0.009,0.016,296.9,31.65,22.87
"2020-10-08 12:36:11.9",8159761,-0.12,-0.001,-0.006,296.9,31.66,22.86
"2020-10-08 12:36:12",8159762,-0.119,-0.001,-0.006,296.9,31.65,22.86
"2020-10-08 12:36:12.1",8159763,-0.119,-0.001,-0.005,296.9,31.63,22.87
"2020-10-08 12:36:12.2",8159764,-0.13,0.038,-0.005,296.9,31.65,22.87
"2020-10-08 12:36:12.3",8159765,-0.129,0.039,-0.006,296.9,31.66,22.86
"2020-10-08 12:36:12.4",8159766,-0.168,-0.012,0.015,296.9,31.65,22.85
"2020-10-08 12:36:12.5",8159767,-0.167,-0.011,0.016,296.9,31.63,22.87
"2020-10-08 12:36:12.6",8159768,-0.169,-0.011,0.016,296.9,31.65,22.87
"2020-10-08 12:36:12.7",8159769,-0.168,-0.01,0.015,296.9,31.66,22.87
"2020-10-08 12:36:12.8",8159770,-0.168,-0.012,0.015,296.9,31.65,22.86
"2020-10-08 12:36:12.9",8159771,-0.168,-0.011,0.015,296.9,31.64,22.87
"2020-10-08 12:36:13",8159772,-0.169,-0.012,0.016,296.9,31.65,22.87
"2020-10-08 12:36:13.1",8159773,-0.169,-0.011,0.015,296.9,31.66,22.87
"2020-10-08 12:36:13.2",8159774,-0.169,-0.011,0.015,296.9,31.66,22.85
"2020-10-08 12:36:13.3",8159775,-0.168,-0.011,0.016,296.9,31.63,22.87
"2020-10-08 12:36:13.4",8159776,-0.14,0.009,0.035,296.9,31.65,22.87
"2020-10-08 12:36:13.5",8159777,-0.14,0.009,0.035,296.9,31.66,22.87
"2020-10-08 12:36:13.6",8159778,-0.14,0.009,0.035,296.9,31.66,22.85
"2020-10-08 12:36:13.7",8159779,-0.118,-0.001,-0.006,296.9,31.63,22.88
"2020-10-08 12:36:13.8",8159780,-0.12,-0.002,-0.005,296.9,31.68,22.93
"2020-10-08 12:36:13.9",8159781,-0.12,-0.002,-0.006,296.9,31.66,22.87
"2020-10-08 12:36:14",8159782,-0.12,-0.001,-0.006,296.9,31.66,22.85
"2020-10-08 12:36:14.1",8159783,-0.119,-0.003,-0.005,296.9,31.64,22.87
