"TOA5","10329","CR6","10329","CR6.Std.09.01 CR6-WIFI.04.00.01","CPU:YOUNG81000_HMP60_10Hz.CR6","51185","Young10Hz_hmp"
"TIMESTAMP","RECORD","U","V","W","TSonic","RH","T_HMP60"
"TS","RN","mV","mV","mV","mV","%","Deg C"
"","","Smp","Smp","Smp","Smp","Smp","Smp"
"2020-10-06 15:26:51",6544887,-10,-10,-10,220,-0.003,-40.01
"2020-10-06 15:26:51.1",6544888,-10,-10,-10,220,-0.003,-40.01
"2020-10-06 15:26:51.2",6544889,-10,-10,-10,220,-0.003,-40.01
"2020-10-06 15:26:51.3",6544890,-10,-10,-10,220,-0.003,-40.01
"2020-10-06 15:26:51.4",6544891,-10,-10,-10,220,-0.003,-40.01
"2020-10-06 15:26:51.5",6544892,-10,-10,-10,220,-0.003,-40.01
"2020-10-06 15:26:51.6",6544893,-10,-10,-10,220,-0.003,-40.01
"2020-10-06 15:26:51.7",6544894,-10,-10,-10,220,-0.003,-40.01
"2020-10-06 15:26:51.8",6544895,-10,-10,-10,220,-0.003,-40.01
"2020-10-06 15:26:51.9",6544896,-10,-10,-10,220,-0.003,-40.01
"2020-10-06 15:26:52",6544897,-10,-10,-10,220,-0.003,-40.01
"2020-10-06 15:26:52.1",6544898,-10,-10,-10,220,-0.003,-40.01
"2020-10-06 15:26:52.2",6544899,-10,-10,-10,220,-0.003,-40.01
"2020-10-06 15:26:52.3",6544900,-10,-10,-10,220,-0.003,-40.01
"2020-10-06 15:26:52.4",6544901,-10,-10,-10,220,-0.003,-40.01
"2020-10-06 15:26:52.5",6544902,-10,-10,-10,220,-0.003,-40.01
"2020-10-06 15:26:52.6",6544903,-10,-10,-10,220,-0.003,-40.01
"2020-10-06 15:26:52.7",6544904,-10,-10,-10,220,-0.003,-40.01
"2020-10-06 15:26:52.8",6544905,-10,-10,-10,220,-0.003,-40.01
"2020-10-06 15:26:52.9",6544906,-10,-10,-10,220,-0.003,-40.01
"2020-10-06 15:26:53",6544907,-10,-10,-10,220,-0.003,-40.01
"2020-10-06 15:26:53.1",6544908,-10,-10,-10,220,-0.003,-40.01
"2020-10-06 15:26:53.2",6544909,-10,-10,-10,220,-0.003,-40.01
"2020-10-06 15:26:53.3",6544910,-10,-10,-10,220,-0.003,-40.01
"2020-10-06 15:26:53.4",6544911,-10,-10,-10,220,-0.003,-40.01
"2020-10-06 15:26:53.5",6544912,-10,-10,-10,220,-0.003,-40.01
"2020-10-06 15:26:53.6",6544913,-10,-10,-10,220,-0.003,-40.01
"2020-10-06 15:26:53.7",6544914,-10,-10,-10,220,-0.003,-40.01
"2020-10-06 15:26:53.8",6544915,-10,-10,-10,220,-0.003,-40.01
"2020-10-06 15:26:53.9",6544916,-10,-10,-10,220,-0.003,-40.01
"2020-10-06 15:26:54",6544917,-10,-10,-10,220,-0.003,-40.01
"2020-10-06 15:26:54.1",6544918,-10,-10,-10,220,-0.003,-40.01
"2020-10-06 15:26:54.2",6544919,-10,-10,-10,220,-0.003,-40.01
"2020-10-06 15:26:54.3",6544920,-10,-10,-10,220,-0.003,-40.01
"2020-10-06 15:26:54.4",6544921,-10,-10,-10,220,-0.003,-40.01
"2020-10-06 15:26:54.5",6544922,-10,-10,-10,220,-0.003,-40.01
"2020-10-06 15:26:54.6",6544923,-10,-10,-10,220,-0.003,-40.01
"2020-10-06 15:26:54.7",6544924,-10,-10,-10,220,-0.003,-40.01
"2020-10-06 15:26:54.8",6544925,-10,-10,-10,220,-0.003,-40.01
"2020-10-06 15:26:54.9",6544926,-10,-10,-10,220,-0.003,-40.01
"2020-10-06 15:26:55",6544927,-10,-10,-10,220,-0.003,-40.01
"2020-10-06 15:26:55.1",6544928,-10,-10,-10,220,-0.003,-40.01
"2020-10-06 15:26:55.2",6544929,-10,-10,-10,220,-0.003,-40.01
"2020-10-06 15:26:55.3",6544930,-10,-10,-10,220,-0.003,-40.01
"2020-10-06 15:26:55.4",6544931,-10,-10,-10,220,-0.003,-40.01
"2020-10-06 15:26:55.5",6544932,-10,-10,-10,220,-0.003,-40.01
"2020-10-06 15:26:55.6",6544933,-10,-10,-10,220,-0.003,-40.01
"2020-10-06 15:26:55.7",6544934,-10,-10,-10,220,-0.003,-40.01
"2020-10-06 15:26:55.8",6544935,-10,-10,-10,220,-0.003,-40.01
"2020-10-06 15:26:55.9",6544936,-10,-10,-10,220,-0.003,-40.01
"2020-10-06 15:26:56",6544937,-10,-10,-10,220,-0.003,-40.01
"2020-10-06 15:26:56.1",6544938,-10,-10,-10,220,-0.003,-40.01
"2020-10-06 15:26:56.2",6544939,-10,-10,-10,220,-0.003,-40.01
"2020-10-06 15:26:56.3",6544940,-10,-10,-10,220,-0.003,-40.01
"2020-10-06 15:26:56.4",6544941,-10,-10,-10,220,-0.003,-40.01
"2020-10-06 15:26:56.5",6544942,-10,-10,-10,220,-0.003,-40.01
"2020-10-06 15:26:56.6",6544943,-10,-10,-10,220,-0.003,-40.01
"2020-10-06 15:26:56.7",6544944,-10,-10,-10,220,-0.003,-40.01
"2020-10-06 15:26:56.8",6544945,-10,-10,-10,220,-0.003,-40.01
"2020-10-06 15:26:56.9",6544946,-10,-10,-10,220,-0.003,-40.01
"2020-10-06 15:26:57",6544947,-10,-10,-10,220,-0.003,-40.01
"2020-10-06 15:26:57.1",6544948,-10,-10,-10,220,-0.003,-40.01
"2020-10-06 15:26:57.2",6544949,-10,-10,-10,220,-0.003,-40.01
"2020-10-06 15:26:57.3",6544950,-10,-10,-10,220,-0.003,-40.01
"2020-10-06 15:26:57.4",6544951,-10,-10,-10,220,-0.003,-40.01
"2020-10-06 15:26:57.5",6544952,-10,-10,-10,220,-0.003,-40.01
"2020-10-06 15:26:57.6",6544953,-10,-10,-10,220,-0.003,-40.01
"2020-10-06 15:26:57.7",6544954,-10,-10,-10,220,-0.003,-40.01
"2020-10-06 15:26:57.8",6544955,-10,-10,-10,220,-0.003,-40.01
"2020-10-06 15:26:57.9",6544956,-10,-10,-10,220,-0.003,-40.01
"2020-10-06 15:26:58",6544957,-10,-10,-10,220,-0.003,-40.01
"2020-10-06 15:26:58.1",6544958,-10,-10,-10,220,-0.003,-40.01
"2020-10-06 15:26:58.2",6544959,-10,-10,-10,220,-0.003,-40.01
"2020-10-06 15:26:58.3",6544960,-10,-10,-10,220,-0.003,-40.01
"2020-10-06 15:26:58.4",6544961,-10,-10,-10,220,-0.003,-40.01
"2020-10-06 15:26:58.5",6544962,-10,-10,-10,220,-0.003,-40.01
"2020-10-06 15:26:58.6",6544963,-10,-10,-10,220,-0.003,-40.01
"2020-10-06 15:26:58.7",6544964,-10,-10,-10,220,-0.003,-40.01
"2020-10-06 15:26:58.8",6544965,-10,-10,-10,220,-0.003,-40.01
"2020-10-06 15:26:58.9",6544966,-10,-10,-10,220,-0.003,-40.01
"2020-10-06 15:26:59",6544967,-10,-10,-10,220,-0.003,-40.01
"2020-10-06 15:26:59.1",6544968,-10,-10,-10,220,-0.003,-40.01
"2020-10-06 15:26:59.2",6544969,-10,-10,-10,220,-0.003,-40.01
"2020-10-06 15:26:59.3",6544970,-10,-10,-10,220,-0.003,-40.01
"2020-10-06 15:26:59.4",6544971,-10,-10,-10,220,-0.003,-40.01
"2020-10-06 15:26:59.5",6544972,-10,-10,-10,220,-0.003,-40.01
"2020-10-06 15:26:59.6",6544973,-10,-10,-10,220,-0.003,-40.01
"2020-10-06 15:26:59.7",6544974,-10,-10,-10,220,-0.003,-40.01
"2020-10-06 15:26:59.8",6544975,-10,-10,-10,220,-0.003,-40.01
"2020-10-06 15:26:59.9",6544976,-10,-10,-10,220,-0.003,-40.01
"2020-10-06 15:27:00",6544977,-10,-10,-10,220,-0.003,-40.01
"2020-10-06 15:27:00.1",6544978,-10,-10,-10,220,-0.008,-40.02
"2020-10-06 15:27:00.2",6544979,-10,-10,-10,220,-0.008,-40.02
"2020-10-06 15:27:00.3",6544980,-10,-10,-10,220,-0.002,-40
"2020-10-06 15:27:00.4",6544981,-10,-10,-10,220,-0.003,-40.01
"2020-10-06 15:27:00.5",6544982,-10,-10,-10,220,-0.003,-40.01
"2020-10-06 15:27:00.6",6544983,-10,-10,-10,220,-0.003,-40.01
"2020-10-06 15:27:00.7",6544984,-10,-10,-10,220,-0.003,-40.01
"2020-10-06 15:27:00.8",6544985,-10,-10,-10,220,-0.003,-40.01
"2020-10-06 15:27:00.9",6544986,-10,-10,-10,220,-0.003,-40.01
"2020-10-06 15:27:01",6544987,-10,-10,-10,220,-0.003,-40.01
"2020-10-06 15:27:01.1",6544988,-10,-10,-10,220,-0.003,-40.01
"2020-10-06 15:27:01.2",6544989,-10,-10,-10,220,-0.003,-40.01
"2020-10-06 15:27:01.3",6544990,-10,-10,-10,220,-0.003,-40.01
"2020-10-06 15:27:01.4",6544991,-10,-10,-10,220,-0.003,-40.01
"2020-10-06 15:27:01.5",6544992,-10,-10,-10,220,-0.003,-40.01
"2020-10-06 15:27:01.6",6544993,-10,-10,-10,220,-0.003,-40.01
"2020-10-06 15:27:01.7",6544994,-10,-10,-10,220,-0.003,-40.01
"2020-10-06 15:27:01.8",6544995,-10,-10,-10,220,-0.003,-40.01
"2020-10-06 15:27:01.9",6544996,-10,-10,-10,220,-0.003,-40.01
"2020-10-06 15:27:02",6544997,-10,-10,-10,220,-0.003,-40.01
"2020-10-06 15:27:02.1",6544998,-10,-10,-10,220,-0.003,-40.01
"2020-10-06 15:27:02.2",6544999,-10,-10,-10,220,-0.003,-40.01
"2020-10-06 15:27:02.3",6545000,-10,-10,-10,220,-0.003,-40.01
"2020-10-06 15:27:02.4",6545001,-10,-10,-10,220,-0.003,-40.01
"2020-10-06 15:27:02.5",6545002,-10,-10,-10,220,-0.003,-40.01
"2020-10-06 15:27:02.6",6545003,-10,-10,-10,220,-0.003,-40.01
"2020-10-06 15:27:02.7",6545004,-10,-10,-10,220,-0.003,-40.01
"2020-10-06 15:27:02.8",6545005,-10,-10,-10,220,-0.003,-40.01
"2020-10-06 15:27:02.9",6545006,-10,-10,-10,220,-0.003,-40.01
"2020-10-06 15:27:03",6545007,-10,-10,-10,220,-0.003,-40.01
"2020-10-06 15:27:03.1",6545008,-10,-10,-10,220,-0.003,-40.01
"2020-10-06 15:27:03.2",6545009,-10,-10,-10,220,-0.003,-40.01
"2020-10-06 15:27:03.3",6545010,-10,-10,-10,220,-0.003,-40.01
"2020-10-06 15:27:03.4",6545011,-10,-10,-10,220,-0.003,-40.01
"2020-10-06 15:27:03.5",6545012,-10,-10,-10,220,-0.003,-40.01
"2020-10-06 15:27:03.6",6545013,-10,-10,-10,220,-0.003,-40.01
"2020-10-06 15:27:03.7",6545014,-10,-10,-10,220,-0.003,-40.01
"2020-10-06 15:27:03.8",6545015,-10,-10,-10,220,-0.003,-40.01
"2020-10-06 15:27:03.9",6545016,-10,-10,-10,220,-0.003,-40.01
"2020-10-06 15:27:04",6545017,-10,-10,-10,220,-0.003,-40.01
"2020-10-06 15:27:04.1",6545018,-10,-10,-10,220,-0.003,-40.01
"2020-10-06 15:27:04.2",6545019,-10,-10,-10,220,-0.003,-40.01
"2020-10-06 15:27:04.3",6545020,-10,-10,-10,220,-0.003,-40.01
"2020-10-06 15:27:04.4",6545021,-10,-10,-10,220,-0.003,-40.01
"2020-10-06 15:27:04.5",6545022,-10,-10,-10,220,-0.003,-40.01
"2020-10-06 15:27:04.6",6545023,-10,-10,-10,220,-0.003,-40.01
"2020-10-06 15:27:04.7",6545024,-10,-10,-10,220,-0.003,-40.01
"2020-10-06 15:27:04.8",6545025,-10,-10,-10,220,-0.003,-40.01
"2020-10-06 15:27:04.9",6545026,-10,-10,-10,220,-0.003,-40.01
"2020-10-06 15:27:05",6545027,-10,-10,-10,220,-0.003,-40.01
"2020-10-06 15:27:05.1",6545028,-10,-10,-10,220,-0.003,-40.01
"2020-10-06 15:27:05.2",6545029,-10,-10,-10,220,-0.003,-40.01
"2020-10-06 15:27:05.3",6545030,-10,-10,-10,220,-0.003,-40.01
"2020-10-06 15:27:05.4",6545031,-10,-10,-10,220,-0.003,-40.01
"2020-10-06 15:27:05.5",6545032,-10,-10,-10,220,-0.003,-40.01
"2020-10-06 15:27:05.6",6545033,-10,-10,-10,220,-0.003,-40.01
"2020-10-06 15:27:05.7",6545034,-10,-10,-10,220,-0.003,-40.01
"2020-10-06 15:27:05.8",6545035,-10,-10,-10,220,-0.003,-40.01
"2020-10-06 15:27:05.9",6545036,-10,-10,-10,220,-0.003,-40.01
"2020-10-06 15:27:06",6545037,-10,-10,-10,220,-0.003,-40.01
"2020-10-06 15:27:06.1",6545038,-10,-10,-10,220,-0.003,-40.01
"2020-10-06 15:27:06.2",6545039,-10,-10,-10,220,-0.003,-40.01
"2020-10-06 15:27:06.3",6545040,-10,-10,-10,220,-0.003,-40.01
"2020-10-06 15:27:06.4",6545041,-10,-10,-10,220,-0.003,-40.01
"2020-10-06 15:27:06.5",6545042,-10,-10,-10,220,-0.003,-40.01
"2020-10-06 15:27:06.6",6545043,-10,-10,-10,220,-0.003,-40.01
"2020-10-06 15:27:06.7",6545044,-10,-10,-10,220,-0.003,-40.01
"2020-10-06 15:27:06.8",6545045,-10,-10,-10,220,-0.003,-40.01
"2020-10-06 15:27:06.9",6545046,-10,-10,-10,220,-0.003,-40.01
"2020-10-06 15:27:07",6545047,-10,-10,-10,220,-0.003,-40.01
"2020-10-06 15:27:07.1",6545048,-10,-10,-10,220,-0.003,-40.01
"2020-10-06 15:27:07.2",6545049,-10,-10,-10,220,-0.003,-40.01
"2020-10-06 15:27:07.3",6545050,-10,-10,-10,220,-0.003,-40.01
"2020-10-06 15:27:07.4",6545051,-10,-10,-10,220,-0.003,-40.01
"2020-10-06 15:27:07.5",6545052,-10,-10,-10,220,-0.003,-40.01
"2020-10-06 15:27:07.6",6545053,-10,-10,-10,220,-0.003,-40.01
"2020-10-06 15:27:07.7",6545054,-10,-10,-10,220,-0.003,-40.01
"2020-10-06 15:27:07.8",6545055,-10,-10,-10,220,-0.003,-40.01
"2020-10-06 15:27:07.9",6545056,-10,-10,-10,220,-0.003,-40.01
"2020-10-06 15:27:08",6545057,-10,-10,-10,220,-0.003,-40.01
"2020-10-06 15:27:08.1",6545058,-10,-10,-10,220,-0.003,-40.01
"2020-10-06 15:27:08.2",6545059,-10,-10,-10,220,-0.003,-40.01
"2020-10-06 15:27:08.3",6545060,-10,-10,-10,220,-0.003,-40.01
"2020-10-06 15:27:08.4",6545061,-10,-10,-10,220,-0.003,-40.01
"2020-10-06 15:27:08.5",6545062,-10,-10,-10,220,-0.003,-40.01
"2020-10-06 15:27:08.6",6545063,-10,-10,-10,220,-0.003,-40.01
"2020-10-06 15:27:08.7",6545064,-10,-10,-10,220,-0.003,-40.01
"2020-10-06 15:27:08.8",6545065,-10,-10,-10,220,-0.003,-40.01
"2020-10-06 15:27:08.9",6545066,-10,-10,-10,220,-0.003,-40.01
"2020-10-06 15:27:09",6545067,-10,-10,-10,220,-0.003,-40.01
"2020-10-06 15:27:09.1",6545068,-10,-10,-10,220,-0.003,-40.01
"2020-10-06 15:27:09.2",6545069,-10,-10,-10,220,-0.003,-40.01
"2020-10-06 15:27:09.3",6545070,-10,-10,-10,220,-0.003,-40.01
"2020-10-06 15:27:09.4",6545071,-10,-10,-10,220,-0.003,-40.01
"2020-10-06 15:27:09.5",6545072,-10,-10,-10,220,-0.003,-40.01
"2020-10-06 15:27:09.6",6545073,-10,-10,-10,220,-0.003,-40.01
"2020-10-06 15:27:09.7",6545074,-10,-10,-10,220,-0.003,-40.01
"2020-10-06 15:27:09.8",6545075,-10,-10,-10,220,-0.003,-40.01
"2020-10-06 15:27:09.9",6545076,-10,-10,-10,220,-0.003,-40.01
"2020-10-06 15:27:10",6545077,-10,-10,-10,220,-0.003,-40.01
"2020-10-06 15:27:10.1",6545078,-10,-10,-10,220,-0.003,-40.01
"2020-10-06 15:27:10.2",6545079,-10,-10,-10,220,-0.003,-40.01
"2020-10-06 15:27:10.3",6545080,-10,-10,-10,220,-0.003,-40.01
"2020-10-06 15:27:10.4",6545081,-10,-10,-10,220,-0.003,-40.01
"2020-10-06 15:27:10.5",6545082,-10,-10,-10,220,-0.003,-40.01
"2020-10-06 15:27:10.6",6545083,-10,-10,-10,220,-0.003,-40.01
"2020-10-06 15:27:10.7",6545084,-10,-10,-10,220,-0.003,-40.01
"2020-10-06 15:27:10.8",6545085,-10,-10,-10,220,-0.003,-40.01
"2020-10-06 15:27:10.9",6545086,-10,-10,-10,220,-0.003,-40.01
"2020-10-06 15:27:11",6545087,-10,-10,-10,220,-0.003,-40.01
"2020-10-06 15:27:11.1",6545088,-10,-10,-10,220,-0.003,-40.01
"2020-10-06 15:27:11.2",6545089,-10,-10,-10,220,-0.003,-40.01
"2020-10-06 15:27:11.3",6545090,-10,-10,-10,220,-0.003,-40.01
"2020-10-06 15:27:11.4",6545091,-10,-10,-10,220,-0.003,-40.01
"2020-10-06 15:27:11.5",6545092,-10,-10,-10,220,-0.003,-40.01
"2020-10-06 15:27:11.6",6545093,-10,-10,-10,220,-0.003,-40.01
"2020-10-06 15:27:11.7",6545094,-10,-10,-10,220,-0.003,-40.01
"2020-10-06 15:27:11.8",6545095,-10,-10,-10,220,-0.003,-40.01
"2020-10-06 15:27:11.9",6545096,-10,-10,-10,220,-0.003,-40.01
"2020-10-06 15:27:12",6545097,-10,-10,-10,220,-0.003,-40.01
"2020-10-06 15:27:12.1",6545098,-10,-10,-10,220,-0.003,-40.01
"2020-10-06 15:27:12.2",6545099,-10,-10,-10,220,-0.003,-40.01
"2020-10-06 15:27:12.3",6545100,-10,-10,-10,220,-0.003,-40.01
"2020-10-06 15:27:12.4",6545101,-10,-10,-10,220,-0.003,-40.01
"2020-10-06 15:27:12.5",6545102,-10,-10,-10,220,-0.003,-40.01
"2020-10-06 15:27:12.6",6545103,-10,-10,-10,220,-0.003,-40.01
"2020-10-06 15:27:12.7",6545104,-10,-10,-10,220,-0.003,-40.01
"2020-10-06 15:27:12.8",6545105,-10,-10,-10,220,-0.003,-40.01
"2020-10-06 15:27:12.9",6545106,-10,-10,-10,220,-0.003,-40.01
"2020-10-06 15:27:13",6545107,-10,-10,-10,220,-0.003,-40.01
"2020-10-06 15:27:13.1",6545108,-10,-10,-10,220,-0.003,-40.01
"2020-10-06 15:27:13.2",6545109,-10,-10,-10,220,-0.003,-40.01
"2020-10-06 15:27:13.3",6545110,-10,-10,-10,220,-0.003,-40.01
"2020-10-06 15:27:13.4",6545111,-10,-10,-10,220,-0.003,-40.01
"2020-10-06 15:27:13.5",6545112,-10,-10,-10,220,-0.003,-40.01
"2020-10-06 15:27:13.6",6545113,-10,-10,-10,220,-0.003,-40.01
"2020-10-06 15:27:13.7",6545114,-10,-10,-10,220,-0.003,-40.01
"2020-10-06 15:27:13.8",6545115,-10,-10,-10,220,-0.003,-40.01
"2020-10-06 15:27:13.9",6545116,-10,-10,-10,220,-0.003,-40.01
"2020-10-06 15:27:14",6545117,-10,-10,-10,220,-0.003,-40.01
"2020-10-06 15:27:14.1",6545118,-10,-10,-10,220,-0.003,-40.01
"2020-10-06 15:27:14.2",6545119,-10,-10,-10,220,-0.003,-40.01
"2020-10-06 15:27:14.3",6545120,-10,-10,-10,220,-0.003,-40.01
"2020-10-06 15:27:14.4",6545121,-10,-10,-10,220,-0.003,-40.01
"2020-10-06 15:27:14.5",6545122,-10,-10,-10,220,-0.003,-40.01
"2020-10-06 15:27:14.6",6545123,-10,-10,-10,220,-0.003,-40.01
"2020-10-06 15:27:14.7",6545124,-10,-10,-10,220,-0.003,-40.01
"2020-10-06 15:27:14.8",6545125,-10,-10,-10,220,-0.003,-40.01
"2020-10-06 15:27:14.9",6545126,-10,-10,-10,220,-0.003,-40.01
"2020-10-06 15:27:15",6545127,-10,-10,-10,220,-0.003,-40.01
"2020-10-06 15:27:15.1",6545128,-10,-10,-10,220,-0.003,-40.01
"2020-10-06 15:27:15.2",6545129,-10,-10,-10,220,-0.003,-40.01
"2020-10-06 15:27:15.3",6545130,-10,-10,-10,220,-0.003,-40.01
"2020-10-06 15:27:15.4",6545131,-10,-10,-10,220,-0.003,-40.01
"2020-10-06 15:27:15.5",6545132,-10,-10,-10,220,-0.003,-40.01
"2020-10-06 15:27:15.6",6545133,-10,-10,-10,220,-0.003,-40.01
"2020-10-06 15:27:15.7",6545134,-10,-10,-10,220,-0.003,-40.01
"2020-10-06 15:27:15.8",6545135,-10,-10,-10,220,-0.003,-40.01
"2020-10-06 15:27:15.9",6545136,-10,-10,-10,220,-0.003,-40.01
"2020-10-06 15:27:16",6545137,-10,-10,-10,220,-0.003,-40.01
"2020-10-06 15:27:16.1",6545138,-10,-10,-10,220,-0.003,-40.01
"2020-10-06 15:27:16.2",6545139,-10,-10,-10,220,-0.003,-40.01
"2020-10-06 15:27:16.3",6545140,-10,-10,-10,220,-0.003,-40.01
"2020-10-06 15:27:16.4",6545141,-10,-10,-10,220,-0.003,-40.01
"2020-10-06 15:27:16.5",6545142,-10,-10,-10,220,-0.003,-40.01
"2020-10-06 15:27:16.6",6545143,-10,-10,-10,220,-0.003,-40.01
"2020-10-06 15:27:16.7",6545144,-10,-10,-10,220,-0.003,-40.01
"2020-10-06 15:27:16.8",6545145,-10,-10,-10,220,-0.003,-40.01
"2020-10-06 15:27:16.9",6545146,-10,-10,-10,220,-0.003,-40.01
"2020-10-06 15:27:17",6545147,-10,-10,-10,220,-0.003,-40.01
"2020-10-06 15:27:17.1",6545148,-10,-10,-10,220,-0.003,-40.01
"2020-10-06 15:27:17.2",6545149,-10,-10,-10,220,-0.003,-40.01
"2020-10-06 15:27:17.3",6545150,-10,-10,-10,220,-0.003,-40.01
"2020-10-06 15:27:17.4",6545151,-10,-10,-10,220,-0.003,-40.01
"2020-10-06 15:27:17.5",6545152,-10,-10,-10,220,-0.003,-40.01
"2020-10-06 15:27:17.6",6545153,-10,-10,-10,220,-0.003,-40.01
"2020-10-06 15:27:17.7",6545154,-10,-10,-10,220,-0.003,-40.01
"2020-10-06 15:27:17.8",6545155,-10,-10,-10,220,-0.003,-40.01
"2020-10-06 15:27:17.9",6545156,-10,-10,-10,220,-0.003,-40.01
"2020-10-06 15:27:18",6545157,-10,-10,-10,220,-0.003,-40.01
"2020-10-06 15:27:18.1",6545158,-10,-10,-10,220,-0.003,-40.01
"2020-10-06 15:27:18.2",6545159,-10,-10,-10,220,-0.003,-40.01
"2020-10-06 15:27:18.3",6545160,-10,-10,-10,220,-0.003,-40.01
"2020-10-06 15:27:18.4",6545161,-10,-10,-10,220,-0.003,-40.01
"2020-10-06 15:27:18.5",6545162,-10,-10,-10,220,-0.003,-40.01
"2020-10-06 15:27:18.6",6545163,-10,-10,-10,220,-0.003,-40.01
"2020-10-06 15:27:18.7",6545164,-10,-10,-10,220,-0.003,-40.01
"2020-10-06 15:27:18.8",6545165,-10,-10,-10,220,-0.003,-40.01
"2020-10-06 15:27:18.9",6545166,-10,-10,-10,220,-0.003,-40.01
"2020-10-06 15:27:19",6545167,-10,-10,-10,220,-0.003,-40.01
"2020-10-06 15:27:19.1",6545168,-10,-10,-10,220,-0.003,-40.01
"2020-10-06 15:27:19.2",6545169,-10,-10,-10,220,-0.003,-40.01
"2020-10-06 15:27:19.3",6545170,-10,-10,-10,220,-0.003,-40.01
"2020-10-06 15:27:19.4",6545171,-10,-10,-10,220,-0.003,-40.01
"2020-10-06 15:27:19.5",6545172,-10,-10,-10,220,-0.003,-40.01
"2020-10-06 15:27:19.6",6545173,-10,-10,-10,220,-0.003,-40.01
"2020-10-06 15:27:19.7",6545174,-10,-10,-10,220,-0.003,-40.01
"2020-10-06 15:27:19.8",6545175,-10,-10,-10,220,-0.003,-40.01
"2020-10-06 15:27:19.9",6545176,-10,-10,-10,220,-0.003,-40.01
"2020-10-06 15:27:20",6545177,-10,-10,-10,220,-0.003,-40.01
"2020-10-06 15:27:20.1",6545178,-10,-10,-10,220,-0.003,-40.01
"2020-10-06 15:27:20.2",6545179,-10,-10,-10,220,-0.003,-40.01
"2020-10-06 15:27:20.3",6545180,-10,-10,-10,220,-0.003,-40.01
"2020-10-06 15:27:20.4",6545181,-10,-10,-10,220,-0.003,-40.01
"2020-10-06 15:27:20.5",6545182,-10,-10,-10,220,-0.003,-40.01
"2020-10-06 15:27:20.6",6545183,-10,-10,-10,220,-0.003,-40.01
"2020-10-06 15:27:20.7",6545184,-10,-10,-10,220,-0.003,-40.01
"2020-10-06 15:27:20.8",6545185,-10,-10,-10,220,-0.003,-40.01
"2020-10-06 15:27:20.9",6545186,-10,-10,-10,220,-0.003,-40.01
"2020-10-06 15:27:21",6545187,-10,-10,-10,220,-0.003,-40.01
"2020-10-06 15:27:21.1",6545188,-10,-10,-10,220,-0.003,-40.01
"2020-10-06 15:27:21.2",6545189,-10,-10,-10,220,-0.003,-40.01
"2020-10-06 15:27:21.3",6545190,-10,-10,-10,220,-0.003,-40.01
"2020-10-06 15:27:21.4",6545191,-10,-10,-10,220,-0.003,-40.01
"2020-10-06 15:27:21.5",6545192,-10,-10,-10,220,-0.003,-40.01
"2020-10-06 15:27:21.6",6545193,-10,-10,-10,220,-0.003,-40.01
"2020-10-06 15:27:21.7",6545194,-10,-10,-10,220,-0.003,-40.01
"2020-10-06 15:27:21.8",6545195,-10,-10,-10,220,-0.003,-40.01
"2020-10-06 15:27:21.9",6545196,-10,-10,-10,220,-0.003,-40.01
"2020-10-06 15:27:22",6545197,-10,-10,-10,220,-0.003,-40.01
"2020-10-06 15:27:22.1",6545198,-10,-10,-10,220,-0.003,-40.01
"2020-10-06 15:27:22.2",6545199,-10,-10,-10,220,-0.003,-40.01
"2020-10-06 15:27:22.3",6545200,-10,-10,-10,220,-0.003,-40.01
"2020-10-06 15:27:22.4",6545201,-10,-10,-10,220,-0.003,-40.01
"2020-10-06 15:27:22.5",6545202,-10,-10,-10,220,-0.003,-40.01
"2020-10-06 15:27:22.6",6545203,-10,-10,-10,220,-0.003,-40.01
"2020-10-06 15:27:22.7",6545204,-10,-10,-10,220,-0.003,-40.01
"2020-10-06 15:27:22.8",6545205,-10,-10,-10,220,-0.003,-40.01
"2020-10-06 15:27:22.9",6545206,-10,-10,-10,220,-0.003,-40.01
"2020-10-06 15:27:23",6545207,-10,-10,-10,220,-0.003,-40.01
"2020-10-06 15:27:23.1",6545208,-10,-10,-10,220,-0.003,-40.01
"2020-10-06 15:27:23.2",6545209,-10,-10,-10,220,-0.003,-40.01
"2020-10-06 15:27:23.3",6545210,-10,-10,-10,220,-0.003,-40.01
"2020-10-06 15:27:23.4",6545211,-10,-10,-10,220,-0.003,-40.01
"2020-10-06 15:27:23.5",6545212,-10,-10,-10,220,-0.003,-40.01
"2020-10-06 15:27:23.6",6545213,-10,-10,-10,220,-0.003,-40.01
"2020-10-06 15:27:23.7",6545214,-10,-10,-10,220,-0.003,-40.01
"2020-10-06 15:27:23.8",6545215,-10,-10,-10,220,-0.003,-40.01
"2020-10-06 15:27:23.9",6545216,-10,-10,-10,220,-0.003,-40.01
"2020-10-06 15:27:24",6545217,-10,-10,-10,220,-0.003,-40.01
"2020-10-06 15:27:24.1",6545218,-10,-10,-10,220,-0.003,-40.01
"2020-10-06 15:27:24.2",6545219,-10,-10,-10,220,-0.003,-40.01
"2020-10-06 15:27:24.3",6545220,-10,-10,-10,220,-0.003,-40.01
"2020-10-06 15:27:24.4",6545221,-10,-10,-10,220,-0.003,-40.01
"2020-10-06 15:27:24.5",6545222,-10,-10,-10,220,-0.003,-40.01
"2020-10-06 15:27:24.6",6545223,-10,-10,-10,220,-0.003,-40.01
"2020-10-06 15:27:24.7",6545224,-10,-10,-10,220,-0.003,-40.01
"2020-10-06 15:27:24.8",6545225,-10,-10,-10,220,-0.003,-40.01
"2020-10-06 15:27:24.9",6545226,-10,-10,-10,220,-0.003,-40.01
"2020-10-06 15:27:25",6545227,-10,-10,-10,220,-0.003,-40.01
"2020-10-06 15:27:25.1",6545228,-10,-10,-10,220,-0.003,-40.01
"2020-10-06 15:27:25.2",6545229,-10,-10,-10,220,-0.003,-40.01
"2020-10-06 15:27:25.3",6545230,-10,-10,-10,220,-0.003,-40.01
"2020-10-06 15:27:25.4",6545231,-10,-10,-10,220,-0.003,-40.01
"2020-10-06 15:27:25.5",6545232,-10,-10,-10,220,-0.003,-40.01
"2020-10-06 15:27:25.6",6545233,-10,-10,-10,220,-0.003,-40.01
"2020-10-06 15:27:25.7",6545234,-10,-10,-10,220,-0.003,-40.01
"2020-10-06 15:27:25.8",6545235,-10,-10,-10,220,-0.003,-40.01
"2020-10-06 15:27:25.9",6545236,-10,-10,-10,220,-0.003,-40.01
"2020-10-06 15:27:26",6545237,-10,-10,-10,220,-0.003,-40.01
"2020-10-06 15:27:26.1",6545238,-10,-10,-10,220,-0.003,-40.01
"2020-10-06 15:27:26.2",6545239,-10,-10,-10,220,-0.003,-40.01
"2020-10-06 15:27:26.3",6545240,-10,-10,-10,220,-0.003,-40.01
"2020-10-06 15:27:26.4",6545241,-10,-10,-10,220,-0.003,-40.01
"2020-10-06 15:27:26.5",6545242,-10,-10,-10,220,-0.003,-40.01
"2020-10-06 15:27:26.6",6545243,-10,-10,-10,220,-0.003,-40.01
"2020-10-06 15:27:26.7",6545244,-10,-10,-10,220,-0.003,-40.01
"2020-10-06 15:27:26.8",6545245,-10,-10,-10,220,-0.003,-40.01
"2020-10-06 15:27:26.9",6545246,-10,-10,-10,220,-0.003,-40.01
"2020-10-06 15:27:27",6545247,-10,-10,-10,220,-0.003,-40.01
"2020-10-06 15:27:27.1",6545248,-10,-10,-10,220,-0.003,-40.01
"2020-10-06 15:27:27.2",6545249,-10,-10,-10,220,-0.003,-40.01
"2020-10-06 15:27:27.3",6545250,-10,-10,-10,220,-0.003,-40.01
"2020-10-06 15:27:27.4",6545251,-10,-10,-10,220,-0.003,-40.01
"2020-10-06 15:27:27.5",6545252,-10,-10,-10,220,-0.003,-40.01
"2020-10-06 15:27:27.6",6545253,-10,-10,-10,220,-0.003,-40.01
"2020-10-06 15:27:27.7",6545254,-10,-10,-10,220,-0.003,-40.01
"2020-10-06 15:27:27.8",6545255,-10,-10,-10,220,-0.003,-40.01
"2020-10-06 15:27:27.9",6545256,-10,-10,-10,220,-0.003,-40.01
"2020-10-06 15:27:28",6545257,-10,-10,-10,220,-0.003,-40.01
"2020-10-06 15:27:28.1",6545258,-10,-10,-10,220,-0.003,-40.01
"2020-10-06 15:27:28.2",6545259,-10,-10,-10,220,-0.003,-40.01
"2020-10-06 15:27:28.3",6545260,-10,-10,-10,220,-0.003,-40.01
"2020-10-06 15:27:28.4",6545261,-10,-10,-10,220,-0.003,-40.01
"2020-10-06 15:27:28.5",6545262,-10,-10,-10,220,-0.003,-40.01
"2020-10-06 15:27:28.6",6545263,-10,-10,-10,220,-0.003,-40.01
"2020-10-06 15:27:28.7",6545264,-10,-10,-10,220,-0.003,-40.01
"2020-10-06 15:27:28.8",6545265,-10,-10,-10,220,-0.003,-40.01
"2020-10-06 15:27:28.9",6545266,-10,-10,-10,220,-0.003,-40.01
"2020-10-06 15:27:29",6545267,-10,-10,-10,220,-0.003,-40.01
"2020-10-06 15:27:29.1",6545268,-10,-10,-10,220,-0.003,-40.01
"2020-10-06 15:27:29.2",6545269,-10,-10,-10,220,-0.003,-40.01
"2020-10-06 15:27:29.3",6545270,-10,-10,-10,220,-0.003,-40.01
"2020-10-06 15:27:29.4",6545271,-10,-10,-10,220,-0.003,-40.01
"2020-10-06 15:27:29.5",6545272,-10,-10,-10,220,-0.003,-40.01
"2020-10-06 15:27:29.6",6545273,-10,-10,-10,220,-0.003,-40.01
"2020-10-06 15:27:29.7",6545274,-10,-10,-10,220,-0.003,-40.01
"2020-10-06 15:27:29.8",6545275,-10,-10,-10,220,-0.003,-40.01
"2020-10-06 15:27:29.9",6545276,-10,-10,-10,220,-0.003,-40.01
"2020-10-06 15:27:30",6545277,-10,-10,-10,220,-0.003,-40.01
"2020-10-06 15:27:30.1",6545278,-10,-10,-10,220,-0.003,-40.01
"2020-10-06 15:27:30.2",6545279,-10,-10,-10,220,-0.003,-40.01
"2020-10-06 15:27:30.3",6545280,-10,-10,-10,220,-0.003,-40.01
"2020-10-06 15:27:30.4",6545281,-10,-10,-10,220,-0.003,-40.01
"2020-10-06 15:27:30.5",6545282,-10,-10,-10,220,-0.003,-40.01
"2020-10-06 15:27:30.6",6545283,-10,-10,-10,220,-0.003,-40.01
"2020-10-06 15:27:30.7",6545284,-10,-10,-10,220,-0.003,-40.01
"2020-10-06 15:27:30.8",6545285,-10,-10,-10,220,-0.003,-40.01
"2020-10-06 15:27:30.9",6545286,-10,-10,-10,220,-0.003,-40.01
"2020-10-06 15:27:31",6545287,-10,-10,-10,220,-0.003,-40.01
"2020-10-06 15:27:31.1",6545288,-10,-10,-10,220,-0.003,-40.01
"2020-10-06 15:27:31.2",6545289,-10,-10,-10,220,-0.003,-40.01
"2020-10-06 15:27:31.3",6545290,-10,-10,-10,220,-0.003,-40.01
"2020-10-06 15:27:31.4",6545291,-10,-10,-10,220,-0.003,-40.01
"2020-10-06 15:27:31.5",6545292,-10,-10,-10,220,-0.003,-40.01
"2020-10-06 15:27:31.6",6545293,-10,-10,-10,220,-0.003,-40.01
"2020-10-06 15:27:31.7",6545294,-10,-10,-10,220,-0.003,-40.01
"2020-10-06 15:27:31.8",6545295,-10,-10,-10,220,-0.003,-40.01
"2020-10-06 15:27:31.9",6545296,-10,-10,-10,220,-0.003,-40.01
"2020-10-06 15:27:32",6545297,-10,-10,-10,220,-0.003,-40.01
"2020-10-06 15:27:32.1",6545298,-10,-10,-10,220,-0.003,-40.01
"2020-10-06 15:27:32.2",6545299,-10,-10,-10,220,-0.003,-40.01
"2020-10-06 15:27:32.3",6545300,-10,-10,-10,220,-0.003,-40.01
"2020-10-06 15:27:32.4",6545301,-10,-10,-10,220,-0.003,-40.01
"2020-10-06 15:27:32.5",6545302,-10,-10,-10,220,-0.003,-40.01
"2020-10-06 15:27:32.6",6545303,-10,-10,-10,220,-0.003,-40.01
"2020-10-06 15:27:32.7",6545304,-10,-10,-10,220,-0.003,-40.01
"2020-10-06 15:27:32.8",6545305,-10,-10,-10,220,-0.003,-40.01
"2020-10-06 15:27:32.9",6545306,-10,-10,-10,220,-0.003,-40.01
"2020-10-06 15:27:33",6545307,-10,-10,-10,220,-0.003,-40.01
"2020-10-06 15:27:33.1",6545308,-10,-10,-10,220,-0.003,-40.01
"2020-10-06 15:27:33.2",6545309,-10,-10,-10,220,-0.003,-40.01
"2020-10-06 15:27:33.3",6545310,-10,-10,-10,220,-0.003,-40.01
"2020-10-06 15:27:33.4",6545311,-10,-10,-10,220,-0.003,-40.01
"2020-10-06 15:27:33.5",6545312,-10,-10,-10,220,-0.003,-40.01
"2020-10-06 15:27:33.6",6545313,-10,-10,-10,220,-0.003,-40.01
"2020-10-06 15:27:33.7",6545314,-10,-10,-10,220,-0.003,-40.01
"2020-10-06 15:27:33.8",6545315,-10,-10,-10,220,-0.003,-40.01
"2020-10-06 15:27:33.9",6545316,-10,-10,-10,220,-0.003,-40.01
"2020-10-06 15:27:34",6545317,-10,-10,-10,220,-0.003,-40.01
"2020-10-06 15:27:34.1",6545318,-10,-10,-10,220,-0.003,-40.01
"2020-10-06 15:27:34.2",6545319,-10,-10,-10,220,-0.003,-40.01
"2020-10-06 15:27:34.3",6545320,-10,-10,-10,220,-0.003,-40.01
"2020-10-06 15:27:34.4",6545321,-10,-10,-10,220,-0.003,-40.01
"2020-10-06 15:27:34.5",6545322,-10,-10,-10,220,-0.003,-40.01
"2020-10-06 15:27:34.6",6545323,-10,-10,-10,220,-0.003,-40.01
"2020-10-06 15:27:34.7",6545324,-10,-10,-10,220,-0.003,-40.01
"2020-10-06 15:27:34.8",6545325,-10,-10,-10,220,-0.003,-40.01
"2020-10-06 15:27:34.9",6545326,-10,-10,-10,220,-0.003,-40.01
"2020-10-06 15:27:35",6545327,-10,-10,-10,220,-0.003,-40.01
"2020-10-06 15:27:35.1",6545328,-10,-10,-10,220,-0.003,-40.01
"2020-10-06 15:27:35.2",6545329,-10,-10,-10,220,-0.003,-40.01
"2020-10-06 15:27:35.3",6545330,-10,-10,-10,220,-0.003,-40.01
"2020-10-06 15:27:35.4",6545331,-10,-10,-10,220,-0.003,-40.01
"2020-10-06 15:27:35.5",6545332,-10,-10,-10,220,-0.003,-40.01
"2020-10-06 15:27:35.6",6545333,-10,-10,-10,220,-0.003,-40.01
"2020-10-06 15:27:35.7",6545334,-10,-10,-10,220,-0.003,-40.01
"2020-10-06 15:27:35.8",6545335,-10,-10,-10,220,-0.003,-40.01
"2020-10-06 15:27:35.9",6545336,-10,-10,-10,220,-0.003,-40.01
"2020-10-06 15:27:36",6545337,-10,-10,-10,220,-0.003,-40.01
"2020-10-06 15:27:36.1",6545338,-10,-10,-10,220,-0.003,-40.01
"2020-10-06 15:27:36.2",6545339,-10,-10,-10,220,-0.003,-40.01
"2020-10-06 15:27:36.3",6545340,-10,-10,-10,220,-0.003,-40.01
"2020-10-06 15:27:36.4",6545341,-10,-10,-10,220,-0.003,-40.01
"2020-10-06 15:27:36.5",6545342,-10,-10,-10,220,-0.003,-40.01
"2020-10-06 15:27:36.6",6545343,-10,-10,-10,220,-0.003,-40.01
"2020-10-06 15:27:36.7",6545344,-10,-10,-10,220,-0.003,-40.01
"2020-10-06 15:27:36.8",6545345,-10,-10,-10,220,-0.003,-40.01
"2020-10-06 15:27:36.9",6545346,-10,-10,-10,220,-0.003,-40.01
"2020-10-06 15:27:37",6545347,-10,-10,-10,220,-0.003,-40.01
"2020-10-06 15:27:37.1",6545348,-10,-10,-10,220,-0.003,-40.01
"2020-10-06 15:27:37.2",6545349,-10,-10,-10,220,-0.003,-40.01
"2020-10-06 15:27:37.3",6545350,-10,-10,-10,220,-0.003,-40.01
"2020-10-06 15:27:37.4",6545351,-10,-10,-10,220,-0.003,-40.01
"2020-10-06 15:27:37.5",6545352,-10,-10,-10,220,-0.003,-40.01
"2020-10-06 15:27:37.6",6545353,-10,-10,-10,220,-0.003,-40.01
"2020-10-06 15:27:37.7",6545354,-10,-10,-10,220,-0.003,-40.01
"2020-10-06 15:27:37.8",6545355,-10,-10,-10,220,-0.003,-40.01
"2020-10-06 15:27:37.9",6545356,-10,-10,-10,220,-0.003,-40.01
"2020-10-06 15:27:38",6545357,-10,-10,-10,220,-0.003,-40.01
"2020-10-06 15:27:38.1",6545358,-10,-10,-10,220,-0.003,-40.01
"2020-10-06 15:27:38.2",6545359,-10,-10,-10,220,-0.003,-40.01
"2020-10-06 15:27:38.3",6545360,-10,-10,-10,220,-0.003,-40.01
"2020-10-06 15:27:38.4",6545361,-10,-10,-10,220,-0.003,-40.01
"2020-10-06 15:27:38.5",6545362,-10,-10,-10,220,-0.003,-40.01
"2020-10-06 15:27:38.6",6545363,-10,-10,-10,220,-0.003,-40.01
"2020-10-06 15:27:38.7",6545364,-10,-10,-10,220,-0.003,-40.01
"2020-10-06 15:27:38.8",6545365,-10,-10,-10,220,-0.003,-40.01
"2020-10-06 15:27:38.9",6545366,-10,-10,-10,220,-0.003,-40.01
"2020-10-06 15:27:39",6545367,-10,-10,-10,220,-0.003,-40.01
"2020-10-06 15:27:39.1",6545368,-10,-10,-10,220,-0.003,-40.01
"2020-10-06 15:27:39.2",6545369,-10,-10,-10,220,-0.003,-40.01
"2020-10-06 15:27:39.3",6545370,-10,-10,-10,220,-0.003,-40.01
"2020-10-06 15:27:39.4",6545371,-10,-10,-10,220,-0.003,-40.01
"2020-10-06 15:27:39.5",6545372,-10,-10,-10,220,-0.003,-40.01
"2020-10-06 15:27:39.6",6545373,-10,-10,-10,220,-0.003,-40.01
"2020-10-06 15:27:39.7",6545374,-10,-10,-10,220,-0.003,-40.01
"2020-10-06 15:27:39.8",6545375,-10,-10,-10,220,-0.003,-40.01
"2020-10-06 15:27:39.9",6545376,-10,-10,-10,220,-0.003,-40.01
"2020-10-06 15:27:40",6545377,-10,-10,-10,220,-0.003,-40.01
"2020-10-06 15:27:40.1",6545378,-10,-10,-10,220,-0.003,-40.01
"2020-10-06 15:27:40.2",6545379,-10,-10,-10,220,-0.003,-40.01
"2020-10-06 15:27:40.3",6545380,-10,-10,-10,220,-0.003,-40.01
"2020-10-06 15:27:40.4",6545381,-10,-10,-10,220,-0.003,-40.01
"2020-10-06 15:27:40.5",6545382,-10,-10,-10,220,-0.003,-40.01
"2020-10-06 15:27:40.6",6545383,-10,-10,-10,220,-0.003,-40.01
"2020-10-06 15:27:40.7",6545384,-10,-10,-10,220,-0.003,-40.01
"2020-10-06 15:27:40.8",6545385,-10,-10,-10,220,-0.003,-40.01
"2020-10-06 15:27:40.9",6545386,-10,-10,-10,220,-0.003,-40.01
"2020-10-06 15:27:41",6545387,-10,-10,-10,220,-0.003,-40.01
"2020-10-06 15:27:41.1",6545388,-10,-10,-10,220,-0.003,-40.01
"2020-10-06 15:27:41.2",6545389,-10,-10,-10,220,-0.003,-40.01
"2020-10-06 15:27:41.3",6545390,-10,-10,-10,220,-0.003,-40.01
"2020-10-06 15:27:41.4",6545391,-10,-10,-10,220,-0.003,-40.01
"2020-10-06 15:27:41.5",6545392,-10,-10,-10,220,-0.003,-40.01
"2020-10-06 15:27:41.6",6545393,-10,-10,-10,220,-0.003,-40.01
"2020-10-06 15:27:41.7",6545394,-10,-10,-10,220,-0.003,-40.01
"2020-10-06 15:27:41.8",6545395,-10,-10,-10,220,-0.003,-40.01
"2020-10-06 15:27:41.9",6545396,-10,-10,-10,220,-0.003,-40.01
"2020-10-06 15:27:42",6545397,-10,-10,-10,220,-0.003,-40.01
"2020-10-06 15:27:42.1",6545398,-10,-10,-10,220,-0.003,-40.01
"2020-10-06 15:27:42.2",6545399,-10,-10,-10,220,-0.003,-40.01
"2020-10-06 15:27:42.3",6545400,-10,-10,-10,220,-0.003,-40.01
"2020-10-06 15:27:42.4",6545401,-10,-10,-10,220,-0.003,-40.01
"2020-10-06 15:27:42.5",6545402,-10,-10,-10,220,-0.003,-40.01
"2020-10-06 15:27:42.6",6545403,-10,-10,-10,220,-0.003,-40.01
"2020-10-06 15:27:42.7",6545404,-10,-10,-10,220,-0.003,-40.01
"2020-10-06 15:27:42.8",6545405,-10,-10,-10,220,-0.003,-40.01
"2020-10-06 15:27:42.9",6545406,-10,-10,-10,220,-0.003,-40.01
"2020-10-06 15:27:43",6545407,-10,-10,-10,220,-0.003,-40.01
"2020-10-06 15:27:43.1",6545408,-10,-10,-10,220,-0.003,-40.01
"2020-10-06 15:27:43.2",6545409,-10,-10,-10,220,-0.003,-40.01
"2020-10-06 15:27:43.3",6545410,-10,-10,-10,220,-0.003,-40.01
"2020-10-06 15:27:43.4",6545411,-10,-10,-10,220,-0.003,-40.01
"2020-10-06 15:27:43.5",6545412,-10,-10,-10,220,-0.003,-40.01
"2020-10-06 15:27:43.6",6545413,-10,-10,-10,220,-0.003,-40.01
"2020-10-06 15:27:43.7",6545414,-10,-10,-10,220,-0.003,-40.01
"2020-10-06 15:27:43.8",6545415,-10,-10,-10,220,-0.003,-40.01
"2020-10-06 15:27:43.9",6545416,-10,-10,-10,220,-0.003,-40.01
"2020-10-06 15:27:44",6545417,-10,-10,-10,220,-0.003,-40.01
"2020-10-06 15:27:44.1",6545418,-10,-10,-10,220,-0.003,-40.01
"2020-10-06 15:27:44.2",6545419,-10,-10,-10,220,-0.003,-40.01
"2020-10-06 15:27:44.3",6545420,-10,-10,-10,220,-0.003,-40.01
"2020-10-06 15:27:44.4",6545421,-10,-10,-10,220,-0.003,-40.01
"2020-10-06 15:27:44.5",6545422,-10,-10,-10,220,-0.003,-40.01
"2020-10-06 15:27:44.6",6545423,-10,-10,-10,220,-0.003,-40.01
"2020-10-06 15:27:44.7",6545424,-10,-10,-10,220,-0.003,-40.01
"2020-10-06 15:27:44.8",6545425,-10,-10,-10,220,-0.003,-40.01
"2020-10-06 15:27:44.9",6545426,-10,-10,-10,220,-0.003,-40.01
"2020-10-06 15:27:45",6545427,-10,-10,-10,220,-0.003,-40.01
"2020-10-06 15:27:45.1",6545428,-10,-10,-10,220,-0.003,-40.01
"2020-10-06 15:27:45.2",6545429,-10,-10,-10,220,-0.003,-40.01
"2020-10-06 15:27:45.3",6545430,-10,-10,-10,220,-0.003,-40.01
"2020-10-06 15:27:45.4",6545431,-10,-10,-10,220,-0.003,-40.01
"2020-10-06 15:27:45.5",6545432,-10,-10,-10,220,-0.003,-40.01
"2020-10-06 15:27:45.6",6545433,-10,-10,-10,220,-0.003,-40.01
"2020-10-06 15:27:45.7",6545434,-10,-10,-10,220,-0.003,-40.01
"2020-10-06 15:27:45.8",6545435,-10,-10,-10,220,-0.003,-40.01
"2020-10-06 15:27:45.9",6545436,-10,-10,-10,220,-0.003,-40.01
"2020-10-06 15:27:46",6545437,-10,-10,-10,220,-0.003,-40.01
"2020-10-06 15:27:46.1",6545438,-10,-10,-10,220,-0.003,-40.01
"2020-10-06 15:27:46.2",6545439,-10,-10,-10,220,-0.003,-40.01
"2020-10-06 15:27:46.3",6545440,-10,-10,-10,220,-0.003,-40.01
"2020-10-06 15:27:46.4",6545441,-10,-10,-10,220,-0.003,-40.01
"2020-10-06 15:27:46.5",6545442,-10,-10,-10,220,-0.003,-40.01
"2020-10-06 15:27:46.6",6545443,-10,-10,-10,220,-0.003,-40.01
"2020-10-06 15:27:46.7",6545444,-10,-10,-10,220,-0.003,-40.01
"2020-10-06 15:27:46.8",6545445,-10,-10,-10,220,-0.003,-40.01
"2020-10-06 15:27:46.9",6545446,-10,-10,-10,220,-0.003,-40.01
"2020-10-06 15:27:47",6545447,-10,-10,-10,220,-0.003,-40.01
"2020-10-06 15:27:47.1",6545448,-10,-10,-10,220,-0.003,-40.01
"2020-10-06 15:27:47.2",6545449,-10,-10,-10,220,-0.003,-40.01
"2020-10-06 15:27:47.3",6545450,-10,-10,-10,220,-0.003,-40.01
"2020-10-06 15:27:47.4",6545451,-10,-10,-10,220,-0.003,-40.01
"2020-10-06 15:27:47.5",6545452,-10,-10,-10,220,-0.003,-40.01
"2020-10-06 15:27:47.6",6545453,-10,-10,-10,220,-0.003,-40.01
"2020-10-06 15:27:47.7",6545454,-10,-10,-10,220,-0.003,-40.01
"2020-10-06 15:27:47.8",6545455,-10,-10,-10,220,-0.003,-40.01
"2020-10-06 15:27:47.9",6545456,-10,-10,-10,220,-0.003,-40.01
"2020-10-06 15:27:48",6545457,-10,-10,-10,220,-0.003,-40.01
"2020-10-06 15:27:48.1",6545458,-10,-10,-10,220,-0.003,-40.01
"2020-10-06 15:27:48.2",6545459,-10,-10,-10,220,-0.003,-40.01
"2020-10-06 15:27:48.3",6545460,-10,-10,-10,220,-0.003,-40.01
"2020-10-06 15:27:48.4",6545461,-10,-10,-10,220,-0.003,-40.01
"2020-10-06 15:27:48.5",6545462,-10,-10,-10,220,-0.003,-40.01
"2020-10-06 15:27:48.6",6545463,-10,-10,-10,220,-0.003,-40.01
"2020-10-06 15:27:48.7",6545464,-10,-10,-10,220,-0.003,-40.01
"2020-10-06 15:27:48.8",6545465,-10,-10,-10,220,-0.003,-40.01
"2020-10-06 15:27:48.9",6545466,-10,-10,-10,220,-0.003,-40.01
"2020-10-06 15:27:49",6545467,-10,-10,-10,220,-0.003,-40.01
"2020-10-06 15:27:49.1",6545468,-10,-10,-10,220,-0.003,-40.01
"2020-10-06 15:27:49.2",6545469,-10,-10,-10,220,-0.003,-40.01
"2020-10-06 15:27:49.3",6545470,-10,-10,-10,220,-0.003,-40.01
"2020-10-06 15:27:49.4",6545471,-10,-10,-10,220,-0.003,-40.01
"2020-10-06 15:27:49.5",6545472,-10,-10,-10,220,-0.003,-40.01
"2020-10-06 15:27:49.6",6545473,-10,-10,-10,220,-0.003,-40.01
"2020-10-06 15:27:49.7",6545474,-10,-10,-10,220,-0.003,-40.01
"2020-10-06 15:27:49.8",6545475,-10,-10,-10,220,-0.003,-40.01
"2020-10-06 15:27:49.9",6545476,-10,-10,-10,220,-0.003,-40.01
"2020-10-06 15:27:50",6545477,-10,-10,-10,220,-0.003,-40.01
"2020-10-06 15:27:50.1",6545478,-10,-10,-10,220,-0.003,-40.01
"2020-10-06 15:27:50.2",6545479,-10,-10,-10,220,-0.003,-40.01
"2020-10-06 15:27:50.3",6545480,-10,-10,-10,220,-0.003,-40.01
"2020-10-06 15:27:50.4",6545481,-10,-10,-10,220,-0.003,-40.01
"2020-10-06 15:27:50.5",6545482,-10,-10,-10,220,-0.003,-40.01
"2020-10-06 15:27:50.6",6545483,-10,-10,-10,220,-0.003,-40.01
"2020-10-06 15:27:50.7",6545484,-10,-10,-10,220,-0.003,-40.01
"2020-10-06 15:27:50.8",6545485,-10,-10,-10,220,-0.003,-40.01
"2020-10-06 15:27:50.9",6545486,-10,-10,-10,220,-0.003,-40.01
