"TOA5","10329","CR6","10329","CR6.Std.09.01 CR6-WIFI.04.00.01","CPU:YOUNG81000_HMP60_10Hz.CR6","51185","Young10Hz_hmp"
"TIMESTAMP","RECORD","U","V","W","TSonic","RH","T_HMP60"
"TS","RN","mV","mV","mV","mV","%","Deg C"
"","","Smp","Smp","Smp","Smp","Smp","Smp"
"2020-10-04 11:35:51",4678287,-10,-10,-10,220,-0.002,-40.01
"2020-10-04 11:35:51.1",4678288,-10,-10,-10,220,-0.001,-40.01
"2020-10-04 11:35:51.2",4678289,-10,-10,-10,220,-0.001,-40.01
"2020-10-04 11:35:51.3",4678290,-10,-10,-10,220,-0.001,-40.01
"2020-10-04 11:35:51.4",4678291,-10,-10,-10,220,-0.001,-40.01
"2020-10-04 11:35:51.5",4678292,-10,-10,-10,220,-0.001,-40.01
"2020-10-04 11:35:51.6",4678293,-10,-10,-10,220,-0.002,-40.01
"2020-10-04 11:35:51.7",4678294,-10,-10,-10,220,-0.001,-40.01
"2020-10-04 11:35:51.8",4678295,-10,-10,-10,220,-0.001,-40.01
"2020-10-04 11:35:51.9",4678296,-10,-10,-10,220,-0.001,-40.01
"2020-10-04 11:35:52",4678297,-10,-10,-10,220,-0.002,-40.01
"2020-10-04 11:35:52.1",4678298,-10,-10,-10,220,-0.001,-40.01
"2020-10-04 11:35:52.2",4678299,-10,-10,-10,220,-0.001,-40.01
"2020-10-04 11:35:52.3",4678300,-10,-10,-10,220,-0.001,-40.01
"2020-10-04 11:35:52.4",4678301,-10,-10,-10,220,-0.002,-40.01
"2020-10-04 11:35:52.5",4678302,-10,-10,-10,220,-0.002,-40.01
"2020-10-04 11:35:52.6",4678303,-10,-10,-10,220,-0.001,-40.01
"2020-10-04 11:35:52.7",4678304,-10,-10,-10,220,-0.002,-40.01
"2020-10-04 11:35:52.8",4678305,-10,-10,-10,220,-0.001,-40.01
"2020-10-04 11:35:52.9",4678306,-10,-10,-10,220,-0.001,-40.01
"2020-10-04 11:35:53",4678307,-10,-10,-10,220,-0.001,-40.01
"2020-10-04 11:35:53.1",4678308,-10,-10,-10,220,-0.002,-40.01
"2020-10-04 11:35:53.2",4678309,-10,-10,-10,220,-0.001,-40.01
"2020-10-04 11:35:53.3",4678310,-10,-10,-10,220,-0.001,-40.01
"2020-10-04 11:35:53.4",4678311,-10,-10,-10,220,-0.001,-40.01
"2020-10-04 11:35:53.5",4678312,-10,-10,-10,220,-0.002,-40.01
"2020-10-04 11:35:53.6",4678313,-10,-10,-10,220,-0.001,-40.01
"2020-10-04 11:35:53.7",4678314,-10,-10,-10,220,-0.001,-40.01
"2020-10-04 11:35:53.8",4678315,-10,-10,-10,220,-0.002,-40.01
"2020-10-04 11:35:53.9",4678316,-10,-10,-10,220,-0.001,-40.01
"2020-10-04 11:35:54",4678317,-10,-10,-10,220,-0.001,-40.01
"2020-10-04 11:35:54.1",4678318,-10,-10,-10,220,-0.001,-40.01
"2020-10-04 11:35:54.2",4678319,-10,-10,-10,220,-0.001,-40.01
"2020-10-04 11:35:54.3",4678320,-10,-10,-10,220,-0.002,-40.01
"2020-10-04 11:35:54.4",4678321,-10,-10,-10,220,-0.001,-40.01
"2020-10-04 11:35:54.5",4678322,-10,-10,-10,220,-0.002,-40.01
"2020-10-04 11:35:54.6",4678323,-10,-10,-10,220,-0.002,-40.01
"2020-10-04 11:35:54.7",4678324,-10,-10,-10,220,-0.001,-40.01
"2020-10-04 11:35:54.8",4678325,-10,-10,-10,220,-0.001,-40.01
"2020-10-04 11:35:54.9",4678326,-10,-10,-10,220,-0.002,-40.01
"2020-10-04 11:35:55",4678327,-10,-10,-10,220,-0.001,-40.01
"2020-10-04 11:35:55.1",4678328,-10,-10,-10,220,-0.001,-40.01
"2020-10-04 11:35:55.2",4678329,-10,-10,-10,220,-0.002,-40.01
"2020-10-04 11:35:55.3",4678330,-10,-10,-10,220,-0.001,-40.01
"2020-10-04 11:35:55.4",4678331,-10,-10,-10,220,-0.002,-40.01
"2020-10-04 11:35:55.5",4678332,-10,-10,-10,220,-0.001,-40.01
"2020-10-04 11:35:55.6",4678333,-10,-10,-10,220,-0.002,-40.01
"2020-10-04 11:35:55.7",4678334,-10,-10,-10,220,-0.002,-40.01
"2020-10-04 11:35:55.8",4678335,-10,-10,-10,220,-0.002,-40.01
"2020-10-04 11:35:55.9",4678336,-10,-10,-10,220,-0.002,-40.01
"2020-10-04 11:35:56",4678337,-10,-10,-10,220,-0.002,-40.01
"2020-10-04 11:35:56.1",4678338,-10,-10,-10,220,-0.001,-40.01
"2020-10-04 11:35:56.2",4678339,-10,-10,-10,220,-0.001,-40.01
"2020-10-04 11:35:56.3",4678340,-10,-10,-10,220,-0.002,-40.01
"2020-10-04 11:35:56.4",4678341,-10,-10,-10,220,-0.002,-40.01
"2020-10-04 11:35:56.5",4678342,-10,-10,-10,220,-0.001,-40.01
"2020-10-04 11:35:56.6",4678343,-10,-10,-10,220,-0.002,-40.01
"2020-10-04 11:35:56.7",4678344,-10,-10,-10,220,-0.002,-40.01
"2020-10-04 11:35:56.8",4678345,-10,-10,-10,220,-0.002,-40.01
"2020-10-04 11:35:56.9",4678346,-10,-10,-10,220,-0.002,-40.01
"2020-10-04 11:35:57",4678347,-10,-10,-10,220,-0.002,-40.01
"2020-10-04 11:35:57.1",4678348,-10,-10,-10,220,-0.002,-40.01
"2020-10-04 11:35:57.2",4678349,-10,-10,-10,220,-0.002,-40.01
"2020-10-04 11:35:57.3",4678350,-10,-10,-10,220,-0.002,-40.01
"2020-10-04 11:35:57.4",4678351,-10,-10,-10,220,-0.002,-40.01
"2020-10-04 11:35:57.5",4678352,-10,-10,-10,220,-0.002,-40.01
"2020-10-04 11:35:57.6",4678353,-10,-10,-10,220,-0.001,-40.01
"2020-10-04 11:35:57.7",4678354,-10,-10,-10,220,-0.002,-40.01
"2020-10-04 11:35:57.8",4678355,-10,-10,-10,220,-0.001,-40.01
"2020-10-04 11:35:57.9",4678356,-10,-10,-10,220,-0.001,-40.01
"2020-10-04 11:35:58",4678357,-10,-10,-10,220,-0.002,-40.01
"2020-10-04 11:35:58.1",4678358,-10,-10,-10,220,-0.001,-40.01
"2020-10-04 11:35:58.2",4678359,-10,-10,-10,220,-0.002,-40.01
"2020-10-04 11:35:58.3",4678360,-10,-10,-10,220,-0.002,-40.01
"2020-10-04 11:35:58.4",4678361,-10,-10,-10,220,-0.002,-40.01
"2020-10-04 11:35:58.5",4678362,-10,-10,-10,220,-0.001,-40.01
"2020-10-04 11:35:58.6",4678363,-10,-10,-10,220,-0.001,-40.01
"2020-10-04 11:35:58.7",4678364,-10,-10,-10,220,-0.002,-40.01
"2020-10-04 11:35:58.8",4678365,-10,-10,-10,220,-0.002,-40.01
"2020-10-04 11:35:58.9",4678366,-10,-10,-10,220,-0.001,-40.01
"2020-10-04 11:35:59",4678367,-10,-10,-10,220,-0.002,-40.01
"2020-10-04 11:35:59.1",4678368,-10,-10,-10,220,-0.002,-40.01
"2020-10-04 11:35:59.2",4678369,-10,-10,-10,220,-0.002,-40.01
"2020-10-04 11:35:59.3",4678370,-10,-10,-10,220,-0.001,-40.01
"2020-10-04 11:35:59.4",4678371,-10,-10,-10,220,-0.001,-40.01
"2020-10-04 11:35:59.5",4678372,-10,-10,-10,220,-0.002,-40.01
"2020-10-04 11:35:59.6",4678373,-10,-10,-10,220,-0.002,-40.01
"2020-10-04 11:35:59.7",4678374,-10,-10,-10,220,-0.002,-40.01
"2020-10-04 11:35:59.8",4678375,-10,-10,-10,220,-0.001,-40.01
"2020-10-04 11:35:59.9",4678376,-10,-10,-10,220,-0.002,-40.01
"2020-10-04 11:36:00",4678377,-10,-10,-10,220,-0.002,-40.01
"2020-10-04 11:36:00.1",4678378,-10,-10,-10,220,-0.008,-40.02
"2020-10-04 11:36:00.2",4678379,-10,-10,-10,220,-0.008,-40.02
"2020-10-04 11:36:00.3",4678380,-10,-10,-10,220,-0.001,-40.01
"2020-10-04 11:36:00.4",4678381,-10,-10,-10,220,-0.001,-40.01
"2020-10-04 11:36:00.5",4678382,-10,-10,-10,220,-0.002,-40.01
"2020-10-04 11:36:00.6",4678383,-10,-10,-10,220,-0.002,-40.01
"2020-10-04 11:36:00.7",4678384,-10,-10,-10,220,-0.002,-40.01
"2020-10-04 11:36:00.8",4678385,-10,-10,-10,220,-0.002,-40.01
"2020-10-04 11:36:00.9",4678386,-10,-10,-10,220,-0.001,-40.01
"2020-10-04 11:36:01",4678387,-10,-10,-10,220,-0.002,-40.01
"2020-10-04 11:36:01.1",4678388,-10,-10,-10,220,-0.001,-40.01
"2020-10-04 11:36:01.2",4678389,-10,-10,-10,220,-0.002,-40.01
"2020-10-04 11:36:01.3",4678390,-10,-10,-10,220,-0.002,-40.01
"2020-10-04 11:36:01.4",4678391,-10,-10,-10,220,-0.002,-40.01
"2020-10-04 11:36:01.5",4678392,-10,-10,-10,220,-0.002,-40.01
"2020-10-04 11:36:01.6",4678393,-10,-10,-10,220,-0.001,-40.01
"2020-10-04 11:36:01.7",4678394,-10,-10,-10,220,-0.002,-40.01
"2020-10-04 11:36:01.8",4678395,-10,-10,-10,220,-0.002,-40.01
"2020-10-04 11:36:01.9",4678396,-10,-10,-10,220,-0.002,-40.01
"2020-10-04 11:36:02",4678397,-10,-10,-10,220,-0.002,-40.01
"2020-10-04 11:36:02.1",4678398,-10,-10,-10,220,-0.001,-40.01
"2020-10-04 11:36:02.2",4678399,-10,-10,-10,220,-0.001,-40.01
"2020-10-04 11:36:02.3",4678400,-10,-10,-10,220,-0.001,-40.01
"2020-10-04 11:36:02.4",4678401,-10,-10,-10,220,-0.001,-40.01
"2020-10-04 11:36:02.5",4678402,-10,-10,-10,220,-0.001,-40.01
"2020-10-04 11:36:02.6",4678403,-10,-10,-10,220,-0.002,-40.01
"2020-10-04 11:36:02.7",4678404,-10,-10,-10,220,-0.001,-40.01
"2020-10-04 11:36:02.8",4678405,-10,-10,-10,220,-0.001,-40.01
"2020-10-04 11:36:02.9",4678406,-10,-10,-10,220,-0.002,-40.01
"2020-10-04 11:36:03",4678407,-10,-10,-10,220,-0.002,-40.01
"2020-10-04 11:36:03.1",4678408,-10,-10,-10,220,-0.002,-40.01
"2020-10-04 11:36:03.2",4678409,-10,-10,-10,220,-0.001,-40.01
"2020-10-04 11:36:03.3",4678410,-10,-10,-10,220,-0.002,-40.01
"2020-10-04 11:36:03.4",4678411,-10,-10,-10,220,-0.002,-40.01
"2020-10-04 11:36:03.5",4678412,-10,-10,-10,220,-0.002,-40.01
"2020-10-04 11:36:03.6",4678413,-10,-10,-10,220,-0.002,-40.01
"2020-10-04 11:36:03.7",4678414,-10,-10,-10,220,-0.002,-40.01
"2020-10-04 11:36:03.8",4678415,-10,-10,-10,220,-0.002,-40.01
"2020-10-04 11:36:03.9",4678416,-10,-10,-10,220,-0.001,-40.01
"2020-10-04 11:36:04",4678417,-10,-10,-10,220,-0.002,-40.01
"2020-10-04 11:36:04.1",4678418,-10,-10,-10,220,-0.002,-40.01
"2020-10-04 11:36:04.2",4678419,-10,-10,-10,220,-0.001,-40.01
"2020-10-04 11:36:04.3",4678420,-10,-10,-10,220,-0.002,-40.01
"2020-10-04 11:36:04.4",4678421,-10,-10,-10,220,-0.002,-40.01
"2020-10-04 11:36:04.5",4678422,-10,-10,-10,220,-0.001,-40.01
"2020-10-04 11:36:04.6",4678423,-10,-10,-10,220,-0.001,-40.01
"2020-10-04 11:36:04.7",4678424,-10,-10,-10,220,-0.001,-40.01
"2020-10-04 11:36:04.8",4678425,-10,-10,-10,220,-0.002,-40.01
"2020-10-04 11:36:04.9",4678426,-10,-10,-10,220,-0.002,-40.01
"2020-10-04 11:36:05",4678427,-10,-10,-10,220,-0.001,-40.01
"2020-10-04 11:36:05.1",4678428,-10,-10,-10,220,-0.002,-40.01
"2020-10-04 11:36:05.2",4678429,-10,-10,-10,220,-0.002,-40.01
"2020-10-04 11:36:05.3",4678430,-10,-10,-10,220,-0.002,-40.01
"2020-10-04 11:36:05.4",4678431,-10,-10,-10,220,-0.002,-40.01
"2020-10-04 11:36:05.5",4678432,-10,-10,-10,220,-0.002,-40.01
"2020-10-04 11:36:05.6",4678433,-10,-10,-10,220,-0.001,-40.01
"2020-10-04 11:36:05.7",4678434,-10,-10,-10,220,-0.002,-40.01
"2020-10-04 11:36:05.8",4678435,-10,-10,-10,220,-0.002,-40.01
"2020-10-04 11:36:05.9",4678436,-10,-10,-10,220,-0.002,-40.01
"2020-10-04 11:36:06",4678437,-10,-10,-10,220,-0.002,-40.01
"2020-10-04 11:36:06.1",4678438,-10,-10,-10,220,-0.002,-40.01
"2020-10-04 11:36:06.2",4678439,-10,-10,-10,220,-0.001,-40.01
"2020-10-04 11:36:06.3",4678440,-10,-10,-10,220,-0.001,-40.01
"2020-10-04 11:36:06.4",4678441,-10,-10,-10,220,-0.002,-40.01
"2020-10-04 11:36:06.5",4678442,-10,-10,-10,220,-0.001,-40.01
"2020-10-04 11:36:06.6",4678443,-10,-10,-10,220,-0.002,-40.01
"2020-10-04 11:36:06.7",4678444,-10,-10,-10,220,-0.001,-40.01
"2020-10-04 11:36:06.8",4678445,-10,-10,-10,220,-0.002,-40.01
"2020-10-04 11:36:06.9",4678446,-10,-10,-10,220,-0.002,-40.01
"2020-10-04 11:36:07",4678447,-10,-10,-10,220,-0.001,-40.01
"2020-10-04 11:36:07.1",4678448,-10,-10,-10,220,-0.002,-40.01
"2020-10-04 11:36:07.2",4678449,-10,-10,-10,220,-0.002,-40.01
"2020-10-04 11:36:07.3",4678450,-10,-10,-10,220,-0.002,-40.01
"2020-10-04 11:36:07.4",4678451,-10,-10,-10,220,-0.002,-40.01
"2020-10-04 11:36:07.5",4678452,-10,-10,-10,220,-0.001,-40.01
"2020-10-04 11:36:07.6",4678453,-10,-10,-10,220,-0.002,-40.01
"2020-10-04 11:36:07.7",4678454,-10,-10,-10,220,-0.002,-40.01
"2020-10-04 11:36:07.8",4678455,-10,-10,-10,220,-0.002,-40.01
"2020-10-04 11:36:07.9",4678456,-10,-10,-10,220,-0.001,-40.01
"2020-10-04 11:36:08",4678457,-10,-10,-10,220,-0.002,-40.01
"2020-10-04 11:36:08.1",4678458,-10,-10,-10,220,-0.002,-40.01
"2020-10-04 11:36:08.2",4678459,-10,-10,-10,220,-0.002,-40.01
"2020-10-04 11:36:08.3",4678460,-10,-10,-10,220,-0.002,-40.01
"2020-10-04 11:36:08.4",4678461,-10,-10,-10,220,-0.001,-40.01
"2020-10-04 11:36:08.5",4678462,-10,-10,-10,220,-0.002,-40.01
"2020-10-04 11:36:08.6",4678463,-10,-10,-10,220,-0.002,-40.01
"2020-10-04 11:36:08.7",4678464,-10,-10,-10,220,-0.002,-40.01
"2020-10-04 11:36:08.8",4678465,-10,-10,-10,220,-0.002,-40.01
"2020-10-04 11:36:08.9",4678466,-10,-10,-10,220,-0.002,-40.01
"2020-10-04 11:36:09",4678467,-10,-10,-10,220,-0.002,-40.01
"2020-10-04 11:36:09.1",4678468,-10,-10,-10,220,-0.002,-40.01
"2020-10-04 11:36:09.2",4678469,-10,-10,-10,220,-0.002,-40.01
"2020-10-04 11:36:09.3",4678470,-10,-10,-10,220,-0.001,-40.01
"2020-10-04 11:36:09.4",4678471,-10,-10,-10,220,-0.001,-40.01
"2020-10-04 11:36:09.5",4678472,-10,-10,-10,220,-0.002,-40.01
"2020-10-04 11:36:09.6",4678473,-10,-10,-10,220,-0.001,-40.01
"2020-10-04 11:36:09.7",4678474,-10,-10,-10,220,-0.001,-40.01
"2020-10-04 11:36:09.8",4678475,-10,-10,-10,220,-0.002,-40.01
"2020-10-04 11:36:09.9",4678476,-10,-10,-10,220,-0.001,-40.01
"2020-10-04 11:36:10",4678477,-10,-10,-10,220,-0.002,-40.01
"2020-10-04 11:36:10.1",4678478,-10,-10,-10,220,-0.002,-40.01
"2020-10-04 11:36:10.2",4678479,-10,-10,-10,220,-0.002,-40.01
"2020-10-04 11:36:10.3",4678480,-10,-10,-10,220,-0.001,-40.01
"2020-10-04 11:36:10.4",4678481,-10,-10,-10,220,-0.002,-40.01
"2020-10-04 11:36:10.5",4678482,-10,-10,-10,220,-0.002,-40.01
"2020-10-04 11:36:10.6",4678483,-10,-10,-10,220,-0.002,-40.01
"2020-10-04 11:36:10.7",4678484,-10,-10,-10,220,-0.001,-40.01
"2020-10-04 11:36:10.8",4678485,-10,-10,-10,220,-0.002,-40.01
"2020-10-04 11:36:10.9",4678486,-10,-10,-10,220,-0.002,-40.01
"2020-10-04 11:36:11",4678487,-10,-10,-10,220,-0.001,-40.01
"2020-10-04 11:36:11.1",4678488,-10,-10,-10,220,-0.001,-40.01
"2020-10-04 11:36:11.2",4678489,-10,-10,-10,220,-0.002,-40.01
"2020-10-04 11:36:11.3",4678490,-10,-10,-10,220,-0.001,-40.01
"2020-10-04 11:36:11.4",4678491,-10,-10,-10,220,-0.001,-40.01
"2020-10-04 11:36:11.5",4678492,-10,-10,-10,220,-0.001,-40.01
"2020-10-04 11:36:11.6",4678493,-10,-10,-10,220,-0.001,-40.01
"2020-10-04 11:36:11.7",4678494,-10,-10,-10,220,-0.001,-40.01
"2020-10-04 11:36:11.8",4678495,-10,-10,-10,220,-0.002,-40.01
"2020-10-04 11:36:11.9",4678496,-10,-10,-10,220,-0.002,-40.01
"2020-10-04 11:36:12",4678497,-10,-10,-10,220,-0.002,-40.01
"2020-10-04 11:36:12.1",4678498,-10,-10,-10,220,-0.001,-40.01
"2020-10-04 11:36:12.2",4678499,-10,-10,-10,220,-0.002,-40.01
"2020-10-04 11:36:12.3",4678500,-10,-10,-10,220,-0.002,-40.01
"2020-10-04 11:36:12.4",4678501,-10,-10,-10,220,-0.002,-40.01
"2020-10-04 11:36:12.5",4678502,-10,-10,-10,220,-0.001,-40.01
"2020-10-04 11:36:12.6",4678503,-10,-10,-10,220,-0.002,-40.01
"2020-10-04 11:36:12.7",4678504,-10,-10,-10,220,-0.001,-40.01
"2020-10-04 11:36:12.8",4678505,-10,-10,-10,220,-0.001,-40.01
"2020-10-04 11:36:12.9",4678506,-10,-10,-10,220,-0.002,-40.01
"2020-10-04 11:36:13",4678507,-10,-10,-10,220,-0.001,-40.01
"2020-10-04 11:36:13.1",4678508,-10,-10,-10,220,-0.002,-40.01
"2020-10-04 11:36:13.2",4678509,-10,-10,-10,220,-0.002,-40.01
"2020-10-04 11:36:13.3",4678510,-10,-10,-10,220,-0.002,-40.01
"2020-10-04 11:36:13.4",4678511,-10,-10,-10,220,-0.002,-40.01
"2020-10-04 11:36:13.5",4678512,-10,-10,-10,220,-0.002,-40.01
"2020-10-04 11:36:13.6",4678513,-10,-10,-10,220,-0.001,-40.01
"2020-10-04 11:36:13.7",4678514,-10,-10,-10,220,-0.002,-40.01
"2020-10-04 11:36:13.8",4678515,-10,-10,-10,220,-0.001,-40.01
"2020-10-04 11:36:13.9",4678516,-10,-10,-10,220,-0.001,-40.01
"2020-10-04 11:36:14",4678517,-10,-10,-10,220,-0.001,-40.01
"2020-10-04 11:36:14.1",4678518,-10,-10,-10,220,-0.002,-40.01
"2020-10-04 11:36:14.2",4678519,-10,-10,-10,220,-0.001,-40.01
"2020-10-04 11:36:14.3",4678520,-10,-10,-10,220,-0.002,-40.01
"2020-10-04 11:36:14.4",4678521,-10,-10,-10,220,-0.001,-40.01
"2020-10-04 11:36:14.5",4678522,-10,-10,-10,220,-0.001,-40.01
"2020-10-04 11:36:14.6",4678523,-10,-10,-10,220,-0.002,-40.01
"2020-10-04 11:36:14.7",4678524,-10,-10,-10,220,-0.001,-40.01
"2020-10-04 11:36:14.8",4678525,-10,-10,-10,220,-0.001,-40.01
"2020-10-04 11:36:14.9",4678526,-10,-10,-10,220,-0.001,-40.01
"2020-10-04 11:36:15",4678527,-10,-10,-10,220,-0.001,-40.01
"2020-10-04 11:36:15.1",4678528,-10,-10,-10,220,-0.001,-40.01
"2020-10-04 11:36:15.2",4678529,-10,-10,-10,220,-0.002,-40.01
"2020-10-04 11:36:15.3",4678530,-10,-10,-10,220,-0.001,-40.01
"2020-10-04 11:36:15.4",4678531,-10,-10,-10,220,-0.001,-40.01
"2020-10-04 11:36:15.5",4678532,-10,-10,-10,220,-0.002,-40.01
"2020-10-04 11:36:15.6",4678533,-10,-10,-10,220,-0.001,-40.01
"2020-10-04 11:36:15.7",4678534,-10,-10,-10,220,-0.002,-40.01
"2020-10-04 11:36:15.8",4678535,-10,-10,-10,220,-0.002,-40.01
"2020-10-04 11:36:15.9",4678536,-10,-10,-10,220,-0.002,-40.01
"2020-10-04 11:36:16",4678537,-10,-10,-10,220,-0.002,-40.01
"2020-10-04 11:36:16.1",4678538,-10,-10,-10,220,-0.001,-40.01
"2020-10-04 11:36:16.2",4678539,-10,-10,-10,220,-0.002,-40.01
"2020-10-04 11:36:16.3",4678540,-10,-10,-10,220,-0.001,-40.01
"2020-10-04 11:36:16.4",4678541,-10,-10,-10,220,-0.002,-40.01
"2020-10-04 11:36:16.5",4678542,-10,-10,-10,220,-0.001,-40.01
"2020-10-04 11:36:16.6",4678543,-10,-10,-10,220,-0.002,-40.01
"2020-10-04 11:36:16.7",4678544,-10,-10,-10,220,-0.001,-40.01
"2020-10-04 11:36:16.8",4678545,-10,-10,-10,220,-0.002,-40.01
"2020-10-04 11:36:16.9",4678546,-10,-10,-10,220,-0.001,-40.01
"2020-10-04 11:36:17",4678547,-10,-10,-10,220,-0.001,-40.01
"2020-10-04 11:36:17.1",4678548,-10,-10,-10,220,-0.002,-40.01
"2020-10-04 11:36:17.2",4678549,-10,-10,-10,220,-0.001,-40.01
"2020-10-04 11:36:17.3",4678550,-10,-10,-10,220,-0.002,-40.01
"2020-10-04 11:36:17.4",4678551,-10,-10,-10,220,-0.002,-40.01
"2020-10-04 11:36:17.5",4678552,-10,-10,-10,220,-0.002,-40.01
"2020-10-04 11:36:17.6",4678553,-10,-10,-10,220,-0.002,-40.01
"2020-10-04 11:36:17.7",4678554,-10,-10,-10,220,-0.001,-40.01
"2020-10-04 11:36:17.8",4678555,-10,-10,-10,220,-0.001,-40.01
"2020-10-04 11:36:17.9",4678556,-10,-10,-10,220,-0.002,-40.01
"2020-10-04 11:36:18",4678557,-10,-10,-10,220,-0.002,-40.01
"2020-10-04 11:36:18.1",4678558,-10,-10,-10,220,-0.001,-40.01
"2020-10-04 11:36:18.2",4678559,-10,-10,-10,220,-0.001,-40.01
"2020-10-04 11:36:18.3",4678560,-10,-10,-10,220,-0.001,-40.01
"2020-10-04 11:36:18.4",4678561,-10,-10,-10,220,-0.002,-40.01
"2020-10-04 11:36:18.5",4678562,-10,-10,-10,220,-0.001,-40.01
"2020-10-04 11:36:18.6",4678563,-10,-10,-10,220,-0.002,-40.01
"2020-10-04 11:36:18.7",4678564,-10,-10,-10,220,-0.002,-40.01
"2020-10-04 11:36:18.8",4678565,-10,-10,-10,220,-0.002,-40.01
"2020-10-04 11:36:18.9",4678566,-10,-10,-10,220,-0.002,-40.01
"2020-10-04 11:36:19",4678567,-10,-10,-10,220,-0.001,-40.01
"2020-10-04 11:36:19.1",4678568,-10,-10,-10,220,-0.002,-40.01
"2020-10-04 11:36:19.2",4678569,-10,-10,-10,220,-0.001,-40.01
"2020-10-04 11:36:19.3",4678570,-10,-10,-10,220,-0.002,-40.01
"2020-10-04 11:36:19.4",4678571,-10,-10,-10,220,-0.002,-40.01
"2020-10-04 11:36:19.5",4678572,-10,-10,-10,220,-0.001,-40.01
"2020-10-04 11:36:19.6",4678573,-10,-10,-10,220,-0.001,-40.01
"2020-10-04 11:36:19.7",4678574,-10,-10,-10,220,-0.001,-40.01
"2020-10-04 11:36:19.8",4678575,-10,-10,-10,220,-0.001,-40.01
"2020-10-04 11:36:19.9",4678576,-10,-10,-10,220,-0.001,-40.01
"2020-10-04 11:36:20",4678577,-10,-10,-10,220,-0.001,-40.01
"2020-10-04 11:36:20.1",4678578,-10,-10,-10,220,-0.001,-40.01
"2020-10-04 11:36:20.2",4678579,-10,-10,-10,220,-0.001,-40.01
"2020-10-04 11:36:20.3",4678580,-10,-10,-10,220,-0.002,-40.01
"2020-10-04 11:36:20.4",4678581,-10,-10,-10,220,-0.001,-40.01
"2020-10-04 11:36:20.5",4678582,-10,-10,-10,220,-0.001,-40.01
"2020-10-04 11:36:20.6",4678583,-10,-10,-10,220,-0.001,-40.01
"2020-10-04 11:36:20.7",4678584,-10,-10,-10,220,-0.001,-40.01
"2020-10-04 11:36:20.8",4678585,-10,-10,-10,220,-0.002,-40.01
"2020-10-04 11:36:20.9",4678586,-10,-10,-10,220,-0.002,-40.01
"2020-10-04 11:36:21",4678587,-10,-10,-10,220,-0.001,-40.01
"2020-10-04 11:36:21.1",4678588,-10,-10,-10,220,-0.002,-40.01
"2020-10-04 11:36:21.2",4678589,-10,-10,-10,220,-0.001,-40.01
"2020-10-04 11:36:21.3",4678590,-10,-10,-10,220,-0.002,-40.01
"2020-10-04 11:36:21.4",4678591,-10,-10,-10,220,-0.001,-40.01
"2020-10-04 11:36:21.5",4678592,-10,-10,-10,220,-0.001,-40.01
"2020-10-04 11:36:21.6",4678593,-10,-10,-10,220,-0.002,-40.01
"2020-10-04 11:36:21.7",4678594,-10,-10,-10,220,-0.001,-40.01
"2020-10-04 11:36:21.8",4678595,-10,-10,-10,220,-0.001,-40.01
"2020-10-04 11:36:21.9",4678596,-10,-10,-10,220,-0.001,-40.01
"2020-10-04 11:36:22",4678597,-10,-10,-10,220,-0.002,-40.01
"2020-10-04 11:36:22.1",4678598,-10,-10,-10,220,-0.001,-40.01
"2020-10-04 11:36:22.2",4678599,-10,-10,-10,220,-0.002,-40.01
"2020-10-04 11:36:22.3",4678600,-10,-10,-10,220,-0.002,-40.01
"2020-10-04 11:36:22.4",4678601,-10,-10,-10,220,-0.002,-40.01
"2020-10-04 11:36:22.5",4678602,-10,-10,-10,220,-0.001,-40.01
"2020-10-04 11:36:22.6",4678603,-10,-10,-10,220,-0.001,-40.01
"2020-10-04 11:36:22.7",4678604,-10,-10,-10,220,-0.002,-40.01
"2020-10-04 11:36:22.8",4678605,-10,-10,-10,220,-0.002,-40.01
"2020-10-04 11:36:22.9",4678606,-10,-10,-10,220,-0.001,-40.01
"2020-10-04 11:36:23",4678607,-10,-10,-10,220,-0.001,-40.01
"2020-10-04 11:36:23.1",4678608,-10,-10,-10,220,-0.002,-40.01
"2020-10-04 11:36:23.2",4678609,-10,-10,-10,220,-0.002,-40.01
"2020-10-04 11:36:23.3",4678610,-10,-10,-10,220,-0.002,-40.01
"2020-10-04 11:36:23.4",4678611,-10,-10,-10,220,-0.001,-40.01
"2020-10-04 11:36:23.5",4678612,-10,-10,-10,220,-0.002,-40.01
"2020-10-04 11:36:23.6",4678613,-10,-10,-10,220,-0.001,-40.01
"2020-10-04 11:36:23.7",4678614,-10,-10,-10,220,-0.001,-40.01
"2020-10-04 11:36:23.8",4678615,-10,-10,-10,220,-0.002,-40.01
"2020-10-04 11:36:23.9",4678616,-10,-10,-10,220,-0.001,-40.01
"2020-10-04 11:36:24",4678617,-10,-10,-10,220,-0.001,-40.01
"2020-10-04 11:36:24.1",4678618,-10,-10,-10,220,-0.002,-40.01
"2020-10-04 11:36:24.2",4678619,-10,-10,-10,220,-0.001,-40.01
"2020-10-04 11:36:24.3",4678620,-10,-10,-10,220,-0.002,-40.01
"2020-10-04 11:36:24.4",4678621,-10,-10,-10,220,-0.002,-40.01
"2020-10-04 11:36:24.5",4678622,-10,-10,-10,220,-0.002,-40.01
"2020-10-04 11:36:24.6",4678623,-10,-10,-10,220,-0.001,-40.01
"2020-10-04 11:36:24.7",4678624,-10,-10,-10,220,-0.002,-40.01
"2020-10-04 11:36:24.8",4678625,-10,-10,-10,220,-0.002,-40.01
"2020-10-04 11:36:24.9",4678626,-10,-10,-10,220,-0.001,-40.01
"2020-10-04 11:36:25",4678627,-10,-10,-10,220,-0.001,-40.01
"2020-10-04 11:36:25.1",4678628,-10,-10,-10,220,-0.002,-40.01
"2020-10-04 11:36:25.2",4678629,-10,-10,-10,220,-0.002,-40.01
"2020-10-04 11:36:25.3",4678630,-10,-10,-10,220,-0.002,-40.01
"2020-10-04 11:36:25.4",4678631,-10,-10,-10,220,-0.001,-40.01
"2020-10-04 11:36:25.5",4678632,-10,-10,-10,220,-0.001,-40.01
"2020-10-04 11:36:25.6",4678633,-10,-10,-10,220,-0.002,-40.01
"2020-10-04 11:36:25.7",4678634,-10,-10,-10,220,-0.002,-40.01
"2020-10-04 11:36:25.8",4678635,-10,-10,-10,220,-0.001,-40.01
"2020-10-04 11:36:25.9",4678636,-10,-10,-10,220,-0.001,-40.01
"2020-10-04 11:36:26",4678637,-10,-10,-10,220,-0.001,-40.01
"2020-10-04 11:36:26.1",4678638,-10,-10,-10,220,-0.002,-40.01
"2020-10-04 11:36:26.2",4678639,-10,-10,-10,220,-0.002,-40.01
"2020-10-04 11:36:26.3",4678640,-10,-10,-10,220,-0.002,-40.01
"2020-10-04 11:36:26.4",4678641,-10,-10,-10,220,-0.002,-40.01
"2020-10-04 11:36:26.5",4678642,-10,-10,-10,220,-0.001,-40.01
"2020-10-04 11:36:26.6",4678643,-10,-10,-10,220,-0.001,-40.01
"2020-10-04 11:36:26.7",4678644,-10,-10,-10,220,-0.002,-40.01
"2020-10-04 11:36:26.8",4678645,-10,-10,-10,220,-0.002,-40.01
"2020-10-04 11:36:26.9",4678646,-10,-10,-10,220,-0.001,-40.01
"2020-10-04 11:36:27",4678647,-10,-10,-10,220,-0.001,-40.01
"2020-10-04 11:36:27.1",4678648,-10,-10,-10,220,-0.001,-40.01
"2020-10-04 11:36:27.2",4678649,-10,-10,-10,220,-0.001,-40.01
"2020-10-04 11:36:27.3",4678650,-10,-10,-10,220,-0.002,-40.01
"2020-10-04 11:36:27.4",4678651,-10,-10,-10,220,-0.002,-40.01
"2020-10-04 11:36:27.5",4678652,-10,-10,-10,220,-0.002,-40.01
"2020-10-04 11:36:27.6",4678653,-10,-10,-10,220,-0.001,-40.01
"2020-10-04 11:36:27.7",4678654,-10,-10,-10,220,-0.002,-40.01
"2020-10-04 11:36:27.8",4678655,-10,-10,-10,220,-0.001,-40.01
"2020-10-04 11:36:27.9",4678656,-10,-10,-10,220,-0.001,-40.01
"2020-10-04 11:36:28",4678657,-10,-10,-10,220,-0.001,-40.01
"2020-10-04 11:36:28.1",4678658,-10,-10,-10,220,-0.002,-40.01
"2020-10-04 11:36:28.2",4678659,-10,-10,-10,220,-0.002,-40.01
"2020-10-04 11:36:28.3",4678660,-10,-10,-10,220,-0.001,-40.01
"2020-10-04 11:36:28.4",4678661,-10,-10,-10,220,-0.001,-40.01
"2020-10-04 11:36:28.5",4678662,-10,-10,-10,220,-0.002,-40.01
"2020-10-04 11:36:28.6",4678663,-10,-10,-10,220,-0.001,-40.01
"2020-10-04 11:36:28.7",4678664,-10,-10,-10,220,-0.002,-40.01
"2020-10-04 11:36:28.8",4678665,-10,-10,-10,220,-0.001,-40.01
"2020-10-04 11:36:28.9",4678666,-10,-10,-10,220,-0.001,-40.01
"2020-10-04 11:36:29",4678667,-10,-10,-10,220,-0.001,-40.01
"2020-10-04 11:36:29.1",4678668,-10,-10,-10,220,-0.001,-40.01
"2020-10-04 11:36:29.2",4678669,-10,-10,-10,220,-0.001,-40.01
"2020-10-04 11:36:29.3",4678670,-10,-10,-10,220,-0.002,-40.01
"2020-10-04 11:36:29.4",4678671,-10,-10,-10,220,-0.001,-40.01
"2020-10-04 11:36:29.5",4678672,-10,-10,-10,220,-0.002,-40.01
"2020-10-04 11:36:29.6",4678673,-10,-10,-10,220,-0.002,-40.01
"2020-10-04 11:36:29.7",4678674,-10,-10,-10,220,-0.001,-40.01
"2020-10-04 11:36:29.8",4678675,-10,-10,-10,220,-0.002,-40.01
"2020-10-04 11:36:29.9",4678676,-10,-10,-10,220,-0.001,-40.01
"2020-10-04 11:36:30",4678677,-10,-10,-10,220,-0.001,-40.01
"2020-10-04 11:36:30.1",4678678,-10,-10,-10,220,-0.001,-40.01
"2020-10-04 11:36:30.2",4678679,-10,-10,-10,220,-0.002,-40.01
"2020-10-04 11:36:30.3",4678680,-10,-10,-10,220,-0.001,-40.01
"2020-10-04 11:36:30.4",4678681,-10,-10,-10,220,-0.002,-40.01
"2020-10-04 11:36:30.5",4678682,-10,-10,-10,220,-0.002,-40.01
"2020-10-04 11:36:30.6",4678683,-10,-10,-10,220,-0.002,-40.01
"2020-10-04 11:36:30.7",4678684,-10,-10,-10,220,-0.002,-40.01
"2020-10-04 11:36:30.8",4678685,-10,-10,-10,220,-0.002,-40.01
"2020-10-04 11:36:30.9",4678686,-10,-10,-10,220,-0.001,-40.01
"2020-10-04 11:36:31",4678687,-10,-10,-10,220,-0.001,-40.01
"2020-10-04 11:36:31.1",4678688,-10,-10,-10,220,-0.002,-40.01
"2020-10-04 11:36:31.2",4678689,-10,-10,-10,220,-0.002,-40.01
"2020-10-04 11:36:31.3",4678690,-10,-10,-10,220,-0.002,-40.01
"2020-10-04 11:36:31.4",4678691,-10,-10,-10,220,-0.002,-40.01
"2020-10-04 11:36:31.5",4678692,-10,-10,-10,220,-0.002,-40.01
"2020-10-04 11:36:31.6",4678693,-10,-10,-10,220,-0.002,-40.01
"2020-10-04 11:36:31.7",4678694,-10,-10,-10,220,-0.001,-40.01
"2020-10-04 11:36:31.8",4678695,-10,-10,-10,220,-0.002,-40.01
"2020-10-04 11:36:31.9",4678696,-10,-10,-10,220,-0.002,-40.01
"2020-10-04 11:36:32",4678697,-10,-10,-10,220,-0.002,-40.01
"2020-10-04 11:36:32.1",4678698,-10,-10,-10,220,-0.002,-40.01
"2020-10-04 11:36:32.2",4678699,-10,-10,-10,220,-0.002,-40.01
"2020-10-04 11:36:32.3",4678700,-10,-10,-10,220,-0.001,-40.01
"2020-10-04 11:36:32.4",4678701,-10,-10,-10,220,-0.001,-40.01
"2020-10-04 11:36:32.5",4678702,-10,-10,-10,220,-0.001,-40.01
"2020-10-04 11:36:32.6",4678703,-10,-10,-10,220,-0.002,-40.01
"2020-10-04 11:36:32.7",4678704,-10,-10,-10,220,-0.002,-40.01
"2020-10-04 11:36:32.8",4678705,-10,-10,-10,220,-0.002,-40.01
"2020-10-04 11:36:32.9",4678706,-10,-10,-10,220,-0.002,-40.01
"2020-10-04 11:36:33",4678707,-10,-10,-10,220,-0.001,-40.01
"2020-10-04 11:36:33.1",4678708,-10,-10,-10,220,-0.002,-40.01
"2020-10-04 11:36:33.2",4678709,-10,-10,-10,220,-0.002,-40.01
"2020-10-04 11:36:33.3",4678710,-10,-10,-10,220,-0.001,-40.01
"2020-10-04 11:36:33.4",4678711,-10,-10,-10,220,-0.002,-40.01
"2020-10-04 11:36:33.5",4678712,-10,-10,-10,220,-0.001,-40.01
"2020-10-04 11:36:33.6",4678713,-10,-10,-10,220,-0.002,-40.01
"2020-10-04 11:36:33.7",4678714,-10,-10,-10,220,-0.002,-40.01
"2020-10-04 11:36:33.8",4678715,-10,-10,-10,220,-0.002,-40.01
"2020-10-04 11:36:33.9",4678716,-10,-10,-10,220,-0.002,-40.01
"2020-10-04 11:36:34",4678717,-10,-10,-10,220,-0.001,-40.01
"2020-10-04 11:36:34.1",4678718,-10,-10,-10,220,-0.002,-40.01
"2020-10-04 11:36:34.2",4678719,-10,-10,-10,220,-0.002,-40.01
"2020-10-04 11:36:34.3",4678720,-10,-10,-10,220,-0.001,-40.01
"2020-10-04 11:36:34.4",4678721,-10,-10,-10,220,-0.002,-40.01
"2020-10-04 11:36:34.5",4678722,-10,-10,-10,220,-0.001,-40.01
"2020-10-04 11:36:34.6",4678723,-10,-10,-10,220,-0.001,-40.01
"2020-10-04 11:36:34.7",4678724,-10,-10,-10,220,-0.002,-40.01
"2020-10-04 11:36:34.8",4678725,-10,-10,-10,220,-0.002,-40.01
"2020-10-04 11:36:34.9",4678726,-10,-10,-10,220,-0.001,-40.01
"2020-10-04 11:36:35",4678727,-10,-10,-10,220,-0.002,-40.01
"2020-10-04 11:36:35.1",4678728,-10,-10,-10,220,-0.002,-40.01
"2020-10-04 11:36:35.2",4678729,-10,-10,-10,220,-0.001,-40.01
"2020-10-04 11:36:35.3",4678730,-10,-10,-10,220,-0.002,-40.01
"2020-10-04 11:36:35.4",4678731,-10,-10,-10,220,-0.001,-40.01
"2020-10-04 11:36:35.5",4678732,-10,-10,-10,220,-0.002,-40.01
"2020-10-04 11:36:35.6",4678733,-10,-10,-10,220,-0.002,-40.01
"2020-10-04 11:36:35.7",4678734,-10,-10,-10,220,-0.002,-40.01
"2020-10-04 11:36:35.8",4678735,-10,-10,-10,220,-0.002,-40.01
"2020-10-04 11:36:35.9",4678736,-10,-10,-10,220,-0.001,-40.01
"2020-10-04 11:36:36",4678737,-10,-10,-10,220,-0.002,-40.01
"2020-10-04 11:36:36.1",4678738,-10,-10,-10,220,-0.002,-40.01
"2020-10-04 11:36:36.2",4678739,-10,-10,-10,220,-0.002,-40.01
"2020-10-04 11:36:36.3",4678740,-10,-10,-10,220,-0.002,-40.01
"2020-10-04 11:36:36.4",4678741,-10,-10,-10,220,-0.002,-40.01
"2020-10-04 11:36:36.5",4678742,-10,-10,-10,220,-0.001,-40.01
"2020-10-04 11:36:36.6",4678743,-10,-10,-10,220,-0.001,-40.01
"2020-10-04 11:36:36.7",4678744,-10,-10,-10,220,-0.001,-40.01
"2020-10-04 11:36:36.8",4678745,-10,-10,-10,220,-0.002,-40.01
"2020-10-04 11:36:36.9",4678746,-10,-10,-10,220,-0.002,-40.01
"2020-10-04 11:36:37",4678747,-10,-10,-10,220,-0.002,-40.01
"2020-10-04 11:36:37.1",4678748,-10,-10,-10,220,-0.002,-40.01
"2020-10-04 11:36:37.2",4678749,-10,-10,-10,220,-0.002,-40.01
"2020-10-04 11:36:37.3",4678750,-10,-10,-10,220,-0.002,-40.01
"2020-10-04 11:36:37.4",4678751,-10,-10,-10,220,-0.001,-40.01
"2020-10-04 11:36:37.5",4678752,-10,-10,-10,220,-0.002,-40.01
"2020-10-04 11:36:37.6",4678753,-10,-10,-10,220,-0.002,-40.01
"2020-10-04 11:36:37.7",4678754,-10,-10,-10,220,-0.001,-40.01
"2020-10-04 11:36:37.8",4678755,-10,-10,-10,220,-0.002,-40.01
"2020-10-04 11:36:37.9",4678756,-10,-10,-10,220,-0.001,-40.01
"2020-10-04 11:36:38",4678757,-10,-10,-10,220,-0.001,-40.01
"2020-10-04 11:36:38.1",4678758,-10,-10,-10,220,-0.002,-40.01
"2020-10-04 11:36:38.2",4678759,-10,-10,-10,220,-0.001,-40.01
"2020-10-04 11:36:38.3",4678760,-10,-10,-10,220,-0.002,-40.01
"2020-10-04 11:36:38.4",4678761,-10,-10,-10,220,-0.001,-40.01
"2020-10-04 11:36:38.5",4678762,-10,-10,-10,220,-0.001,-40.01
"2020-10-04 11:36:38.6",4678763,-10,-10,-10,220,-0.001,-40.01
"2020-10-04 11:36:38.7",4678764,-10,-10,-10,220,-0.002,-40.01
"2020-10-04 11:36:38.8",4678765,-10,-10,-10,220,-0.002,-40.01
"2020-10-04 11:36:38.9",4678766,-10,-10,-10,220,-0.002,-40.01
"2020-10-04 11:36:39",4678767,-10,-10,-10,220,-0.002,-40.01
"2020-10-04 11:36:39.1",4678768,-10,-10,-10,220,-0.002,-40.01
"2020-10-04 11:36:39.2",4678769,-10,-10,-10,220,-0.002,-40.01
"2020-10-04 11:36:39.3",4678770,-10,-10,-10,220,-0.002,-40.01
"2020-10-04 11:36:39.4",4678771,-10,-10,-10,220,-0.002,-40.01
"2020-10-04 11:36:39.5",4678772,-10,-10,-10,220,-0.002,-40.01
"2020-10-04 11:36:39.6",4678773,-10,-10,-10,220,-0.002,-40.01
"2020-10-04 11:36:39.7",4678774,-10,-10,-10,220,-0.002,-40.01
"2020-10-04 11:36:39.8",4678775,-10,-10,-10,220,-0.002,-40.01
"2020-10-04 11:36:39.9",4678776,-10,-10,-10,220,-0.002,-40.01
"2020-10-04 11:36:40",4678777,-10,-10,-10,220,-0.002,-40.01
"2020-10-04 11:36:40.1",4678778,-10,-10,-10,220,-0.002,-40.01
"2020-10-04 11:36:40.2",4678779,-10,-10,-10,220,-0.001,-40.01
"2020-10-04 11:36:40.3",4678780,-10,-10,-10,220,-0.002,-40.01
"2020-10-04 11:36:40.4",4678781,-10,-10,-10,220,-0.002,-40.01
"2020-10-04 11:36:40.5",4678782,-10,-10,-10,220,-0.002,-40.01
"2020-10-04 11:36:40.6",4678783,-10,-10,-10,220,-0.002,-40.01
"2020-10-04 11:36:40.7",4678784,-10,-10,-10,220,-0.001,-40.01
"2020-10-04 11:36:40.8",4678785,-10,-10,-10,220,-0.002,-40.01
"2020-10-04 11:36:40.9",4678786,-10,-10,-10,220,-0.001,-40.01
"2020-10-04 11:36:41",4678787,-10,-10,-10,220,-0.002,-40.01
"2020-10-04 11:36:41.1",4678788,-10,-10,-10,220,-0.002,-40.01
"2020-10-04 11:36:41.2",4678789,-10,-10,-10,220,-0.002,-40.01
"2020-10-04 11:36:41.3",4678790,-10,-10,-10,220,-0.001,-40.01
"2020-10-04 11:36:41.4",4678791,-10,-10,-10,220,-0.001,-40.01
"2020-10-04 11:36:41.5",4678792,-10,-10,-10,220,-0.002,-40.01
"2020-10-04 11:36:41.6",4678793,-10,-10,-10,220,-0.002,-40.01
"2020-10-04 11:36:41.7",4678794,-10,-10,-10,220,-0.001,-40.01
"2020-10-04 11:36:41.8",4678795,-10,-10,-10,220,-0.001,-40.01
"2020-10-04 11:36:41.9",4678796,-10,-10,-10,220,-0.002,-40.01
"2020-10-04 11:36:42",4678797,-10,-10,-10,220,-0.002,-40.01
"2020-10-04 11:36:42.1",4678798,-10,-10,-10,220,-0.002,-40.01
"2020-10-04 11:36:42.2",4678799,-10,-10,-10,220,-0.002,-40.01
"2020-10-04 11:36:42.3",4678800,-10,-10,-10,220,-0.001,-40.01
"2020-10-04 11:36:42.4",4678801,-10,-10,-10,220,-0.001,-40.01
"2020-10-04 11:36:42.5",4678802,-10,-10,-10,220,-0.002,-40.01
"2020-10-04 11:36:42.6",4678803,-10,-10,-10,220,-0.002,-40.01
"2020-10-04 11:36:42.7",4678804,-10,-10,-10,220,-0.001,-40.01
"2020-10-04 11:36:42.8",4678805,-10,-10,-10,220,-0.001,-40.01
"2020-10-04 11:36:42.9",4678806,-10,-10,-10,220,-0.001,-40.01
"2020-10-04 11:36:43",4678807,-10,-10,-10,220,-0.002,-40.01
"2020-10-04 11:36:43.1",4678808,-10,-10,-10,220,-0.001,-40.01
"2020-10-04 11:36:43.2",4678809,-10,-10,-10,220,-0.001,-40.01
"2020-10-04 11:36:43.3",4678810,-10,-10,-10,220,-0.002,-40.01
"2020-10-04 11:36:43.4",4678811,-10,-10,-10,220,-0.002,-40.01
"2020-10-04 11:36:43.5",4678812,-10,-10,-10,220,-0.001,-40.01
"2020-10-04 11:36:43.6",4678813,-10,-10,-10,220,-0.002,-40.01
"2020-10-04 11:36:43.7",4678814,-10,-10,-10,220,-0.002,-40.01
"2020-10-04 11:36:43.8",4678815,-10,-10,-10,220,-0.002,-40.01
"2020-10-04 11:36:43.9",4678816,-10,-10,-10,220,-0.001,-40.01
"2020-10-04 11:36:44",4678817,-10,-10,-10,220,-0.001,-40.01
"2020-10-04 11:36:44.1",4678818,-10,-10,-10,220,-0.002,-40.01
"2020-10-04 11:36:44.2",4678819,-10,-10,-10,220,-0.002,-40.01
"2020-10-04 11:36:44.3",4678820,-10,-10,-10,220,-0.002,-40.01
"2020-10-04 11:36:44.4",4678821,-10,-10,-10,220,-0.002,-40.01
"2020-10-04 11:36:44.5",4678822,-10,-10,-10,220,-0.002,-40.01
"2020-10-04 11:36:44.6",4678823,-10,-10,-10,220,-0.001,-40.01
"2020-10-04 11:36:44.7",4678824,-10,-10,-10,220,-0.001,-40.01
"2020-10-04 11:36:44.8",4678825,-10,-10,-10,220,-0.001,-40.01
"2020-10-04 11:36:44.9",4678826,-10,-10,-10,220,-0.001,-40.01
"2020-10-04 11:36:45",4678827,-10,-10,-10,220,-0.001,-40.01
"2020-10-04 11:36:45.1",4678828,-10,-10,-10,220,-0.002,-40.01
"2020-10-04 11:36:45.2",4678829,-10,-10,-10,220,-0.002,-40.01
"2020-10-04 11:36:45.3",4678830,-10,-10,-10,220,-0.002,-40.01
"2020-10-04 11:36:45.4",4678831,-10,-10,-10,220,-0.002,-40.01
"2020-10-04 11:36:45.5",4678832,-10,-10,-10,220,-0.001,-40.01
"2020-10-04 11:36:45.6",4678833,-10,-10,-10,220,-0.001,-40.01
"2020-10-04 11:36:45.7",4678834,-10,-10,-10,220,-0.001,-40.01
"2020-10-04 11:36:45.8",4678835,-10,-10,-10,220,-0.002,-40.01
"2020-10-04 11:36:45.9",4678836,-10,-10,-10,220,-0.002,-40.01
"2020-10-04 11:36:46",4678837,-10,-10,-10,220,-0.001,-40.01
"2020-10-04 11:36:46.1",4678838,-10,-10,-10,220,-0.002,-40.01
"2020-10-04 11:36:46.2",4678839,-10,-10,-10,220,-0.001,-40.01
"2020-10-04 11:36:46.3",4678840,-10,-10,-10,220,-0.002,-40.01
"2020-10-04 11:36:46.4",4678841,-10,-10,-10,220,-0.001,-40.01
"2020-10-04 11:36:46.5",4678842,-10,-10,-10,220,-0.001,-40.01
"2020-10-04 11:36:46.6",4678843,-10,-10,-10,220,-0.002,-40.01
"2020-10-04 11:36:46.7",4678844,-10,-10,-10,220,-0.001,-40.01
"2020-10-04 11:36:46.8",4678845,-10,-10,-10,220,-0.001,-40.01
"2020-10-04 11:36:46.9",4678846,-10,-10,-10,220,-0.002,-40.01
"2020-10-04 11:36:47",4678847,-10,-10,-10,220,-0.001,-40.01
"2020-10-04 11:36:47.1",4678848,-10,-10,-10,220,-0.002,-40.01
"2020-10-04 11:36:47.2",4678849,-10,-10,-10,220,-0.001,-40.01
"2020-10-04 11:36:47.3",4678850,-10,-10,-10,220,-0.002,-40.01
"2020-10-04 11:36:47.4",4678851,-10,-10,-10,220,-0.001,-40.01
"2020-10-04 11:36:47.5",4678852,-10,-10,-10,220,-0.002,-40.01
"2020-10-04 11:36:47.6",4678853,-10,-10,-10,220,-0.002,-40.01
"2020-10-04 11:36:47.7",4678854,-10,-10,-10,220,-0.002,-40.01
"2020-10-04 11:36:47.8",4678855,-10,-10,-10,220,-0.002,-40.01
"2020-10-04 11:36:47.9",4678856,-10,-10,-10,220,-0.001,-40.01
"2020-10-04 11:36:48",4678857,-10,-10,-10,220,-0.002,-40.01
"2020-10-04 11:36:48.1",4678858,-10,-10,-10,220,-0.002,-40.01
"2020-10-04 11:36:48.2",4678859,-10,-10,-10,220,-0.002,-40.01
"2020-10-04 11:36:48.3",4678860,-10,-10,-10,220,-0.002,-40.01
"2020-10-04 11:36:48.4",4678861,-10,-10,-10,220,-0.002,-40.01
"2020-10-04 11:36:48.5",4678862,-10,-10,-10,220,-0.002,-40.01
"2020-10-04 11:36:48.6",4678863,-10,-10,-10,220,-0.002,-40.01
"2020-10-04 11:36:48.7",4678864,-10,-10,-10,220,-0.002,-40.01
"2020-10-04 11:36:48.8",4678865,-10,-10,-10,220,-0.002,-40.01
"2020-10-04 11:36:48.9",4678866,-10,-10,-10,220,-0.002,-40.01
"2020-10-04 11:36:49",4678867,-10,-10,-10,220,-0.002,-40.01
"2020-10-04 11:36:49.1",4678868,-10,-10,-10,220,-0.002,-40.01
"2020-10-04 11:36:49.2",4678869,-10,-10,-10,220,-0.001,-40.01
"2020-10-04 11:36:49.3",4678870,-10,-10,-10,220,-0.002,-40.01
"2020-10-04 11:36:49.4",4678871,-10,-10,-10,220,-0.001,-40.01
"2020-10-04 11:36:49.5",4678872,-10,-10,-10,220,-0.002,-40.01
"2020-10-04 11:36:49.6",4678873,-10,-10,-10,220,-0.002,-40.01
"2020-10-04 11:36:49.7",4678874,-10,-10,-10,220,-0.001,-40.01
"2020-10-04 11:36:49.8",4678875,-10,-10,-10,220,-0.001,-40.01
"2020-10-04 11:36:49.9",4678876,-10,-10,-10,220,-0.002,-40.01
"2020-10-04 11:36:50",4678877,-10,-10,-10,220,-0.002,-40.01
"2020-10-04 11:36:50.1",4678878,-10,-10,-10,220,-0.002,-40.01
"2020-10-04 11:36:50.2",4678879,-10,-10,-10,220,-0.002,-40.01
"2020-10-04 11:36:50.3",4678880,-10,-10,-10,220,-0.002,-40.01
"2020-10-04 11:36:50.4",4678881,-10,-10,-10,220,-0.002,-40.01
"2020-10-04 11:36:50.5",4678882,-10,-10,-10,220,-0.002,-40.01
"2020-10-04 11:36:50.6",4678883,-10,-10,-10,220,-0.002,-40.01
"2020-10-04 11:36:50.7",4678884,-10,-10,-10,220,-0.002,-40.01
"2020-10-04 11:36:50.8",4678885,-10,-10,-10,220,-0.002,-40.01
"2020-10-04 11:36:50.9",4678886,-10,-10,-10,220,-0.002,-40.01
