"TOA5","10329","CR6","10329","CR6.Std.09.01 CR6-WIFI.04.00.01","CPU:YOUNG81000_HMP60_10Hz.CR6","51185","Young10Hz_hmp"
"TIMESTAMP","RECORD","U","V","W","TSonic","RH","T_HMP60"
"TS","RN","mV","mV","mV","mV","%","Deg C"
"","","Smp","Smp","Smp","Smp","Smp","Smp"
"2020-10-07 11:14:51",7257687,-10,-10,-10,220,-0.003,-40.01
"2020-10-07 11:14:51.1",7257688,-10,-10,-10,220,-0.003,-40.01
"2020-10-07 11:14:51.2",7257689,-10,-10,-10,220,-0.003,-40.01
"2020-10-07 11:14:51.3",7257690,-10,-10,-10,220,-0.003,-40.01
"2020-10-07 11:14:51.4",7257691,-10,-10,-10,220,-0.003,-40.01
"2020-10-07 11:14:51.5",7257692,-10,-10,-10,220,-0.003,-40.01
"2020-10-07 11:14:51.6",7257693,-10,-10,-10,220,-0.003,-40.01
"2020-10-07 11:14:51.7",7257694,-10,-10,-10,220,-0.003,-40.01
"2020-10-07 11:14:51.8",7257695,-10,-10,-10,220,-0.003,-40.01
"2020-10-07 11:14:51.9",7257696,-10,-10,-10,220,-0.003,-40.01
"2020-10-07 11:14:52",7257697,-10,-10,-10,220,-0.003,-40.01
"2020-10-07 11:14:52.1",7257698,-10,-10,-10,220,-0.003,-40.01
"2020-10-07 11:14:52.2",7257699,-10,-10,-10,220,-0.003,-40.01
"2020-10-07 11:14:52.3",7257700,-10,-10,-10,220,-0.003,-40.01
"2020-10-07 11:14:52.4",7257701,-10,-10,-10,220,-0.003,-40.01
"2020-10-07 11:14:52.5",7257702,-10,-10,-10,220,-0.003,-40.01
"2020-10-07 11:14:52.6",7257703,-10,-10,-10,220,-0.003,-40.01
"2020-10-07 11:14:52.7",7257704,-10,-10,-10,220,-0.003,-40.01
"2020-10-07 11:14:52.8",7257705,-10,-10,-10,220,-0.003,-40.01
"2020-10-07 11:14:52.9",7257706,-10,-10,-10,220,-0.003,-40.01
"2020-10-07 11:14:53",7257707,-10,-10,-10,220,-0.003,-40.01
"2020-10-07 11:14:53.1",7257708,-10,-10,-10,220,-0.003,-40.01
"2020-10-07 11:14:53.2",7257709,-10,-10,-10,220,-0.003,-40.01
"2020-10-07 11:14:53.3",7257710,-10,-10,-10,220,-0.003,-40.01
"2020-10-07 11:14:53.4",7257711,-10,-10,-10,220,-0.003,-40.01
"2020-10-07 11:14:53.5",7257712,-10,-10,-10,220,-0.003,-40.01
"2020-10-07 11:14:53.6",7257713,-10,-10,-10,220,-0.003,-40.01
"2020-10-07 11:14:53.7",7257714,-10,-10,-10,220,-0.003,-40.01
"2020-10-07 11:14:53.8",7257715,-10,-10,-10,220,-0.003,-40.01
"2020-10-07 11:14:53.9",7257716,-10,-10,-10,220,-0.003,-40.01
"2020-10-07 11:14:54",7257717,-10,-10,-10,220,-0.003,-40.01
"2020-10-07 11:14:54.1",7257718,-10,-10,-10,220,-0.003,-40.01
"2020-10-07 11:14:54.2",7257719,-10,-10,-10,220,-0.003,-40.01
"2020-10-07 11:14:54.3",7257720,-10,-10,-10,220,-0.003,-40.01
"2020-10-07 11:14:54.4",7257721,-10,-10,-10,220,-0.003,-40.01
"2020-10-07 11:14:54.5",7257722,-10,-10,-10,220,-0.003,-40.01
"2020-10-07 11:14:54.6",7257723,-10,-10,-10,220,-0.003,-40.01
"2020-10-07 11:14:54.7",7257724,-10,-10,-10,220,-0.003,-40.01
"2020-10-07 11:14:54.8",7257725,-10,-10,-10,220,-0.003,-40.01
"2020-10-07 11:14:54.9",7257726,-10,-10,-10,220,-0.003,-40.01
"2020-10-07 11:14:55",7257727,-10,-10,-10,220,-0.003,-40.01
"2020-10-07 11:14:55.1",7257728,-10,-10,-10,220,-0.003,-40.01
"2020-10-07 11:14:55.2",7257729,-10,-10,-10,220,-0.003,-40.01
"2020-10-07 11:14:55.3",7257730,-10,-10,-10,220,-0.003,-40.01
"2020-10-07 11:14:55.4",7257731,-10,-10,-10,220,-0.003,-40.01
"2020-10-07 11:14:55.5",7257732,-10,-10,-10,220,-0.003,-40.01
"2020-10-07 11:14:55.6",7257733,-10,-10,-10,220,-0.003,-40.01
"2020-10-07 11:14:55.7",7257734,-10,-10,-10,220,-0.003,-40.01
"2020-10-07 11:14:55.8",7257735,-10,-10,-10,220,-0.003,-40.01
"2020-10-07 11:14:55.9",7257736,-10,-10,-10,220,-0.003,-40.01
"2020-10-07 11:14:56",7257737,-10,-10,-10,220,-0.003,-40.01
"2020-10-07 11:14:56.1",7257738,-10,-10,-10,220,-0.003,-40.01
"2020-10-07 11:14:56.2",7257739,-10,-10,-10,220,-0.003,-40.01
"2020-10-07 11:14:56.3",7257740,-10,-10,-10,220,-0.003,-40.01
"2020-10-07 11:14:56.4",7257741,-10,-10,-10,220,-0.003,-40.01
"2020-10-07 11:14:56.5",7257742,-10,-10,-10,220,-0.003,-40.01
"2020-10-07 11:14:56.6",7257743,-10,-10,-10,220,-0.003,-40.01
"2020-10-07 11:14:56.7",7257744,-10,-10,-10,220,-0.003,-40.01
"2020-10-07 11:14:56.8",7257745,-10,-10,-10,220,-0.003,-40.01
"2020-10-07 11:14:56.9",7257746,-10,-10,-10,220,-0.003,-40.01
"2020-10-07 11:14:57",7257747,-10,-10,-10,220,-0.003,-40.01
"2020-10-07 11:14:57.1",7257748,-10,-10,-10,220,-0.003,-40.01
"2020-10-07 11:14:57.2",7257749,-10,-10,-10,220,-0.003,-40.01
"2020-10-07 11:14:57.3",7257750,-10,-10,-10,220,-0.003,-40.01
"2020-10-07 11:14:57.4",7257751,-10,-10,-10,220,-0.003,-40.01
"2020-10-07 11:14:57.5",7257752,-10,-10,-10,220,-0.003,-40.01
"2020-10-07 11:14:57.6",7257753,-10,-10,-10,220,-0.003,-40.01
"2020-10-07 11:14:57.7",7257754,-10,-10,-10,220,-0.003,-40.01
"2020-10-07 11:14:57.8",7257755,-10,-10,-10,220,-0.003,-40.01
"2020-10-07 11:14:57.9",7257756,-10,-10,-10,220,-0.003,-40.01
"2020-10-07 11:14:58",7257757,-10,-10,-10,220,-0.003,-40.01
"2020-10-07 11:14:58.1",7257758,-10,-10,-10,220,-0.003,-40.01
"2020-10-07 11:14:58.2",7257759,-10,-10,-10,220,-0.003,-40.01
"2020-10-07 11:14:58.3",7257760,-10,-10,-10,220,-0.003,-40.01
"2020-10-07 11:14:58.4",7257761,-10,-10,-10,220,-0.003,-40.01
"2020-10-07 11:14:58.5",7257762,-10,-10,-10,220,-0.003,-40.01
"2020-10-07 11:14:58.6",7257763,-10,-10,-10,220,-0.003,-40.01
"2020-10-07 11:14:58.7",7257764,-10,-10,-10,220,-0.003,-40.01
"2020-10-07 11:14:58.8",7257765,-10,-10,-10,220,-0.003,-40.01
"2020-10-07 11:14:58.9",7257766,-10,-10,-10,220,-0.003,-40.01
"2020-10-07 11:14:59",7257767,-10,-10,-10,220,-0.003,-40.01
"2020-10-07 11:14:59.1",7257768,-10,-10,-10,220,-0.003,-40.01
"2020-10-07 11:14:59.2",7257769,-10,-10,-10,220,-0.003,-40.01
"2020-10-07 11:14:59.3",7257770,-10,-10,-10,220,-0.003,-40.01
"2020-10-07 11:14:59.4",7257771,-10,-10,-10,220,-0.003,-40.01
"2020-10-07 11:14:59.5",7257772,-10,-10,-10,220,-0.003,-40.01
"2020-10-07 11:14:59.6",7257773,-10,-10,-10,220,-0.003,-40.01
"2020-10-07 11:14:59.7",7257774,-10,-10,-10,220,-0.003,-40.01
"2020-10-07 11:14:59.8",7257775,-10,-10,-10,220,-0.003,-40.01
"2020-10-07 11:14:59.9",7257776,-10,-10,-10,220,-0.003,-40.01
"2020-10-07 11:15:00",7257777,-10,-10,-10,220,-0.003,-40.01
"2020-10-07 11:15:00.1",7257778,-10,-10,-10,220,-0.008,-40.02
"2020-10-07 11:15:00.2",7257779,-10,-10,-10,220,-0.008,-40.02
"2020-10-07 11:15:00.3",7257780,-10,-10,-10,220,-0.002,-40
"2020-10-07 11:15:00.4",7257781,-10,-10,-10,220,-0.003,-40.01
"2020-10-07 11:15:00.5",7257782,-10,-10,-10,220,-0.003,-40.01
"2020-10-07 11:15:00.6",7257783,-10,-10,-10,220,-0.003,-40.01
"2020-10-07 11:15:00.7",7257784,-10,-10,-10,220,-0.003,-40.01
"2020-10-07 11:15:00.8",7257785,-10,-10,-10,220,-0.003,-40.01
"2020-10-07 11:15:00.9",7257786,-10,-10,-10,220,-0.003,-40.01
"2020-10-07 11:15:01",7257787,-10,-10,-10,220,-0.003,-40.01
"2020-10-07 11:15:01.1",7257788,-10,-10,-10,220,-0.003,-40.01
"2020-10-07 11:15:01.2",7257789,-10,-10,-10,220,-0.003,-40.01
"2020-10-07 11:15:01.3",7257790,-10,-10,-10,220,-0.003,-40.01
"2020-10-07 11:15:01.4",7257791,-10,-10,-10,220,-0.003,-40.01
"2020-10-07 11:15:01.5",7257792,-10,-10,-10,220,-0.003,-40.01
"2020-10-07 11:15:01.6",7257793,-10,-10,-10,220,-0.003,-40.01
"2020-10-07 11:15:01.7",7257794,-10,-10,-10,220,-0.003,-40.01
"2020-10-07 11:15:01.8",7257795,-10,-10,-10,220,-0.003,-40.01
"2020-10-07 11:15:01.9",7257796,-10,-10,-10,220,-0.003,-40.01
"2020-10-07 11:15:02",7257797,-10,-10,-10,220,-0.003,-40.01
"2020-10-07 11:15:02.1",7257798,-10,-10,-10,220,-0.003,-40.01
"2020-10-07 11:15:02.2",7257799,-10,-10,-10,220,-0.003,-40.01
"2020-10-07 11:15:02.3",7257800,-10,-10,-10,220,-0.003,-40.01
"2020-10-07 11:15:02.4",7257801,-10,-10,-10,220,-0.003,-40.01
"2020-10-07 11:15:02.5",7257802,-10,-10,-10,220,-0.003,-40.01
"2020-10-07 11:15:02.6",7257803,-10,-10,-10,220,-0.003,-40.01
"2020-10-07 11:15:02.7",7257804,-10,-10,-10,220,-0.003,-40.01
"2020-10-07 11:15:02.8",7257805,-10,-10,-10,220,-0.003,-40.01
"2020-10-07 11:15:02.9",7257806,-10,-10,-10,220,-0.003,-40.01
"2020-10-07 11:15:03",7257807,-10,-10,-10,220,-0.003,-40.01
"2020-10-07 11:15:03.1",7257808,-10,-10,-10,220,-0.003,-40.01
"2020-10-07 11:15:03.2",7257809,-10,-10,-10,220,-0.003,-40.01
"2020-10-07 11:15:03.3",7257810,-10,-10,-10,220,-0.003,-40.01
"2020-10-07 11:15:03.4",7257811,-10,-10,-10,220,-0.003,-40.01
"2020-10-07 11:15:03.5",7257812,-10,-10,-10,220,-0.003,-40.01
"2020-10-07 11:15:03.6",7257813,-10,-10,-10,220,-0.003,-40.01
"2020-10-07 11:15:03.7",7257814,-10,-10,-10,220,-0.003,-40.01
"2020-10-07 11:15:03.8",7257815,-10,-10,-10,220,-0.003,-40.01
"2020-10-07 11:15:03.9",7257816,-10,-10,-10,220,-0.003,-40.01
"2020-10-07 11:15:04",7257817,-10,-10,-10,220,-0.003,-40.01
"2020-10-07 11:15:04.1",7257818,-10,-10,-10,220,-0.003,-40.01
"2020-10-07 11:15:04.2",7257819,-10,-10,-10,220,-0.003,-40.01
"2020-10-07 11:15:04.3",7257820,-10,-10,-10,220,-0.003,-40.01
"2020-10-07 11:15:04.4",7257821,-10,-10,-10,220,-0.003,-40.01
"2020-10-07 11:15:04.5",7257822,-10,-10,-10,220,-0.003,-40.01
"2020-10-07 11:15:04.6",7257823,-10,-10,-10,220,-0.003,-40.01
"2020-10-07 11:15:04.7",7257824,-10,-10,-10,220,-0.003,-40.01
"2020-10-07 11:15:04.8",7257825,-10,-10,-10,220,-0.003,-40.01
"2020-10-07 11:15:04.9",7257826,-10,-10,-10,220,-0.003,-40.01
"2020-10-07 11:15:05",7257827,-10,-10,-10,220,-0.003,-40.01
"2020-10-07 11:15:05.1",7257828,-10,-10,-10,220,-0.003,-40.01
"2020-10-07 11:15:05.2",7257829,-10,-10,-10,220,-0.003,-40.01
"2020-10-07 11:15:05.3",7257830,-10,-10,-10,220,-0.003,-40.01
"2020-10-07 11:15:05.4",7257831,-10,-10,-10,220,-0.003,-40.01
"2020-10-07 11:15:05.5",7257832,-10,-10,-10,220,-0.003,-40.01
"2020-10-07 11:15:05.6",7257833,-10,-10,-10,220,-0.003,-40.01
"2020-10-07 11:15:05.7",7257834,-10,-10,-10,220,-0.003,-40.01
"2020-10-07 11:15:05.8",7257835,-10,-10,-10,220,-0.003,-40.01
"2020-10-07 11:15:05.9",7257836,-10,-10,-10,220,-0.003,-40.01
"2020-10-07 11:15:06",7257837,-10,-10,-10,220,-0.003,-40.01
"2020-10-07 11:15:06.1",7257838,-10,-10,-10,220,-0.003,-40.01
"2020-10-07 11:15:06.2",7257839,-10,-10,-10,220,-0.003,-40.01
"2020-10-07 11:15:06.3",7257840,-10,-10,-10,220,-0.003,-40.01
"2020-10-07 11:15:06.4",7257841,-10,-10,-10,220,-0.003,-40.01
"2020-10-07 11:15:06.5",7257842,-10,-10,-10,220,-0.003,-40.01
"2020-10-07 11:15:06.6",7257843,-10,-10,-10,220,-0.003,-40.01
"2020-10-07 11:15:06.7",7257844,-10,-10,-10,220,-0.003,-40.01
"2020-10-07 11:15:06.8",7257845,-10,-10,-10,220,-0.003,-40.01
"2020-10-07 11:15:06.9",7257846,-10,-10,-10,220,-0.003,-40.01
"2020-10-07 11:15:07",7257847,-10,-10,-10,220,-0.003,-40.01
"2020-10-07 11:15:07.1",7257848,-10,-10,-10,220,-0.003,-40.01
"2020-10-07 11:15:07.2",7257849,-10,-10,-10,220,-0.003,-40.01
"2020-10-07 11:15:07.3",7257850,-10,-10,-10,220,-0.003,-40.01
"2020-10-07 11:15:07.4",7257851,-10,-10,-10,220,-0.003,-40.01
"2020-10-07 11:15:07.5",7257852,-10,-10,-10,220,-0.003,-40.01
"2020-10-07 11:15:07.6",7257853,-10,-10,-10,220,-0.003,-40.01
"2020-10-07 11:15:07.7",7257854,-10,-10,-10,220,-0.003,-40.01
"2020-10-07 11:15:07.8",7257855,-10,-10,-10,220,-0.003,-40.01
"2020-10-07 11:15:07.9",7257856,-10,-10,-10,220,-0.003,-40.01
"2020-10-07 11:15:08",7257857,-10,-10,-10,220,-0.003,-40.01
"2020-10-07 11:15:08.1",7257858,-10,-10,-10,220,-0.003,-40.01
"2020-10-07 11:15:08.2",7257859,-10,-10,-10,220,-0.003,-40.01
"2020-10-07 11:15:08.3",7257860,-10,-10,-10,220,-0.003,-40.01
"2020-10-07 11:15:08.4",7257861,-10,-10,-10,220,-0.003,-40.01
"2020-10-07 11:15:08.5",7257862,-10,-10,-10,220,-0.003,-40.01
"2020-10-07 11:15:08.6",7257863,-10,-10,-10,220,-0.003,-40.01
"2020-10-07 11:15:08.7",7257864,-10,-10,-10,220,-0.003,-40.01
"2020-10-07 11:15:08.8",7257865,-10,-10,-10,220,-0.003,-40.01
"2020-10-07 11:15:08.9",7257866,-10,-10,-10,220,-0.003,-40.01
"2020-10-07 11:15:09",7257867,-10,-10,-10,220,-0.003,-40.01
"2020-10-07 11:15:09.1",7257868,-10,-10,-10,220,-0.003,-40.01
"2020-10-07 11:15:09.2",7257869,-10,-10,-10,220,-0.003,-40.01
"2020-10-07 11:15:09.3",7257870,-10,-10,-10,220,-0.003,-40.01
"2020-10-07 11:15:09.4",7257871,-10,-10,-10,220,-0.003,-40.01
"2020-10-07 11:15:09.5",7257872,-10,-10,-10,220,-0.003,-40.01
"2020-10-07 11:15:09.6",7257873,-10,-10,-10,220,-0.003,-40.01
"2020-10-07 11:15:09.7",7257874,-10,-10,-10,220,-0.003,-40.01
"2020-10-07 11:15:09.8",7257875,-10,-10,-10,220,-0.003,-40.01
"2020-10-07 11:15:09.9",7257876,-10,-10,-10,220,-0.003,-40.01
"2020-10-07 11:15:10",7257877,-10,-10,-10,220,-0.003,-40.01
"2020-10-07 11:15:10.1",7257878,-10,-10,-10,220,-0.003,-40.01
"2020-10-07 11:15:10.2",7257879,-10,-10,-10,220,-0.003,-40.01
"2020-10-07 11:15:10.3",7257880,-10,-10,-10,220,-0.003,-40.01
"2020-10-07 11:15:10.4",7257881,-10,-10,-10,220,-0.003,-40.01
"2020-10-07 11:15:10.5",7257882,-10,-10,-10,220,-0.003,-40.01
"2020-10-07 11:15:10.6",7257883,-10,-10,-10,220,-0.003,-40.01
"2020-10-07 11:15:10.7",7257884,-10,-10,-10,220,-0.003,-40.01
"2020-10-07 11:15:10.8",7257885,-10,-10,-10,220,-0.003,-40.01
"2020-10-07 11:15:10.9",7257886,-10,-10,-10,220,-0.003,-40.01
"2020-10-07 11:15:11",7257887,-10,-10,-10,220,-0.003,-40.01
"2020-10-07 11:15:11.1",7257888,-10,-10,-10,220,-0.003,-40.01
"2020-10-07 11:15:11.2",7257889,-10,-10,-10,220,-0.003,-40.01
"2020-10-07 11:15:11.3",7257890,-10,-10,-10,220,-0.003,-40.01
"2020-10-07 11:15:11.4",7257891,-10,-10,-10,220,-0.003,-40.01
"2020-10-07 11:15:11.5",7257892,-10,-10,-10,220,-0.003,-40.01
"2020-10-07 11:15:11.6",7257893,-10,-10,-10,220,-0.003,-40.01
"2020-10-07 11:15:11.7",7257894,-10,-10,-10,220,-0.003,-40.01
"2020-10-07 11:15:11.8",7257895,-10,-10,-10,220,-0.003,-40.01
"2020-10-07 11:15:11.9",7257896,-10,-10,-10,220,-0.003,-40.01
"2020-10-07 11:15:12",7257897,-10,-10,-10,220,-0.003,-40.01
"2020-10-07 11:15:12.1",7257898,-10,-10,-10,220,-0.003,-40.01
"2020-10-07 11:15:12.2",7257899,-10,-10,-10,220,-0.003,-40.01
"2020-10-07 11:15:12.3",7257900,-10,-10,-10,220,-0.003,-40.01
"2020-10-07 11:15:12.4",7257901,-10,-10,-10,220,-0.003,-40.01
"2020-10-07 11:15:12.5",7257902,-10,-10,-10,220,-0.003,-40.01
"2020-10-07 11:15:12.6",7257903,-10,-10,-10,220,-0.003,-40.01
"2020-10-07 11:15:12.7",7257904,-10,-10,-10,220,-0.003,-40.01
"2020-10-07 11:15:12.8",7257905,-10,-10,-10,220,-0.003,-40.01
"2020-10-07 11:15:12.9",7257906,-10,-10,-10,220,-0.003,-40.01
"2020-10-07 11:15:13",7257907,-10,-10,-10,220,-0.003,-40.01
"2020-10-07 11:15:13.1",7257908,-10,-10,-10,220,-0.003,-40.01
"2020-10-07 11:15:13.2",7257909,-10,-10,-10,220,-0.003,-40.01
"2020-10-07 11:15:13.3",7257910,-10,-10,-10,220,-0.003,-40.01
"2020-10-07 11:15:13.4",7257911,-10,-10,-10,220,-0.003,-40.01
"2020-10-07 11:15:13.5",7257912,-10,-10,-10,220,-0.003,-40.01
"2020-10-07 11:15:13.6",7257913,-10,-10,-10,220,-0.003,-40.01
"2020-10-07 11:15:13.7",7257914,-10,-10,-10,220,-0.003,-40.01
"2020-10-07 11:15:13.8",7257915,-10,-10,-10,220,-0.003,-40.01
"2020-10-07 11:15:13.9",7257916,-10,-10,-10,220,-0.003,-40.01
"2020-10-07 11:15:14",7257917,-10,-10,-10,220,-0.003,-40.01
"2020-10-07 11:15:14.1",7257918,-10,-10,-10,220,-0.003,-40.01
"2020-10-07 11:15:14.2",7257919,-10,-10,-10,220,-0.003,-40.01
"2020-10-07 11:15:14.3",7257920,-10,-10,-10,220,-0.003,-40.01
"2020-10-07 11:15:14.4",7257921,-10,-10,-10,220,-0.003,-40.01
"2020-10-07 11:15:14.5",7257922,-10,-10,-10,220,-0.003,-40.01
"2020-10-07 11:15:14.6",7257923,-10,-10,-10,220,-0.003,-40.01
"2020-10-07 11:15:14.7",7257924,-10,-10,-10,220,-0.003,-40.01
"2020-10-07 11:15:14.8",7257925,-10,-10,-10,220,-0.003,-40.01
"2020-10-07 11:15:14.9",7257926,-10,-10,-10,220,-0.003,-40.01
"2020-10-07 11:15:15",7257927,-10,-10,-10,220,-0.003,-40.01
"2020-10-07 11:15:15.1",7257928,-10,-10,-10,220,-0.003,-40.01
"2020-10-07 11:15:15.2",7257929,-10,-10,-10,220,-0.003,-40.01
"2020-10-07 11:15:15.3",7257930,-10,-10,-10,220,-0.003,-40.01
"2020-10-07 11:15:15.4",7257931,-10,-10,-10,220,-0.003,-40.01
"2020-10-07 11:15:15.5",7257932,-10,-10,-10,220,-0.003,-40.01
"2020-10-07 11:15:15.6",7257933,-10,-10,-10,220,-0.003,-40.01
"2020-10-07 11:15:15.7",7257934,-10,-10,-10,220,-0.003,-40.01
"2020-10-07 11:15:15.8",7257935,-10,-10,-10,220,-0.003,-40.01
"2020-10-07 11:15:15.9",7257936,-10,-10,-10,220,-0.003,-40.01
"2020-10-07 11:15:16",7257937,-10,-10,-10,220,-0.003,-40.01
"2020-10-07 11:15:16.1",7257938,-10,-10,-10,220,-0.003,-40.01
"2020-10-07 11:15:16.2",7257939,-10,-10,-10,220,-0.003,-40.01
"2020-10-07 11:15:16.3",7257940,-10,-10,-10,220,-0.003,-40.01
"2020-10-07 11:15:16.4",7257941,-10,-10,-10,220,-0.003,-40.01
"2020-10-07 11:15:16.5",7257942,-10,-10,-10,220,-0.003,-40.01
"2020-10-07 11:15:16.6",7257943,-10,-10,-10,220,-0.003,-40.01
"2020-10-07 11:15:16.7",7257944,-10,-10,-10,220,-0.003,-40.01
"2020-10-07 11:15:16.8",7257945,-10,-10,-10,220,-0.003,-40.01
"2020-10-07 11:15:16.9",7257946,-10,-10,-10,220,-0.003,-40.01
"2020-10-07 11:15:17",7257947,-10,-10,-10,220,-0.003,-40.01
"2020-10-07 11:15:17.1",7257948,-10,-10,-10,220,-0.003,-40.01
"2020-10-07 11:15:17.2",7257949,-10,-10,-10,220,-0.003,-40.01
"2020-10-07 11:15:17.3",7257950,-10,-10,-10,220,-0.003,-40.01
"2020-10-07 11:15:17.4",7257951,-10,-10,-10,220,-0.003,-40.01
"2020-10-07 11:15:17.5",7257952,-10,-10,-10,220,-0.003,-40.01
"2020-10-07 11:15:17.6",7257953,-10,-10,-10,220,-0.003,-40.01
"2020-10-07 11:15:17.7",7257954,-10,-10,-10,220,-0.003,-40.01
"2020-10-07 11:15:17.8",7257955,-10,-10,-10,220,-0.003,-40.01
"2020-10-07 11:15:17.9",7257956,-10,-10,-10,220,-0.003,-40.01
"2020-10-07 11:15:18",7257957,-10,-10,-10,220,-0.003,-40.01
"2020-10-07 11:15:18.1",7257958,-10,-10,-10,220,-0.003,-40.01
"2020-10-07 11:15:18.2",7257959,-10,-10,-10,220,-0.003,-40.01
"2020-10-07 11:15:18.3",7257960,-10,-10,-10,220,-0.003,-40.01
"2020-10-07 11:15:18.4",7257961,-10,-10,-10,220,-0.003,-40.01
"2020-10-07 11:15:18.5",7257962,-10,-10,-10,220,-0.003,-40.01
"2020-10-07 11:15:18.6",7257963,-10,-10,-10,220,-0.003,-40.01
"2020-10-07 11:15:18.7",7257964,-10,-10,-10,220,-0.003,-40.01
"2020-10-07 11:15:18.8",7257965,-10,-10,-10,220,-0.003,-40.01
"2020-10-07 11:15:18.9",7257966,-10,-10,-10,220,-0.003,-40.01
"2020-10-07 11:15:19",7257967,-10,-10,-10,220,-0.003,-40.01
"2020-10-07 11:15:19.1",7257968,-10,-10,-10,220,-0.003,-40.01
"2020-10-07 11:15:19.2",7257969,-10,-10,-10,220,-0.003,-40.01
"2020-10-07 11:15:19.3",7257970,-10,-10,-10,220,-0.003,-40.01
"2020-10-07 11:15:19.4",7257971,-10,-10,-10,220,-0.003,-40.01
"2020-10-07 11:15:19.5",7257972,-10,-10,-10,220,-0.003,-40.01
"2020-10-07 11:15:19.6",7257973,-10,-10,-10,220,-0.003,-40.01
"2020-10-07 11:15:19.7",7257974,-10,-10,-10,220,-0.003,-40.01
"2020-10-07 11:15:19.8",7257975,-10,-10,-10,220,-0.003,-40.01
"2020-10-07 11:15:19.9",7257976,-10,-10,-10,220,-0.003,-40.01
"2020-10-07 11:15:20",7257977,-10,-10,-10,220,-0.003,-40.01
"2020-10-07 11:15:20.1",7257978,-10,-10,-10,220,-0.003,-40.01
"2020-10-07 11:15:20.2",7257979,-10,-10,-10,220,-0.003,-40.01
"2020-10-07 11:15:20.3",7257980,-10,-10,-10,220,-0.003,-40.01
"2020-10-07 11:15:20.4",7257981,-10,-10,-10,220,-0.003,-40.01
"2020-10-07 11:15:20.5",7257982,-10,-10,-10,220,-0.003,-40.01
"2020-10-07 11:15:20.6",7257983,-10,-10,-10,220,-0.003,-40.01
"2020-10-07 11:15:20.7",7257984,-10,-10,-10,220,-0.003,-40.01
"2020-10-07 11:15:20.8",7257985,-10,-10,-10,220,-0.003,-40.01
"2020-10-07 11:15:20.9",7257986,-10,-10,-10,220,-0.003,-40.01
"2020-10-07 11:15:21",7257987,-10,-10,-10,220,-0.003,-40.01
"2020-10-07 11:15:21.1",7257988,-10,-10,-10,220,-0.003,-40.01
"2020-10-07 11:15:21.2",7257989,-10,-10,-10,220,-0.003,-40.01
"2020-10-07 11:15:21.3",7257990,-10,-10,-10,220,-0.003,-40.01
"2020-10-07 11:15:21.4",7257991,-10,-10,-10,220,-0.003,-40.01
"2020-10-07 11:15:21.5",7257992,-10,-10,-10,220,-0.003,-40.01
"2020-10-07 11:15:21.6",7257993,-10,-10,-10,220,-0.003,-40.01
"2020-10-07 11:15:21.7",7257994,-10,-10,-10,220,-0.003,-40.01
"2020-10-07 11:15:21.8",7257995,-10,-10,-10,220,-0.003,-40.01
"2020-10-07 11:15:21.9",7257996,-10,-10,-10,220,-0.003,-40.01
"2020-10-07 11:15:22",7257997,-10,-10,-10,220,-0.003,-40.01
"2020-10-07 11:15:22.1",7257998,-10,-10,-10,220,-0.003,-40.01
"2020-10-07 11:15:22.2",7257999,-10,-10,-10,220,-0.003,-40.01
"2020-10-07 11:15:22.3",7258000,-10,-10,-10,220,-0.003,-40.01
"2020-10-07 11:15:22.4",7258001,-10,-10,-10,220,-0.003,-40.01
"2020-10-07 11:15:22.5",7258002,-10,-10,-10,220,-0.003,-40.01
"2020-10-07 11:15:22.6",7258003,-10,-10,-10,220,-0.003,-40.01
"2020-10-07 11:15:22.7",7258004,-10,-10,-10,220,-0.003,-40.01
"2020-10-07 11:15:22.8",7258005,-10,-10,-10,220,-0.003,-40.01
"2020-10-07 11:15:22.9",7258006,-10,-10,-10,220,-0.003,-40.01
"2020-10-07 11:15:23",7258007,-10,-10,-10,220,-0.003,-40.01
"2020-10-07 11:15:23.1",7258008,-10,-10,-10,220,-0.003,-40.01
"2020-10-07 11:15:23.2",7258009,-10,-10,-10,220,-0.003,-40.01
"2020-10-07 11:15:23.3",7258010,-10,-10,-10,220,-0.003,-40.01
"2020-10-07 11:15:23.4",7258011,-10,-10,-10,220,-0.003,-40.01
"2020-10-07 11:15:23.5",7258012,-10,-10,-10,220,-0.003,-40.01
"2020-10-07 11:15:23.6",7258013,-10,-10,-10,220,-0.003,-40.01
"2020-10-07 11:15:23.7",7258014,-10,-10,-10,220,-0.003,-40.01
"2020-10-07 11:15:23.8",7258015,-10,-10,-10,220,-0.003,-40.01
"2020-10-07 11:15:23.9",7258016,-10,-10,-10,220,-0.003,-40.01
"2020-10-07 11:15:24",7258017,-10,-10,-10,220,-0.003,-40.01
"2020-10-07 11:15:24.1",7258018,-10,-10,-10,220,-0.003,-40.01
"2020-10-07 11:15:24.2",7258019,-10,-10,-10,220,-0.003,-40.01
"2020-10-07 11:15:24.3",7258020,-10,-10,-10,220,-0.003,-40.01
"2020-10-07 11:15:24.4",7258021,-10,-10,-10,220,-0.003,-40.01
"2020-10-07 11:15:24.5",7258022,-10,-10,-10,220,-0.003,-40.01
"2020-10-07 11:15:24.6",7258023,-10,-10,-10,220,-0.003,-40.01
"2020-10-07 11:15:24.7",7258024,-10,-10,-10,220,-0.003,-40.01
"2020-10-07 11:15:24.8",7258025,-10,-10,-10,220,-0.003,-40.01
"2020-10-07 11:15:24.9",7258026,-10,-10,-10,220,-0.003,-40.01
"2020-10-07 11:15:25",7258027,-10,-10,-10,220,-0.003,-40.01
"2020-10-07 11:15:25.1",7258028,-10,-10,-10,220,-0.003,-40.01
"2020-10-07 11:15:25.2",7258029,-10,-10,-10,220,-0.003,-40.01
"2020-10-07 11:15:25.3",7258030,-10,-10,-10,220,-0.003,-40.01
"2020-10-07 11:15:25.4",7258031,-10,-10,-10,220,-0.003,-40.01
"2020-10-07 11:15:25.5",7258032,-10,-10,-10,220,-0.003,-40.01
"2020-10-07 11:15:25.6",7258033,-10,-10,-10,220,-0.003,-40.01
"2020-10-07 11:15:25.7",7258034,-10,-10,-10,220,-0.003,-40.01
"2020-10-07 11:15:25.8",7258035,-10,-10,-10,220,-0.003,-40.01
"2020-10-07 11:15:25.9",7258036,-10,-10,-10,220,-0.003,-40.01
"2020-10-07 11:15:26",7258037,-10,-10,-10,220,-0.003,-40.01
"2020-10-07 11:15:26.1",7258038,-10,-10,-10,220,-0.003,-40.01
"2020-10-07 11:15:26.2",7258039,-10,-10,-10,220,-0.003,-40.01
"2020-10-07 11:15:26.3",7258040,-10,-10,-10,220,-0.003,-40.01
"2020-10-07 11:15:26.4",7258041,-10,-10,-10,220,-0.003,-40.01
"2020-10-07 11:15:26.5",7258042,-10,-10,-10,220,-0.003,-40.01
"2020-10-07 11:15:26.6",7258043,-10,-10,-10,220,-0.003,-40.01
"2020-10-07 11:15:26.7",7258044,-10,-10,-10,220,-0.003,-40.01
"2020-10-07 11:15:26.8",7258045,-10,-10,-10,220,-0.003,-40.01
"2020-10-07 11:15:26.9",7258046,-10,-10,-10,220,-0.003,-40.01
"2020-10-07 11:15:27",7258047,-10,-10,-10,220,-0.003,-40.01
"2020-10-07 11:15:27.1",7258048,-10,-10,-10,220,-0.003,-40.01
"2020-10-07 11:15:27.2",7258049,-10,-10,-10,220,-0.003,-40.01
"2020-10-07 11:15:27.3",7258050,-10,-10,-10,220,-0.003,-40.01
"2020-10-07 11:15:27.4",7258051,-10,-10,-10,220,-0.003,-40.01
"2020-10-07 11:15:27.5",7258052,-10,-10,-10,220,-0.003,-40.01
"2020-10-07 11:15:27.6",7258053,-10,-10,-10,220,-0.003,-40.01
"2020-10-07 11:15:27.7",7258054,-10,-10,-10,220,-0.003,-40.01
"2020-10-07 11:15:27.8",7258055,-10,-10,-10,220,-0.003,-40.01
"2020-10-07 11:15:27.9",7258056,-10,-10,-10,220,-0.003,-40.01
"2020-10-07 11:15:28",7258057,-10,-10,-10,220,-0.003,-40.01
"2020-10-07 11:15:28.1",7258058,-10,-10,-10,220,-0.003,-40.01
"2020-10-07 11:15:28.2",7258059,-10,-10,-10,220,-0.003,-40.01
"2020-10-07 11:15:28.3",7258060,-10,-10,-10,220,-0.003,-40.01
"2020-10-07 11:15:28.4",7258061,-10,-10,-10,220,-0.003,-40.01
"2020-10-07 11:15:28.5",7258062,-10,-10,-10,220,-0.003,-40.01
"2020-10-07 11:15:28.6",7258063,-10,-10,-10,220,-0.003,-40.01
"2020-10-07 11:15:28.7",7258064,-10,-10,-10,220,-0.003,-40.01
"2020-10-07 11:15:28.8",7258065,-10,-10,-10,220,-0.003,-40.01
"2020-10-07 11:15:28.9",7258066,-10,-10,-10,220,-0.003,-40.01
"2020-10-07 11:15:29",7258067,-10,-10,-10,220,-0.003,-40.01
"2020-10-07 11:15:29.1",7258068,-10,-10,-10,220,-0.003,-40.01
"2020-10-07 11:15:29.2",7258069,-10,-10,-10,220,-0.003,-40.01
"2020-10-07 11:15:29.3",7258070,-10,-10,-10,220,-0.003,-40.01
"2020-10-07 11:15:29.4",7258071,-10,-10,-10,220,-0.003,-40.01
"2020-10-07 11:15:29.5",7258072,-10,-10,-10,220,-0.003,-40.01
"2020-10-07 11:15:29.6",7258073,-10,-10,-10,220,-0.003,-40.01
"2020-10-07 11:15:29.7",7258074,-10,-10,-10,220,-0.003,-40.01
"2020-10-07 11:15:29.8",7258075,-10,-10,-10,220,-0.003,-40.01
"2020-10-07 11:15:29.9",7258076,-10,-10,-10,220,-0.003,-40.01
"2020-10-07 11:15:30",7258077,-10,-10,-10,220,-0.003,-40.01
"2020-10-07 11:15:30.1",7258078,-10,-10,-10,220,-0.003,-40.01
"2020-10-07 11:15:30.2",7258079,-10,-10,-10,220,-0.003,-40.01
"2020-10-07 11:15:30.3",7258080,-10,-10,-10,220,-0.003,-40.01
"2020-10-07 11:15:30.4",7258081,-10,-10,-10,220,-0.003,-40.01
"2020-10-07 11:15:30.5",7258082,-10,-10,-10,220,-0.003,-40.01
"2020-10-07 11:15:30.6",7258083,-10,-10,-10,220,-0.003,-40.01
"2020-10-07 11:15:30.7",7258084,-10,-10,-10,220,-0.003,-40.01
"2020-10-07 11:15:30.8",7258085,-10,-10,-10,220,-0.003,-40.01
"2020-10-07 11:15:30.9",7258086,-10,-10,-10,220,-0.003,-40.01
"2020-10-07 11:15:31",7258087,-10,-10,-10,220,-0.003,-40.01
"2020-10-07 11:15:31.1",7258088,-10,-10,-10,220,-0.003,-40.01
"2020-10-07 11:15:31.2",7258089,-10,-10,-10,220,-0.003,-40.01
"2020-10-07 11:15:31.3",7258090,-10,-10,-10,220,-0.003,-40.01
"2020-10-07 11:15:31.4",7258091,-10,-10,-10,220,-0.003,-40.01
"2020-10-07 11:15:31.5",7258092,-10,-10,-10,220,-0.003,-40.01
"2020-10-07 11:15:31.6",7258093,-10,-10,-10,220,-0.003,-40.01
"2020-10-07 11:15:31.7",7258094,-10,-10,-10,220,-0.003,-40.01
"2020-10-07 11:15:31.8",7258095,-10,-10,-10,220,-0.003,-40.01
"2020-10-07 11:15:31.9",7258096,-10,-10,-10,220,-0.003,-40.01
"2020-10-07 11:15:32",7258097,-10,-10,-10,220,-0.003,-40.01
"2020-10-07 11:15:32.1",7258098,-10,-10,-10,220,-0.003,-40.01
"2020-10-07 11:15:32.2",7258099,-10,-10,-10,220,-0.003,-40.01
"2020-10-07 11:15:32.3",7258100,-10,-10,-10,220,-0.003,-40.01
"2020-10-07 11:15:32.4",7258101,-10,-10,-10,220,-0.003,-40.01
"2020-10-07 11:15:32.5",7258102,-10,-10,-10,220,-0.003,-40.01
"2020-10-07 11:15:32.6",7258103,-10,-10,-10,220,-0.003,-40.01
"2020-10-07 11:15:32.7",7258104,-10,-10,-10,220,-0.003,-40.01
"2020-10-07 11:15:32.8",7258105,-10,-10,-10,220,-0.003,-40.01
"2020-10-07 11:15:32.9",7258106,-10,-10,-10,220,-0.003,-40.01
"2020-10-07 11:15:33",7258107,-10,-10,-10,220,-0.003,-40.01
"2020-10-07 11:15:33.1",7258108,-10,-10,-10,220,-0.003,-40.01
"2020-10-07 11:15:33.2",7258109,-10,-10,-10,220,-0.003,-40.01
"2020-10-07 11:15:33.3",7258110,-10,-10,-10,220,-0.003,-40.01
"2020-10-07 11:15:33.4",7258111,-10,-10,-10,220,-0.003,-40.01
"2020-10-07 11:15:33.5",7258112,-10,-10,-10,220,-0.003,-40.01
"2020-10-07 11:15:33.6",7258113,-10,-10,-10,220,-0.003,-40.01
"2020-10-07 11:15:33.7",7258114,-10,-10,-10,220,-0.003,-40.01
"2020-10-07 11:15:33.8",7258115,-10,-10,-10,220,-0.003,-40.01
"2020-10-07 11:15:33.9",7258116,-10,-10,-10,220,-0.003,-40.01
"2020-10-07 11:15:34",7258117,-10,-10,-10,220,-0.003,-40.01
"2020-10-07 11:15:34.1",7258118,-10,-10,-10,220,-0.003,-40.01
"2020-10-07 11:15:34.2",7258119,-10,-10,-10,220,-0.003,-40.01
"2020-10-07 11:15:34.3",7258120,-10,-10,-10,220,-0.003,-40.01
"2020-10-07 11:15:34.4",7258121,-10,-10,-10,220,-0.003,-40.01
"2020-10-07 11:15:34.5",7258122,-10,-10,-10,220,-0.003,-40.01
"2020-10-07 11:15:34.6",7258123,-10,-10,-10,220,-0.003,-40.01
"2020-10-07 11:15:34.7",7258124,-10,-10,-10,220,-0.003,-40.01
"2020-10-07 11:15:34.8",7258125,-10,-10,-10,220,-0.003,-40.01
"2020-10-07 11:15:34.9",7258126,-10,-10,-10,220,-0.003,-40.01
"2020-10-07 11:15:35",7258127,-10,-10,-10,220,-0.003,-40.01
"2020-10-07 11:15:35.1",7258128,-10,-10,-10,220,-0.003,-40.01
"2020-10-07 11:15:35.2",7258129,-10,-10,-10,220,-0.003,-40.01
"2020-10-07 11:15:35.3",7258130,-10,-10,-10,220,-0.003,-40.01
"2020-10-07 11:15:35.4",7258131,-10,-10,-10,220,-0.003,-40.01
"2020-10-07 11:15:35.5",7258132,-10,-10,-10,220,-0.003,-40.01
"2020-10-07 11:15:35.6",7258133,-10,-10,-10,220,-0.003,-40.01
"2020-10-07 11:15:35.7",7258134,-10,-10,-10,220,-0.003,-40.01
"2020-10-07 11:15:35.8",7258135,-10,-10,-10,220,-0.003,-40.01
"2020-10-07 11:15:35.9",7258136,-10,-10,-10,220,-0.003,-40.01
"2020-10-07 11:15:36",7258137,-10,-10,-10,220,-0.003,-40.01
"2020-10-07 11:15:36.1",7258138,-10,-10,-10,220,-0.003,-40.01
"2020-10-07 11:15:36.2",7258139,-10,-10,-10,220,-0.003,-40.01
"2020-10-07 11:15:36.3",7258140,-10,-10,-10,220,-0.003,-40.01
"2020-10-07 11:15:36.4",7258141,-10,-10,-10,220,-0.003,-40.01
"2020-10-07 11:15:36.5",7258142,-10,-10,-10,220,-0.003,-40.01
"2020-10-07 11:15:36.6",7258143,-10,-10,-10,220,-0.003,-40.01
"2020-10-07 11:15:36.7",7258144,-10,-10,-10,220,-0.003,-40.01
"2020-10-07 11:15:36.8",7258145,-10,-10,-10,220,-0.003,-40.01
"2020-10-07 11:15:36.9",7258146,-10,-10,-10,220,-0.003,-40.01
"2020-10-07 11:15:37",7258147,-10,-10,-10,220,-0.003,-40.01
"2020-10-07 11:15:37.1",7258148,-10,-10,-10,220,-0.003,-40.01
"2020-10-07 11:15:37.2",7258149,-10,-10,-10,220,-0.003,-40.01
"2020-10-07 11:15:37.3",7258150,-10,-10,-10,220,-0.003,-40.01
"2020-10-07 11:15:37.4",7258151,-10,-10,-10,220,-0.003,-40.01
"2020-10-07 11:15:37.5",7258152,-10,-10,-10,220,-0.003,-40.01
"2020-10-07 11:15:37.6",7258153,-10,-10,-10,220,-0.003,-40.01
"2020-10-07 11:15:37.7",7258154,-10,-10,-10,220,-0.003,-40.01
"2020-10-07 11:15:37.8",7258155,-10,-10,-10,220,-0.003,-40.01
"2020-10-07 11:15:37.9",7258156,-10,-10,-10,220,-0.003,-40.01
"2020-10-07 11:15:38",7258157,-10,-10,-10,220,-0.003,-40.01
"2020-10-07 11:15:38.1",7258158,-10,-10,-10,220,-0.003,-40.01
"2020-10-07 11:15:38.2",7258159,-10,-10,-10,220,-0.003,-40.01
"2020-10-07 11:15:38.3",7258160,-10,-10,-10,220,-0.003,-40.01
"2020-10-07 11:15:38.4",7258161,-10,-10,-10,220,-0.003,-40.01
"2020-10-07 11:15:38.5",7258162,-10,-10,-10,220,-0.003,-40.01
"2020-10-07 11:15:38.6",7258163,-10,-10,-10,220,-0.003,-40.01
"2020-10-07 11:15:38.7",7258164,-10,-10,-10,220,-0.003,-40.01
"2020-10-07 11:15:38.8",7258165,-10,-10,-10,220,-0.003,-40.01
"2020-10-07 11:15:38.9",7258166,-10,-10,-10,220,-0.003,-40.01
"2020-10-07 11:15:39",7258167,-10,-10,-10,220,-0.003,-40.01
"2020-10-07 11:15:39.1",7258168,-10,-10,-10,220,-0.003,-40.01
"2020-10-07 11:15:39.2",7258169,-10,-10,-10,220,-0.003,-40.01
"2020-10-07 11:15:39.3",7258170,-10,-10,-10,220,-0.003,-40.01
"2020-10-07 11:15:39.4",7258171,-10,-10,-10,220,-0.003,-40.01
"2020-10-07 11:15:39.5",7258172,-10,-10,-10,220,-0.003,-40.01
"2020-10-07 11:15:39.6",7258173,-10,-10,-10,220,-0.003,-40.01
"2020-10-07 11:15:39.7",7258174,-10,-10,-10,220,-0.003,-40.01
"2020-10-07 11:15:39.8",7258175,-10,-10,-10,220,-0.003,-40.01
"2020-10-07 11:15:39.9",7258176,-10,-10,-10,220,-0.003,-40.01
"2020-10-07 11:15:40",7258177,-10,-10,-10,220,-0.003,-40.01
"2020-10-07 11:15:40.1",7258178,-10,-10,-10,220,-0.003,-40.01
"2020-10-07 11:15:40.2",7258179,-10,-10,-10,220,-0.003,-40.01
"2020-10-07 11:15:40.3",7258180,-10,-10,-10,220,-0.003,-40.01
"2020-10-07 11:15:40.4",7258181,-10,-10,-10,220,-0.003,-40.01
"2020-10-07 11:15:40.5",7258182,-10,-10,-10,220,-0.003,-40.01
"2020-10-07 11:15:40.6",7258183,-10,-10,-10,220,-0.003,-40.01
"2020-10-07 11:15:40.7",7258184,-10,-10,-10,220,-0.003,-40.01
"2020-10-07 11:15:40.8",7258185,-10,-10,-10,220,-0.003,-40.01
"2020-10-07 11:15:40.9",7258186,-10,-10,-10,220,-0.003,-40.01
"2020-10-07 11:15:41",7258187,-10,-10,-10,220,-0.003,-40.01
"2020-10-07 11:15:41.1",7258188,-10,-10,-10,220,-0.003,-40.01
"2020-10-07 11:15:41.2",7258189,-10,-10,-10,220,-0.003,-40.01
"2020-10-07 11:15:41.3",7258190,-10,-10,-10,220,-0.003,-40.01
"2020-10-07 11:15:41.4",7258191,-10,-10,-10,220,-0.003,-40.01
"2020-10-07 11:15:41.5",7258192,-10,-10,-10,220,-0.003,-40.01
"2020-10-07 11:15:41.6",7258193,-10,-10,-10,220,-0.003,-40.01
"2020-10-07 11:15:41.7",7258194,-10,-10,-10,220,-0.003,-40.01
"2020-10-07 11:15:41.8",7258195,-10,-10,-10,220,-0.003,-40.01
"2020-10-07 11:15:41.9",7258196,-10,-10,-10,220,-0.003,-40.01
"2020-10-07 11:15:42",7258197,-10,-10,-10,220,-0.003,-40.01
"2020-10-07 11:15:42.1",7258198,-10,-10,-10,220,-0.003,-40.01
"2020-10-07 11:15:42.2",7258199,-10,-10,-10,220,-0.003,-40.01
"2020-10-07 11:15:42.3",7258200,-10,-10,-10,220,-0.003,-40.01
"2020-10-07 11:15:42.4",7258201,-10,-10,-10,220,-0.003,-40.01
"2020-10-07 11:15:42.5",7258202,-10,-10,-10,220,-0.003,-40.01
"2020-10-07 11:15:42.6",7258203,-10,-10,-10,220,-0.003,-40.01
"2020-10-07 11:15:42.7",7258204,-10,-10,-10,220,-0.003,-40.01
"2020-10-07 11:15:42.8",7258205,-10,-10,-10,220,-0.003,-40.01
"2020-10-07 11:15:42.9",7258206,-10,-10,-10,220,-0.003,-40.01
"2020-10-07 11:15:43",7258207,-10,-10,-10,220,-0.003,-40.01
"2020-10-07 11:15:43.1",7258208,-10,-10,-10,220,-0.003,-40.01
"2020-10-07 11:15:43.2",7258209,-10,-10,-10,220,-0.003,-40.01
"2020-10-07 11:15:43.3",7258210,-10,-10,-10,220,-0.003,-40.01
"2020-10-07 11:15:43.4",7258211,-10,-10,-10,220,-0.003,-40.01
"2020-10-07 11:15:43.5",7258212,-10,-10,-10,220,-0.003,-40.01
"2020-10-07 11:15:43.6",7258213,-10,-10,-10,220,-0.003,-40.01
"2020-10-07 11:15:43.7",7258214,-10,-10,-10,220,-0.003,-40.01
"2020-10-07 11:15:43.8",7258215,-10,-10,-10,220,-0.003,-40.01
"2020-10-07 11:15:43.9",7258216,-10,-10,-10,220,-0.003,-40.01
"2020-10-07 11:15:44",7258217,-10,-10,-10,220,-0.003,-40.01
"2020-10-07 11:15:44.1",7258218,-10,-10,-10,220,-0.003,-40.01
"2020-10-07 11:15:44.2",7258219,-10,-10,-10,220,-0.003,-40.01
"2020-10-07 11:15:44.3",7258220,-10,-10,-10,220,-0.003,-40.01
"2020-10-07 11:15:44.4",7258221,-10,-10,-10,220,-0.003,-40.01
"2020-10-07 11:15:44.5",7258222,-10,-10,-10,220,-0.003,-40.01
"2020-10-07 11:15:44.6",7258223,-10,-10,-10,220,-0.003,-40.01
"2020-10-07 11:15:44.7",7258224,-10,-10,-10,220,-0.003,-40.01
"2020-10-07 11:15:44.8",7258225,-10,-10,-10,220,-0.003,-40.01
"2020-10-07 11:15:44.9",7258226,-10,-10,-10,220,-0.003,-40.01
"2020-10-07 11:15:45",7258227,-10,-10,-10,220,-0.003,-40.01
"2020-10-07 11:15:45.1",7258228,-10,-10,-10,220,-0.003,-40.01
"2020-10-07 11:15:45.2",7258229,-10,-10,-10,220,-0.003,-40.01
"2020-10-07 11:15:45.3",7258230,-10,-10,-10,220,-0.003,-40.01
"2020-10-07 11:15:45.4",7258231,-10,-10,-10,220,-0.003,-40.01
"2020-10-07 11:15:45.5",7258232,-10,-10,-10,220,-0.003,-40.01
"2020-10-07 11:15:45.6",7258233,-10,-10,-10,220,-0.003,-40.01
"2020-10-07 11:15:45.7",7258234,-10,-10,-10,220,-0.003,-40.01
"2020-10-07 11:15:45.8",7258235,-10,-10,-10,220,-0.003,-40.01
"2020-10-07 11:15:45.9",7258236,-10,-10,-10,220,-0.003,-40.01
"2020-10-07 11:15:46",7258237,-10,-10,-10,220,-0.003,-40.01
"2020-10-07 11:15:46.1",7258238,-10,-10,-10,220,-0.003,-40.01
"2020-10-07 11:15:46.2",7258239,-10,-10,-10,220,-0.003,-40.01
"2020-10-07 11:15:46.3",7258240,-10,-10,-10,220,-0.003,-40.01
"2020-10-07 11:15:46.4",7258241,-10,-10,-10,220,-0.003,-40.01
"2020-10-07 11:15:46.5",7258242,-10,-10,-10,220,-0.003,-40.01
"2020-10-07 11:15:46.6",7258243,-10,-10,-10,220,-0.003,-40.01
"2020-10-07 11:15:46.7",7258244,-10,-10,-10,220,-0.003,-40.01
"2020-10-07 11:15:46.8",7258245,-10,-10,-10,220,-0.003,-40.01
"2020-10-07 11:15:46.9",7258246,-10,-10,-10,220,-0.003,-40.01
"2020-10-07 11:15:47",7258247,-10,-10,-10,220,-0.003,-40.01
"2020-10-07 11:15:47.1",7258248,-10,-10,-10,220,-0.003,-40.01
"2020-10-07 11:15:47.2",7258249,-10,-10,-10,220,-0.003,-40.01
"2020-10-07 11:15:47.3",7258250,-10,-10,-10,220,-0.003,-40.01
"2020-10-07 11:15:47.4",7258251,-10,-10,-10,220,-0.003,-40.01
"2020-10-07 11:15:47.5",7258252,-10,-10,-10,220,-0.003,-40.01
"2020-10-07 11:15:47.6",7258253,-10,-10,-10,220,-0.003,-40.01
"2020-10-07 11:15:47.7",7258254,-10,-10,-10,220,-0.003,-40.01
"2020-10-07 11:15:47.8",7258255,-10,-10,-10,220,-0.003,-40.01
"2020-10-07 11:15:47.9",7258256,-10,-10,-10,220,-0.003,-40.01
"2020-10-07 11:15:48",7258257,-10,-10,-10,220,-0.003,-40.01
"2020-10-07 11:15:48.1",7258258,-10,-10,-10,220,-0.003,-40.01
"2020-10-07 11:15:48.2",7258259,-10,-10,-10,220,-0.003,-40.01
"2020-10-07 11:15:48.3",7258260,-10,-10,-10,220,-0.003,-40.01
"2020-10-07 11:15:48.4",7258261,-10,-10,-10,220,-0.003,-40.01
"2020-10-07 11:15:48.5",7258262,-10,-10,-10,220,-0.003,-40.01
"2020-10-07 11:15:48.6",7258263,-10,-10,-10,220,-0.003,-40.01
"2020-10-07 11:15:48.7",7258264,-10,-10,-10,220,-0.003,-40.01
"2020-10-07 11:15:48.8",7258265,-10,-10,-10,220,-0.003,-40.01
"2020-10-07 11:15:48.9",7258266,-10,-10,-10,220,-0.003,-40.01
"2020-10-07 11:15:49",7258267,-10,-10,-10,220,-0.003,-40.01
"2020-10-07 11:15:49.1",7258268,-10,-10,-10,220,-0.003,-40.01
"2020-10-07 11:15:49.2",7258269,-10,-10,-10,220,-0.003,-40.01
"2020-10-07 11:15:49.3",7258270,-10,-10,-10,220,-0.003,-40.01
"2020-10-07 11:15:49.4",7258271,-10,-10,-10,220,-0.003,-40.01
"2020-10-07 11:15:49.5",7258272,-10,-10,-10,220,-0.003,-40.01
"2020-10-07 11:15:49.6",7258273,-10,-10,-10,220,-0.003,-40.01
"2020-10-07 11:15:49.7",7258274,-10,-10,-10,220,-0.003,-40.01
"2020-10-07 11:15:49.8",7258275,-10,-10,-10,220,-0.003,-40.01
"2020-10-07 11:15:49.9",7258276,-10,-10,-10,220,-0.003,-40.01
"2020-10-07 11:15:50",7258277,-10,-10,-10,220,-0.003,-40.01
"2020-10-07 11:15:50.1",7258278,-10,-10,-10,220,-0.003,-40.01
"2020-10-07 11:15:50.2",7258279,-10,-10,-10,220,-0.003,-40.01
"2020-10-07 11:15:50.3",7258280,-10,-10,-10,220,-0.003,-40.01
"2020-10-07 11:15:50.4",7258281,-10,-10,-10,220,-0.003,-40.01
"2020-10-07 11:15:50.5",7258282,-10,-10,-10,220,-0.003,-40.01
"2020-10-07 11:15:50.6",7258283,-10,-10,-10,220,-0.003,-40.01
"2020-10-07 11:15:50.7",7258284,-10,-10,-10,220,-0.003,-40.01
"2020-10-07 11:15:50.8",7258285,-10,-10,-10,220,-0.003,-40.01
"2020-10-07 11:15:50.9",7258286,-10,-10,-10,220,-0.003,-40.01
