"TOA5","10329","CR6","10329","CR6.Std.09.01 CR6-WIFI.04.00.01","CPU:YOUNG81000_HMP60_10Hz.CR6","51185","Young10Hz_hmp"
"TIMESTAMP","RECORD","U","V","W","TSonic","RH","T_HMP60"
"TS","RN","mV","mV","mV","mV","%","Deg C"
"","","Smp","Smp","Smp","Smp","Smp","Smp"
"2020-10-05 18:05:51",5776287,-10,-10,-10,220,-0.002,-40.01
"2020-10-05 18:05:51.1",5776288,-10,-10,-10,220,-0.002,-40.01
"2020-10-05 18:05:51.2",5776289,-10,-10,-10,220,-0.002,-40.01
"2020-10-05 18:05:51.3",5776290,-10,-10,-10,220,-0.002,-40.01
"2020-10-05 18:05:51.4",5776291,-10,-10,-10,220,-0.002,-40.01
"2020-10-05 18:05:51.5",5776292,-10,-10,-10,220,-0.002,-40.01
"2020-10-05 18:05:51.6",5776293,-10,-10,-10,220,-0.002,-40.01
"2020-10-05 18:05:51.7",5776294,-10,-10,-10,220,-0.002,-40.01
"2020-10-05 18:05:51.8",5776295,-10,-10,-10,220,-0.002,-40.01
"2020-10-05 18:05:51.9",5776296,-10,-10,-10,220,-0.002,-40.01
"2020-10-05 18:05:52",5776297,-10,-10,-10,220,-0.002,-40.01
"2020-10-05 18:05:52.1",5776298,-10,-10,-10,220,-0.002,-40.01
"2020-10-05 18:05:52.2",5776299,-10,-10,-10,220,-0.002,-40.01
"2020-10-05 18:05:52.3",5776300,-10,-10,-10,220,-0.002,-40.01
"2020-10-05 18:05:52.4",5776301,-10,-10,-10,220,-0.002,-40.01
"2020-10-05 18:05:52.5",5776302,-10,-10,-10,220,-0.002,-40.01
"2020-10-05 18:05:52.6",5776303,-10,-10,-10,220,-0.002,-40.01
"2020-10-05 18:05:52.7",5776304,-10,-10,-10,220,-0.002,-40.01
"2020-10-05 18:05:52.8",5776305,-10,-10,-10,220,-0.002,-40.01
"2020-10-05 18:05:52.9",5776306,-10,-10,-10,220,-0.002,-40.01
"2020-10-05 18:05:53",5776307,-10,-10,-10,220,-0.002,-40.01
"2020-10-05 18:05:53.1",5776308,-10,-10,-10,220,-0.002,-40.01
"2020-10-05 18:05:53.2",5776309,-10,-10,-10,220,-0.002,-40.01
"2020-10-05 18:05:53.3",5776310,-10,-10,-10,220,-0.002,-40.01
"2020-10-05 18:05:53.4",5776311,-10,-10,-10,220,-0.002,-40.01
"2020-10-05 18:05:53.5",5776312,-10,-10,-10,220,-0.002,-40.01
"2020-10-05 18:05:53.6",5776313,-10,-10,-10,220,-0.002,-40.01
"2020-10-05 18:05:53.7",5776314,-10,-10,-10,220,-0.002,-40.01
"2020-10-05 18:05:53.8",5776315,-10,-10,-10,220,-0.002,-40.01
"2020-10-05 18:05:53.9",5776316,-10,-10,-10,220,-0.002,-40.01
"2020-10-05 18:05:54",5776317,-10,-10,-10,220,-0.002,-40.01
"2020-10-05 18:05:54.1",5776318,-10,-10,-10,220,-0.002,-40.01
"2020-10-05 18:05:54.2",5776319,-10,-10,-10,220,-0.002,-40.01
"2020-10-05 18:05:54.3",5776320,-10,-10,-10,220,-0.002,-40.01
"2020-10-05 18:05:54.4",5776321,-10,-10,-10,220,-0.002,-40.01
"2020-10-05 18:05:54.5",5776322,-10,-10,-10,220,-0.002,-40.01
"2020-10-05 18:05:54.6",5776323,-10,-10,-10,220,-0.002,-40.01
"2020-10-05 18:05:54.7",5776324,-10,-10,-10,220,-0.002,-40.01
"2020-10-05 18:05:54.8",5776325,-10,-10,-10,220,-0.002,-40.01
"2020-10-05 18:05:54.9",5776326,-10,-10,-10,220,-0.002,-40.01
"2020-10-05 18:05:55",5776327,-10,-10,-10,220,-0.002,-40.01
"2020-10-05 18:05:55.1",5776328,-10,-10,-10,220,-0.002,-40.01
"2020-10-05 18:05:55.2",5776329,-10,-10,-10,220,-0.002,-40.01
"2020-10-05 18:05:55.3",5776330,-10,-10,-10,220,-0.002,-40.01
"2020-10-05 18:05:55.4",5776331,-10,-10,-10,220,-0.002,-40.01
"2020-10-05 18:05:55.5",5776332,-10,-10,-10,220,-0.002,-40.01
"2020-10-05 18:05:55.6",5776333,-10,-10,-10,220,-0.002,-40.01
"2020-10-05 18:05:55.7",5776334,-10,-10,-10,220,-0.002,-40.01
"2020-10-05 18:05:55.8",5776335,-10,-10,-10,220,-0.002,-40.01
"2020-10-05 18:05:55.9",5776336,-10,-10,-10,220,-0.002,-40.01
"2020-10-05 18:05:56",5776337,-10,-10,-10,220,-0.002,-40.01
"2020-10-05 18:05:56.1",5776338,-10,-10,-10,220,-0.002,-40.01
"2020-10-05 18:05:56.2",5776339,-10,-10,-10,220,-0.002,-40.01
"2020-10-05 18:05:56.3",5776340,-10,-10,-10,220,-0.002,-40.01
"2020-10-05 18:05:56.4",5776341,-10,-10,-10,220,-0.002,-40.01
"2020-10-05 18:05:56.5",5776342,-10,-10,-10,220,-0.002,-40.01
"2020-10-05 18:05:56.6",5776343,-10,-10,-10,220,-0.002,-40.01
"2020-10-05 18:05:56.7",5776344,-10,-10,-10,220,-0.002,-40.01
"2020-10-05 18:05:56.8",5776345,-10,-10,-10,220,-0.002,-40.01
"2020-10-05 18:05:56.9",5776346,-10,-10,-10,220,-0.002,-40.01
"2020-10-05 18:05:57",5776347,-10,-10,-10,220,-0.002,-40.01
"2020-10-05 18:05:57.1",5776348,-10,-10,-10,220,-0.002,-40.01
"2020-10-05 18:05:57.2",5776349,-10,-10,-10,220,-0.002,-40.01
"2020-10-05 18:05:57.3",5776350,-10,-10,-10,220,-0.002,-40.01
"2020-10-05 18:05:57.4",5776351,-10,-10,-10,220,-0.002,-40.01
"2020-10-05 18:05:57.5",5776352,-10,-10,-10,220,-0.002,-40.01
"2020-10-05 18:05:57.6",5776353,-10,-10,-10,220,-0.002,-40.01
"2020-10-05 18:05:57.7",5776354,-10,-10,-10,220,-0.002,-40.01
"2020-10-05 18:05:57.8",5776355,-10,-10,-10,220,-0.002,-40.01
"2020-10-05 18:05:57.9",5776356,-10,-10,-10,220,-0.002,-40.01
"2020-10-05 18:05:58",5776357,-10,-10,-10,220,-0.002,-40.01
"2020-10-05 18:05:58.1",5776358,-10,-10,-10,220,-0.002,-40.01
"2020-10-05 18:05:58.2",5776359,-10,-10,-10,220,-0.002,-40.01
"2020-10-05 18:05:58.3",5776360,-10,-10,-10,220,-0.002,-40.01
"2020-10-05 18:05:58.4",5776361,-10,-10,-10,220,-0.002,-40.01
"2020-10-05 18:05:58.5",5776362,-10,-10,-10,220,-0.002,-40.01
"2020-10-05 18:05:58.6",5776363,-10,-10,-10,220,-0.002,-40.01
"2020-10-05 18:05:58.7",5776364,-10,-10,-10,220,-0.002,-40.01
"2020-10-05 18:05:58.8",5776365,-10,-10,-10,220,-0.002,-40.01
"2020-10-05 18:05:58.9",5776366,-10,-10,-10,220,-0.002,-40.01
"2020-10-05 18:05:59",5776367,-10,-10,-10,220,-0.002,-40.01
"2020-10-05 18:05:59.1",5776368,-10,-10,-10,220,-0.002,-40.01
"2020-10-05 18:05:59.2",5776369,-10,-10,-10,220,-0.002,-40.01
"2020-10-05 18:05:59.3",5776370,-10,-10,-10,220,-0.002,-40.01
"2020-10-05 18:05:59.4",5776371,-10,-10,-10,220,-0.002,-40.01
"2020-10-05 18:05:59.5",5776372,-10,-10,-10,220,-0.002,-40.01
"2020-10-05 18:05:59.6",5776373,-10,-10,-10,220,-0.002,-40.01
"2020-10-05 18:05:59.7",5776374,-10,-10,-10,220,-0.002,-40.01
"2020-10-05 18:05:59.8",5776375,-10,-10,-10,220,-0.002,-40.01
"2020-10-05 18:05:59.9",5776376,-10,-10,-10,220,-0.002,-40.01
"2020-10-05 18:06:00",5776377,-10,-10,-10,220,-0.002,-40.01
"2020-10-05 18:06:00.1",5776378,-10,-10,-10,220,-0.008,-40.02
"2020-10-05 18:06:00.2",5776379,-10,-10,-10,220,-0.008,-40.02
"2020-10-05 18:06:00.3",5776380,-10,-10,-10,220,-0.002,-40
"2020-10-05 18:06:00.4",5776381,-10,-10,-10,220,-0.002,-40.01
"2020-10-05 18:06:00.5",5776382,-10,-10,-10,220,-0.002,-40.01
"2020-10-05 18:06:00.6",5776383,-10,-10,-10,220,-0.002,-40.01
"2020-10-05 18:06:00.7",5776384,-10,-10,-10,220,-0.002,-40.01
"2020-10-05 18:06:00.8",5776385,-10,-10,-10,220,-0.002,-40.01
"2020-10-05 18:06:00.9",5776386,-10,-10,-10,220,-0.002,-40.01
"2020-10-05 18:06:01",5776387,-10,-10,-10,220,-0.002,-40.01
"2020-10-05 18:06:01.1",5776388,-10,-10,-10,220,-0.002,-40.01
"2020-10-05 18:06:01.2",5776389,-10,-10,-10,220,-0.002,-40.01
"2020-10-05 18:06:01.3",5776390,-10,-10,-10,220,-0.002,-40.01
"2020-10-05 18:06:01.4",5776391,-10,-10,-10,220,-0.002,-40.01
"2020-10-05 18:06:01.5",5776392,-10,-10,-10,220,-0.002,-40.01
"2020-10-05 18:06:01.6",5776393,-10,-10,-10,220,-0.002,-40.01
"2020-10-05 18:06:01.7",5776394,-10,-10,-10,220,-0.002,-40.01
"2020-10-05 18:06:01.8",5776395,-10,-10,-10,220,-0.002,-40.01
"2020-10-05 18:06:01.9",5776396,-10,-10,-10,220,-0.002,-40.01
"2020-10-05 18:06:02",5776397,-10,-10,-10,220,-0.002,-40.01
"2020-10-05 18:06:02.1",5776398,-10,-10,-10,220,-0.002,-40.01
"2020-10-05 18:06:02.2",5776399,-10,-10,-10,220,-0.002,-40.01
"2020-10-05 18:06:02.3",5776400,-10,-10,-10,220,-0.002,-40.01
"2020-10-05 18:06:02.4",5776401,-10,-10,-10,220,-0.002,-40.01
"2020-10-05 18:06:02.5",5776402,-10,-10,-10,220,-0.002,-40.01
"2020-10-05 18:06:02.6",5776403,-10,-10,-10,220,-0.002,-40.01
"2020-10-05 18:06:02.7",5776404,-10,-10,-10,220,-0.002,-40.01
"2020-10-05 18:06:02.8",5776405,-10,-10,-10,220,-0.002,-40.01
"2020-10-05 18:06:02.9",5776406,-10,-10,-10,220,-0.002,-40.01
"2020-10-05 18:06:03",5776407,-10,-10,-10,220,-0.002,-40.01
"2020-10-05 18:06:03.1",5776408,-10,-10,-10,220,-0.002,-40.01
"2020-10-05 18:06:03.2",5776409,-10,-10,-10,220,-0.002,-40.01
"2020-10-05 18:06:03.3",5776410,-10,-10,-10,220,-0.002,-40.01
"2020-10-05 18:06:03.4",5776411,-10,-10,-10,220,-0.002,-40.01
"2020-10-05 18:06:03.5",5776412,-10,-10,-10,220,-0.002,-40.01
"2020-10-05 18:06:03.6",5776413,-10,-10,-10,220,-0.002,-40.01
"2020-10-05 18:06:03.7",5776414,-10,-10,-10,220,-0.002,-40.01
"2020-10-05 18:06:03.8",5776415,-10,-10,-10,220,-0.002,-40.01
"2020-10-05 18:06:03.9",5776416,-10,-10,-10,220,-0.002,-40.01
"2020-10-05 18:06:04",5776417,-10,-10,-10,220,-0.002,-40.01
"2020-10-05 18:06:04.1",5776418,-10,-10,-10,220,-0.002,-40.01
"2020-10-05 18:06:04.2",5776419,-10,-10,-10,220,-0.002,-40.01
"2020-10-05 18:06:04.3",5776420,-10,-10,-10,220,-0.002,-40.01
"2020-10-05 18:06:04.4",5776421,-10,-10,-10,220,-0.002,-40.01
"2020-10-05 18:06:04.5",5776422,-10,-10,-10,220,-0.002,-40.01
"2020-10-05 18:06:04.6",5776423,-10,-10,-10,220,-0.002,-40.01
"2020-10-05 18:06:04.7",5776424,-10,-10,-10,220,-0.002,-40.01
"2020-10-05 18:06:04.8",5776425,-10,-10,-10,220,-0.002,-40.01
"2020-10-05 18:06:04.9",5776426,-10,-10,-10,220,-0.002,-40.01
"2020-10-05 18:06:05",5776427,-10,-10,-10,220,-0.002,-40.01
"2020-10-05 18:06:05.1",5776428,-10,-10,-10,220,-0.002,-40.01
"2020-10-05 18:06:05.2",5776429,-10,-10,-10,220,-0.002,-40.01
"2020-10-05 18:06:05.3",5776430,-10,-10,-10,220,-0.002,-40.01
"2020-10-05 18:06:05.4",5776431,-10,-10,-10,220,-0.002,-40.01
"2020-10-05 18:06:05.5",5776432,-10,-10,-10,220,-0.002,-40.01
"2020-10-05 18:06:05.6",5776433,-10,-10,-10,220,-0.002,-40.01
"2020-10-05 18:06:05.7",5776434,-10,-10,-10,220,-0.002,-40.01
"2020-10-05 18:06:05.8",5776435,-10,-10,-10,220,-0.002,-40.01
"2020-10-05 18:06:05.9",5776436,-10,-10,-10,220,-0.002,-40.01
"2020-10-05 18:06:06",5776437,-10,-10,-10,220,-0.002,-40.01
"2020-10-05 18:06:06.1",5776438,-10,-10,-10,220,-0.002,-40.01
"2020-10-05 18:06:06.2",5776439,-10,-10,-10,220,-0.002,-40.01
"2020-10-05 18:06:06.3",5776440,-10,-10,-10,220,-0.002,-40.01
"2020-10-05 18:06:06.4",5776441,-10,-10,-10,220,-0.002,-40.01
"2020-10-05 18:06:06.5",5776442,-10,-10,-10,220,-0.002,-40.01
"2020-10-05 18:06:06.6",5776443,-10,-10,-10,220,-0.002,-40.01
"2020-10-05 18:06:06.7",5776444,-10,-10,-10,220,-0.002,-40.01
"2020-10-05 18:06:06.8",5776445,-10,-10,-10,220,-0.002,-40.01
"2020-10-05 18:06:06.9",5776446,-10,-10,-10,220,-0.002,-40.01
"2020-10-05 18:06:07",5776447,-10,-10,-10,220,-0.002,-40.01
"2020-10-05 18:06:07.1",5776448,-10,-10,-10,220,-0.002,-40.01
"2020-10-05 18:06:07.2",5776449,-10,-10,-10,220,-0.002,-40.01
"2020-10-05 18:06:07.3",5776450,-10,-10,-10,220,-0.002,-40.01
"2020-10-05 18:06:07.4",5776451,-10,-10,-10,220,-0.002,-40.01
"2020-10-05 18:06:07.5",5776452,-10,-10,-10,220,-0.002,-40.01
"2020-10-05 18:06:07.6",5776453,-10,-10,-10,220,-0.002,-40.01
"2020-10-05 18:06:07.7",5776454,-10,-10,-10,220,-0.002,-40.01
"2020-10-05 18:06:07.8",5776455,-10,-10,-10,220,-0.002,-40.01
"2020-10-05 18:06:07.9",5776456,-10,-10,-10,220,-0.002,-40.01
"2020-10-05 18:06:08",5776457,-10,-10,-10,220,-0.002,-40.01
"2020-10-05 18:06:08.1",5776458,-10,-10,-10,220,-0.002,-40.01
"2020-10-05 18:06:08.2",5776459,-10,-10,-10,220,-0.002,-40.01
"2020-10-05 18:06:08.3",5776460,-10,-10,-10,220,-0.002,-40.01
"2020-10-05 18:06:08.4",5776461,-10,-10,-10,220,-0.002,-40.01
"2020-10-05 18:06:08.5",5776462,-10,-10,-10,220,-0.002,-40.01
"2020-10-05 18:06:08.6",5776463,-10,-10,-10,220,-0.002,-40.01
"2020-10-05 18:06:08.7",5776464,-10,-10,-10,220,-0.002,-40.01
"2020-10-05 18:06:08.8",5776465,-10,-10,-10,220,-0.002,-40.01
"2020-10-05 18:06:08.9",5776466,-10,-10,-10,220,-0.002,-40.01
"2020-10-05 18:06:09",5776467,-10,-10,-10,220,-0.002,-40.01
"2020-10-05 18:06:09.1",5776468,-10,-10,-10,220,-0.002,-40.01
"2020-10-05 18:06:09.2",5776469,-10,-10,-10,220,-0.002,-40.01
"2020-10-05 18:06:09.3",5776470,-10,-10,-10,220,-0.002,-40.01
"2020-10-05 18:06:09.4",5776471,-10,-10,-10,220,-0.002,-40.01
"2020-10-05 18:06:09.5",5776472,-10,-10,-10,220,-0.002,-40.01
"2020-10-05 18:06:09.6",5776473,-10,-10,-10,220,-0.002,-40.01
"2020-10-05 18:06:09.7",5776474,-10,-10,-10,220,-0.002,-40.01
"2020-10-05 18:06:09.8",5776475,-10,-10,-10,220,-0.002,-40.01
"2020-10-05 18:06:09.9",5776476,-10,-10,-10,220,-0.002,-40.01
"2020-10-05 18:06:10",5776477,-10,-10,-10,220,-0.002,-40.01
"2020-10-05 18:06:10.1",5776478,-10,-10,-10,220,-0.002,-40.01
"2020-10-05 18:06:10.2",5776479,-10,-10,-10,220,-0.002,-40.01
"2020-10-05 18:06:10.3",5776480,-10,-10,-10,220,-0.002,-40.01
"2020-10-05 18:06:10.4",5776481,-10,-10,-10,220,-0.002,-40.01
"2020-10-05 18:06:10.5",5776482,-10,-10,-10,220,-0.002,-40.01
"2020-10-05 18:06:10.6",5776483,-10,-10,-10,220,-0.002,-40.01
"2020-10-05 18:06:10.7",5776484,-10,-10,-10,220,-0.002,-40.01
"2020-10-05 18:06:10.8",5776485,-10,-10,-10,220,-0.002,-40.01
"2020-10-05 18:06:10.9",5776486,-10,-10,-10,220,-0.002,-40.01
"2020-10-05 18:06:11",5776487,-10,-10,-10,220,-0.002,-40.01
"2020-10-05 18:06:11.1",5776488,-10,-10,-10,220,-0.002,-40.01
"2020-10-05 18:06:11.2",5776489,-10,-10,-10,220,-0.002,-40.01
"2020-10-05 18:06:11.3",5776490,-10,-10,-10,220,-0.002,-40.01
"2020-10-05 18:06:11.4",5776491,-10,-10,-10,220,-0.002,-40.01
"2020-10-05 18:06:11.5",5776492,-10,-10,-10,220,-0.002,-40.01
"2020-10-05 18:06:11.6",5776493,-10,-10,-10,220,-0.002,-40.01
"2020-10-05 18:06:11.7",5776494,-10,-10,-10,220,-0.002,-40.01
"2020-10-05 18:06:11.8",5776495,-10,-10,-10,220,-0.002,-40.01
"2020-10-05 18:06:11.9",5776496,-10,-10,-10,220,-0.002,-40.01
"2020-10-05 18:06:12",5776497,-10,-10,-10,220,-0.002,-40.01
"2020-10-05 18:06:12.1",5776498,-10,-10,-10,220,-0.002,-40.01
"2020-10-05 18:06:12.2",5776499,-10,-10,-10,220,-0.002,-40.01
"2020-10-05 18:06:12.3",5776500,-10,-10,-10,220,-0.002,-40.01
"2020-10-05 18:06:12.4",5776501,-10,-10,-10,220,-0.002,-40.01
"2020-10-05 18:06:12.5",5776502,-10,-10,-10,220,-0.002,-40.01
"2020-10-05 18:06:12.6",5776503,-10,-10,-10,220,-0.002,-40.01
"2020-10-05 18:06:12.7",5776504,-10,-10,-10,220,-0.002,-40.01
"2020-10-05 18:06:12.8",5776505,-10,-10,-10,220,-0.002,-40.01
"2020-10-05 18:06:12.9",5776506,-10,-10,-10,220,-0.002,-40.01
"2020-10-05 18:06:13",5776507,-10,-10,-10,220,-0.002,-40.01
"2020-10-05 18:06:13.1",5776508,-10,-10,-10,220,-0.002,-40.01
"2020-10-05 18:06:13.2",5776509,-10,-10,-10,220,-0.002,-40.01
"2020-10-05 18:06:13.3",5776510,-10,-10,-10,220,-0.002,-40.01
"2020-10-05 18:06:13.4",5776511,-10,-10,-10,220,-0.002,-40.01
"2020-10-05 18:06:13.5",5776512,-10,-10,-10,220,-0.002,-40.01
"2020-10-05 18:06:13.6",5776513,-10,-10,-10,220,-0.002,-40.01
"2020-10-05 18:06:13.7",5776514,-10,-10,-10,220,-0.002,-40.01
"2020-10-05 18:06:13.8",5776515,-10,-10,-10,220,-0.002,-40.01
"2020-10-05 18:06:13.9",5776516,-10,-10,-10,220,-0.002,-40.01
"2020-10-05 18:06:14",5776517,-10,-10,-10,220,-0.002,-40.01
"2020-10-05 18:06:14.1",5776518,-10,-10,-10,220,-0.002,-40.01
"2020-10-05 18:06:14.2",5776519,-10,-10,-10,220,-0.002,-40.01
"2020-10-05 18:06:14.3",5776520,-10,-10,-10,220,-0.002,-40.01
"2020-10-05 18:06:14.4",5776521,-10,-10,-10,220,-0.002,-40.01
"2020-10-05 18:06:14.5",5776522,-10,-10,-10,220,-0.002,-40.01
"2020-10-05 18:06:14.6",5776523,-10,-10,-10,220,-0.002,-40.01
"2020-10-05 18:06:14.7",5776524,-10,-10,-10,220,-0.002,-40.01
"2020-10-05 18:06:14.8",5776525,-10,-10,-10,220,-0.002,-40.01
"2020-10-05 18:06:14.9",5776526,-10,-10,-10,220,-0.002,-40.01
"2020-10-05 18:06:15",5776527,-10,-10,-10,220,-0.002,-40.01
"2020-10-05 18:06:15.1",5776528,-10,-10,-10,220,-0.002,-40.01
"2020-10-05 18:06:15.2",5776529,-10,-10,-10,220,-0.002,-40.01
"2020-10-05 18:06:15.3",5776530,-10,-10,-10,220,-0.002,-40.01
"2020-10-05 18:06:15.4",5776531,-10,-10,-10,220,-0.002,-40.01
"2020-10-05 18:06:15.5",5776532,-10,-10,-10,220,-0.002,-40.01
"2020-10-05 18:06:15.6",5776533,-10,-10,-10,220,-0.002,-40.01
"2020-10-05 18:06:15.7",5776534,-10,-10,-10,220,-0.002,-40.01
"2020-10-05 18:06:15.8",5776535,-10,-10,-10,220,-0.002,-40.01
"2020-10-05 18:06:15.9",5776536,-10,-10,-10,220,-0.002,-40.01
"2020-10-05 18:06:16",5776537,-10,-10,-10,220,-0.002,-40.01
"2020-10-05 18:06:16.1",5776538,-10,-10,-10,220,-0.002,-40.01
"2020-10-05 18:06:16.2",5776539,-10,-10,-10,220,-0.002,-40.01
"2020-10-05 18:06:16.3",5776540,-10,-10,-10,220,-0.002,-40.01
"2020-10-05 18:06:16.4",5776541,-10,-10,-10,220,-0.002,-40.01
"2020-10-05 18:06:16.5",5776542,-10,-10,-10,220,-0.002,-40.01
"2020-10-05 18:06:16.6",5776543,-10,-10,-10,220,-0.002,-40.01
"2020-10-05 18:06:16.7",5776544,-10,-10,-10,220,-0.002,-40.01
"2020-10-05 18:06:16.8",5776545,-10,-10,-10,220,-0.002,-40.01
"2020-10-05 18:06:16.9",5776546,-10,-10,-10,220,-0.002,-40.01
"2020-10-05 18:06:17",5776547,-10,-10,-10,220,-0.002,-40.01
"2020-10-05 18:06:17.1",5776548,-10,-10,-10,220,-0.002,-40.01
"2020-10-05 18:06:17.2",5776549,-10,-10,-10,220,-0.002,-40.01
"2020-10-05 18:06:17.3",5776550,-10,-10,-10,220,-0.002,-40.01
"2020-10-05 18:06:17.4",5776551,-10,-10,-10,220,-0.002,-40.01
"2020-10-05 18:06:17.5",5776552,-10,-10,-10,220,-0.002,-40.01
"2020-10-05 18:06:17.6",5776553,-10,-10,-10,220,-0.002,-40.01
"2020-10-05 18:06:17.7",5776554,-10,-10,-10,220,-0.002,-40.01
"2020-10-05 18:06:17.8",5776555,-10,-10,-10,220,-0.002,-40.01
"2020-10-05 18:06:17.9",5776556,-10,-10,-10,220,-0.002,-40.01
"2020-10-05 18:06:18",5776557,-10,-10,-10,220,-0.002,-40.01
"2020-10-05 18:06:18.1",5776558,-10,-10,-10,220,-0.002,-40.01
"2020-10-05 18:06:18.2",5776559,-10,-10,-10,220,-0.002,-40.01
"2020-10-05 18:06:18.3",5776560,-10,-10,-10,220,-0.002,-40.01
"2020-10-05 18:06:18.4",5776561,-10,-10,-10,220,-0.002,-40.01
"2020-10-05 18:06:18.5",5776562,-10,-10,-10,220,-0.002,-40.01
"2020-10-05 18:06:18.6",5776563,-10,-10,-10,220,-0.002,-40.01
"2020-10-05 18:06:18.7",5776564,-10,-10,-10,220,-0.002,-40.01
"2020-10-05 18:06:18.8",5776565,-10,-10,-10,220,-0.002,-40.01
"2020-10-05 18:06:18.9",5776566,-10,-10,-10,220,-0.002,-40.01
"2020-10-05 18:06:19",5776567,-10,-10,-10,220,-0.002,-40.01
"2020-10-05 18:06:19.1",5776568,-10,-10,-10,220,-0.002,-40.01
"2020-10-05 18:06:19.2",5776569,-10,-10,-10,220,-0.002,-40.01
"2020-10-05 18:06:19.3",5776570,-10,-10,-10,220,-0.002,-40.01
"2020-10-05 18:06:19.4",5776571,-10,-10,-10,220,-0.002,-40.01
"2020-10-05 18:06:19.5",5776572,-10,-10,-10,220,-0.002,-40.01
"2020-10-05 18:06:19.6",5776573,-10,-10,-10,220,-0.002,-40.01
"2020-10-05 18:06:19.7",5776574,-10,-10,-10,220,-0.002,-40.01
"2020-10-05 18:06:19.8",5776575,-10,-10,-10,220,-0.002,-40.01
"2020-10-05 18:06:19.9",5776576,-10,-10,-10,220,-0.002,-40.01
"2020-10-05 18:06:20",5776577,-10,-10,-10,220,-0.002,-40.01
"2020-10-05 18:06:20.1",5776578,-10,-10,-10,220,-0.002,-40.01
"2020-10-05 18:06:20.2",5776579,-10,-10,-10,220,-0.002,-40.01
"2020-10-05 18:06:20.3",5776580,-10,-10,-10,220,-0.002,-40.01
"2020-10-05 18:06:20.4",5776581,-10,-10,-10,220,-0.002,-40.01
"2020-10-05 18:06:20.5",5776582,-10,-10,-10,220,-0.002,-40.01
"2020-10-05 18:06:20.6",5776583,-10,-10,-10,220,-0.002,-40.01
"2020-10-05 18:06:20.7",5776584,-10,-10,-10,220,-0.002,-40.01
"2020-10-05 18:06:20.8",5776585,-10,-10,-10,220,-0.002,-40.01
"2020-10-05 18:06:20.9",5776586,-10,-10,-10,220,-0.002,-40.01
"2020-10-05 18:06:21",5776587,-10,-10,-10,220,-0.002,-40.01
"2020-10-05 18:06:21.1",5776588,-10,-10,-10,220,-0.002,-40.01
"2020-10-05 18:06:21.2",5776589,-10,-10,-10,220,-0.002,-40.01
"2020-10-05 18:06:21.3",5776590,-10,-10,-10,220,-0.002,-40.01
"2020-10-05 18:06:21.4",5776591,-10,-10,-10,220,-0.002,-40.01
"2020-10-05 18:06:21.5",5776592,-10,-10,-10,220,-0.002,-40.01
"2020-10-05 18:06:21.6",5776593,-10,-10,-10,220,-0.002,-40.01
"2020-10-05 18:06:21.7",5776594,-10,-10,-10,220,-0.002,-40.01
"2020-10-05 18:06:21.8",5776595,-10,-10,-10,220,-0.002,-40.01
"2020-10-05 18:06:21.9",5776596,-10,-10,-10,220,-0.002,-40.01
"2020-10-05 18:06:22",5776597,-10,-10,-10,220,-0.002,-40.01
"2020-10-05 18:06:22.1",5776598,-10,-10,-10,220,-0.002,-40.01
"2020-10-05 18:06:22.2",5776599,-10,-10,-10,220,-0.002,-40.01
"2020-10-05 18:06:22.3",5776600,-10,-10,-10,220,-0.002,-40.01
"2020-10-05 18:06:22.4",5776601,-10,-10,-10,220,-0.002,-40.01
"2020-10-05 18:06:22.5",5776602,-10,-10,-10,220,-0.002,-40.01
"2020-10-05 18:06:22.6",5776603,-10,-10,-10,220,-0.002,-40.01
"2020-10-05 18:06:22.7",5776604,-10,-10,-10,220,-0.002,-40.01
"2020-10-05 18:06:22.8",5776605,-10,-10,-10,220,-0.002,-40.01
"2020-10-05 18:06:22.9",5776606,-10,-10,-10,220,-0.002,-40.01
"2020-10-05 18:06:23",5776607,-10,-10,-10,220,-0.002,-40.01
"2020-10-05 18:06:23.1",5776608,-10,-10,-10,220,-0.002,-40.01
"2020-10-05 18:06:23.2",5776609,-10,-10,-10,220,-0.002,-40.01
"2020-10-05 18:06:23.3",5776610,-10,-10,-10,220,-0.002,-40.01
"2020-10-05 18:06:23.4",5776611,-10,-10,-10,220,-0.002,-40.01
"2020-10-05 18:06:23.5",5776612,-10,-10,-10,220,-0.002,-40.01
"2020-10-05 18:06:23.6",5776613,-10,-10,-10,220,-0.002,-40.01
"2020-10-05 18:06:23.7",5776614,-10,-10,-10,220,-0.002,-40.01
"2020-10-05 18:06:23.8",5776615,-10,-10,-10,220,-0.002,-40.01
"2020-10-05 18:06:23.9",5776616,-10,-10,-10,220,-0.002,-40.01
"2020-10-05 18:06:24",5776617,-10,-10,-10,220,-0.002,-40.01
"2020-10-05 18:06:24.1",5776618,-10,-10,-10,220,-0.002,-40.01
"2020-10-05 18:06:24.2",5776619,-10,-10,-10,220,-0.002,-40.01
"2020-10-05 18:06:24.3",5776620,-10,-10,-10,220,-0.002,-40.01
"2020-10-05 18:06:24.4",5776621,-10,-10,-10,220,-0.002,-40.01
"2020-10-05 18:06:24.5",5776622,-10,-10,-10,220,-0.002,-40.01
"2020-10-05 18:06:24.6",5776623,-10,-10,-10,220,-0.002,-40.01
"2020-10-05 18:06:24.7",5776624,-10,-10,-10,220,-0.002,-40.01
"2020-10-05 18:06:24.8",5776625,-10,-10,-10,220,-0.002,-40.01
"2020-10-05 18:06:24.9",5776626,-10,-10,-10,220,-0.002,-40.01
"2020-10-05 18:06:25",5776627,-10,-10,-10,220,-0.002,-40.01
"2020-10-05 18:06:25.1",5776628,-10,-10,-10,220,-0.002,-40.01
"2020-10-05 18:06:25.2",5776629,-10,-10,-10,220,-0.002,-40.01
"2020-10-05 18:06:25.3",5776630,-10,-10,-10,220,-0.002,-40.01
"2020-10-05 18:06:25.4",5776631,-10,-10,-10,220,-0.002,-40.01
"2020-10-05 18:06:25.5",5776632,-10,-10,-10,220,-0.002,-40.01
"2020-10-05 18:06:25.6",5776633,-10,-10,-10,220,-0.002,-40.01
"2020-10-05 18:06:25.7",5776634,-10,-10,-10,220,-0.002,-40.01
"2020-10-05 18:06:25.8",5776635,-10,-10,-10,220,-0.002,-40.01
"2020-10-05 18:06:25.9",5776636,-10,-10,-10,220,-0.002,-40.01
"2020-10-05 18:06:26",5776637,-10,-10,-10,220,-0.002,-40.01
"2020-10-05 18:06:26.1",5776638,-10,-10,-10,220,-0.002,-40.01
"2020-10-05 18:06:26.2",5776639,-10,-10,-10,220,-0.002,-40.01
"2020-10-05 18:06:26.3",5776640,-10,-10,-10,220,-0.002,-40.01
"2020-10-05 18:06:26.4",5776641,-10,-10,-10,220,-0.002,-40.01
"2020-10-05 18:06:26.5",5776642,-10,-10,-10,220,-0.002,-40.01
"2020-10-05 18:06:26.6",5776643,-10,-10,-10,220,-0.002,-40.01
"2020-10-05 18:06:26.7",5776644,-10,-10,-10,220,-0.002,-40.01
"2020-10-05 18:06:26.8",5776645,-10,-10,-10,220,-0.002,-40.01
"2020-10-05 18:06:26.9",5776646,-10,-10,-10,220,-0.002,-40.01
"2020-10-05 18:06:27",5776647,-10,-10,-10,220,-0.002,-40.01
"2020-10-05 18:06:27.1",5776648,-10,-10,-10,220,-0.002,-40.01
"2020-10-05 18:06:27.2",5776649,-10,-10,-10,220,-0.002,-40.01
"2020-10-05 18:06:27.3",5776650,-10,-10,-10,220,-0.002,-40.01
"2020-10-05 18:06:27.4",5776651,-10,-10,-10,220,-0.002,-40.01
"2020-10-05 18:06:27.5",5776652,-10,-10,-10,220,-0.002,-40.01
"2020-10-05 18:06:27.6",5776653,-10,-10,-10,220,-0.002,-40.01
"2020-10-05 18:06:27.7",5776654,-10,-10,-10,220,-0.002,-40.01
"2020-10-05 18:06:27.8",5776655,-10,-10,-10,220,-0.002,-40.01
"2020-10-05 18:06:27.9",5776656,-10,-10,-10,220,-0.002,-40.01
"2020-10-05 18:06:28",5776657,-10,-10,-10,220,-0.002,-40.01
"2020-10-05 18:06:28.1",5776658,-10,-10,-10,220,-0.002,-40.01
"2020-10-05 18:06:28.2",5776659,-10,-10,-10,220,-0.002,-40.01
"2020-10-05 18:06:28.3",5776660,-10,-10,-10,220,-0.002,-40.01
"2020-10-05 18:06:28.4",5776661,-10,-10,-10,220,-0.002,-40.01
"2020-10-05 18:06:28.5",5776662,-10,-10,-10,220,-0.002,-40.01
"2020-10-05 18:06:28.6",5776663,-10,-10,-10,220,-0.002,-40.01
"2020-10-05 18:06:28.7",5776664,-10,-10,-10,220,-0.002,-40.01
"2020-10-05 18:06:28.8",5776665,-10,-10,-10,220,-0.002,-40.01
"2020-10-05 18:06:28.9",5776666,-10,-10,-10,220,-0.002,-40.01
"2020-10-05 18:06:29",5776667,-10,-10,-10,220,-0.002,-40.01
"2020-10-05 18:06:29.1",5776668,-10,-10,-10,220,-0.002,-40.01
"2020-10-05 18:06:29.2",5776669,-10,-10,-10,220,-0.002,-40.01
"2020-10-05 18:06:29.3",5776670,-10,-10,-10,220,-0.002,-40.01
"2020-10-05 18:06:29.4",5776671,-10,-10,-10,220,-0.002,-40.01
"2020-10-05 18:06:29.5",5776672,-10,-10,-10,220,-0.002,-40.01
"2020-10-05 18:06:29.6",5776673,-10,-10,-10,220,-0.002,-40.01
"2020-10-05 18:06:29.7",5776674,-10,-10,-10,220,-0.002,-40.01
"2020-10-05 18:06:29.8",5776675,-10,-10,-10,220,-0.002,-40.01
"2020-10-05 18:06:29.9",5776676,-10,-10,-10,220,-0.002,-40.01
"2020-10-05 18:06:30",5776677,-10,-10,-10,220,-0.002,-40.01
"2020-10-05 18:06:30.1",5776678,-10,-10,-10,220,-0.002,-40.01
"2020-10-05 18:06:30.2",5776679,-10,-10,-10,220,-0.002,-40.01
"2020-10-05 18:06:30.3",5776680,-10,-10,-10,220,-0.002,-40.01
"2020-10-05 18:06:30.4",5776681,-10,-10,-10,220,-0.002,-40.01
"2020-10-05 18:06:30.5",5776682,-10,-10,-10,220,-0.002,-40.01
"2020-10-05 18:06:30.6",5776683,-10,-10,-10,220,-0.002,-40.01
"2020-10-05 18:06:30.7",5776684,-10,-10,-10,220,-0.002,-40.01
"2020-10-05 18:06:30.8",5776685,-10,-10,-10,220,-0.002,-40.01
"2020-10-05 18:06:30.9",5776686,-10,-10,-10,220,-0.002,-40.01
"2020-10-05 18:06:31",5776687,-10,-10,-10,220,-0.002,-40.01
"2020-10-05 18:06:31.1",5776688,-10,-10,-10,220,-0.002,-40.01
"2020-10-05 18:06:31.2",5776689,-10,-10,-10,220,-0.002,-40.01
"2020-10-05 18:06:31.3",5776690,-10,-10,-10,220,-0.002,-40.01
"2020-10-05 18:06:31.4",5776691,-10,-10,-10,220,-0.002,-40.01
"2020-10-05 18:06:31.5",5776692,-10,-10,-10,220,-0.002,-40.01
"2020-10-05 18:06:31.6",5776693,-10,-10,-10,220,-0.002,-40.01
"2020-10-05 18:06:31.7",5776694,-10,-10,-10,220,-0.002,-40.01
"2020-10-05 18:06:31.8",5776695,-10,-10,-10,220,-0.002,-40.01
"2020-10-05 18:06:31.9",5776696,-10,-10,-10,220,-0.002,-40.01
"2020-10-05 18:06:32",5776697,-10,-10,-10,220,-0.002,-40.01
"2020-10-05 18:06:32.1",5776698,-10,-10,-10,220,-0.002,-40.01
"2020-10-05 18:06:32.2",5776699,-10,-10,-10,220,-0.002,-40.01
"2020-10-05 18:06:32.3",5776700,-10,-10,-10,220,-0.002,-40.01
"2020-10-05 18:06:32.4",5776701,-10,-10,-10,220,-0.002,-40.01
"2020-10-05 18:06:32.5",5776702,-10,-10,-10,220,-0.002,-40.01
"2020-10-05 18:06:32.6",5776703,-10,-10,-10,220,-0.002,-40.01
"2020-10-05 18:06:32.7",5776704,-10,-10,-10,220,-0.002,-40.01
"2020-10-05 18:06:32.8",5776705,-10,-10,-10,220,-0.002,-40.01
"2020-10-05 18:06:32.9",5776706,-10,-10,-10,220,-0.002,-40.01
"2020-10-05 18:06:33",5776707,-10,-10,-10,220,-0.002,-40.01
"2020-10-05 18:06:33.1",5776708,-10,-10,-10,220,-0.002,-40.01
"2020-10-05 18:06:33.2",5776709,-10,-10,-10,220,-0.002,-40.01
"2020-10-05 18:06:33.3",5776710,-10,-10,-10,220,-0.002,-40.01
"2020-10-05 18:06:33.4",5776711,-10,-10,-10,220,-0.002,-40.01
"2020-10-05 18:06:33.5",5776712,-10,-10,-10,220,-0.002,-40.01
"2020-10-05 18:06:33.6",5776713,-10,-10,-10,220,-0.002,-40.01
"2020-10-05 18:06:33.7",5776714,-10,-10,-10,220,-0.002,-40.01
"2020-10-05 18:06:33.8",5776715,-10,-10,-10,220,-0.002,-40.01
"2020-10-05 18:06:33.9",5776716,-10,-10,-10,220,-0.002,-40.01
"2020-10-05 18:06:34",5776717,-10,-10,-10,220,-0.002,-40.01
"2020-10-05 18:06:34.1",5776718,-10,-10,-10,220,-0.002,-40.01
"2020-10-05 18:06:34.2",5776719,-10,-10,-10,220,-0.002,-40.01
"2020-10-05 18:06:34.3",5776720,-10,-10,-10,220,-0.002,-40.01
"2020-10-05 18:06:34.4",5776721,-10,-10,-10,220,-0.002,-40.01
"2020-10-05 18:06:34.5",5776722,-10,-10,-10,220,-0.002,-40.01
"2020-10-05 18:06:34.6",5776723,-10,-10,-10,220,-0.002,-40.01
"2020-10-05 18:06:34.7",5776724,-10,-10,-10,220,-0.002,-40.01
"2020-10-05 18:06:34.8",5776725,-10,-10,-10,220,-0.002,-40.01
"2020-10-05 18:06:34.9",5776726,-10,-10,-10,220,-0.002,-40.01
"2020-10-05 18:06:35",5776727,-10,-10,-10,220,-0.002,-40.01
"2020-10-05 18:06:35.1",5776728,-10,-10,-10,220,-0.002,-40.01
"2020-10-05 18:06:35.2",5776729,-10,-10,-10,220,-0.002,-40.01
"2020-10-05 18:06:35.3",5776730,-10,-10,-10,220,-0.002,-40.01
"2020-10-05 18:06:35.4",5776731,-10,-10,-10,220,-0.002,-40.01
"2020-10-05 18:06:35.5",5776732,-10,-10,-10,220,-0.002,-40.01
"2020-10-05 18:06:35.6",5776733,-10,-10,-10,220,-0.002,-40.01
"2020-10-05 18:06:35.7",5776734,-10,-10,-10,220,-0.002,-40.01
"2020-10-05 18:06:35.8",5776735,-10,-10,-10,220,-0.002,-40.01
"2020-10-05 18:06:35.9",5776736,-10,-10,-10,220,-0.002,-40.01
"2020-10-05 18:06:36",5776737,-10,-10,-10,220,-0.002,-40.01
"2020-10-05 18:06:36.1",5776738,-10,-10,-10,220,-0.002,-40.01
"2020-10-05 18:06:36.2",5776739,-10,-10,-10,220,-0.002,-40.01
"2020-10-05 18:06:36.3",5776740,-10,-10,-10,220,-0.002,-40.01
"2020-10-05 18:06:36.4",5776741,-10,-10,-10,220,-0.002,-40.01
"2020-10-05 18:06:36.5",5776742,-10,-10,-10,220,-0.002,-40.01
"2020-10-05 18:06:36.6",5776743,-10,-10,-10,220,-0.002,-40.01
"2020-10-05 18:06:36.7",5776744,-10,-10,-10,220,-0.002,-40.01
"2020-10-05 18:06:36.8",5776745,-10,-10,-10,220,-0.002,-40.01
"2020-10-05 18:06:36.9",5776746,-10,-10,-10,220,-0.002,-40.01
"2020-10-05 18:06:37",5776747,-10,-10,-10,220,-0.002,-40.01
"2020-10-05 18:06:37.1",5776748,-10,-10,-10,220,-0.002,-40.01
"2020-10-05 18:06:37.2",5776749,-10,-10,-10,220,-0.002,-40.01
"2020-10-05 18:06:37.3",5776750,-10,-10,-10,220,-0.002,-40.01
"2020-10-05 18:06:37.4",5776751,-10,-10,-10,220,-0.002,-40.01
"2020-10-05 18:06:37.5",5776752,-10,-10,-10,220,-0.002,-40.01
"2020-10-05 18:06:37.6",5776753,-10,-10,-10,220,-0.002,-40.01
"2020-10-05 18:06:37.7",5776754,-10,-10,-10,220,-0.002,-40.01
"2020-10-05 18:06:37.8",5776755,-10,-10,-10,220,-0.002,-40.01
"2020-10-05 18:06:37.9",5776756,-10,-10,-10,220,-0.002,-40.01
"2020-10-05 18:06:38",5776757,-10,-10,-10,220,-0.002,-40.01
"2020-10-05 18:06:38.1",5776758,-10,-10,-10,220,-0.002,-40.01
"2020-10-05 18:06:38.2",5776759,-10,-10,-10,220,-0.002,-40.01
"2020-10-05 18:06:38.3",5776760,-10,-10,-10,220,-0.002,-40.01
"2020-10-05 18:06:38.4",5776761,-10,-10,-10,220,-0.002,-40.01
"2020-10-05 18:06:38.5",5776762,-10,-10,-10,220,-0.002,-40.01
"2020-10-05 18:06:38.6",5776763,-10,-10,-10,220,-0.002,-40.01
"2020-10-05 18:06:38.7",5776764,-10,-10,-10,220,-0.002,-40.01
"2020-10-05 18:06:38.8",5776765,-10,-10,-10,220,-0.002,-40.01
"2020-10-05 18:06:38.9",5776766,-10,-10,-10,220,-0.002,-40.01
"2020-10-05 18:06:39",5776767,-10,-10,-10,220,-0.002,-40.01
"2020-10-05 18:06:39.1",5776768,-10,-10,-10,220,-0.002,-40.01
"2020-10-05 18:06:39.2",5776769,-10,-10,-10,220,-0.002,-40.01
"2020-10-05 18:06:39.3",5776770,-10,-10,-10,220,-0.002,-40.01
"2020-10-05 18:06:39.4",5776771,-10,-10,-10,220,-0.002,-40.01
"2020-10-05 18:06:39.5",5776772,-10,-10,-10,220,-0.002,-40.01
"2020-10-05 18:06:39.6",5776773,-10,-10,-10,220,-0.002,-40.01
"2020-10-05 18:06:39.7",5776774,-10,-10,-10,220,-0.002,-40.01
"2020-10-05 18:06:39.8",5776775,-10,-10,-10,220,-0.002,-40.01
"2020-10-05 18:06:39.9",5776776,-10,-10,-10,220,-0.002,-40.01
"2020-10-05 18:06:40",5776777,-10,-10,-10,220,-0.002,-40.01
"2020-10-05 18:06:40.1",5776778,-10,-10,-10,220,-0.002,-40.01
"2020-10-05 18:06:40.2",5776779,-10,-10,-10,220,-0.002,-40.01
"2020-10-05 18:06:40.3",5776780,-10,-10,-10,220,-0.002,-40.01
"2020-10-05 18:06:40.4",5776781,-10,-10,-10,220,-0.002,-40.01
"2020-10-05 18:06:40.5",5776782,-10,-10,-10,220,-0.002,-40.01
"2020-10-05 18:06:40.6",5776783,-10,-10,-10,220,-0.002,-40.01
"2020-10-05 18:06:40.7",5776784,-10,-10,-10,220,-0.002,-40.01
"2020-10-05 18:06:40.8",5776785,-10,-10,-10,220,-0.002,-40.01
"2020-10-05 18:06:40.9",5776786,-10,-10,-10,220,-0.002,-40.01
"2020-10-05 18:06:41",5776787,-10,-10,-10,220,-0.002,-40.01
"2020-10-05 18:06:41.1",5776788,-10,-10,-10,220,-0.002,-40.01
"2020-10-05 18:06:41.2",5776789,-10,-10,-10,220,-0.002,-40.01
"2020-10-05 18:06:41.3",5776790,-10,-10,-10,220,-0.002,-40.01
"2020-10-05 18:06:41.4",5776791,-10,-10,-10,220,-0.002,-40.01
"2020-10-05 18:06:41.5",5776792,-10,-10,-10,220,-0.002,-40.01
"2020-10-05 18:06:41.6",5776793,-10,-10,-10,220,-0.002,-40.01
"2020-10-05 18:06:41.7",5776794,-10,-10,-10,220,-0.002,-40.01
"2020-10-05 18:06:41.8",5776795,-10,-10,-10,220,-0.002,-40.01
"2020-10-05 18:06:41.9",5776796,-10,-10,-10,220,-0.002,-40.01
"2020-10-05 18:06:42",5776797,-10,-10,-10,220,-0.002,-40.01
"2020-10-05 18:06:42.1",5776798,-10,-10,-10,220,-0.002,-40.01
"2020-10-05 18:06:42.2",5776799,-10,-10,-10,220,-0.002,-40.01
"2020-10-05 18:06:42.3",5776800,-10,-10,-10,220,-0.002,-40.01
"2020-10-05 18:06:42.4",5776801,-10,-10,-10,220,-0.002,-40.01
"2020-10-05 18:06:42.5",5776802,-10,-10,-10,220,-0.002,-40.01
"2020-10-05 18:06:42.6",5776803,-10,-10,-10,220,-0.002,-40.01
"2020-10-05 18:06:42.7",5776804,-10,-10,-10,220,-0.002,-40.01
"2020-10-05 18:06:42.8",5776805,-10,-10,-10,220,-0.002,-40.01
"2020-10-05 18:06:42.9",5776806,-10,-10,-10,220,-0.002,-40.01
"2020-10-05 18:06:43",5776807,-10,-10,-10,220,-0.002,-40.01
"2020-10-05 18:06:43.1",5776808,-10,-10,-10,220,-0.002,-40.01
"2020-10-05 18:06:43.2",5776809,-10,-10,-10,220,-0.002,-40.01
"2020-10-05 18:06:43.3",5776810,-10,-10,-10,220,-0.002,-40.01
"2020-10-05 18:06:43.4",5776811,-10,-10,-10,220,-0.002,-40.01
"2020-10-05 18:06:43.5",5776812,-10,-10,-10,220,-0.002,-40.01
"2020-10-05 18:06:43.6",5776813,-10,-10,-10,220,-0.002,-40.01
"2020-10-05 18:06:43.7",5776814,-10,-10,-10,220,-0.002,-40.01
"2020-10-05 18:06:43.8",5776815,-10,-10,-10,220,-0.002,-40.01
"2020-10-05 18:06:43.9",5776816,-10,-10,-10,220,-0.002,-40.01
"2020-10-05 18:06:44",5776817,-10,-10,-10,220,-0.002,-40.01
"2020-10-05 18:06:44.1",5776818,-10,-10,-10,220,-0.002,-40.01
"2020-10-05 18:06:44.2",5776819,-10,-10,-10,220,-0.002,-40.01
"2020-10-05 18:06:44.3",5776820,-10,-10,-10,220,-0.002,-40.01
"2020-10-05 18:06:44.4",5776821,-10,-10,-10,220,-0.002,-40.01
"2020-10-05 18:06:44.5",5776822,-10,-10,-10,220,-0.002,-40.01
"2020-10-05 18:06:44.6",5776823,-10,-10,-10,220,-0.002,-40.01
"2020-10-05 18:06:44.7",5776824,-10,-10,-10,220,-0.002,-40.01
"2020-10-05 18:06:44.8",5776825,-10,-10,-10,220,-0.002,-40.01
"2020-10-05 18:06:44.9",5776826,-10,-10,-10,220,-0.002,-40.01
"2020-10-05 18:06:45",5776827,-10,-10,-10,220,-0.002,-40.01
"2020-10-05 18:06:45.1",5776828,-10,-10,-10,220,-0.002,-40.01
"2020-10-05 18:06:45.2",5776829,-10,-10,-10,220,-0.002,-40.01
"2020-10-05 18:06:45.3",5776830,-10,-10,-10,220,-0.002,-40.01
"2020-10-05 18:06:45.4",5776831,-10,-10,-10,220,-0.002,-40.01
"2020-10-05 18:06:45.5",5776832,-10,-10,-10,220,-0.002,-40.01
"2020-10-05 18:06:45.6",5776833,-10,-10,-10,220,-0.002,-40.01
"2020-10-05 18:06:45.7",5776834,-10,-10,-10,220,-0.002,-40.01
"2020-10-05 18:06:45.8",5776835,-10,-10,-10,220,-0.002,-40.01
"2020-10-05 18:06:45.9",5776836,-10,-10,-10,220,-0.002,-40.01
"2020-10-05 18:06:46",5776837,-10,-10,-10,220,-0.002,-40.01
"2020-10-05 18:06:46.1",5776838,-10,-10,-10,220,-0.002,-40.01
"2020-10-05 18:06:46.2",5776839,-10,-10,-10,220,-0.002,-40.01
"2020-10-05 18:06:46.3",5776840,-10,-10,-10,220,-0.002,-40.01
"2020-10-05 18:06:46.4",5776841,-10,-10,-10,220,-0.002,-40.01
"2020-10-05 18:06:46.5",5776842,-10,-10,-10,220,-0.002,-40.01
"2020-10-05 18:06:46.6",5776843,-10,-10,-10,220,-0.002,-40.01
"2020-10-05 18:06:46.7",5776844,-10,-10,-10,220,-0.002,-40.01
"2020-10-05 18:06:46.8",5776845,-10,-10,-10,220,-0.002,-40.01
"2020-10-05 18:06:46.9",5776846,-10,-10,-10,220,-0.002,-40.01
"2020-10-05 18:06:47",5776847,-10,-10,-10,220,-0.002,-40.01
"2020-10-05 18:06:47.1",5776848,-10,-10,-10,220,-0.002,-40.01
"2020-10-05 18:06:47.2",5776849,-10,-10,-10,220,-0.002,-40.01
"2020-10-05 18:06:47.3",5776850,-10,-10,-10,220,-0.002,-40.01
"2020-10-05 18:06:47.4",5776851,-10,-10,-10,220,-0.002,-40.01
"2020-10-05 18:06:47.5",5776852,-10,-10,-10,220,-0.002,-40.01
"2020-10-05 18:06:47.6",5776853,-10,-10,-10,220,-0.002,-40.01
"2020-10-05 18:06:47.7",5776854,-10,-10,-10,220,-0.002,-40.01
"2020-10-05 18:06:47.8",5776855,-10,-10,-10,220,-0.002,-40.01
"2020-10-05 18:06:47.9",5776856,-10,-10,-10,220,-0.002,-40.01
"2020-10-05 18:06:48",5776857,-10,-10,-10,220,-0.002,-40.01
"2020-10-05 18:06:48.1",5776858,-10,-10,-10,220,-0.002,-40.01
"2020-10-05 18:06:48.2",5776859,-10,-10,-10,220,-0.002,-40.01
"2020-10-05 18:06:48.3",5776860,-10,-10,-10,220,-0.002,-40.01
"2020-10-05 18:06:48.4",5776861,-10,-10,-10,220,-0.002,-40.01
"2020-10-05 18:06:48.5",5776862,-10,-10,-10,220,-0.002,-40.01
"2020-10-05 18:06:48.6",5776863,-10,-10,-10,220,-0.002,-40.01
"2020-10-05 18:06:48.7",5776864,-10,-10,-10,220,-0.002,-40.01
"2020-10-05 18:06:48.8",5776865,-10,-10,-10,220,-0.002,-40.01
"2020-10-05 18:06:48.9",5776866,-10,-10,-10,220,-0.002,-40.01
"2020-10-05 18:06:49",5776867,-10,-10,-10,220,-0.002,-40.01
"2020-10-05 18:06:49.1",5776868,-10,-10,-10,220,-0.002,-40.01
"2020-10-05 18:06:49.2",5776869,-10,-10,-10,220,-0.002,-40.01
"2020-10-05 18:06:49.3",5776870,-10,-10,-10,220,-0.002,-40.01
"2020-10-05 18:06:49.4",5776871,-10,-10,-10,220,-0.002,-40.01
"2020-10-05 18:06:49.5",5776872,-10,-10,-10,220,-0.002,-40.01
"2020-10-05 18:06:49.6",5776873,-10,-10,-10,220,-0.002,-40.01
"2020-10-05 18:06:49.7",5776874,-10,-10,-10,220,-0.002,-40.01
"2020-10-05 18:06:49.8",5776875,-10,-10,-10,220,-0.002,-40.01
"2020-10-05 18:06:49.9",5776876,-10,-10,-10,220,-0.002,-40.01
"2020-10-05 18:06:50",5776877,-10,-10,-10,220,-0.002,-40.01
"2020-10-05 18:06:50.1",5776878,-10,-10,-10,220,-0.002,-40.01
"2020-10-05 18:06:50.2",5776879,-10,-10,-10,220,-0.002,-40.01
"2020-10-05 18:06:50.3",5776880,-10,-10,-10,220,-0.002,-40.01
"2020-10-05 18:06:50.4",5776881,-10,-10,-10,220,-0.002,-40.01
"2020-10-05 18:06:50.5",5776882,-10,-10,-10,220,-0.002,-40.01
"2020-10-05 18:06:50.6",5776883,-10,-10,-10,220,-0.002,-40.01
"2020-10-05 18:06:50.7",5776884,-10,-10,-10,220,-0.002,-40.01
"2020-10-05 18:06:50.8",5776885,-10,-10,-10,220,-0.002,-40.01
"2020-10-05 18:06:50.9",5776886,-10,-10,-10,220,-0.002,-40.01
