"TOA5","10329","CR6","10329","CR6.Std.09.01 CR6-WIFI.04.00.01","CPU:YOUNG81000_HMP60_10Hz.CR6","51185","Young10Hz_hmp"
"TIMESTAMP","RECORD","U","V","W","TSonic","RH","T_HMP60"
"TS","RN","mV","mV","mV","mV","%","Deg C"
"","","Smp","Smp","Smp","Smp","Smp","Smp"
"2020-10-03 21:41:51",4177887,-10,-10,-10,220,-0.001,-40.01
"2020-10-03 21:41:51.1",4177888,-10,-10,-10,220,-0.002,-40.01
"2020-10-03 21:41:51.2",4177889,-10,-10,-10,220,-0.002,-40.01
"2020-10-03 21:41:51.3",4177890,-10,-10,-10,220,-0.002,-40.01
"2020-10-03 21:41:51.4",4177891,-10,-10,-10,220,-0.002,-40.01
"2020-10-03 21:41:51.5",4177892,-10,-10,-10,220,-0.002,-40.01
"2020-10-03 21:41:51.6",4177893,-10,-10,-10,220,-0.001,-40.01
"2020-10-03 21:41:51.7",4177894,-10,-10,-10,220,-0.001,-40.01
"2020-10-03 21:41:51.8",4177895,-10,-10,-10,220,-0.002,-40.01
"2020-10-03 21:41:51.9",4177896,-10,-10,-10,220,-0.002,-40.01
"2020-10-03 21:41:52",4177897,-10,-10,-10,220,-0.001,-40.01
"2020-10-03 21:41:52.1",4177898,-10,-10,-10,220,-0.002,-40.01
"2020-10-03 21:41:52.2",4177899,-10,-10,-10,220,-0.001,-40.01
"2020-10-03 21:41:52.3",4177900,-10,-10,-10,220,-0.001,-40.01
"2020-10-03 21:41:52.4",4177901,-10,-10,-10,220,-0.001,-40.01
"2020-10-03 21:41:52.5",4177902,-10,-10,-10,220,-0.002,-40.01
"2020-10-03 21:41:52.6",4177903,-10,-10,-10,220,-0.002,-40.01
"2020-10-03 21:41:52.7",4177904,-10,-10,-10,220,-0.002,-40.01
"2020-10-03 21:41:52.8",4177905,-10,-10,-10,220,-0.001,-40.01
"2020-10-03 21:41:52.9",4177906,-10,-10,-10,220,-0.001,-40.01
"2020-10-03 21:41:53",4177907,-10,-10,-10,220,-0.001,-40.01
"2020-10-03 21:41:53.1",4177908,-10,-10,-10,220,-0.001,-40.01
"2020-10-03 21:41:53.2",4177909,-10,-10,-10,220,-0.002,-40.01
"2020-10-03 21:41:53.3",4177910,-10,-10,-10,220,-0.002,-40.01
"2020-10-03 21:41:53.4",4177911,-10,-10,-10,220,-0.002,-40.01
"2020-10-03 21:41:53.5",4177912,-10,-10,-10,220,-0.001,-40.01
"2020-10-03 21:41:53.6",4177913,-10,-10,-10,220,-0.002,-40.01
"2020-10-03 21:41:53.7",4177914,-10,-10,-10,220,-0.001,-40.01
"2020-10-03 21:41:53.8",4177915,-10,-10,-10,220,-0.001,-40.01
"2020-10-03 21:41:53.9",4177916,-10,-10,-10,220,-0.002,-40.01
"2020-10-03 21:41:54",4177917,-10,-10,-10,220,-0.002,-40.01
"2020-10-03 21:41:54.1",4177918,-10,-10,-10,220,-0.002,-40.01
"2020-10-03 21:41:54.2",4177919,-10,-10,-10,220,-0.001,-40.01
"2020-10-03 21:41:54.3",4177920,-10,-10,-10,220,-0.001,-40.01
"2020-10-03 21:41:54.4",4177921,-10,-10,-10,220,-0.001,-40.01
"2020-10-03 21:41:54.5",4177922,-10,-10,-10,220,-0.002,-40.01
"2020-10-03 21:41:54.6",4177923,-10,-10,-10,220,-0.002,-40.01
"2020-10-03 21:41:54.7",4177924,-10,-10,-10,220,-0.002,-40.01
"2020-10-03 21:41:54.8",4177925,-10,-10,-10,220,-0.002,-40.01
"2020-10-03 21:41:54.9",4177926,-10,-10,-10,220,-0.001,-40.01
"2020-10-03 21:41:55",4177927,-10,-10,-10,220,-0.002,-40.01
"2020-10-03 21:41:55.1",4177928,-10,-10,-10,220,-0.001,-40.01
"2020-10-03 21:41:55.2",4177929,-10,-10,-10,220,-0.002,-40.01
"2020-10-03 21:41:55.3",4177930,-10,-10,-10,220,-0.001,-40.01
"2020-10-03 21:41:55.4",4177931,-10,-10,-10,220,-0.001,-40.01
"2020-10-03 21:41:55.5",4177932,-10,-10,-10,220,-0.001,-40.01
"2020-10-03 21:41:55.6",4177933,-10,-10,-10,220,-0.001,-40.01
"2020-10-03 21:41:55.7",4177934,-10,-10,-10,220,-0.001,-40.01
"2020-10-03 21:41:55.8",4177935,-10,-10,-10,220,-0.001,-40.01
"2020-10-03 21:41:55.9",4177936,-10,-10,-10,220,-0.002,-40.01
"2020-10-03 21:41:56",4177937,-10,-10,-10,220,-0.001,-40.01
"2020-10-03 21:41:56.1",4177938,-10,-10,-10,220,-0.001,-40.01
"2020-10-03 21:41:56.2",4177939,-10,-10,-10,220,-0.001,-40.01
"2020-10-03 21:41:56.3",4177940,-10,-10,-10,220,-0.001,-40.01
"2020-10-03 21:41:56.4",4177941,-10,-10,-10,220,-0.001,-40.01
"2020-10-03 21:41:56.5",4177942,-10,-10,-10,220,-0.001,-40.01
"2020-10-03 21:41:56.6",4177943,-10,-10,-10,220,-0.002,-40.01
"2020-10-03 21:41:56.7",4177944,-10,-10,-10,220,-0.001,-40.01
"2020-10-03 21:41:56.8",4177945,-10,-10,-10,220,-0.001,-40.01
"2020-10-03 21:41:56.9",4177946,-10,-10,-10,220,-0.001,-40.01
"2020-10-03 21:41:57",4177947,-10,-10,-10,220,-0.001,-40.01
"2020-10-03 21:41:57.1",4177948,-10,-10,-10,220,-0.001,-40.01
"2020-10-03 21:41:57.2",4177949,-10,-10,-10,220,-0.001,-40.01
"2020-10-03 21:41:57.3",4177950,-10,-10,-10,220,-0.001,-40.01
"2020-10-03 21:41:57.4",4177951,-10,-10,-10,220,-0.001,-40.01
"2020-10-03 21:41:57.5",4177952,-10,-10,-10,220,-0.001,-40.01
"2020-10-03 21:41:57.6",4177953,-10,-10,-10,220,-0.002,-40.01
"2020-10-03 21:41:57.7",4177954,-10,-10,-10,220,-0.001,-40.01
"2020-10-03 21:41:57.8",4177955,-10,-10,-10,220,-0.001,-40.01
"2020-10-03 21:41:57.9",4177956,-10,-10,-10,220,-0.002,-40.01
"2020-10-03 21:41:58",4177957,-10,-10,-10,220,-0.001,-40.01
"2020-10-03 21:41:58.1",4177958,-10,-10,-10,220,-0.001,-40.01
"2020-10-03 21:41:58.2",4177959,-10,-10,-10,220,-0.002,-40.01
"2020-10-03 21:41:58.3",4177960,-10,-10,-10,220,-0.002,-40.01
"2020-10-03 21:41:58.4",4177961,-10,-10,-10,220,-0.001,-40.01
"2020-10-03 21:41:58.5",4177962,-10,-10,-10,220,-0.002,-40.01
"2020-10-03 21:41:58.6",4177963,-10,-10,-10,220,-0.002,-40.01
"2020-10-03 21:41:58.7",4177964,-10,-10,-10,220,-0.002,-40.01
"2020-10-03 21:41:58.8",4177965,-10,-10,-10,220,-0.002,-40.01
"2020-10-03 21:41:58.9",4177966,-10,-10,-10,220,-0.001,-40.01
"2020-10-03 21:41:59",4177967,-10,-10,-10,220,-0.001,-40.01
"2020-10-03 21:41:59.1",4177968,-10,-10,-10,220,-0.001,-40.01
"2020-10-03 21:41:59.2",4177969,-10,-10,-10,220,-0.001,-40.01
"2020-10-03 21:41:59.3",4177970,-10,-10,-10,220,-0.002,-40.01
"2020-10-03 21:41:59.4",4177971,-10,-10,-10,220,-0.001,-40.01
"2020-10-03 21:41:59.5",4177972,-10,-10,-10,220,-0.001,-40.01
"2020-10-03 21:41:59.6",4177973,-10,-10,-10,220,-0.001,-40.01
"2020-10-03 21:41:59.7",4177974,-10,-10,-10,220,-0.001,-40.01
"2020-10-03 21:41:59.8",4177975,-10,-10,-10,220,-0.001,-40.01
"2020-10-03 21:41:59.9",4177976,-10,-10,-10,220,-0.002,-40.01
"2020-10-03 21:42:00",4177977,-10,-10,-10,220,-0.001,-40.01
"2020-10-03 21:42:00.1",4177978,-10,-10,-10,220,-0.008,-40.02
"2020-10-03 21:42:00.2",4177979,-10,-10,-10,220,-0.008,-40.02
"2020-10-03 21:42:00.3",4177980,-10,-10,-10,220,-0.001,-40.01
"2020-10-03 21:42:00.4",4177981,-10,-10,-10,220,-0.002,-40.01
"2020-10-03 21:42:00.5",4177982,-10,-10,-10,220,-0.002,-40.01
"2020-10-03 21:42:00.6",4177983,-10,-10,-10,220,-0.001,-40.01
"2020-10-03 21:42:00.7",4177984,-10,-10,-10,220,-0.001,-40.01
"2020-10-03 21:42:00.8",4177985,-10,-10,-10,220,-0.001,-40.01
"2020-10-03 21:42:00.9",4177986,-10,-10,-10,220,-0.002,-40.01
"2020-10-03 21:42:01",4177987,-10,-10,-10,220,-0.001,-40.01
"2020-10-03 21:42:01.1",4177988,-10,-10,-10,220,-0.001,-40.01
"2020-10-03 21:42:01.2",4177989,-10,-10,-10,220,-0.002,-40.01
"2020-10-03 21:42:01.3",4177990,-10,-10,-10,220,-0.001,-40.01
"2020-10-03 21:42:01.4",4177991,-10,-10,-10,220,-0.001,-40.01
"2020-10-03 21:42:01.5",4177992,-10,-10,-10,220,-0.001,-40.01
"2020-10-03 21:42:01.6",4177993,-10,-10,-10,220,-0.001,-40.01
"2020-10-03 21:42:01.7",4177994,-10,-10,-10,220,-0.001,-40.01
"2020-10-03 21:42:01.8",4177995,-10,-10,-10,220,-0.002,-40.01
"2020-10-03 21:42:01.9",4177996,-10,-10,-10,220,-0.002,-40.01
"2020-10-03 21:42:02",4177997,-10,-10,-10,220,-0.002,-40.01
"2020-10-03 21:42:02.1",4177998,-10,-10,-10,220,-0.002,-40.01
"2020-10-03 21:42:02.2",4177999,-10,-10,-10,220,-0.001,-40.01
"2020-10-03 21:42:02.3",4178000,-10,-10,-10,220,-0.002,-40.01
"2020-10-03 21:42:02.4",4178001,-10,-10,-10,220,-0.001,-40.01
"2020-10-03 21:42:02.5",4178002,-10,-10,-10,220,-0.001,-40.01
"2020-10-03 21:42:02.6",4178003,-10,-10,-10,220,-0.001,-40.01
"2020-10-03 21:42:02.7",4178004,-10,-10,-10,220,-0.001,-40.01
"2020-10-03 21:42:02.8",4178005,-10,-10,-10,220,-0.001,-40.01
"2020-10-03 21:42:02.9",4178006,-10,-10,-10,220,-0.002,-40.01
"2020-10-03 21:42:03",4178007,-10,-10,-10,220,-0.002,-40.01
"2020-10-03 21:42:03.1",4178008,-10,-10,-10,220,-0.002,-40.01
"2020-10-03 21:42:03.2",4178009,-10,-10,-10,220,-0.002,-40.01
"2020-10-03 21:42:03.3",4178010,-10,-10,-10,220,-0.002,-40.01
"2020-10-03 21:42:03.4",4178011,-10,-10,-10,220,-0.001,-40.01
"2020-10-03 21:42:03.5",4178012,-10,-10,-10,220,-0.002,-40.01
"2020-10-03 21:42:03.6",4178013,-10,-10,-10,220,-0.001,-40.01
"2020-10-03 21:42:03.7",4178014,-10,-10,-10,220,-0.002,-40.01
"2020-10-03 21:42:03.8",4178015,-10,-10,-10,220,-0.002,-40.01
"2020-10-03 21:42:03.9",4178016,-10,-10,-10,220,-0.002,-40.01
"2020-10-03 21:42:04",4178017,-10,-10,-10,220,-0.002,-40.01
"2020-10-03 21:42:04.1",4178018,-10,-10,-10,220,-0.001,-40.01
"2020-10-03 21:42:04.2",4178019,-10,-10,-10,220,-0.001,-40.01
"2020-10-03 21:42:04.3",4178020,-10,-10,-10,220,-0.001,-40.01
"2020-10-03 21:42:04.4",4178021,-10,-10,-10,220,-0.001,-40.01
"2020-10-03 21:42:04.5",4178022,-10,-10,-10,220,-0.001,-40.01
"2020-10-03 21:42:04.6",4178023,-10,-10,-10,220,-0.001,-40.01
"2020-10-03 21:42:04.7",4178024,-10,-10,-10,220,-0.001,-40.01
"2020-10-03 21:42:04.8",4178025,-10,-10,-10,220,-0.002,-40.01
"2020-10-03 21:42:04.9",4178026,-10,-10,-10,220,-0.001,-40.01
"2020-10-03 21:42:05",4178027,-10,-10,-10,220,-0.002,-40.01
"2020-10-03 21:42:05.1",4178028,-10,-10,-10,220,-0.002,-40.01
"2020-10-03 21:42:05.2",4178029,-10,-10,-10,220,-0.002,-40.01
"2020-10-03 21:42:05.3",4178030,-10,-10,-10,220,-0.002,-40.01
"2020-10-03 21:42:05.4",4178031,-10,-10,-10,220,-0.002,-40.01
"2020-10-03 21:42:05.5",4178032,-10,-10,-10,220,-0.002,-40.01
"2020-10-03 21:42:05.6",4178033,-10,-10,-10,220,-0.001,-40.01
"2020-10-03 21:42:05.7",4178034,-10,-10,-10,220,-0.001,-40.01
"2020-10-03 21:42:05.8",4178035,-10,-10,-10,220,-0.002,-40.01
"2020-10-03 21:42:05.9",4178036,-10,-10,-10,220,-0.002,-40.01
"2020-10-03 21:42:06",4178037,-10,-10,-10,220,-0.002,-40.01
"2020-10-03 21:42:06.1",4178038,-10,-10,-10,220,-0.002,-40.01
"2020-10-03 21:42:06.2",4178039,-10,-10,-10,220,-0.002,-40.01
"2020-10-03 21:42:06.3",4178040,-10,-10,-10,220,-0.002,-40.01
"2020-10-03 21:42:06.4",4178041,-10,-10,-10,220,-0.002,-40.01
"2020-10-03 21:42:06.5",4178042,-10,-10,-10,220,-0.001,-40.01
"2020-10-03 21:42:06.6",4178043,-10,-10,-10,220,-0.002,-40.01
"2020-10-03 21:42:06.7",4178044,-10,-10,-10,220,-0.001,-40.01
"2020-10-03 21:42:06.8",4178045,-10,-10,-10,220,-0.001,-40.01
"2020-10-03 21:42:06.9",4178046,-10,-10,-10,220,-0.001,-40.01
"2020-10-03 21:42:07",4178047,-10,-10,-10,220,-0.001,-40.01
"2020-10-03 21:42:07.1",4178048,-10,-10,-10,220,-0.002,-40.01
"2020-10-03 21:42:07.2",4178049,-10,-10,-10,220,-0.001,-40.01
"2020-10-03 21:42:07.3",4178050,-10,-10,-10,220,-0.002,-40.01
"2020-10-03 21:42:07.4",4178051,-10,-10,-10,220,-0.001,-40.01
"2020-10-03 21:42:07.5",4178052,-10,-10,-10,220,-0.001,-40.01
"2020-10-03 21:42:07.6",4178053,-10,-10,-10,220,-0.002,-40.01
"2020-10-03 21:42:07.7",4178054,-10,-10,-10,220,-0.001,-40.01
"2020-10-03 21:42:07.8",4178055,-10,-10,-10,220,-0.002,-40.01
"2020-10-03 21:42:07.9",4178056,-10,-10,-10,220,-0.002,-40.01
"2020-10-03 21:42:08",4178057,-10,-10,-10,220,-0.002,-40.01
"2020-10-03 21:42:08.1",4178058,-10,-10,-10,220,-0.002,-40.01
"2020-10-03 21:42:08.2",4178059,-10,-10,-10,220,-0.002,-40.01
"2020-10-03 21:42:08.3",4178060,-10,-10,-10,220,-0.002,-40.01
"2020-10-03 21:42:08.4",4178061,-10,-10,-10,220,-0.001,-40.01
"2020-10-03 21:42:08.5",4178062,-10,-10,-10,220,-0.002,-40.01
"2020-10-03 21:42:08.6",4178063,-10,-10,-10,220,-0.001,-40.01
"2020-10-03 21:42:08.7",4178064,-10,-10,-10,220,-0.002,-40.01
"2020-10-03 21:42:08.8",4178065,-10,-10,-10,220,-0.001,-40.01
"2020-10-03 21:42:08.9",4178066,-10,-10,-10,220,-0.001,-40.01
"2020-10-03 21:42:09",4178067,-10,-10,-10,220,-0.002,-40.01
"2020-10-03 21:42:09.1",4178068,-10,-10,-10,220,-0.001,-40.01
"2020-10-03 21:42:09.2",4178069,-10,-10,-10,220,-0.001,-40.01
"2020-10-03 21:42:09.3",4178070,-10,-10,-10,220,-0.001,-40.01
"2020-10-03 21:42:09.4",4178071,-10,-10,-10,220,-0.001,-40.01
"2020-10-03 21:42:09.5",4178072,-10,-10,-10,220,-0.001,-40.01
"2020-10-03 21:42:09.6",4178073,-10,-10,-10,220,-0.001,-40.01
"2020-10-03 21:42:09.7",4178074,-10,-10,-10,220,-0.002,-40.01
"2020-10-03 21:42:09.8",4178075,-10,-10,-10,220,-0.002,-40.01
"2020-10-03 21:42:09.9",4178076,-10,-10,-10,220,-0.002,-40.01
"2020-10-03 21:42:10",4178077,-10,-10,-10,220,-0.002,-40.01
"2020-10-03 21:42:10.1",4178078,-10,-10,-10,220,-0.002,-40.01
"2020-10-03 21:42:10.2",4178079,-10,-10,-10,220,-0.001,-40.01
"2020-10-03 21:42:10.3",4178080,-10,-10,-10,220,-0.001,-40.01
"2020-10-03 21:42:10.4",4178081,-10,-10,-10,220,-0.002,-40.01
"2020-10-03 21:42:10.5",4178082,-10,-10,-10,220,-0.002,-40.01
"2020-10-03 21:42:10.6",4178083,-10,-10,-10,220,-0.002,-40.01
"2020-10-03 21:42:10.7",4178084,-10,-10,-10,220,-0.002,-40.01
"2020-10-03 21:42:10.8",4178085,-10,-10,-10,220,-0.001,-40.01
"2020-10-03 21:42:10.9",4178086,-10,-10,-10,220,-0.002,-40.01
"2020-10-03 21:42:11",4178087,-10,-10,-10,220,-0.002,-40.01
"2020-10-03 21:42:11.1",4178088,-10,-10,-10,220,-0.001,-40.01
"2020-10-03 21:42:11.2",4178089,-10,-10,-10,220,-0.002,-40.01
"2020-10-03 21:42:11.3",4178090,-10,-10,-10,220,-0.001,-40.01
"2020-10-03 21:42:11.4",4178091,-10,-10,-10,220,-0.002,-40.01
"2020-10-03 21:42:11.5",4178092,-10,-10,-10,220,-0.002,-40.01
"2020-10-03 21:42:11.6",4178093,-10,-10,-10,220,-0.001,-40.01
"2020-10-03 21:42:11.7",4178094,-10,-10,-10,220,-0.002,-40.01
"2020-10-03 21:42:11.8",4178095,-10,-10,-10,220,-0.001,-40.01
"2020-10-03 21:42:11.9",4178096,-10,-10,-10,220,-0.002,-40.01
"2020-10-03 21:42:12",4178097,-10,-10,-10,220,-0.002,-40.01
"2020-10-03 21:42:12.1",4178098,-10,-10,-10,220,-0.001,-40.01
"2020-10-03 21:42:12.2",4178099,-10,-10,-10,220,-0.001,-40.01
"2020-10-03 21:42:12.3",4178100,-10,-10,-10,220,-0.001,-40.01
"2020-10-03 21:42:12.4",4178101,-10,-10,-10,220,-0.002,-40.01
"2020-10-03 21:42:12.5",4178102,-10,-10,-10,220,-0.001,-40.01
"2020-10-03 21:42:12.6",4178103,-10,-10,-10,220,-0.001,-40.01
"2020-10-03 21:42:12.7",4178104,-10,-10,-10,220,-0.001,-40.01
"2020-10-03 21:42:12.8",4178105,-10,-10,-10,220,-0.002,-40.01
"2020-10-03 21:42:12.9",4178106,-10,-10,-10,220,-0.002,-40.01
"2020-10-03 21:42:13",4178107,-10,-10,-10,220,-0.002,-40.01
"2020-10-03 21:42:13.1",4178108,-10,-10,-10,220,-0.001,-40.01
"2020-10-03 21:42:13.2",4178109,-10,-10,-10,220,-0.002,-40.01
"2020-10-03 21:42:13.3",4178110,-10,-10,-10,220,-0.002,-40.01
"2020-10-03 21:42:13.4",4178111,-10,-10,-10,220,-0.001,-40.01
"2020-10-03 21:42:13.5",4178112,-10,-10,-10,220,-0.001,-40.01
"2020-10-03 21:42:13.6",4178113,-10,-10,-10,220,-0.002,-40.01
"2020-10-03 21:42:13.7",4178114,-10,-10,-10,220,-0.001,-40.01
"2020-10-03 21:42:13.8",4178115,-10,-10,-10,220,-0.001,-40.01
"2020-10-03 21:42:13.9",4178116,-10,-10,-10,220,-0.002,-40.01
"2020-10-03 21:42:14",4178117,-10,-10,-10,220,-0.002,-40.01
"2020-10-03 21:42:14.1",4178118,-10,-10,-10,220,-0.002,-40.01
"2020-10-03 21:42:14.2",4178119,-10,-10,-10,220,-0.001,-40.01
"2020-10-03 21:42:14.3",4178120,-10,-10,-10,220,-0.001,-40.01
"2020-10-03 21:42:14.4",4178121,-10,-10,-10,220,-0.002,-40.01
"2020-10-03 21:42:14.5",4178122,-10,-10,-10,220,-0.001,-40.01
"2020-10-03 21:42:14.6",4178123,-10,-10,-10,220,-0.001,-40.01
"2020-10-03 21:42:14.7",4178124,-10,-10,-10,220,-0.001,-40.01
"2020-10-03 21:42:14.8",4178125,-10,-10,-10,220,-0.002,-40.01
"2020-10-03 21:42:14.9",4178126,-10,-10,-10,220,-0.001,-40.01
"2020-10-03 21:42:15",4178127,-10,-10,-10,220,-0.002,-40.01
"2020-10-03 21:42:15.1",4178128,-10,-10,-10,220,-0.002,-40.01
"2020-10-03 21:42:15.2",4178129,-10,-10,-10,220,-0.001,-40.01
"2020-10-03 21:42:15.3",4178130,-10,-10,-10,220,-0.002,-40.01
"2020-10-03 21:42:15.4",4178131,-10,-10,-10,220,-0.001,-40.01
"2020-10-03 21:42:15.5",4178132,-10,-10,-10,220,-0.002,-40.01
"2020-10-03 21:42:15.6",4178133,-10,-10,-10,220,-0.001,-40.01
"2020-10-03 21:42:15.7",4178134,-10,-10,-10,220,-0.002,-40.01
"2020-10-03 21:42:15.8",4178135,-10,-10,-10,220,-0.001,-40.01
"2020-10-03 21:42:15.9",4178136,-10,-10,-10,220,-0.002,-40.01
"2020-10-03 21:42:16",4178137,-10,-10,-10,220,-0.002,-40.01
"2020-10-03 21:42:16.1",4178138,-10,-10,-10,220,-0.002,-40.01
"2020-10-03 21:42:16.2",4178139,-10,-10,-10,220,-0.002,-40.01
"2020-10-03 21:42:16.3",4178140,-10,-10,-10,220,-0.002,-40.01
"2020-10-03 21:42:16.4",4178141,-10,-10,-10,220,-0.001,-40.01
"2020-10-03 21:42:16.5",4178142,-10,-10,-10,220,-0.002,-40.01
"2020-10-03 21:42:16.6",4178143,-10,-10,-10,220,-0.002,-40.01
"2020-10-03 21:42:16.7",4178144,-10,-10,-10,220,-0.001,-40.01
"2020-10-03 21:42:16.8",4178145,-10,-10,-10,220,-0.001,-40.01
"2020-10-03 21:42:16.9",4178146,-10,-10,-10,220,-0.002,-40.01
"2020-10-03 21:42:17",4178147,-10,-10,-10,220,-0.002,-40.01
"2020-10-03 21:42:17.1",4178148,-10,-10,-10,220,-0.002,-40.01
"2020-10-03 21:42:17.2",4178149,-10,-10,-10,220,-0.002,-40.01
"2020-10-03 21:42:17.3",4178150,-10,-10,-10,220,-0.002,-40.01
"2020-10-03 21:42:17.4",4178151,-10,-10,-10,220,-0.002,-40.01
"2020-10-03 21:42:17.5",4178152,-10,-10,-10,220,-0.001,-40.01
"2020-10-03 21:42:17.6",4178153,-10,-10,-10,220,-0.002,-40.01
"2020-10-03 21:42:17.7",4178154,-10,-10,-10,220,-0.001,-40.01
"2020-10-03 21:42:17.8",4178155,-10,-10,-10,220,-0.002,-40.01
"2020-10-03 21:42:17.9",4178156,-10,-10,-10,220,-0.002,-40.01
"2020-10-03 21:42:18",4178157,-10,-10,-10,220,-0.002,-40.01
"2020-10-03 21:42:18.1",4178158,-10,-10,-10,220,-0.002,-40.01
"2020-10-03 21:42:18.2",4178159,-10,-10,-10,220,-0.002,-40.01
"2020-10-03 21:42:18.3",4178160,-10,-10,-10,220,-0.002,-40.01
"2020-10-03 21:42:18.4",4178161,-10,-10,-10,220,-0.001,-40.01
"2020-10-03 21:42:18.5",4178162,-10,-10,-10,220,-0.001,-40.01
"2020-10-03 21:42:18.6",4178163,-10,-10,-10,220,-0.002,-40.01
"2020-10-03 21:42:18.7",4178164,-10,-10,-10,220,-0.002,-40.01
"2020-10-03 21:42:18.8",4178165,-10,-10,-10,220,-0.001,-40.01
"2020-10-03 21:42:18.9",4178166,-10,-10,-10,220,-0.002,-40.01
"2020-10-03 21:42:19",4178167,-10,-10,-10,220,-0.001,-40.01
"2020-10-03 21:42:19.1",4178168,-10,-10,-10,220,-0.002,-40.01
"2020-10-03 21:42:19.2",4178169,-10,-10,-10,220,-0.002,-40.01
"2020-10-03 21:42:19.3",4178170,-10,-10,-10,220,-0.002,-40.01
"2020-10-03 21:42:19.4",4178171,-10,-10,-10,220,-0.001,-40.01
"2020-10-03 21:42:19.5",4178172,-10,-10,-10,220,-0.002,-40.01
"2020-10-03 21:42:19.6",4178173,-10,-10,-10,220,-0.002,-40.01
"2020-10-03 21:42:19.7",4178174,-10,-10,-10,220,-0.002,-40.01
"2020-10-03 21:42:19.8",4178175,-10,-10,-10,220,-0.002,-40.01
"2020-10-03 21:42:19.9",4178176,-10,-10,-10,220,-0.002,-40.01
"2020-10-03 21:42:20",4178177,-10,-10,-10,220,-0.002,-40.01
"2020-10-03 21:42:20.1",4178178,-10,-10,-10,220,-0.001,-40.01
"2020-10-03 21:42:20.2",4178179,-10,-10,-10,220,-0.002,-40.01
"2020-10-03 21:42:20.3",4178180,-10,-10,-10,220,-0.002,-40.01
"2020-10-03 21:42:20.4",4178181,-10,-10,-10,220,-0.002,-40.01
"2020-10-03 21:42:20.5",4178182,-10,-10,-10,220,-0.001,-40.01
"2020-10-03 21:42:20.6",4178183,-10,-10,-10,220,-0.001,-40.01
"2020-10-03 21:42:20.7",4178184,-10,-10,-10,220,-0.002,-40.01
"2020-10-03 21:42:20.8",4178185,-10,-10,-10,220,-0.002,-40.01
"2020-10-03 21:42:20.9",4178186,-10,-10,-10,220,-0.002,-40.01
"2020-10-03 21:42:21",4178187,-10,-10,-10,220,-0.001,-40.01
"2020-10-03 21:42:21.1",4178188,-10,-10,-10,220,-0.001,-40.01
"2020-10-03 21:42:21.2",4178189,-10,-10,-10,220,-0.002,-40.01
"2020-10-03 21:42:21.3",4178190,-10,-10,-10,220,-0.001,-40.01
"2020-10-03 21:42:21.4",4178191,-10,-10,-10,220,-0.001,-40.01
"2020-10-03 21:42:21.5",4178192,-10,-10,-10,220,-0.001,-40.01
"2020-10-03 21:42:21.6",4178193,-10,-10,-10,220,-0.002,-40.01
"2020-10-03 21:42:21.7",4178194,-10,-10,-10,220,-0.002,-40.01
"2020-10-03 21:42:21.8",4178195,-10,-10,-10,220,-0.002,-40.01
"2020-10-03 21:42:21.9",4178196,-10,-10,-10,220,-0.002,-40.01
"2020-10-03 21:42:22",4178197,-10,-10,-10,220,-0.001,-40.01
"2020-10-03 21:42:22.1",4178198,-10,-10,-10,220,-0.002,-40.01
"2020-10-03 21:42:22.2",4178199,-10,-10,-10,220,-0.002,-40.01
"2020-10-03 21:42:22.3",4178200,-10,-10,-10,220,-0.002,-40.01
"2020-10-03 21:42:22.4",4178201,-10,-10,-10,220,-0.002,-40.01
"2020-10-03 21:42:22.5",4178202,-10,-10,-10,220,-0.001,-40.01
"2020-10-03 21:42:22.6",4178203,-10,-10,-10,220,-0.002,-40.01
"2020-10-03 21:42:22.7",4178204,-10,-10,-10,220,-0.001,-40.01
"2020-10-03 21:42:22.8",4178205,-10,-10,-10,220,-0.002,-40.01
"2020-10-03 21:42:22.9",4178206,-10,-10,-10,220,-0.002,-40.01
"2020-10-03 21:42:23",4178207,-10,-10,-10,220,-0.001,-40.01
"2020-10-03 21:42:23.1",4178208,-10,-10,-10,220,-0.002,-40.01
"2020-10-03 21:42:23.2",4178209,-10,-10,-10,220,-0.002,-40.01
"2020-10-03 21:42:23.3",4178210,-10,-10,-10,220,-0.002,-40.01
"2020-10-03 21:42:23.4",4178211,-10,-10,-10,220,-0.001,-40.01
"2020-10-03 21:42:23.5",4178212,-10,-10,-10,220,-0.002,-40.01
"2020-10-03 21:42:23.6",4178213,-10,-10,-10,220,-0.002,-40.01
"2020-10-03 21:42:23.7",4178214,-10,-10,-10,220,-0.002,-40.01
"2020-10-03 21:42:23.8",4178215,-10,-10,-10,220,-0.002,-40.01
"2020-10-03 21:42:23.9",4178216,-10,-10,-10,220,-0.001,-40.01
"2020-10-03 21:42:24",4178217,-10,-10,-10,220,-0.001,-40.01
"2020-10-03 21:42:24.1",4178218,-10,-10,-10,220,-0.002,-40.01
"2020-10-03 21:42:24.2",4178219,-10,-10,-10,220,-0.001,-40.01
"2020-10-03 21:42:24.3",4178220,-10,-10,-10,220,-0.001,-40.01
"2020-10-03 21:42:24.4",4178221,-10,-10,-10,220,-0.001,-40.01
"2020-10-03 21:42:24.5",4178222,-10,-10,-10,220,-0.001,-40.01
"2020-10-03 21:42:24.6",4178223,-10,-10,-10,220,-0.002,-40.01
"2020-10-03 21:42:24.7",4178224,-10,-10,-10,220,-0.001,-40.01
"2020-10-03 21:42:24.8",4178225,-10,-10,-10,220,-0.001,-40.01
"2020-10-03 21:42:24.9",4178226,-10,-10,-10,220,-0.001,-40.01
"2020-10-03 21:42:25",4178227,-10,-10,-10,220,-0.002,-40.01
"2020-10-03 21:42:25.1",4178228,-10,-10,-10,220,-0.001,-40.01
"2020-10-03 21:42:25.2",4178229,-10,-10,-10,220,-0.001,-40.01
"2020-10-03 21:42:25.3",4178230,-10,-10,-10,220,-0.001,-40.01
"2020-10-03 21:42:25.4",4178231,-10,-10,-10,220,-0.002,-40.01
"2020-10-03 21:42:25.5",4178232,-10,-10,-10,220,-0.002,-40.01
"2020-10-03 21:42:25.6",4178233,-10,-10,-10,220,-0.002,-40.01
"2020-10-03 21:42:25.7",4178234,-10,-10,-10,220,-0.002,-40.01
"2020-10-03 21:42:25.8",4178235,-10,-10,-10,220,-0.001,-40.01
"2020-10-03 21:42:25.9",4178236,-10,-10,-10,220,-0.001,-40.01
"2020-10-03 21:42:26",4178237,-10,-10,-10,220,-0.001,-40.01
"2020-10-03 21:42:26.1",4178238,-10,-10,-10,220,-0.002,-40.01
"2020-10-03 21:42:26.2",4178239,-10,-10,-10,220,-0.001,-40.01
"2020-10-03 21:42:26.3",4178240,-10,-10,-10,220,-0.002,-40.01
"2020-10-03 21:42:26.4",4178241,-10,-10,-10,220,-0.001,-40.01
"2020-10-03 21:42:26.5",4178242,-10,-10,-10,220,-0.002,-40.01
"2020-10-03 21:42:26.6",4178243,-10,-10,-10,220,-0.002,-40.01
"2020-10-03 21:42:26.7",4178244,-10,-10,-10,220,-0.002,-40.01
"2020-10-03 21:42:26.8",4178245,-10,-10,-10,220,-0.002,-40.01
"2020-10-03 21:42:26.9",4178246,-10,-10,-10,220,-0.002,-40.01
"2020-10-03 21:42:27",4178247,-10,-10,-10,220,-0.001,-40.01
"2020-10-03 21:42:27.1",4178248,-10,-10,-10,220,-0.001,-40.01
"2020-10-03 21:42:27.2",4178249,-10,-10,-10,220,-0.002,-40.01
"2020-10-03 21:42:27.3",4178250,-10,-10,-10,220,-0.001,-40.01
"2020-10-03 21:42:27.4",4178251,-10,-10,-10,220,-0.002,-40.01
"2020-10-03 21:42:27.5",4178252,-10,-10,-10,220,-0.001,-40.01
"2020-10-03 21:42:27.6",4178253,-10,-10,-10,220,-0.002,-40.01
"2020-10-03 21:42:27.7",4178254,-10,-10,-10,220,-0.001,-40.01
"2020-10-03 21:42:27.8",4178255,-10,-10,-10,220,-0.002,-40.01
"2020-10-03 21:42:27.9",4178256,-10,-10,-10,220,-0.002,-40.01
"2020-10-03 21:42:28",4178257,-10,-10,-10,220,-0.002,-40.01
"2020-10-03 21:42:28.1",4178258,-10,-10,-10,220,-0.002,-40.01
"2020-10-03 21:42:28.2",4178259,-10,-10,-10,220,-0.001,-40.01
"2020-10-03 21:42:28.3",4178260,-10,-10,-10,220,-0.002,-40.01
"2020-10-03 21:42:28.4",4178261,-10,-10,-10,220,-0.002,-40.01
"2020-10-03 21:42:28.5",4178262,-10,-10,-10,220,-0.001,-40.01
"2020-10-03 21:42:28.6",4178263,-10,-10,-10,220,-0.001,-40.01
"2020-10-03 21:42:28.7",4178264,-10,-10,-10,220,-0.001,-40.01
"2020-10-03 21:42:28.8",4178265,-10,-10,-10,220,-0.002,-40.01
"2020-10-03 21:42:28.9",4178266,-10,-10,-10,220,-0.001,-40.01
"2020-10-03 21:42:29",4178267,-10,-10,-10,220,-0.001,-40.01
"2020-10-03 21:42:29.1",4178268,-10,-10,-10,220,-0.001,-40.01
"2020-10-03 21:42:29.2",4178269,-10,-10,-10,220,-0.001,-40.01
"2020-10-03 21:42:29.3",4178270,-10,-10,-10,220,-0.001,-40.01
"2020-10-03 21:42:29.4",4178271,-10,-10,-10,220,-0.001,-40.01
"2020-10-03 21:42:29.5",4178272,-10,-10,-10,220,-0.002,-40.01
"2020-10-03 21:42:29.6",4178273,-10,-10,-10,220,-0.002,-40.01
"2020-10-03 21:42:29.7",4178274,-10,-10,-10,220,-0.002,-40.01
"2020-10-03 21:42:29.8",4178275,-10,-10,-10,220,-0.002,-40.01
"2020-10-03 21:42:29.9",4178276,-10,-10,-10,220,-0.001,-40.01
"2020-10-03 21:42:30",4178277,-10,-10,-10,220,-0.001,-40.01
"2020-10-03 21:42:30.1",4178278,-10,-10,-10,220,-0.001,-40.01
"2020-10-03 21:42:30.2",4178279,-10,-10,-10,220,-0.002,-40.01
"2020-10-03 21:42:30.3",4178280,-10,-10,-10,220,-0.002,-40.01
"2020-10-03 21:42:30.4",4178281,-10,-10,-10,220,-0.002,-40.01
"2020-10-03 21:42:30.5",4178282,-10,-10,-10,220,-0.001,-40.01
"2020-10-03 21:42:30.6",4178283,-10,-10,-10,220,-0.002,-40.01
"2020-10-03 21:42:30.7",4178284,-10,-10,-10,220,-0.002,-40.01
"2020-10-03 21:42:30.8",4178285,-10,-10,-10,220,-0.002,-40.01
"2020-10-03 21:42:30.9",4178286,-10,-10,-10,220,-0.002,-40.01
"2020-10-03 21:42:31",4178287,-10,-10,-10,220,-0.002,-40.01
"2020-10-03 21:42:31.1",4178288,-10,-10,-10,220,-0.002,-40.01
"2020-10-03 21:42:31.2",4178289,-10,-10,-10,220,-0.001,-40.01
"2020-10-03 21:42:31.3",4178290,-10,-10,-10,220,-0.002,-40.01
"2020-10-03 21:42:31.4",4178291,-10,-10,-10,220,-0.002,-40.01
"2020-10-03 21:42:31.5",4178292,-10,-10,-10,220,-0.002,-40.01
"2020-10-03 21:42:31.6",4178293,-10,-10,-10,220,-0.001,-40.01
"2020-10-03 21:42:31.7",4178294,-10,-10,-10,220,-0.001,-40.01
"2020-10-03 21:42:31.8",4178295,-10,-10,-10,220,-0.001,-40.01
"2020-10-03 21:42:31.9",4178296,-10,-10,-10,220,-0.001,-40.01
"2020-10-03 21:42:32",4178297,-10,-10,-10,220,-0.002,-40.01
"2020-10-03 21:42:32.1",4178298,-10,-10,-10,220,-0.001,-40.01
"2020-10-03 21:42:32.2",4178299,-10,-10,-10,220,-0.002,-40.01
"2020-10-03 21:42:32.3",4178300,-10,-10,-10,220,-0.001,-40.01
"2020-10-03 21:42:32.4",4178301,-10,-10,-10,220,-0.002,-40.01
"2020-10-03 21:42:32.5",4178302,-10,-10,-10,220,-0.001,-40.01
"2020-10-03 21:42:32.6",4178303,-10,-10,-10,220,-0.001,-40.01
"2020-10-03 21:42:32.7",4178304,-10,-10,-10,220,-0.002,-40.01
"2020-10-03 21:42:32.8",4178305,-10,-10,-10,220,-0.001,-40.01
"2020-10-03 21:42:32.9",4178306,-10,-10,-10,220,-0.001,-40.01
"2020-10-03 21:42:33",4178307,-10,-10,-10,220,-0.001,-40.01
"2020-10-03 21:42:33.1",4178308,-10,-10,-10,220,-0.001,-40.01
"2020-10-03 21:42:33.2",4178309,-10,-10,-10,220,-0.002,-40.01
"2020-10-03 21:42:33.3",4178310,-10,-10,-10,220,-0.001,-40.01
"2020-10-03 21:42:33.4",4178311,-10,-10,-10,220,-0.001,-40.01
"2020-10-03 21:42:33.5",4178312,-10,-10,-10,220,-0.002,-40.01
"2020-10-03 21:42:33.6",4178313,-10,-10,-10,220,-0.002,-40.01
"2020-10-03 21:42:33.7",4178314,-10,-10,-10,220,-0.001,-40.01
"2020-10-03 21:42:33.8",4178315,-10,-10,-10,220,-0.001,-40.01
"2020-10-03 21:42:33.9",4178316,-10,-10,-10,220,-0.002,-40.01
"2020-10-03 21:42:34",4178317,-10,-10,-10,220,-0.001,-40.01
"2020-10-03 21:42:34.1",4178318,-10,-10,-10,220,-0.001,-40.01
"2020-10-03 21:42:34.2",4178319,-10,-10,-10,220,-0.001,-40.01
"2020-10-03 21:42:34.3",4178320,-10,-10,-10,220,-0.001,-40.01
"2020-10-03 21:42:34.4",4178321,-10,-10,-10,220,-0.001,-40.01
"2020-10-03 21:42:34.5",4178322,-10,-10,-10,220,-0.001,-40.01
"2020-10-03 21:42:34.6",4178323,-10,-10,-10,220,-0.001,-40.01
"2020-10-03 21:42:34.7",4178324,-10,-10,-10,220,-0.001,-40.01
"2020-10-03 21:42:34.8",4178325,-10,-10,-10,220,-0.002,-40.01
"2020-10-03 21:42:34.9",4178326,-10,-10,-10,220,-0.001,-40.01
"2020-10-03 21:42:35",4178327,-10,-10,-10,220,-0.001,-40.01
"2020-10-03 21:42:35.1",4178328,-10,-10,-10,220,-0.002,-40.01
"2020-10-03 21:42:35.2",4178329,-10,-10,-10,220,-0.002,-40.01
"2020-10-03 21:42:35.3",4178330,-10,-10,-10,220,-0.002,-40.01
"2020-10-03 21:42:35.4",4178331,-10,-10,-10,220,-0.001,-40.01
"2020-10-03 21:42:35.5",4178332,-10,-10,-10,220,-0.001,-40.01
"2020-10-03 21:42:35.6",4178333,-10,-10,-10,220,-0.001,-40.01
"2020-10-03 21:42:35.7",4178334,-10,-10,-10,220,-0.001,-40.01
"2020-10-03 21:42:35.8",4178335,-10,-10,-10,220,-0.002,-40.01
"2020-10-03 21:42:35.9",4178336,-10,-10,-10,220,-0.001,-40.01
"2020-10-03 21:42:36",4178337,-10,-10,-10,220,-0.002,-40.01
"2020-10-03 21:42:36.1",4178338,-10,-10,-10,220,-0.001,-40.01
"2020-10-03 21:42:36.2",4178339,-10,-10,-10,220,-0.002,-40.01
"2020-10-03 21:42:36.3",4178340,-10,-10,-10,220,-0.002,-40.01
"2020-10-03 21:42:36.4",4178341,-10,-10,-10,220,-0.002,-40.01
"2020-10-03 21:42:36.5",4178342,-10,-10,-10,220,-0.002,-40.01
"2020-10-03 21:42:36.6",4178343,-10,-10,-10,220,-0.001,-40.01
"2020-10-03 21:42:36.7",4178344,-10,-10,-10,220,-0.001,-40.01
"2020-10-03 21:42:36.8",4178345,-10,-10,-10,220,-0.001,-40.01
"2020-10-03 21:42:36.9",4178346,-10,-10,-10,220,-0.001,-40.01
"2020-10-03 21:42:37",4178347,-10,-10,-10,220,-0.002,-40.01
"2020-10-03 21:42:37.1",4178348,-10,-10,-10,220,-0.002,-40.01
"2020-10-03 21:42:37.2",4178349,-10,-10,-10,220,-0.001,-40.01
"2020-10-03 21:42:37.3",4178350,-10,-10,-10,220,-0.001,-40.01
"2020-10-03 21:42:37.4",4178351,-10,-10,-10,220,-0.002,-40.01
"2020-10-03 21:42:37.5",4178352,-10,-10,-10,220,-0.002,-40.01
"2020-10-03 21:42:37.6",4178353,-10,-10,-10,220,-0.001,-40.01
"2020-10-03 21:42:37.7",4178354,-10,-10,-10,220,-0.002,-40.01
"2020-10-03 21:42:37.8",4178355,-10,-10,-10,220,-0.001,-40.01
"2020-10-03 21:42:37.9",4178356,-10,-10,-10,220,-0.002,-40.01
"2020-10-03 21:42:38",4178357,-10,-10,-10,220,-0.001,-40.01
"2020-10-03 21:42:38.1",4178358,-10,-10,-10,220,-0.001,-40.01
"2020-10-03 21:42:38.2",4178359,-10,-10,-10,220,-0.002,-40.01
"2020-10-03 21:42:38.3",4178360,-10,-10,-10,220,-0.001,-40.01
"2020-10-03 21:42:38.4",4178361,-10,-10,-10,220,-0.001,-40.01
"2020-10-03 21:42:38.5",4178362,-10,-10,-10,220,-0.001,-40.01
"2020-10-03 21:42:38.6",4178363,-10,-10,-10,220,-0.001,-40.01
"2020-10-03 21:42:38.7",4178364,-10,-10,-10,220,-0.001,-40.01
"2020-10-03 21:42:38.8",4178365,-10,-10,-10,220,-0.001,-40.01
"2020-10-03 21:42:38.9",4178366,-10,-10,-10,220,-0.001,-40.01
"2020-10-03 21:42:39",4178367,-10,-10,-10,220,-0.001,-40.01
"2020-10-03 21:42:39.1",4178368,-10,-10,-10,220,-0.001,-40.01
"2020-10-03 21:42:39.2",4178369,-10,-10,-10,220,-0.001,-40.01
"2020-10-03 21:42:39.3",4178370,-10,-10,-10,220,-0.001,-40.01
"2020-10-03 21:42:39.4",4178371,-10,-10,-10,220,-0.001,-40.01
"2020-10-03 21:42:39.5",4178372,-10,-10,-10,220,-0.001,-40.01
"2020-10-03 21:42:39.6",4178373,-10,-10,-10,220,-0.001,-40.01
"2020-10-03 21:42:39.7",4178374,-10,-10,-10,220,-0.001,-40.01
"2020-10-03 21:42:39.8",4178375,-10,-10,-10,220,-0.002,-40.01
"2020-10-03 21:42:39.9",4178376,-10,-10,-10,220,-0.001,-40.01
"2020-10-03 21:42:40",4178377,-10,-10,-10,220,-0.002,-40.01
"2020-10-03 21:42:40.1",4178378,-10,-10,-10,220,-0.001,-40.01
"2020-10-03 21:42:40.2",4178379,-10,-10,-10,220,-0.001,-40.01
"2020-10-03 21:42:40.3",4178380,-10,-10,-10,220,-0.002,-40.01
"2020-10-03 21:42:40.4",4178381,-10,-10,-10,220,-0.002,-40.01
"2020-10-03 21:42:40.5",4178382,-10,-10,-10,220,-0.002,-40.01
"2020-10-03 21:42:40.6",4178383,-10,-10,-10,220,-0.002,-40.01
"2020-10-03 21:42:40.7",4178384,-10,-10,-10,220,-0.002,-40.01
"2020-10-03 21:42:40.8",4178385,-10,-10,-10,220,-0.002,-40.01
"2020-10-03 21:42:40.9",4178386,-10,-10,-10,220,-0.001,-40.01
"2020-10-03 21:42:41",4178387,-10,-10,-10,220,-0.002,-40.01
"2020-10-03 21:42:41.1",4178388,-10,-10,-10,220,-0.002,-40.01
"2020-10-03 21:42:41.2",4178389,-10,-10,-10,220,-0.002,-40.01
"2020-10-03 21:42:41.3",4178390,-10,-10,-10,220,-0.001,-40.01
"2020-10-03 21:42:41.4",4178391,-10,-10,-10,220,-0.002,-40.01
"2020-10-03 21:42:41.5",4178392,-10,-10,-10,220,-0.001,-40.01
"2020-10-03 21:42:41.6",4178393,-10,-10,-10,220,-0.001,-40.01
"2020-10-03 21:42:41.7",4178394,-10,-10,-10,220,-0.002,-40.01
"2020-10-03 21:42:41.8",4178395,-10,-10,-10,220,-0.002,-40.01
"2020-10-03 21:42:41.9",4178396,-10,-10,-10,220,-0.001,-40.01
"2020-10-03 21:42:42",4178397,-10,-10,-10,220,-0.001,-40.01
"2020-10-03 21:42:42.1",4178398,-10,-10,-10,220,-0.002,-40.01
"2020-10-03 21:42:42.2",4178399,-10,-10,-10,220,-0.002,-40.01
"2020-10-03 21:42:42.3",4178400,-10,-10,-10,220,-0.001,-40.01
"2020-10-03 21:42:42.4",4178401,-10,-10,-10,220,-0.001,-40.01
"2020-10-03 21:42:42.5",4178402,-10,-10,-10,220,-0.001,-40.01
"2020-10-03 21:42:42.6",4178403,-10,-10,-10,220,-0.001,-40.01
"2020-10-03 21:42:42.7",4178404,-10,-10,-10,220,-0.002,-40.01
"2020-10-03 21:42:42.8",4178405,-10,-10,-10,220,-0.002,-40.01
"2020-10-03 21:42:42.9",4178406,-10,-10,-10,220,-0.001,-40.01
"2020-10-03 21:42:43",4178407,-10,-10,-10,220,-0.002,-40.01
"2020-10-03 21:42:43.1",4178408,-10,-10,-10,220,-0.002,-40.01
"2020-10-03 21:42:43.2",4178409,-10,-10,-10,220,-0.001,-40.01
"2020-10-03 21:42:43.3",4178410,-10,-10,-10,220,-0.002,-40.01
"2020-10-03 21:42:43.4",4178411,-10,-10,-10,220,-0.002,-40.01
"2020-10-03 21:42:43.5",4178412,-10,-10,-10,220,-0.001,-40.01
"2020-10-03 21:42:43.6",4178413,-10,-10,-10,220,-0.001,-40.01
"2020-10-03 21:42:43.7",4178414,-10,-10,-10,220,-0.001,-40.01
"2020-10-03 21:42:43.8",4178415,-10,-10,-10,220,-0.001,-40.01
"2020-10-03 21:42:43.9",4178416,-10,-10,-10,220,-0.001,-40.01
"2020-10-03 21:42:44",4178417,-10,-10,-10,220,-0.001,-40.01
"2020-10-03 21:42:44.1",4178418,-10,-10,-10,220,-0.001,-40.01
"2020-10-03 21:42:44.2",4178419,-10,-10,-10,220,-0.002,-40.01
"2020-10-03 21:42:44.3",4178420,-10,-10,-10,220,-0.001,-40.01
"2020-10-03 21:42:44.4",4178421,-10,-10,-10,220,-0.002,-40.01
"2020-10-03 21:42:44.5",4178422,-10,-10,-10,220,-0.002,-40.01
"2020-10-03 21:42:44.6",4178423,-10,-10,-10,220,-0.001,-40.01
"2020-10-03 21:42:44.7",4178424,-10,-10,-10,220,-0.002,-40.01
"2020-10-03 21:42:44.8",4178425,-10,-10,-10,220,-0.001,-40.01
"2020-10-03 21:42:44.9",4178426,-10,-10,-10,220,-0.001,-40.01
"2020-10-03 21:42:45",4178427,-10,-10,-10,220,-0.002,-40.01
"2020-10-03 21:42:45.1",4178428,-10,-10,-10,220,-0.001,-40.01
"2020-10-03 21:42:45.2",4178429,-10,-10,-10,220,-0.001,-40.01
"2020-10-03 21:42:45.3",4178430,-10,-10,-10,220,-0.001,-40.01
"2020-10-03 21:42:45.4",4178431,-10,-10,-10,220,-0.001,-40.01
"2020-10-03 21:42:45.5",4178432,-10,-10,-10,220,-0.001,-40.01
"2020-10-03 21:42:45.6",4178433,-10,-10,-10,220,-0.002,-40.01
"2020-10-03 21:42:45.7",4178434,-10,-10,-10,220,-0.001,-40.01
"2020-10-03 21:42:45.8",4178435,-10,-10,-10,220,-0.001,-40.01
"2020-10-03 21:42:45.9",4178436,-10,-10,-10,220,-0.001,-40.01
"2020-10-03 21:42:46",4178437,-10,-10,-10,220,-0.002,-40.01
"2020-10-03 21:42:46.1",4178438,-10,-10,-10,220,-0.001,-40.01
"2020-10-03 21:42:46.2",4178439,-10,-10,-10,220,-0.001,-40.01
"2020-10-03 21:42:46.3",4178440,-10,-10,-10,220,-0.001,-40.01
"2020-10-03 21:42:46.4",4178441,-10,-10,-10,220,-0.002,-40.01
"2020-10-03 21:42:46.5",4178442,-10,-10,-10,220,-0.001,-40.01
"2020-10-03 21:42:46.6",4178443,-10,-10,-10,220,-0.002,-40.01
"2020-10-03 21:42:46.7",4178444,-10,-10,-10,220,-0.001,-40.01
"2020-10-03 21:42:46.8",4178445,-10,-10,-10,220,-0.002,-40.01
"2020-10-03 21:42:46.9",4178446,-10,-10,-10,220,-0.002,-40.01
"2020-10-03 21:42:47",4178447,-10,-10,-10,220,-0.002,-40.01
"2020-10-03 21:42:47.1",4178448,-10,-10,-10,220,-0.002,-40.01
"2020-10-03 21:42:47.2",4178449,-10,-10,-10,220,-0.002,-40.01
"2020-10-03 21:42:47.3",4178450,-10,-10,-10,220,-0.001,-40.01
"2020-10-03 21:42:47.4",4178451,-10,-10,-10,220,-0.001,-40.01
"2020-10-03 21:42:47.5",4178452,-10,-10,-10,220,-0.001,-40.01
"2020-10-03 21:42:47.6",4178453,-10,-10,-10,220,-0.002,-40.01
"2020-10-03 21:42:47.7",4178454,-10,-10,-10,220,-0.001,-40.01
"2020-10-03 21:42:47.8",4178455,-10,-10,-10,220,-0.001,-40.01
"2020-10-03 21:42:47.9",4178456,-10,-10,-10,220,-0.002,-40.01
"2020-10-03 21:42:48",4178457,-10,-10,-10,220,-0.002,-40.01
"2020-10-03 21:42:48.1",4178458,-10,-10,-10,220,-0.002,-40.01
"2020-10-03 21:42:48.2",4178459,-10,-10,-10,220,-0.002,-40.01
"2020-10-03 21:42:48.3",4178460,-10,-10,-10,220,-0.002,-40.01
"2020-10-03 21:42:48.4",4178461,-10,-10,-10,220,-0.001,-40.01
"2020-10-03 21:42:48.5",4178462,-10,-10,-10,220,-0.002,-40.01
"2020-10-03 21:42:48.6",4178463,-10,-10,-10,220,-0.002,-40.01
"2020-10-03 21:42:48.7",4178464,-10,-10,-10,220,-0.001,-40.01
"2020-10-03 21:42:48.8",4178465,-10,-10,-10,220,-0.001,-40.01
"2020-10-03 21:42:48.9",4178466,-10,-10,-10,220,-0.002,-40.01
"2020-10-03 21:42:49",4178467,-10,-10,-10,220,-0.002,-40.01
"2020-10-03 21:42:49.1",4178468,-10,-10,-10,220,-0.002,-40.01
"2020-10-03 21:42:49.2",4178469,-10,-10,-10,220,-0.002,-40.01
"2020-10-03 21:42:49.3",4178470,-10,-10,-10,220,-0.001,-40.01
"2020-10-03 21:42:49.4",4178471,-10,-10,-10,220,-0.001,-40.01
"2020-10-03 21:42:49.5",4178472,-10,-10,-10,220,-0.001,-40.01
"2020-10-03 21:42:49.6",4178473,-10,-10,-10,220,-0.001,-40.01
"2020-10-03 21:42:49.7",4178474,-10,-10,-10,220,-0.002,-40.01
"2020-10-03 21:42:49.8",4178475,-10,-10,-10,220,-0.001,-40.01
"2020-10-03 21:42:49.9",4178476,-10,-10,-10,220,-0.001,-40.01
"2020-10-03 21:42:50",4178477,-10,-10,-10,220,-0.002,-40.01
"2020-10-03 21:42:50.1",4178478,-10,-10,-10,220,-0.002,-40.01
"2020-10-03 21:42:50.2",4178479,-10,-10,-10,220,-0.002,-40.01
"2020-10-03 21:42:50.3",4178480,-10,-10,-10,220,-0.001,-40.01
"2020-10-03 21:42:50.4",4178481,-10,-10,-10,220,-0.002,-40.01
"2020-10-03 21:42:50.5",4178482,-10,-10,-10,220,-0.001,-40.01
"2020-10-03 21:42:50.6",4178483,-10,-10,-10,220,-0.002,-40.01
"2020-10-03 21:42:50.7",4178484,-10,-10,-10,220,-0.002,-40.01
"2020-10-03 21:42:50.8",4178485,-10,-10,-10,220,-0.002,-40.01
"2020-10-03 21:42:50.9",4178486,-10,-10,-10,220,-0.001,-40.01
