"TOA5","10329","CR6","10329","CR6.Std.09.01 CR6-WIFI.04.00.01","CPU:YOUNG81000_HMP60_10Hz.CR6","51185","Young10Hz_hmp"
"TIMESTAMP","RECORD","U","V","W","TSonic","RH","T_HMP60"
"TS","RN","mV","mV","mV","mV","%","Deg C"
"","","Smp","Smp","Smp","Smp","Smp","Smp"
"2020-10-06 03:33:51",6117087,-10,-10,-10,220,-0.001,-40.01
"2020-10-06 03:33:51.1",6117088,-10,-10,-10,220,-0.001,-40.01
"2020-10-06 03:33:51.2",6117089,-10,-10,-10,220,-0.001,-40.01
"2020-10-06 03:33:51.3",6117090,-10,-10,-10,220,-0.001,-40.01
"2020-10-06 03:33:51.4",6117091,-10,-10,-10,220,-0.001,-40.01
"2020-10-06 03:33:51.5",6117092,-10,-10,-10,220,-0.001,-40.01
"2020-10-06 03:33:51.6",6117093,-10,-10,-10,220,-0.001,-40.01
"2020-10-06 03:33:51.7",6117094,-10,-10,-10,220,-0.001,-40.01
"2020-10-06 03:33:51.8",6117095,-10,-10,-10,220,-0.001,-40.01
"2020-10-06 03:33:51.9",6117096,-10,-10,-10,220,-0.001,-40.01
"2020-10-06 03:33:52",6117097,-10,-10,-10,220,-0.001,-40.01
"2020-10-06 03:33:52.1",6117098,-10,-10,-10,220,-0.001,-40.01
"2020-10-06 03:33:52.2",6117099,-10,-10,-10,220,-0.001,-40.01
"2020-10-06 03:33:52.3",6117100,-10,-10,-10,220,-0.001,-40.01
"2020-10-06 03:33:52.4",6117101,-10,-10,-10,220,-0.001,-40.01
"2020-10-06 03:33:52.5",6117102,-10,-10,-10,220,-0.001,-40.01
"2020-10-06 03:33:52.6",6117103,-10,-10,-10,220,-0.001,-40.01
"2020-10-06 03:33:52.7",6117104,-10,-10,-10,220,-0.001,-40.01
"2020-10-06 03:33:52.8",6117105,-10,-10,-10,220,-0.001,-40.01
"2020-10-06 03:33:52.9",6117106,-10,-10,-10,220,-0.001,-40.01
"2020-10-06 03:33:53",6117107,-10,-10,-10,220,-0.001,-40.01
"2020-10-06 03:33:53.1",6117108,-10,-10,-10,220,-0.001,-40.01
"2020-10-06 03:33:53.2",6117109,-10,-10,-10,220,-0.001,-40.01
"2020-10-06 03:33:53.3",6117110,-10,-10,-10,220,-0.001,-40.01
"2020-10-06 03:33:53.4",6117111,-10,-10,-10,220,-0.001,-40.01
"2020-10-06 03:33:53.5",6117112,-10,-10,-10,220,-0.001,-40.01
"2020-10-06 03:33:53.6",6117113,-10,-10,-10,220,-0.001,-40.01
"2020-10-06 03:33:53.7",6117114,-10,-10,-10,220,-0.001,-40.01
"2020-10-06 03:33:53.8",6117115,-10,-10,-10,220,-0.001,-40.01
"2020-10-06 03:33:53.9",6117116,-10,-10,-10,220,-0.001,-40.01
"2020-10-06 03:33:54",6117117,-10,-10,-10,220,-0.001,-40.01
"2020-10-06 03:33:54.1",6117118,-10,-10,-10,220,-0.001,-40.01
"2020-10-06 03:33:54.2",6117119,-10,-10,-10,220,-0.001,-40.01
"2020-10-06 03:33:54.3",6117120,-10,-10,-10,220,-0.001,-40.01
"2020-10-06 03:33:54.4",6117121,-10,-10,-10,220,-0.001,-40.01
"2020-10-06 03:33:54.5",6117122,-10,-10,-10,220,-0.001,-40.01
"2020-10-06 03:33:54.6",6117123,-10,-10,-10,220,-0.001,-40.01
"2020-10-06 03:33:54.7",6117124,-10,-10,-10,220,-0.001,-40.01
"2020-10-06 03:33:54.8",6117125,-10,-10,-10,220,-0.001,-40.01
"2020-10-06 03:33:54.9",6117126,-10,-10,-10,220,-0.001,-40.01
"2020-10-06 03:33:55",6117127,-10,-10,-10,220,-0.001,-40.01
"2020-10-06 03:33:55.1",6117128,-10,-10,-10,220,-0.001,-40.01
"2020-10-06 03:33:55.2",6117129,-10,-10,-10,220,-0.001,-40.01
"2020-10-06 03:33:55.3",6117130,-10,-10,-10,220,-0.001,-40.01
"2020-10-06 03:33:55.4",6117131,-10,-10,-10,220,-0.001,-40.01
"2020-10-06 03:33:55.5",6117132,-10,-10,-10,220,-0.001,-40.01
"2020-10-06 03:33:55.6",6117133,-10,-10,-10,220,-0.001,-40.01
"2020-10-06 03:33:55.7",6117134,-10,-10,-10,220,-0.001,-40.01
"2020-10-06 03:33:55.8",6117135,-10,-10,-10,220,-0.001,-40.01
"2020-10-06 03:33:55.9",6117136,-10,-10,-10,220,-0.001,-40.01
"2020-10-06 03:33:56",6117137,-10,-10,-10,220,-0.001,-40.01
"2020-10-06 03:33:56.1",6117138,-10,-10,-10,220,-0.001,-40.01
"2020-10-06 03:33:56.2",6117139,-10,-10,-10,220,-0.001,-40.01
"2020-10-06 03:33:56.3",6117140,-10,-10,-10,220,-0.001,-40.01
"2020-10-06 03:33:56.4",6117141,-10,-10,-10,220,-0.001,-40.01
"2020-10-06 03:33:56.5",6117142,-10,-10,-10,220,-0.001,-40.01
"2020-10-06 03:33:56.6",6117143,-10,-10,-10,220,-0.001,-40.01
"2020-10-06 03:33:56.7",6117144,-10,-10,-10,220,-0.001,-40.01
"2020-10-06 03:33:56.8",6117145,-10,-10,-10,220,-0.001,-40.01
"2020-10-06 03:33:56.9",6117146,-10,-10,-10,220,-0.001,-40.01
"2020-10-06 03:33:57",6117147,-10,-10,-10,220,-0.001,-40.01
"2020-10-06 03:33:57.1",6117148,-10,-10,-10,220,-0.001,-40.01
"2020-10-06 03:33:57.2",6117149,-10,-10,-10,220,-0.001,-40.01
"2020-10-06 03:33:57.3",6117150,-10,-10,-10,220,-0.001,-40.01
"2020-10-06 03:33:57.4",6117151,-10,-10,-10,220,-0.001,-40.01
"2020-10-06 03:33:57.5",6117152,-10,-10,-10,220,-0.001,-40.01
"2020-10-06 03:33:57.6",6117153,-10,-10,-10,220,-0.001,-40.01
"2020-10-06 03:33:57.7",6117154,-10,-10,-10,220,-0.001,-40.01
"2020-10-06 03:33:57.8",6117155,-10,-10,-10,220,-0.001,-40.01
"2020-10-06 03:33:57.9",6117156,-10,-10,-10,220,-0.001,-40.01
"2020-10-06 03:33:58",6117157,-10,-10,-10,220,-0.001,-40.01
"2020-10-06 03:33:58.1",6117158,-10,-10,-10,220,-0.001,-40.01
"2020-10-06 03:33:58.2",6117159,-10,-10,-10,220,-0.001,-40.01
"2020-10-06 03:33:58.3",6117160,-10,-10,-10,220,-0.001,-40.01
"2020-10-06 03:33:58.4",6117161,-10,-10,-10,220,-0.001,-40.01
"2020-10-06 03:33:58.5",6117162,-10,-10,-10,220,-0.001,-40.01
"2020-10-06 03:33:58.6",6117163,-10,-10,-10,220,-0.001,-40.01
"2020-10-06 03:33:58.7",6117164,-10,-10,-10,220,-0.001,-40.01
"2020-10-06 03:33:58.8",6117165,-10,-10,-10,220,-0.001,-40.01
"2020-10-06 03:33:58.9",6117166,-10,-10,-10,220,-0.001,-40.01
"2020-10-06 03:33:59",6117167,-10,-10,-10,220,-0.001,-40.01
"2020-10-06 03:33:59.1",6117168,-10,-10,-10,220,-0.001,-40.01
"2020-10-06 03:33:59.2",6117169,-10,-10,-10,220,-0.001,-40.01
"2020-10-06 03:33:59.3",6117170,-10,-10,-10,220,-0.001,-40.01
"2020-10-06 03:33:59.4",6117171,-10,-10,-10,220,-0.001,-40.01
"2020-10-06 03:33:59.5",6117172,-10,-10,-10,220,-0.001,-40.01
"2020-10-06 03:33:59.6",6117173,-10,-10,-10,220,-0.001,-40.01
"2020-10-06 03:33:59.7",6117174,-10,-10,-10,220,-0.001,-40.01
"2020-10-06 03:33:59.8",6117175,-10,-10,-10,220,-0.001,-40.01
"2020-10-06 03:33:59.9",6117176,-10,-10,-10,220,-0.001,-40.01
"2020-10-06 03:34:00",6117177,-10,-10,-10,220,-0.001,-40.01
"2020-10-06 03:34:00.1",6117178,-10,-10,-10,220,-0.008,-40.02
"2020-10-06 03:34:00.2",6117179,-10,-10,-10,220,-0.008,-40.02
"2020-10-06 03:34:00.3",6117180,-10,-10,-10,220,-0.001,-40.01
"2020-10-06 03:34:00.4",6117181,-10,-10,-10,220,-0.002,-40.01
"2020-10-06 03:34:00.5",6117182,-10,-10,-10,220,-0.001,-40.01
"2020-10-06 03:34:00.6",6117183,-10,-10,-10,220,-0.001,-40.01
"2020-10-06 03:34:00.7",6117184,-10,-10,-10,220,-0.001,-40.01
"2020-10-06 03:34:00.8",6117185,-10,-10,-10,220,-0.001,-40.01
"2020-10-06 03:34:00.9",6117186,-10,-10,-10,220,-0.001,-40.01
"2020-10-06 03:34:01",6117187,-10,-10,-10,220,-0.001,-40.01
"2020-10-06 03:34:01.1",6117188,-10,-10,-10,220,-0.001,-40.01
"2020-10-06 03:34:01.2",6117189,-10,-10,-10,220,-0.001,-40.01
"2020-10-06 03:34:01.3",6117190,-10,-10,-10,220,-0.001,-40.01
"2020-10-06 03:34:01.4",6117191,-10,-10,-10,220,-0.001,-40.01
"2020-10-06 03:34:01.5",6117192,-10,-10,-10,220,-0.001,-40.01
"2020-10-06 03:34:01.6",6117193,-10,-10,-10,220,-0.001,-40.01
"2020-10-06 03:34:01.7",6117194,-10,-10,-10,220,-0.001,-40.01
"2020-10-06 03:34:01.8",6117195,-10,-10,-10,220,-0.001,-40.01
"2020-10-06 03:34:01.9",6117196,-10,-10,-10,220,-0.001,-40.01
"2020-10-06 03:34:02",6117197,-10,-10,-10,220,-0.001,-40.01
"2020-10-06 03:34:02.1",6117198,-10,-10,-10,220,-0.001,-40.01
"2020-10-06 03:34:02.2",6117199,-10,-10,-10,220,-0.001,-40.01
"2020-10-06 03:34:02.3",6117200,-10,-10,-10,220,-0.001,-40.01
"2020-10-06 03:34:02.4",6117201,-10,-10,-10,220,-0.001,-40.01
"2020-10-06 03:34:02.5",6117202,-10,-10,-10,220,-0.001,-40.01
"2020-10-06 03:34:02.6",6117203,-10,-10,-10,220,-0.001,-40.01
"2020-10-06 03:34:02.7",6117204,-10,-10,-10,220,-0.001,-40.01
"2020-10-06 03:34:02.8",6117205,-10,-10,-10,220,-0.001,-40.01
"2020-10-06 03:34:02.9",6117206,-10,-10,-10,220,-0.001,-40.01
"2020-10-06 03:34:03",6117207,-10,-10,-10,220,-0.001,-40.01
"2020-10-06 03:34:03.1",6117208,-10,-10,-10,220,-0.001,-40.01
"2020-10-06 03:34:03.2",6117209,-10,-10,-10,220,-0.001,-40.01
"2020-10-06 03:34:03.3",6117210,-10,-10,-10,220,-0.001,-40.01
"2020-10-06 03:34:03.4",6117211,-10,-10,-10,220,-0.001,-40.01
"2020-10-06 03:34:03.5",6117212,-10,-10,-10,220,-0.001,-40.01
"2020-10-06 03:34:03.6",6117213,-10,-10,-10,220,-0.001,-40.01
"2020-10-06 03:34:03.7",6117214,-10,-10,-10,220,-0.001,-40.01
"2020-10-06 03:34:03.8",6117215,-10,-10,-10,220,-0.001,-40.01
"2020-10-06 03:34:03.9",6117216,-10,-10,-10,220,-0.001,-40.01
"2020-10-06 03:34:04",6117217,-10,-10,-10,220,-0.001,-40.01
"2020-10-06 03:34:04.1",6117218,-10,-10,-10,220,-0.001,-40.01
"2020-10-06 03:34:04.2",6117219,-10,-10,-10,220,-0.001,-40.01
"2020-10-06 03:34:04.3",6117220,-10,-10,-10,220,-0.001,-40.01
"2020-10-06 03:34:04.4",6117221,-10,-10,-10,220,-0.001,-40.01
"2020-10-06 03:34:04.5",6117222,-10,-10,-10,220,-0.001,-40.01
"2020-10-06 03:34:04.6",6117223,-10,-10,-10,220,-0.001,-40.01
"2020-10-06 03:34:04.7",6117224,-10,-10,-10,220,-0.001,-40.01
"2020-10-06 03:34:04.8",6117225,-10,-10,-10,220,-0.001,-40.01
"2020-10-06 03:34:04.9",6117226,-10,-10,-10,220,-0.001,-40.01
"2020-10-06 03:34:05",6117227,-10,-10,-10,220,-0.001,-40.01
"2020-10-06 03:34:05.1",6117228,-10,-10,-10,220,-0.001,-40.01
"2020-10-06 03:34:05.2",6117229,-10,-10,-10,220,-0.001,-40.01
"2020-10-06 03:34:05.3",6117230,-10,-10,-10,220,-0.001,-40.01
"2020-10-06 03:34:05.4",6117231,-10,-10,-10,220,-0.001,-40.01
"2020-10-06 03:34:05.5",6117232,-10,-10,-10,220,-0.001,-40.01
"2020-10-06 03:34:05.6",6117233,-10,-10,-10,220,-0.001,-40.01
"2020-10-06 03:34:05.7",6117234,-10,-10,-10,220,-0.001,-40.01
"2020-10-06 03:34:05.8",6117235,-10,-10,-10,220,-0.001,-40.01
"2020-10-06 03:34:05.9",6117236,-10,-10,-10,220,-0.001,-40.01
"2020-10-06 03:34:06",6117237,-10,-10,-10,220,-0.001,-40.01
"2020-10-06 03:34:06.1",6117238,-10,-10,-10,220,-0.001,-40.01
"2020-10-06 03:34:06.2",6117239,-10,-10,-10,220,-0.001,-40.01
"2020-10-06 03:34:06.3",6117240,-10,-10,-10,220,-0.001,-40.01
"2020-10-06 03:34:06.4",6117241,-10,-10,-10,220,-0.001,-40.01
"2020-10-06 03:34:06.5",6117242,-10,-10,-10,220,-0.001,-40.01
"2020-10-06 03:34:06.6",6117243,-10,-10,-10,220,-0.001,-40.01
"2020-10-06 03:34:06.7",6117244,-10,-10,-10,220,-0.001,-40.01
"2020-10-06 03:34:06.8",6117245,-10,-10,-10,220,-0.001,-40.01
"2020-10-06 03:34:06.9",6117246,-10,-10,-10,220,-0.001,-40.01
"2020-10-06 03:34:07",6117247,-10,-10,-10,220,-0.001,-40.01
"2020-10-06 03:34:07.1",6117248,-10,-10,-10,220,-0.001,-40.01
"2020-10-06 03:34:07.2",6117249,-10,-10,-10,220,-0.001,-40.01
"2020-10-06 03:34:07.3",6117250,-10,-10,-10,220,-0.001,-40.01
"2020-10-06 03:34:07.4",6117251,-10,-10,-10,220,-0.001,-40.01
"2020-10-06 03:34:07.5",6117252,-10,-10,-10,220,-0.001,-40.01
"2020-10-06 03:34:07.6",6117253,-10,-10,-10,220,-0.001,-40.01
"2020-10-06 03:34:07.7",6117254,-10,-10,-10,220,-0.001,-40.01
"2020-10-06 03:34:07.8",6117255,-10,-10,-10,220,-0.001,-40.01
"2020-10-06 03:34:07.9",6117256,-10,-10,-10,220,-0.001,-40.01
"2020-10-06 03:34:08",6117257,-10,-10,-10,220,-0.001,-40.01
"2020-10-06 03:34:08.1",6117258,-10,-10,-10,220,-0.001,-40.01
"2020-10-06 03:34:08.2",6117259,-10,-10,-10,220,-0.001,-40.01
"2020-10-06 03:34:08.3",6117260,-10,-10,-10,220,-0.001,-40.01
"2020-10-06 03:34:08.4",6117261,-10,-10,-10,220,-0.001,-40.01
"2020-10-06 03:34:08.5",6117262,-10,-10,-10,220,-0.001,-40.01
"2020-10-06 03:34:08.6",6117263,-10,-10,-10,220,-0.001,-40.01
"2020-10-06 03:34:08.7",6117264,-10,-10,-10,220,-0.001,-40.01
"2020-10-06 03:34:08.8",6117265,-10,-10,-10,220,-0.001,-40.01
"2020-10-06 03:34:08.9",6117266,-10,-10,-10,220,-0.001,-40.01
"2020-10-06 03:34:09",6117267,-10,-10,-10,220,-0.001,-40.01
"2020-10-06 03:34:09.1",6117268,-10,-10,-10,220,-0.001,-40.01
"2020-10-06 03:34:09.2",6117269,-10,-10,-10,220,-0.001,-40.01
"2020-10-06 03:34:09.3",6117270,-10,-10,-10,220,-0.001,-40.01
"2020-10-06 03:34:09.4",6117271,-10,-10,-10,220,-0.001,-40.01
"2020-10-06 03:34:09.5",6117272,-10,-10,-10,220,-0.001,-40.01
"2020-10-06 03:34:09.6",6117273,-10,-10,-10,220,-0.001,-40.01
"2020-10-06 03:34:09.7",6117274,-10,-10,-10,220,-0.001,-40.01
"2020-10-06 03:34:09.8",6117275,-10,-10,-10,220,-0.001,-40.01
"2020-10-06 03:34:09.9",6117276,-10,-10,-10,220,-0.001,-40.01
"2020-10-06 03:34:10",6117277,-10,-10,-10,220,-0.001,-40.01
"2020-10-06 03:34:10.1",6117278,-10,-10,-10,220,-0.001,-40.01
"2020-10-06 03:34:10.2",6117279,-10,-10,-10,220,-0.001,-40.01
"2020-10-06 03:34:10.3",6117280,-10,-10,-10,220,-0.001,-40.01
"2020-10-06 03:34:10.4",6117281,-10,-10,-10,220,-0.001,-40.01
"2020-10-06 03:34:10.5",6117282,-10,-10,-10,220,-0.001,-40.01
"2020-10-06 03:34:10.6",6117283,-10,-10,-10,220,-0.001,-40.01
"2020-10-06 03:34:10.7",6117284,-10,-10,-10,220,-0.001,-40.01
"2020-10-06 03:34:10.8",6117285,-10,-10,-10,220,-0.001,-40.01
"2020-10-06 03:34:10.9",6117286,-10,-10,-10,220,-0.001,-40.01
"2020-10-06 03:34:11",6117287,-10,-10,-10,220,-0.001,-40.01
"2020-10-06 03:34:11.1",6117288,-10,-10,-10,220,-0.001,-40.01
"2020-10-06 03:34:11.2",6117289,-10,-10,-10,220,-0.001,-40.01
"2020-10-06 03:34:11.3",6117290,-10,-10,-10,220,-0.001,-40.01
"2020-10-06 03:34:11.4",6117291,-10,-10,-10,220,-0.001,-40.01
"2020-10-06 03:34:11.5",6117292,-10,-10,-10,220,-0.001,-40.01
"2020-10-06 03:34:11.6",6117293,-10,-10,-10,220,-0.001,-40.01
"2020-10-06 03:34:11.7",6117294,-10,-10,-10,220,-0.001,-40.01
"2020-10-06 03:34:11.8",6117295,-10,-10,-10,220,-0.001,-40.01
"2020-10-06 03:34:11.9",6117296,-10,-10,-10,220,-0.001,-40.01
"2020-10-06 03:34:12",6117297,-10,-10,-10,220,-0.001,-40.01
"2020-10-06 03:34:12.1",6117298,-10,-10,-10,220,-0.001,-40.01
"2020-10-06 03:34:12.2",6117299,-10,-10,-10,220,-0.001,-40.01
"2020-10-06 03:34:12.3",6117300,-10,-10,-10,220,-0.001,-40.01
"2020-10-06 03:34:12.4",6117301,-10,-10,-10,220,-0.001,-40.01
"2020-10-06 03:34:12.5",6117302,-10,-10,-10,220,-0.001,-40.01
"2020-10-06 03:34:12.6",6117303,-10,-10,-10,220,-0.001,-40.01
"2020-10-06 03:34:12.7",6117304,-10,-10,-10,220,-0.001,-40.01
"2020-10-06 03:34:12.8",6117305,-10,-10,-10,220,-0.001,-40.01
"2020-10-06 03:34:12.9",6117306,-10,-10,-10,220,-0.001,-40.01
"2020-10-06 03:34:13",6117307,-10,-10,-10,220,-0.001,-40.01
"2020-10-06 03:34:13.1",6117308,-10,-10,-10,220,-0.001,-40.01
"2020-10-06 03:34:13.2",6117309,-10,-10,-10,220,-0.001,-40.01
"2020-10-06 03:34:13.3",6117310,-10,-10,-10,220,-0.001,-40.01
"2020-10-06 03:34:13.4",6117311,-10,-10,-10,220,-0.001,-40.01
"2020-10-06 03:34:13.5",6117312,-10,-10,-10,220,-0.001,-40.01
"2020-10-06 03:34:13.6",6117313,-10,-10,-10,220,-0.001,-40.01
"2020-10-06 03:34:13.7",6117314,-10,-10,-10,220,-0.001,-40.01
"2020-10-06 03:34:13.8",6117315,-10,-10,-10,220,-0.001,-40.01
"2020-10-06 03:34:13.9",6117316,-10,-10,-10,220,-0.001,-40.01
"2020-10-06 03:34:14",6117317,-10,-10,-10,220,-0.001,-40.01
"2020-10-06 03:34:14.1",6117318,-10,-10,-10,220,-0.001,-40.01
"2020-10-06 03:34:14.2",6117319,-10,-10,-10,220,-0.001,-40.01
"2020-10-06 03:34:14.3",6117320,-10,-10,-10,220,-0.001,-40.01
"2020-10-06 03:34:14.4",6117321,-10,-10,-10,220,-0.001,-40.01
"2020-10-06 03:34:14.5",6117322,-10,-10,-10,220,-0.001,-40.01
"2020-10-06 03:34:14.6",6117323,-10,-10,-10,220,-0.001,-40.01
"2020-10-06 03:34:14.7",6117324,-10,-10,-10,220,-0.001,-40.01
"2020-10-06 03:34:14.8",6117325,-10,-10,-10,220,-0.001,-40.01
"2020-10-06 03:34:14.9",6117326,-10,-10,-10,220,-0.001,-40.01
"2020-10-06 03:34:15",6117327,-10,-10,-10,220,-0.001,-40.01
"2020-10-06 03:34:15.1",6117328,-10,-10,-10,220,-0.001,-40.01
"2020-10-06 03:34:15.2",6117329,-10,-10,-10,220,-0.001,-40.01
"2020-10-06 03:34:15.3",6117330,-10,-10,-10,220,-0.001,-40.01
"2020-10-06 03:34:15.4",6117331,-10,-10,-10,220,-0.001,-40.01
"2020-10-06 03:34:15.5",6117332,-10,-10,-10,220,-0.001,-40.01
"2020-10-06 03:34:15.6",6117333,-10,-10,-10,220,-0.001,-40.01
"2020-10-06 03:34:15.7",6117334,-10,-10,-10,220,-0.001,-40.01
"2020-10-06 03:34:15.8",6117335,-10,-10,-10,220,-0.001,-40.01
"2020-10-06 03:34:15.9",6117336,-10,-10,-10,220,-0.001,-40.01
"2020-10-06 03:34:16",6117337,-10,-10,-10,220,-0.001,-40.01
"2020-10-06 03:34:16.1",6117338,-10,-10,-10,220,-0.001,-40.01
"2020-10-06 03:34:16.2",6117339,-10,-10,-10,220,-0.001,-40.01
"2020-10-06 03:34:16.3",6117340,-10,-10,-10,220,-0.001,-40.01
"2020-10-06 03:34:16.4",6117341,-10,-10,-10,220,-0.001,-40.01
"2020-10-06 03:34:16.5",6117342,-10,-10,-10,220,-0.001,-40.01
"2020-10-06 03:34:16.6",6117343,-10,-10,-10,220,-0.001,-40.01
"2020-10-06 03:34:16.7",6117344,-10,-10,-10,220,-0.001,-40.01
"2020-10-06 03:34:16.8",6117345,-10,-10,-10,220,-0.001,-40.01
"2020-10-06 03:34:16.9",6117346,-10,-10,-10,220,-0.001,-40.01
"2020-10-06 03:34:17",6117347,-10,-10,-10,220,-0.001,-40.01
"2020-10-06 03:34:17.1",6117348,-10,-10,-10,220,-0.001,-40.01
"2020-10-06 03:34:17.2",6117349,-10,-10,-10,220,-0.001,-40.01
"2020-10-06 03:34:17.3",6117350,-10,-10,-10,220,-0.001,-40.01
"2020-10-06 03:34:17.4",6117351,-10,-10,-10,220,-0.001,-40.01
"2020-10-06 03:34:17.5",6117352,-10,-10,-10,220,-0.001,-40.01
"2020-10-06 03:34:17.6",6117353,-10,-10,-10,220,-0.001,-40.01
"2020-10-06 03:34:17.7",6117354,-10,-10,-10,220,-0.001,-40.01
"2020-10-06 03:34:17.8",6117355,-10,-10,-10,220,-0.001,-40.01
"2020-10-06 03:34:17.9",6117356,-10,-10,-10,220,-0.001,-40.01
"2020-10-06 03:34:18",6117357,-10,-10,-10,220,-0.001,-40.01
"2020-10-06 03:34:18.1",6117358,-10,-10,-10,220,-0.001,-40.01
"2020-10-06 03:34:18.2",6117359,-10,-10,-10,220,-0.001,-40.01
"2020-10-06 03:34:18.3",6117360,-10,-10,-10,220,-0.001,-40.01
"2020-10-06 03:34:18.4",6117361,-10,-10,-10,220,-0.001,-40.01
"2020-10-06 03:34:18.5",6117362,-10,-10,-10,220,-0.001,-40.01
"2020-10-06 03:34:18.6",6117363,-10,-10,-10,220,-0.001,-40.01
"2020-10-06 03:34:18.7",6117364,-10,-10,-10,220,-0.001,-40.01
"2020-10-06 03:34:18.8",6117365,-10,-10,-10,220,-0.001,-40.01
"2020-10-06 03:34:18.9",6117366,-10,-10,-10,220,-0.001,-40.01
"2020-10-06 03:34:19",6117367,-10,-10,-10,220,-0.001,-40.01
"2020-10-06 03:34:19.1",6117368,-10,-10,-10,220,-0.001,-40.01
"2020-10-06 03:34:19.2",6117369,-10,-10,-10,220,-0.001,-40.01
"2020-10-06 03:34:19.3",6117370,-10,-10,-10,220,-0.001,-40.01
"2020-10-06 03:34:19.4",6117371,-10,-10,-10,220,-0.001,-40.01
"2020-10-06 03:34:19.5",6117372,-10,-10,-10,220,-0.001,-40.01
"2020-10-06 03:34:19.6",6117373,-10,-10,-10,220,-0.001,-40.01
"2020-10-06 03:34:19.7",6117374,-10,-10,-10,220,-0.001,-40.01
"2020-10-06 03:34:19.8",6117375,-10,-10,-10,220,-0.001,-40.01
"2020-10-06 03:34:19.9",6117376,-10,-10,-10,220,-0.001,-40.01
"2020-10-06 03:34:20",6117377,-10,-10,-10,220,-0.001,-40.01
"2020-10-06 03:34:20.1",6117378,-10,-10,-10,220,-0.001,-40.01
"2020-10-06 03:34:20.2",6117379,-10,-10,-10,220,-0.001,-40.01
"2020-10-06 03:34:20.3",6117380,-10,-10,-10,220,-0.001,-40.01
"2020-10-06 03:34:20.4",6117381,-10,-10,-10,220,-0.001,-40.01
"2020-10-06 03:34:20.5",6117382,-10,-10,-10,220,-0.001,-40.01
"2020-10-06 03:34:20.6",6117383,-10,-10,-10,220,-0.002,-40.01
"2020-10-06 03:34:20.7",6117384,-10,-10,-10,220,-0.001,-40.01
"2020-10-06 03:34:20.8",6117385,-10,-10,-10,220,-0.001,-40.01
"2020-10-06 03:34:20.9",6117386,-10,-10,-10,220,-0.001,-40.01
"2020-10-06 03:34:21",6117387,-10,-10,-10,220,-0.001,-40.01
"2020-10-06 03:34:21.1",6117388,-10,-10,-10,220,-0.001,-40.01
"2020-10-06 03:34:21.2",6117389,-10,-10,-10,220,-0.001,-40.01
"2020-10-06 03:34:21.3",6117390,-10,-10,-10,220,-0.001,-40.01
"2020-10-06 03:34:21.4",6117391,-10,-10,-10,220,-0.001,-40.01
"2020-10-06 03:34:21.5",6117392,-10,-10,-10,220,-0.001,-40.01
"2020-10-06 03:34:21.6",6117393,-10,-10,-10,220,-0.002,-40.01
"2020-10-06 03:34:21.7",6117394,-10,-10,-10,220,-0.001,-40.01
"2020-10-06 03:34:21.8",6117395,-10,-10,-10,220,-0.001,-40.01
"2020-10-06 03:34:21.9",6117396,-10,-10,-10,220,-0.001,-40.01
"2020-10-06 03:34:22",6117397,-10,-10,-10,220,-0.001,-40.01
"2020-10-06 03:34:22.1",6117398,-10,-10,-10,220,-0.001,-40.01
"2020-10-06 03:34:22.2",6117399,-10,-10,-10,220,-0.001,-40.01
"2020-10-06 03:34:22.3",6117400,-10,-10,-10,220,-0.001,-40.01
"2020-10-06 03:34:22.4",6117401,-10,-10,-10,220,-0.001,-40.01
"2020-10-06 03:34:22.5",6117402,-10,-10,-10,220,-0.001,-40.01
"2020-10-06 03:34:22.6",6117403,-10,-10,-10,220,-0.001,-40.01
"2020-10-06 03:34:22.7",6117404,-10,-10,-10,220,-0.001,-40.01
"2020-10-06 03:34:22.8",6117405,-10,-10,-10,220,-0.001,-40.01
"2020-10-06 03:34:22.9",6117406,-10,-10,-10,220,-0.001,-40.01
"2020-10-06 03:34:23",6117407,-10,-10,-10,220,-0.001,-40.01
"2020-10-06 03:34:23.1",6117408,-10,-10,-10,220,-0.001,-40.01
"2020-10-06 03:34:23.2",6117409,-10,-10,-10,220,-0.001,-40.01
"2020-10-06 03:34:23.3",6117410,-10,-10,-10,220,-0.001,-40.01
"2020-10-06 03:34:23.4",6117411,-10,-10,-10,220,-0.001,-40.01
"2020-10-06 03:34:23.5",6117412,-10,-10,-10,220,-0.001,-40.01
"2020-10-06 03:34:23.6",6117413,-10,-10,-10,220,-0.001,-40.01
"2020-10-06 03:34:23.7",6117414,-10,-10,-10,220,-0.001,-40.01
"2020-10-06 03:34:23.8",6117415,-10,-10,-10,220,-0.001,-40.01
"2020-10-06 03:34:23.9",6117416,-10,-10,-10,220,-0.001,-40.01
"2020-10-06 03:34:24",6117417,-10,-10,-10,220,-0.001,-40.01
"2020-10-06 03:34:24.1",6117418,-10,-10,-10,220,-0.001,-40.01
"2020-10-06 03:34:24.2",6117419,-10,-10,-10,220,-0.001,-40.01
"2020-10-06 03:34:24.3",6117420,-10,-10,-10,220,-0.001,-40.01
"2020-10-06 03:34:24.4",6117421,-10,-10,-10,220,-0.001,-40.01
"2020-10-06 03:34:24.5",6117422,-10,-10,-10,220,-0.001,-40.01
"2020-10-06 03:34:24.6",6117423,-10,-10,-10,220,-0.001,-40.01
"2020-10-06 03:34:24.7",6117424,-10,-10,-10,220,-0.001,-40.01
"2020-10-06 03:34:24.8",6117425,-10,-10,-10,220,-0.001,-40.01
"2020-10-06 03:34:24.9",6117426,-10,-10,-10,220,-0.001,-40.01
"2020-10-06 03:34:25",6117427,-10,-10,-10,220,-0.001,-40.01
"2020-10-06 03:34:25.1",6117428,-10,-10,-10,220,-0.001,-40.01
"2020-10-06 03:34:25.2",6117429,-10,-10,-10,220,-0.001,-40.01
"2020-10-06 03:34:25.3",6117430,-10,-10,-10,220,-0.001,-40.01
"2020-10-06 03:34:25.4",6117431,-10,-10,-10,220,-0.001,-40.01
"2020-10-06 03:34:25.5",6117432,-10,-10,-10,220,-0.001,-40.01
"2020-10-06 03:34:25.6",6117433,-10,-10,-10,220,-0.001,-40.01
"2020-10-06 03:34:25.7",6117434,-10,-10,-10,220,-0.001,-40.01
"2020-10-06 03:34:25.8",6117435,-10,-10,-10,220,-0.001,-40.01
"2020-10-06 03:34:25.9",6117436,-10,-10,-10,220,-0.001,-40.01
"2020-10-06 03:34:26",6117437,-10,-10,-10,220,-0.001,-40.01
"2020-10-06 03:34:26.1",6117438,-10,-10,-10,220,-0.001,-40.01
"2020-10-06 03:34:26.2",6117439,-10,-10,-10,220,-0.001,-40.01
"2020-10-06 03:34:26.3",6117440,-10,-10,-10,220,-0.001,-40.01
"2020-10-06 03:34:26.4",6117441,-10,-10,-10,220,-0.001,-40.01
"2020-10-06 03:34:26.5",6117442,-10,-10,-10,220,-0.001,-40.01
"2020-10-06 03:34:26.6",6117443,-10,-10,-10,220,-0.001,-40.01
"2020-10-06 03:34:26.7",6117444,-10,-10,-10,220,-0.001,-40.01
"2020-10-06 03:34:26.8",6117445,-10,-10,-10,220,-0.001,-40.01
"2020-10-06 03:34:26.9",6117446,-10,-10,-10,220,-0.001,-40.01
"2020-10-06 03:34:27",6117447,-10,-10,-10,220,-0.001,-40.01
"2020-10-06 03:34:27.1",6117448,-10,-10,-10,220,-0.001,-40.01
"2020-10-06 03:34:27.2",6117449,-10,-10,-10,220,-0.001,-40.01
"2020-10-06 03:34:27.3",6117450,-10,-10,-10,220,-0.001,-40.01
"2020-10-06 03:34:27.4",6117451,-10,-10,-10,220,-0.001,-40.01
"2020-10-06 03:34:27.5",6117452,-10,-10,-10,220,-0.001,-40.01
"2020-10-06 03:34:27.6",6117453,-10,-10,-10,220,-0.001,-40.01
"2020-10-06 03:34:27.7",6117454,-10,-10,-10,220,-0.001,-40.01
"2020-10-06 03:34:27.8",6117455,-10,-10,-10,220,-0.001,-40.01
"2020-10-06 03:34:27.9",6117456,-10,-10,-10,220,-0.001,-40.01
"2020-10-06 03:34:28",6117457,-10,-10,-10,220,-0.001,-40.01
"2020-10-06 03:34:28.1",6117458,-10,-10,-10,220,-0.001,-40.01
"2020-10-06 03:34:28.2",6117459,-10,-10,-10,220,-0.001,-40.01
"2020-10-06 03:34:28.3",6117460,-10,-10,-10,220,-0.001,-40.01
"2020-10-06 03:34:28.4",6117461,-10,-10,-10,220,-0.001,-40.01
"2020-10-06 03:34:28.5",6117462,-10,-10,-10,220,-0.001,-40.01
"2020-10-06 03:34:28.6",6117463,-10,-10,-10,220,-0.001,-40.01
"2020-10-06 03:34:28.7",6117464,-10,-10,-10,220,-0.001,-40.01
"2020-10-06 03:34:28.8",6117465,-10,-10,-10,220,-0.001,-40.01
"2020-10-06 03:34:28.9",6117466,-10,-10,-10,220,-0.001,-40.01
"2020-10-06 03:34:29",6117467,-10,-10,-10,220,-0.001,-40.01
"2020-10-06 03:34:29.1",6117468,-10,-10,-10,220,-0.001,-40.01
"2020-10-06 03:34:29.2",6117469,-10,-10,-10,220,-0.001,-40.01
"2020-10-06 03:34:29.3",6117470,-10,-10,-10,220,-0.001,-40.01
"2020-10-06 03:34:29.4",6117471,-10,-10,-10,220,-0.001,-40.01
"2020-10-06 03:34:29.5",6117472,-10,-10,-10,220,-0.001,-40.01
"2020-10-06 03:34:29.6",6117473,-10,-10,-10,220,-0.001,-40.01
"2020-10-06 03:34:29.7",6117474,-10,-10,-10,220,-0.001,-40.01
"2020-10-06 03:34:29.8",6117475,-10,-10,-10,220,-0.001,-40.01
"2020-10-06 03:34:29.9",6117476,-10,-10,-10,220,-0.001,-40.01
"2020-10-06 03:34:30",6117477,-10,-10,-10,220,-0.001,-40.01
"2020-10-06 03:34:30.1",6117478,-10,-10,-10,220,-0.001,-40.01
"2020-10-06 03:34:30.2",6117479,-10,-10,-10,220,-0.001,-40.01
"2020-10-06 03:34:30.3",6117480,-10,-10,-10,220,-0.001,-40.01
"2020-10-06 03:34:30.4",6117481,-10,-10,-10,220,-0.001,-40.01
"2020-10-06 03:34:30.5",6117482,-10,-10,-10,220,-0.001,-40.01
"2020-10-06 03:34:30.6",6117483,-10,-10,-10,220,-0.001,-40.01
"2020-10-06 03:34:30.7",6117484,-10,-10,-10,220,-0.001,-40.01
"2020-10-06 03:34:30.8",6117485,-10,-10,-10,220,-0.001,-40.01
"2020-10-06 03:34:30.9",6117486,-10,-10,-10,220,-0.001,-40.01
"2020-10-06 03:34:31",6117487,-10,-10,-10,220,-0.001,-40.01
"2020-10-06 03:34:31.1",6117488,-10,-10,-10,220,-0.001,-40.01
"2020-10-06 03:34:31.2",6117489,-10,-10,-10,220,-0.001,-40.01
"2020-10-06 03:34:31.3",6117490,-10,-10,-10,220,-0.001,-40.01
"2020-10-06 03:34:31.4",6117491,-10,-10,-10,220,-0.001,-40.01
"2020-10-06 03:34:31.5",6117492,-10,-10,-10,220,-0.001,-40.01
"2020-10-06 03:34:31.6",6117493,-10,-10,-10,220,-0.001,-40.01
"2020-10-06 03:34:31.7",6117494,-10,-10,-10,220,-0.001,-40.01
"2020-10-06 03:34:31.8",6117495,-10,-10,-10,220,-0.001,-40.01
"2020-10-06 03:34:31.9",6117496,-10,-10,-10,220,-0.001,-40.01
"2020-10-06 03:34:32",6117497,-10,-10,-10,220,-0.001,-40.01
"2020-10-06 03:34:32.1",6117498,-10,-10,-10,220,-0.001,-40.01
"2020-10-06 03:34:32.2",6117499,-10,-10,-10,220,-0.001,-40.01
"2020-10-06 03:34:32.3",6117500,-10,-10,-10,220,-0.001,-40.01
"2020-10-06 03:34:32.4",6117501,-10,-10,-10,220,-0.001,-40.01
"2020-10-06 03:34:32.5",6117502,-10,-10,-10,220,-0.001,-40.01
"2020-10-06 03:34:32.6",6117503,-10,-10,-10,220,-0.001,-40.01
"2020-10-06 03:34:32.7",6117504,-10,-10,-10,220,-0.001,-40.01
"2020-10-06 03:34:32.8",6117505,-10,-10,-10,220,-0.001,-40.01
"2020-10-06 03:34:32.9",6117506,-10,-10,-10,220,-0.001,-40.01
"2020-10-06 03:34:33",6117507,-10,-10,-10,220,-0.001,-40.01
"2020-10-06 03:34:33.1",6117508,-10,-10,-10,220,-0.001,-40.01
"2020-10-06 03:34:33.2",6117509,-10,-10,-10,220,-0.001,-40.01
"2020-10-06 03:34:33.3",6117510,-10,-10,-10,220,-0.001,-40.01
"2020-10-06 03:34:33.4",6117511,-10,-10,-10,220,-0.001,-40.01
"2020-10-06 03:34:33.5",6117512,-10,-10,-10,220,-0.001,-40.01
"2020-10-06 03:34:33.6",6117513,-10,-10,-10,220,-0.001,-40.01
"2020-10-06 03:34:33.7",6117514,-10,-10,-10,220,-0.001,-40.01
"2020-10-06 03:34:33.8",6117515,-10,-10,-10,220,-0.001,-40.01
"2020-10-06 03:34:33.9",6117516,-10,-10,-10,220,-0.001,-40.01
"2020-10-06 03:34:34",6117517,-10,-10,-10,220,-0.001,-40.01
"2020-10-06 03:34:34.1",6117518,-10,-10,-10,220,-0.001,-40.01
"2020-10-06 03:34:34.2",6117519,-10,-10,-10,220,-0.001,-40.01
"2020-10-06 03:34:34.3",6117520,-10,-10,-10,220,-0.001,-40.01
"2020-10-06 03:34:34.4",6117521,-10,-10,-10,220,-0.001,-40.01
"2020-10-06 03:34:34.5",6117522,-10,-10,-10,220,-0.001,-40.01
"2020-10-06 03:34:34.6",6117523,-10,-10,-10,220,-0.001,-40.01
"2020-10-06 03:34:34.7",6117524,-10,-10,-10,220,-0.001,-40.01
"2020-10-06 03:34:34.8",6117525,-10,-10,-10,220,-0.001,-40.01
"2020-10-06 03:34:34.9",6117526,-10,-10,-10,220,-0.001,-40.01
"2020-10-06 03:34:35",6117527,-10,-10,-10,220,-0.001,-40.01
"2020-10-06 03:34:35.1",6117528,-10,-10,-10,220,-0.001,-40.01
"2020-10-06 03:34:35.2",6117529,-10,-10,-10,220,-0.001,-40.01
"2020-10-06 03:34:35.3",6117530,-10,-10,-10,220,-0.001,-40.01
"2020-10-06 03:34:35.4",6117531,-10,-10,-10,220,-0.001,-40.01
"2020-10-06 03:34:35.5",6117532,-10,-10,-10,220,-0.001,-40.01
"2020-10-06 03:34:35.6",6117533,-10,-10,-10,220,-0.001,-40.01
"2020-10-06 03:34:35.7",6117534,-10,-10,-10,220,-0.001,-40.01
"2020-10-06 03:34:35.8",6117535,-10,-10,-10,220,-0.001,-40.01
"2020-10-06 03:34:35.9",6117536,-10,-10,-10,220,-0.001,-40.01
"2020-10-06 03:34:36",6117537,-10,-10,-10,220,-0.001,-40.01
"2020-10-06 03:34:36.1",6117538,-10,-10,-10,220,-0.001,-40.01
"2020-10-06 03:34:36.2",6117539,-10,-10,-10,220,-0.001,-40.01
"2020-10-06 03:34:36.3",6117540,-10,-10,-10,220,-0.001,-40.01
"2020-10-06 03:34:36.4",6117541,-10,-10,-10,220,-0.001,-40.01
"2020-10-06 03:34:36.5",6117542,-10,-10,-10,220,-0.001,-40.01
"2020-10-06 03:34:36.6",6117543,-10,-10,-10,220,-0.001,-40.01
"2020-10-06 03:34:36.7",6117544,-10,-10,-10,220,-0.001,-40.01
"2020-10-06 03:34:36.8",6117545,-10,-10,-10,220,-0.001,-40.01
"2020-10-06 03:34:36.9",6117546,-10,-10,-10,220,-0.001,-40.01
"2020-10-06 03:34:37",6117547,-10,-10,-10,220,-0.001,-40.01
"2020-10-06 03:34:37.1",6117548,-10,-10,-10,220,-0.001,-40.01
"2020-10-06 03:34:37.2",6117549,-10,-10,-10,220,-0.001,-40.01
"2020-10-06 03:34:37.3",6117550,-10,-10,-10,220,-0.001,-40.01
"2020-10-06 03:34:37.4",6117551,-10,-10,-10,220,-0.001,-40.01
"2020-10-06 03:34:37.5",6117552,-10,-10,-10,220,-0.001,-40.01
"2020-10-06 03:34:37.6",6117553,-10,-10,-10,220,-0.001,-40.01
"2020-10-06 03:34:37.7",6117554,-10,-10,-10,220,-0.001,-40.01
"2020-10-06 03:34:37.8",6117555,-10,-10,-10,220,-0.001,-40.01
"2020-10-06 03:34:37.9",6117556,-10,-10,-10,220,-0.001,-40.01
"2020-10-06 03:34:38",6117557,-10,-10,-10,220,-0.001,-40.01
"2020-10-06 03:34:38.1",6117558,-10,-10,-10,220,-0.001,-40.01
"2020-10-06 03:34:38.2",6117559,-10,-10,-10,220,-0.001,-40.01
"2020-10-06 03:34:38.3",6117560,-10,-10,-10,220,-0.001,-40.01
"2020-10-06 03:34:38.4",6117561,-10,-10,-10,220,-0.001,-40.01
"2020-10-06 03:34:38.5",6117562,-10,-10,-10,220,-0.001,-40.01
"2020-10-06 03:34:38.6",6117563,-10,-10,-10,220,-0.001,-40.01
"2020-10-06 03:34:38.7",6117564,-10,-10,-10,220,-0.001,-40.01
"2020-10-06 03:34:38.8",6117565,-10,-10,-10,220,-0.001,-40.01
"2020-10-06 03:34:38.9",6117566,-10,-10,-10,220,-0.001,-40.01
"2020-10-06 03:34:39",6117567,-10,-10,-10,220,-0.001,-40.01
"2020-10-06 03:34:39.1",6117568,-10,-10,-10,220,-0.001,-40.01
"2020-10-06 03:34:39.2",6117569,-10,-10,-10,220,-0.001,-40.01
"2020-10-06 03:34:39.3",6117570,-10,-10,-10,220,-0.001,-40.01
"2020-10-06 03:34:39.4",6117571,-10,-10,-10,220,-0.001,-40.01
"2020-10-06 03:34:39.5",6117572,-10,-10,-10,220,-0.001,-40.01
"2020-10-06 03:34:39.6",6117573,-10,-10,-10,220,-0.001,-40.01
"2020-10-06 03:34:39.7",6117574,-10,-10,-10,220,-0.001,-40.01
"2020-10-06 03:34:39.8",6117575,-10,-10,-10,220,-0.001,-40.01
"2020-10-06 03:34:39.9",6117576,-10,-10,-10,220,-0.001,-40.01
"2020-10-06 03:34:40",6117577,-10,-10,-10,220,-0.001,-40.01
"2020-10-06 03:34:40.1",6117578,-10,-10,-10,220,-0.001,-40.01
"2020-10-06 03:34:40.2",6117579,-10,-10,-10,220,-0.001,-40.01
"2020-10-06 03:34:40.3",6117580,-10,-10,-10,220,-0.001,-40.01
"2020-10-06 03:34:40.4",6117581,-10,-10,-10,220,-0.001,-40.01
"2020-10-06 03:34:40.5",6117582,-10,-10,-10,220,-0.001,-40.01
"2020-10-06 03:34:40.6",6117583,-10,-10,-10,220,-0.001,-40.01
"2020-10-06 03:34:40.7",6117584,-10,-10,-10,220,-0.001,-40.01
"2020-10-06 03:34:40.8",6117585,-10,-10,-10,220,-0.001,-40.01
"2020-10-06 03:34:40.9",6117586,-10,-10,-10,220,-0.001,-40.01
"2020-10-06 03:34:41",6117587,-10,-10,-10,220,-0.001,-40.01
"2020-10-06 03:34:41.1",6117588,-10,-10,-10,220,-0.001,-40.01
"2020-10-06 03:34:41.2",6117589,-10,-10,-10,220,-0.001,-40.01
"2020-10-06 03:34:41.3",6117590,-10,-10,-10,220,-0.001,-40.01
"2020-10-06 03:34:41.4",6117591,-10,-10,-10,220,-0.001,-40.01
"2020-10-06 03:34:41.5",6117592,-10,-10,-10,220,-0.001,-40.01
"2020-10-06 03:34:41.6",6117593,-10,-10,-10,220,-0.001,-40.01
"2020-10-06 03:34:41.7",6117594,-10,-10,-10,220,-0.001,-40.01
"2020-10-06 03:34:41.8",6117595,-10,-10,-10,220,-0.001,-40.01
"2020-10-06 03:34:41.9",6117596,-10,-10,-10,220,-0.001,-40.01
"2020-10-06 03:34:42",6117597,-10,-10,-10,220,-0.001,-40.01
"2020-10-06 03:34:42.1",6117598,-10,-10,-10,220,-0.001,-40.01
"2020-10-06 03:34:42.2",6117599,-10,-10,-10,220,-0.001,-40.01
"2020-10-06 03:34:42.3",6117600,-10,-10,-10,220,-0.001,-40.01
"2020-10-06 03:34:42.4",6117601,-10,-10,-10,220,-0.001,-40.01
"2020-10-06 03:34:42.5",6117602,-10,-10,-10,220,-0.001,-40.01
"2020-10-06 03:34:42.6",6117603,-10,-10,-10,220,-0.001,-40.01
"2020-10-06 03:34:42.7",6117604,-10,-10,-10,220,-0.001,-40.01
"2020-10-06 03:34:42.8",6117605,-10,-10,-10,220,-0.001,-40.01
"2020-10-06 03:34:42.9",6117606,-10,-10,-10,220,-0.001,-40.01
"2020-10-06 03:34:43",6117607,-10,-10,-10,220,-0.001,-40.01
"2020-10-06 03:34:43.1",6117608,-10,-10,-10,220,-0.001,-40.01
"2020-10-06 03:34:43.2",6117609,-10,-10,-10,220,-0.001,-40.01
"2020-10-06 03:34:43.3",6117610,-10,-10,-10,220,-0.001,-40.01
"2020-10-06 03:34:43.4",6117611,-10,-10,-10,220,-0.001,-40.01
"2020-10-06 03:34:43.5",6117612,-10,-10,-10,220,-0.001,-40.01
"2020-10-06 03:34:43.6",6117613,-10,-10,-10,220,-0.001,-40.01
"2020-10-06 03:34:43.7",6117614,-10,-10,-10,220,-0.001,-40.01
"2020-10-06 03:34:43.8",6117615,-10,-10,-10,220,-0.001,-40.01
"2020-10-06 03:34:43.9",6117616,-10,-10,-10,220,-0.001,-40.01
"2020-10-06 03:34:44",6117617,-10,-10,-10,220,-0.001,-40.01
"2020-10-06 03:34:44.1",6117618,-10,-10,-10,220,-0.001,-40.01
"2020-10-06 03:34:44.2",6117619,-10,-10,-10,220,-0.001,-40.01
"2020-10-06 03:34:44.3",6117620,-10,-10,-10,220,-0.001,-40.01
"2020-10-06 03:34:44.4",6117621,-10,-10,-10,220,-0.001,-40.01
"2020-10-06 03:34:44.5",6117622,-10,-10,-10,220,-0.001,-40.01
"2020-10-06 03:34:44.6",6117623,-10,-10,-10,220,-0.001,-40.01
"2020-10-06 03:34:44.7",6117624,-10,-10,-10,220,-0.001,-40.01
"2020-10-06 03:34:44.8",6117625,-10,-10,-10,220,-0.001,-40.01
"2020-10-06 03:34:44.9",6117626,-10,-10,-10,220,-0.001,-40.01
"2020-10-06 03:34:45",6117627,-10,-10,-10,220,-0.001,-40.01
"2020-10-06 03:34:45.1",6117628,-10,-10,-10,220,-0.001,-40.01
"2020-10-06 03:34:45.2",6117629,-10,-10,-10,220,-0.001,-40.01
"2020-10-06 03:34:45.3",6117630,-10,-10,-10,220,-0.001,-40.01
"2020-10-06 03:34:45.4",6117631,-10,-10,-10,220,-0.001,-40.01
"2020-10-06 03:34:45.5",6117632,-10,-10,-10,220,-0.001,-40.01
"2020-10-06 03:34:45.6",6117633,-10,-10,-10,220,-0.001,-40.01
"2020-10-06 03:34:45.7",6117634,-10,-10,-10,220,-0.001,-40.01
"2020-10-06 03:34:45.8",6117635,-10,-10,-10,220,-0.001,-40.01
"2020-10-06 03:34:45.9",6117636,-10,-10,-10,220,-0.001,-40.01
"2020-10-06 03:34:46",6117637,-10,-10,-10,220,-0.001,-40.01
"2020-10-06 03:34:46.1",6117638,-10,-10,-10,220,-0.001,-40.01
"2020-10-06 03:34:46.2",6117639,-10,-10,-10,220,-0.001,-40.01
"2020-10-06 03:34:46.3",6117640,-10,-10,-10,220,-0.001,-40.01
"2020-10-06 03:34:46.4",6117641,-10,-10,-10,220,-0.001,-40.01
"2020-10-06 03:34:46.5",6117642,-10,-10,-10,220,-0.001,-40.01
"2020-10-06 03:34:46.6",6117643,-10,-10,-10,220,-0.001,-40.01
"2020-10-06 03:34:46.7",6117644,-10,-10,-10,220,-0.001,-40.01
"2020-10-06 03:34:46.8",6117645,-10,-10,-10,220,-0.001,-40.01
"2020-10-06 03:34:46.9",6117646,-10,-10,-10,220,-0.001,-40.01
"2020-10-06 03:34:47",6117647,-10,-10,-10,220,-0.001,-40.01
"2020-10-06 03:34:47.1",6117648,-10,-10,-10,220,-0.001,-40.01
"2020-10-06 03:34:47.2",6117649,-10,-10,-10,220,-0.001,-40.01
"2020-10-06 03:34:47.3",6117650,-10,-10,-10,220,-0.001,-40.01
"2020-10-06 03:34:47.4",6117651,-10,-10,-10,220,-0.001,-40.01
"2020-10-06 03:34:47.5",6117652,-10,-10,-10,220,-0.001,-40.01
"2020-10-06 03:34:47.6",6117653,-10,-10,-10,220,-0.001,-40.01
"2020-10-06 03:34:47.7",6117654,-10,-10,-10,220,-0.001,-40.01
"2020-10-06 03:34:47.8",6117655,-10,-10,-10,220,-0.001,-40.01
"2020-10-06 03:34:47.9",6117656,-10,-10,-10,220,-0.001,-40.01
"2020-10-06 03:34:48",6117657,-10,-10,-10,220,-0.001,-40.01
"2020-10-06 03:34:48.1",6117658,-10,-10,-10,220,-0.001,-40.01
"2020-10-06 03:34:48.2",6117659,-10,-10,-10,220,-0.001,-40.01
"2020-10-06 03:34:48.3",6117660,-10,-10,-10,220,-0.001,-40.01
"2020-10-06 03:34:48.4",6117661,-10,-10,-10,220,-0.001,-40.01
"2020-10-06 03:34:48.5",6117662,-10,-10,-10,220,-0.001,-40.01
"2020-10-06 03:34:48.6",6117663,-10,-10,-10,220,-0.001,-40.01
"2020-10-06 03:34:48.7",6117664,-10,-10,-10,220,-0.001,-40.01
"2020-10-06 03:34:48.8",6117665,-10,-10,-10,220,-0.001,-40.01
"2020-10-06 03:34:48.9",6117666,-10,-10,-10,220,-0.001,-40.01
"2020-10-06 03:34:49",6117667,-10,-10,-10,220,-0.001,-40.01
"2020-10-06 03:34:49.1",6117668,-10,-10,-10,220,-0.001,-40.01
"2020-10-06 03:34:49.2",6117669,-10,-10,-10,220,-0.001,-40.01
"2020-10-06 03:34:49.3",6117670,-10,-10,-10,220,-0.001,-40.01
"2020-10-06 03:34:49.4",6117671,-10,-10,-10,220,-0.001,-40.01
"2020-10-06 03:34:49.5",6117672,-10,-10,-10,220,-0.001,-40.01
"2020-10-06 03:34:49.6",6117673,-10,-10,-10,220,-0.001,-40.01
"2020-10-06 03:34:49.7",6117674,-10,-10,-10,220,-0.001,-40.01
"2020-10-06 03:34:49.8",6117675,-10,-10,-10,220,-0.001,-40.01
"2020-10-06 03:34:49.9",6117676,-10,-10,-10,220,-0.001,-40.01
"2020-10-06 03:34:50",6117677,-10,-10,-10,220,-0.001,-40.01
"2020-10-06 03:34:50.1",6117678,-10,-10,-10,220,-0.001,-40.01
"2020-10-06 03:34:50.2",6117679,-10,-10,-10,220,-0.001,-40.01
"2020-10-06 03:34:50.3",6117680,-10,-10,-10,220,-0.001,-40.01
"2020-10-06 03:34:50.4",6117681,-10,-10,-10,220,-0.001,-40.01
"2020-10-06 03:34:50.5",6117682,-10,-10,-10,220,-0.001,-40.01
"2020-10-06 03:34:50.6",6117683,-10,-10,-10,220,-0.001,-40.01
"2020-10-06 03:34:50.7",6117684,-10,-10,-10,220,-0.001,-40.01
"2020-10-06 03:34:50.8",6117685,-10,-10,-10,220,-0.001,-40.01
"2020-10-06 03:34:50.9",6117686,-10,-10,-10,220,-0.001,-40.01
