"TOA5","10329","CR6","10329","CR6.Std.09.01 CR6-WIFI.04.00.01","CPU:YOUNG81000_HMP60_10Hz.CR6","51185","Young10Hz_hmp"
"TIMESTAMP","RECORD","U","V","W","TSonic","RH","T_HMP60"
"TS","RN","mV","mV","mV","mV","%","Deg C"
"","","Smp","Smp","Smp","Smp","Smp","Smp"
"2020-10-06 11:24:51",6399687,-10,-10,-10,220,-0.002,-40.01
"2020-10-06 11:24:51.1",6399688,-10,-10,-10,220,-0.002,-40.01
"2020-10-06 11:24:51.2",6399689,-10,-10,-10,220,-0.002,-40.01
"2020-10-06 11:24:51.3",6399690,-10,-10,-10,220,-0.002,-40.01
"2020-10-06 11:24:51.4",6399691,-10,-10,-10,220,-0.002,-40.01
"2020-10-06 11:24:51.5",6399692,-10,-10,-10,220,-0.002,-40.01
"2020-10-06 11:24:51.6",6399693,-10,-10,-10,220,-0.002,-40.01
"2020-10-06 11:24:51.7",6399694,-10,-10,-10,220,-0.002,-40.01
"2020-10-06 11:24:51.8",6399695,-10,-10,-10,220,-0.002,-40.01
"2020-10-06 11:24:51.9",6399696,-10,-10,-10,220,-0.002,-40.01
"2020-10-06 11:24:52",6399697,-10,-10,-10,220,-0.002,-40.01
"2020-10-06 11:24:52.1",6399698,-10,-10,-10,220,-0.002,-40.01
"2020-10-06 11:24:52.2",6399699,-10,-10,-10,220,-0.002,-40.01
"2020-10-06 11:24:52.3",6399700,-10,-10,-10,220,-0.002,-40.01
"2020-10-06 11:24:52.4",6399701,-10,-10,-10,220,-0.002,-40.01
"2020-10-06 11:24:52.5",6399702,-10,-10,-10,220,-0.002,-40.01
"2020-10-06 11:24:52.6",6399703,-10,-10,-10,220,-0.002,-40.01
"2020-10-06 11:24:52.7",6399704,-10,-10,-10,220,-0.002,-40.01
"2020-10-06 11:24:52.8",6399705,-10,-10,-10,220,-0.002,-40.01
"2020-10-06 11:24:52.9",6399706,-10,-10,-10,220,-0.002,-40.01
"2020-10-06 11:24:53",6399707,-10,-10,-10,220,-0.002,-40.01
"2020-10-06 11:24:53.1",6399708,-10,-10,-10,220,-0.002,-40.01
"2020-10-06 11:24:53.2",6399709,-10,-10,-10,220,-0.002,-40.01
"2020-10-06 11:24:53.3",6399710,-10,-10,-10,220,-0.002,-40.01
"2020-10-06 11:24:53.4",6399711,-10,-10,-10,220,-0.002,-40.01
"2020-10-06 11:24:53.5",6399712,-10,-10,-10,220,-0.002,-40.01
"2020-10-06 11:24:53.6",6399713,-10,-10,-10,220,-0.002,-40.01
"2020-10-06 11:24:53.7",6399714,-10,-10,-10,220,-0.002,-40.01
"2020-10-06 11:24:53.8",6399715,-10,-10,-10,220,-0.002,-40.01
"2020-10-06 11:24:53.9",6399716,-10,-10,-10,220,-0.002,-40.01
"2020-10-06 11:24:54",6399717,-10,-10,-10,220,-0.002,-40.01
"2020-10-06 11:24:54.1",6399718,-10,-10,-10,220,-0.002,-40.01
"2020-10-06 11:24:54.2",6399719,-10,-10,-10,220,-0.002,-40.01
"2020-10-06 11:24:54.3",6399720,-10,-10,-10,220,-0.002,-40.01
"2020-10-06 11:24:54.4",6399721,-10,-10,-10,220,-0.002,-40.01
"2020-10-06 11:24:54.5",6399722,-10,-10,-10,220,-0.002,-40.01
"2020-10-06 11:24:54.6",6399723,-10,-10,-10,220,-0.002,-40.01
"2020-10-06 11:24:54.7",6399724,-10,-10,-10,220,-0.002,-40.01
"2020-10-06 11:24:54.8",6399725,-10,-10,-10,220,-0.002,-40.01
"2020-10-06 11:24:54.9",6399726,-10,-10,-10,220,-0.002,-40.01
"2020-10-06 11:24:55",6399727,-10,-10,-10,220,-0.002,-40.01
"2020-10-06 11:24:55.1",6399728,-10,-10,-10,220,-0.002,-40.01
"2020-10-06 11:24:55.2",6399729,-10,-10,-10,220,-0.002,-40.01
"2020-10-06 11:24:55.3",6399730,-10,-10,-10,220,-0.002,-40.01
"2020-10-06 11:24:55.4",6399731,-10,-10,-10,220,-0.002,-40.01
"2020-10-06 11:24:55.5",6399732,-10,-10,-10,220,-0.002,-40.01
"2020-10-06 11:24:55.6",6399733,-10,-10,-10,220,-0.002,-40.01
"2020-10-06 11:24:55.7",6399734,-10,-10,-10,220,-0.002,-40.01
"2020-10-06 11:24:55.8",6399735,-10,-10,-10,220,-0.002,-40.01
"2020-10-06 11:24:55.9",6399736,-10,-10,-10,220,-0.002,-40.01
"2020-10-06 11:24:56",6399737,-10,-10,-10,220,-0.002,-40.01
"2020-10-06 11:24:56.1",6399738,-10,-10,-10,220,-0.002,-40.01
"2020-10-06 11:24:56.2",6399739,-10,-10,-10,220,-0.002,-40.01
"2020-10-06 11:24:56.3",6399740,-10,-10,-10,220,-0.002,-40.01
"2020-10-06 11:24:56.4",6399741,-10,-10,-10,220,-0.002,-40.01
"2020-10-06 11:24:56.5",6399742,-10,-10,-10,220,-0.002,-40.01
"2020-10-06 11:24:56.6",6399743,-10,-10,-10,220,-0.002,-40.01
"2020-10-06 11:24:56.7",6399744,-10,-10,-10,220,-0.002,-40.01
"2020-10-06 11:24:56.8",6399745,-10,-10,-10,220,-0.002,-40.01
"2020-10-06 11:24:56.9",6399746,-10,-10,-10,220,-0.002,-40.01
"2020-10-06 11:24:57",6399747,-10,-10,-10,220,-0.002,-40.01
"2020-10-06 11:24:57.1",6399748,-10,-10,-10,220,-0.002,-40.01
"2020-10-06 11:24:57.2",6399749,-10,-10,-10,220,-0.002,-40.01
"2020-10-06 11:24:57.3",6399750,-10,-10,-10,220,-0.002,-40.01
"2020-10-06 11:24:57.4",6399751,-10,-10,-10,220,-0.002,-40.01
"2020-10-06 11:24:57.5",6399752,-10,-10,-10,220,-0.002,-40.01
"2020-10-06 11:24:57.6",6399753,-10,-10,-10,220,-0.002,-40.01
"2020-10-06 11:24:57.7",6399754,-10,-10,-10,220,-0.002,-40.01
"2020-10-06 11:24:57.8",6399755,-10,-10,-10,220,-0.002,-40.01
"2020-10-06 11:24:57.9",6399756,-10,-10,-10,220,-0.002,-40.01
"2020-10-06 11:24:58",6399757,-10,-10,-10,220,-0.002,-40.01
"2020-10-06 11:24:58.1",6399758,-10,-10,-10,220,-0.002,-40.01
"2020-10-06 11:24:58.2",6399759,-10,-10,-10,220,-0.002,-40.01
"2020-10-06 11:24:58.3",6399760,-10,-10,-10,220,-0.002,-40.01
"2020-10-06 11:24:58.4",6399761,-10,-10,-10,220,-0.002,-40.01
"2020-10-06 11:24:58.5",6399762,-10,-10,-10,220,-0.002,-40.01
"2020-10-06 11:24:58.6",6399763,-10,-10,-10,220,-0.002,-40.01
"2020-10-06 11:24:58.7",6399764,-10,-10,-10,220,-0.002,-40.01
"2020-10-06 11:24:58.8",6399765,-10,-10,-10,220,-0.002,-40.01
"2020-10-06 11:24:58.9",6399766,-10,-10,-10,220,-0.002,-40.01
"2020-10-06 11:24:59",6399767,-10,-10,-10,220,-0.002,-40.01
"2020-10-06 11:24:59.1",6399768,-10,-10,-10,220,-0.002,-40.01
"2020-10-06 11:24:59.2",6399769,-10,-10,-10,220,-0.002,-40.01
"2020-10-06 11:24:59.3",6399770,-10,-10,-10,220,-0.002,-40.01
"2020-10-06 11:24:59.4",6399771,-10,-10,-10,220,-0.002,-40.01
"2020-10-06 11:24:59.5",6399772,-10,-10,-10,220,-0.002,-40.01
"2020-10-06 11:24:59.6",6399773,-10,-10,-10,220,-0.002,-40.01
"2020-10-06 11:24:59.7",6399774,-10,-10,-10,220,-0.002,-40.01
"2020-10-06 11:24:59.8",6399775,-10,-10,-10,220,-0.002,-40.01
"2020-10-06 11:24:59.9",6399776,-10,-10,-10,220,-0.002,-40.01
"2020-10-06 11:25:00",6399777,-10,-10,-10,220,-0.002,-40.01
"2020-10-06 11:25:00.1",6399778,-10,-10,-10,220,-0.008,-40.02
"2020-10-06 11:25:00.2",6399779,-10,-10,-10,220,-0.008,-40.02
"2020-10-06 11:25:00.3",6399780,-10,-10,-10,220,-0.002,-40
"2020-10-06 11:25:00.4",6399781,-10,-10,-10,220,-0.002,-40.01
"2020-10-06 11:25:00.5",6399782,-10,-10,-10,220,-0.002,-40.01
"2020-10-06 11:25:00.6",6399783,-10,-10,-10,220,-0.002,-40.01
"2020-10-06 11:25:00.7",6399784,-10,-10,-10,220,-0.002,-40.01
"2020-10-06 11:25:00.8",6399785,-10,-10,-10,220,-0.002,-40.01
"2020-10-06 11:25:00.9",6399786,-10,-10,-10,220,-0.002,-40.01
"2020-10-06 11:25:01",6399787,-10,-10,-10,220,-0.002,-40.01
"2020-10-06 11:25:01.1",6399788,-10,-10,-10,220,-0.002,-40.01
"2020-10-06 11:25:01.2",6399789,-10,-10,-10,220,-0.002,-40.01
"2020-10-06 11:25:01.3",6399790,-10,-10,-10,220,-0.002,-40.01
"2020-10-06 11:25:01.4",6399791,-10,-10,-10,220,-0.002,-40.01
"2020-10-06 11:25:01.5",6399792,-10,-10,-10,220,-0.002,-40.01
"2020-10-06 11:25:01.6",6399793,-10,-10,-10,220,-0.002,-40.01
"2020-10-06 11:25:01.7",6399794,-10,-10,-10,220,-0.002,-40.01
"2020-10-06 11:25:01.8",6399795,-10,-10,-10,220,-0.002,-40.01
"2020-10-06 11:25:01.9",6399796,-10,-10,-10,220,-0.002,-40.01
"2020-10-06 11:25:02",6399797,-10,-10,-10,220,-0.002,-40.01
"2020-10-06 11:25:02.1",6399798,-10,-10,-10,220,-0.002,-40.01
"2020-10-06 11:25:02.2",6399799,-10,-10,-10,220,-0.002,-40.01
"2020-10-06 11:25:02.3",6399800,-10,-10,-10,220,-0.002,-40.01
"2020-10-06 11:25:02.4",6399801,-10,-10,-10,220,-0.002,-40.01
"2020-10-06 11:25:02.5",6399802,-10,-10,-10,220,-0.002,-40.01
"2020-10-06 11:25:02.6",6399803,-10,-10,-10,220,-0.002,-40.01
"2020-10-06 11:25:02.7",6399804,-10,-10,-10,220,-0.002,-40.01
"2020-10-06 11:25:02.8",6399805,-10,-10,-10,220,-0.002,-40.01
"2020-10-06 11:25:02.9",6399806,-10,-10,-10,220,-0.002,-40.01
"2020-10-06 11:25:03",6399807,-10,-10,-10,220,-0.002,-40.01
"2020-10-06 11:25:03.1",6399808,-10,-10,-10,220,-0.002,-40.01
"2020-10-06 11:25:03.2",6399809,-10,-10,-10,220,-0.002,-40.01
"2020-10-06 11:25:03.3",6399810,-10,-10,-10,220,-0.002,-40.01
"2020-10-06 11:25:03.4",6399811,-10,-10,-10,220,-0.002,-40.01
"2020-10-06 11:25:03.5",6399812,-10,-10,-10,220,-0.002,-40.01
"2020-10-06 11:25:03.6",6399813,-10,-10,-10,220,-0.002,-40.01
"2020-10-06 11:25:03.7",6399814,-10,-10,-10,220,-0.002,-40.01
"2020-10-06 11:25:03.8",6399815,-10,-10,-10,220,-0.002,-40.01
"2020-10-06 11:25:03.9",6399816,-10,-10,-10,220,-0.002,-40.01
"2020-10-06 11:25:04",6399817,-10,-10,-10,220,-0.002,-40.01
"2020-10-06 11:25:04.1",6399818,-10,-10,-10,220,-0.002,-40.01
"2020-10-06 11:25:04.2",6399819,-10,-10,-10,220,-0.002,-40.01
"2020-10-06 11:25:04.3",6399820,-10,-10,-10,220,-0.002,-40.01
"2020-10-06 11:25:04.4",6399821,-10,-10,-10,220,-0.002,-40.01
"2020-10-06 11:25:04.5",6399822,-10,-10,-10,220,-0.002,-40.01
"2020-10-06 11:25:04.6",6399823,-10,-10,-10,220,-0.002,-40.01
"2020-10-06 11:25:04.7",6399824,-10,-10,-10,220,-0.002,-40.01
"2020-10-06 11:25:04.8",6399825,-10,-10,-10,220,-0.002,-40.01
"2020-10-06 11:25:04.9",6399826,-10,-10,-10,220,-0.002,-40.01
"2020-10-06 11:25:05",6399827,-10,-10,-10,220,-0.002,-40.01
"2020-10-06 11:25:05.1",6399828,-10,-10,-10,220,-0.002,-40.01
"2020-10-06 11:25:05.2",6399829,-10,-10,-10,220,-0.002,-40.01
"2020-10-06 11:25:05.3",6399830,-10,-10,-10,220,-0.002,-40.01
"2020-10-06 11:25:05.4",6399831,-10,-10,-10,220,-0.002,-40.01
"2020-10-06 11:25:05.5",6399832,-10,-10,-10,220,-0.002,-40.01
"2020-10-06 11:25:05.6",6399833,-10,-10,-10,220,-0.002,-40.01
"2020-10-06 11:25:05.7",6399834,-10,-10,-10,220,-0.002,-40.01
"2020-10-06 11:25:05.8",6399835,-10,-10,-10,220,-0.002,-40.01
"2020-10-06 11:25:05.9",6399836,-10,-10,-10,220,-0.002,-40.01
"2020-10-06 11:25:06",6399837,-10,-10,-10,220,-0.002,-40.01
"2020-10-06 11:25:06.1",6399838,-10,-10,-10,220,-0.002,-40.01
"2020-10-06 11:25:06.2",6399839,-10,-10,-10,220,-0.002,-40.01
"2020-10-06 11:25:06.3",6399840,-10,-10,-10,220,-0.002,-40.01
"2020-10-06 11:25:06.4",6399841,-10,-10,-10,220,-0.002,-40.01
"2020-10-06 11:25:06.5",6399842,-10,-10,-10,220,-0.002,-40.01
"2020-10-06 11:25:06.6",6399843,-10,-10,-10,220,-0.002,-40.01
"2020-10-06 11:25:06.7",6399844,-10,-10,-10,220,-0.002,-40.01
"2020-10-06 11:25:06.8",6399845,-10,-10,-10,220,-0.002,-40.01
"2020-10-06 11:25:06.9",6399846,-10,-10,-10,220,-0.002,-40.01
"2020-10-06 11:25:07",6399847,-10,-10,-10,220,-0.002,-40.01
"2020-10-06 11:25:07.1",6399848,-10,-10,-10,220,-0.002,-40.01
"2020-10-06 11:25:07.2",6399849,-10,-10,-10,220,-0.002,-40.01
"2020-10-06 11:25:07.3",6399850,-10,-10,-10,220,-0.002,-40.01
"2020-10-06 11:25:07.4",6399851,-10,-10,-10,220,-0.002,-40.01
"2020-10-06 11:25:07.5",6399852,-10,-10,-10,220,-0.002,-40.01
"2020-10-06 11:25:07.6",6399853,-10,-10,-10,220,-0.002,-40.01
"2020-10-06 11:25:07.7",6399854,-10,-10,-10,220,-0.002,-40.01
"2020-10-06 11:25:07.8",6399855,-10,-10,-10,220,-0.002,-40.01
"2020-10-06 11:25:07.9",6399856,-10,-10,-10,220,-0.002,-40.01
"2020-10-06 11:25:08",6399857,-10,-10,-10,220,-0.002,-40.01
"2020-10-06 11:25:08.1",6399858,-10,-10,-10,220,-0.002,-40.01
"2020-10-06 11:25:08.2",6399859,-10,-10,-10,220,-0.002,-40.01
"2020-10-06 11:25:08.3",6399860,-10,-10,-10,220,-0.002,-40.01
"2020-10-06 11:25:08.4",6399861,-10,-10,-10,220,-0.002,-40.01
"2020-10-06 11:25:08.5",6399862,-10,-10,-10,220,-0.002,-40.01
"2020-10-06 11:25:08.6",6399863,-10,-10,-10,220,-0.002,-40.01
"2020-10-06 11:25:08.7",6399864,-10,-10,-10,220,-0.002,-40.01
"2020-10-06 11:25:08.8",6399865,-10,-10,-10,220,-0.002,-40.01
"2020-10-06 11:25:08.9",6399866,-10,-10,-10,220,-0.002,-40.01
"2020-10-06 11:25:09",6399867,-10,-10,-10,220,-0.002,-40.01
"2020-10-06 11:25:09.1",6399868,-10,-10,-10,220,-0.002,-40.01
"2020-10-06 11:25:09.2",6399869,-10,-10,-10,220,-0.002,-40.01
"2020-10-06 11:25:09.3",6399870,-10,-10,-10,220,-0.002,-40.01
"2020-10-06 11:25:09.4",6399871,-10,-10,-10,220,-0.002,-40.01
"2020-10-06 11:25:09.5",6399872,-10,-10,-10,220,-0.002,-40.01
"2020-10-06 11:25:09.6",6399873,-10,-10,-10,220,-0.002,-40.01
"2020-10-06 11:25:09.7",6399874,-10,-10,-10,220,-0.002,-40.01
"2020-10-06 11:25:09.8",6399875,-10,-10,-10,220,-0.002,-40.01
"2020-10-06 11:25:09.9",6399876,-10,-10,-10,220,-0.002,-40.01
"2020-10-06 11:25:10",6399877,-10,-10,-10,220,-0.002,-40.01
"2020-10-06 11:25:10.1",6399878,-10,-10,-10,220,-0.002,-40.01
"2020-10-06 11:25:10.2",6399879,-10,-10,-10,220,-0.002,-40.01
"2020-10-06 11:25:10.3",6399880,-10,-10,-10,220,-0.002,-40.01
"2020-10-06 11:25:10.4",6399881,-10,-10,-10,220,-0.002,-40.01
"2020-10-06 11:25:10.5",6399882,-10,-10,-10,220,-0.002,-40.01
"2020-10-06 11:25:10.6",6399883,-10,-10,-10,220,-0.002,-40.01
"2020-10-06 11:25:10.7",6399884,-10,-10,-10,220,-0.002,-40.01
"2020-10-06 11:25:10.8",6399885,-10,-10,-10,220,-0.002,-40.01
"2020-10-06 11:25:10.9",6399886,-10,-10,-10,220,-0.002,-40.01
"2020-10-06 11:25:11",6399887,-10,-10,-10,220,-0.002,-40.01
"2020-10-06 11:25:11.1",6399888,-10,-10,-10,220,-0.002,-40.01
"2020-10-06 11:25:11.2",6399889,-10,-10,-10,220,-0.002,-40.01
"2020-10-06 11:25:11.3",6399890,-10,-10,-10,220,-0.002,-40.01
"2020-10-06 11:25:11.4",6399891,-10,-10,-10,220,-0.002,-40.01
"2020-10-06 11:25:11.5",6399892,-10,-10,-10,220,-0.002,-40.01
"2020-10-06 11:25:11.6",6399893,-10,-10,-10,220,-0.002,-40.01
"2020-10-06 11:25:11.7",6399894,-10,-10,-10,220,-0.002,-40.01
"2020-10-06 11:25:11.8",6399895,-10,-10,-10,220,-0.002,-40.01
"2020-10-06 11:25:11.9",6399896,-10,-10,-10,220,-0.002,-40.01
"2020-10-06 11:25:12",6399897,-10,-10,-10,220,-0.002,-40.01
"2020-10-06 11:25:12.1",6399898,-10,-10,-10,220,-0.002,-40.01
"2020-10-06 11:25:12.2",6399899,-10,-10,-10,220,-0.002,-40.01
"2020-10-06 11:25:12.3",6399900,-10,-10,-10,220,-0.002,-40.01
"2020-10-06 11:25:12.4",6399901,-10,-10,-10,220,-0.002,-40.01
"2020-10-06 11:25:12.5",6399902,-10,-10,-10,220,-0.002,-40.01
"2020-10-06 11:25:12.6",6399903,-10,-10,-10,220,-0.002,-40.01
"2020-10-06 11:25:12.7",6399904,-10,-10,-10,220,-0.002,-40.01
"2020-10-06 11:25:12.8",6399905,-10,-10,-10,220,-0.002,-40.01
"2020-10-06 11:25:12.9",6399906,-10,-10,-10,220,-0.002,-40.01
"2020-10-06 11:25:13",6399907,-10,-10,-10,220,-0.002,-40.01
"2020-10-06 11:25:13.1",6399908,-10,-10,-10,220,-0.002,-40.01
"2020-10-06 11:25:13.2",6399909,-10,-10,-10,220,-0.002,-40.01
"2020-10-06 11:25:13.3",6399910,-10,-10,-10,220,-0.002,-40.01
"2020-10-06 11:25:13.4",6399911,-10,-10,-10,220,-0.002,-40.01
"2020-10-06 11:25:13.5",6399912,-10,-10,-10,220,-0.002,-40.01
"2020-10-06 11:25:13.6",6399913,-10,-10,-10,220,-0.002,-40.01
"2020-10-06 11:25:13.7",6399914,-10,-10,-10,220,-0.002,-40.01
"2020-10-06 11:25:13.8",6399915,-10,-10,-10,220,-0.002,-40.01
"2020-10-06 11:25:13.9",6399916,-10,-10,-10,220,-0.002,-40.01
"2020-10-06 11:25:14",6399917,-10,-10,-10,220,-0.002,-40.01
"2020-10-06 11:25:14.1",6399918,-10,-10,-10,220,-0.002,-40.01
"2020-10-06 11:25:14.2",6399919,-10,-10,-10,220,-0.002,-40.01
"2020-10-06 11:25:14.3",6399920,-10,-10,-10,220,-0.002,-40.01
"2020-10-06 11:25:14.4",6399921,-10,-10,-10,220,-0.002,-40.01
"2020-10-06 11:25:14.5",6399922,-10,-10,-10,220,-0.002,-40.01
"2020-10-06 11:25:14.6",6399923,-10,-10,-10,220,-0.002,-40.01
"2020-10-06 11:25:14.7",6399924,-10,-10,-10,220,-0.002,-40.01
"2020-10-06 11:25:14.8",6399925,-10,-10,-10,220,-0.002,-40.01
"2020-10-06 11:25:14.9",6399926,-10,-10,-10,220,-0.002,-40.01
"2020-10-06 11:25:15",6399927,-10,-10,-10,220,-0.002,-40.01
"2020-10-06 11:25:15.1",6399928,-10,-10,-10,220,-0.002,-40.01
"2020-10-06 11:25:15.2",6399929,-10,-10,-10,220,-0.002,-40.01
"2020-10-06 11:25:15.3",6399930,-10,-10,-10,220,-0.002,-40.01
"2020-10-06 11:25:15.4",6399931,-10,-10,-10,220,-0.002,-40.01
"2020-10-06 11:25:15.5",6399932,-10,-10,-10,220,-0.002,-40.01
"2020-10-06 11:25:15.6",6399933,-10,-10,-10,220,-0.002,-40.01
"2020-10-06 11:25:15.7",6399934,-10,-10,-10,220,-0.002,-40.01
"2020-10-06 11:25:15.8",6399935,-10,-10,-10,220,-0.002,-40.01
"2020-10-06 11:25:15.9",6399936,-10,-10,-10,220,-0.002,-40.01
"2020-10-06 11:25:16",6399937,-10,-10,-10,220,-0.002,-40.01
"2020-10-06 11:25:16.1",6399938,-10,-10,-10,220,-0.002,-40.01
"2020-10-06 11:25:16.2",6399939,-10,-10,-10,220,-0.002,-40.01
"2020-10-06 11:25:16.3",6399940,-10,-10,-10,220,-0.002,-40.01
"2020-10-06 11:25:16.4",6399941,-10,-10,-10,220,-0.002,-40.01
"2020-10-06 11:25:16.5",6399942,-10,-10,-10,220,-0.002,-40.01
"2020-10-06 11:25:16.6",6399943,-10,-10,-10,220,-0.002,-40.01
"2020-10-06 11:25:16.7",6399944,-10,-10,-10,220,-0.002,-40.01
"2020-10-06 11:25:16.8",6399945,-10,-10,-10,220,-0.002,-40.01
"2020-10-06 11:25:16.9",6399946,-10,-10,-10,220,-0.002,-40.01
"2020-10-06 11:25:17",6399947,-10,-10,-10,220,-0.002,-40.01
"2020-10-06 11:25:17.1",6399948,-10,-10,-10,220,-0.002,-40.01
"2020-10-06 11:25:17.2",6399949,-10,-10,-10,220,-0.002,-40.01
"2020-10-06 11:25:17.3",6399950,-10,-10,-10,220,-0.002,-40.01
"2020-10-06 11:25:17.4",6399951,-10,-10,-10,220,-0.002,-40.01
"2020-10-06 11:25:17.5",6399952,-10,-10,-10,220,-0.002,-40.01
"2020-10-06 11:25:17.6",6399953,-10,-10,-10,220,-0.002,-40.01
"2020-10-06 11:25:17.7",6399954,-10,-10,-10,220,-0.002,-40.01
"2020-10-06 11:25:17.8",6399955,-10,-10,-10,220,-0.002,-40.01
"2020-10-06 11:25:17.9",6399956,-10,-10,-10,220,-0.002,-40.01
"2020-10-06 11:25:18",6399957,-10,-10,-10,220,-0.002,-40.01
"2020-10-06 11:25:18.1",6399958,-10,-10,-10,220,-0.002,-40.01
"2020-10-06 11:25:18.2",6399959,-10,-10,-10,220,-0.002,-40.01
"2020-10-06 11:25:18.3",6399960,-10,-10,-10,220,-0.002,-40.01
"2020-10-06 11:25:18.4",6399961,-10,-10,-10,220,-0.002,-40.01
"2020-10-06 11:25:18.5",6399962,-10,-10,-10,220,-0.002,-40.01
"2020-10-06 11:25:18.6",6399963,-10,-10,-10,220,-0.002,-40.01
"2020-10-06 11:25:18.7",6399964,-10,-10,-10,220,-0.002,-40.01
"2020-10-06 11:25:18.8",6399965,-10,-10,-10,220,-0.002,-40.01
"2020-10-06 11:25:18.9",6399966,-10,-10,-10,220,-0.002,-40.01
"2020-10-06 11:25:19",6399967,-10,-10,-10,220,-0.002,-40.01
"2020-10-06 11:25:19.1",6399968,-10,-10,-10,220,-0.002,-40.01
"2020-10-06 11:25:19.2",6399969,-10,-10,-10,220,-0.002,-40.01
"2020-10-06 11:25:19.3",6399970,-10,-10,-10,220,-0.002,-40.01
"2020-10-06 11:25:19.4",6399971,-10,-10,-10,220,-0.002,-40.01
"2020-10-06 11:25:19.5",6399972,-10,-10,-10,220,-0.002,-40.01
"2020-10-06 11:25:19.6",6399973,-10,-10,-10,220,-0.002,-40.01
"2020-10-06 11:25:19.7",6399974,-10,-10,-10,220,-0.002,-40.01
"2020-10-06 11:25:19.8",6399975,-10,-10,-10,220,-0.002,-40.01
"2020-10-06 11:25:19.9",6399976,-10,-10,-10,220,-0.002,-40.01
"2020-10-06 11:25:20",6399977,-10,-10,-10,220,-0.002,-40.01
"2020-10-06 11:25:20.1",6399978,-10,-10,-10,220,-0.002,-40.01
"2020-10-06 11:25:20.2",6399979,-10,-10,-10,220,-0.002,-40.01
"2020-10-06 11:25:20.3",6399980,-10,-10,-10,220,-0.002,-40.01
"2020-10-06 11:25:20.4",6399981,-10,-10,-10,220,-0.002,-40.01
"2020-10-06 11:25:20.5",6399982,-10,-10,-10,220,-0.002,-40.01
"2020-10-06 11:25:20.6",6399983,-10,-10,-10,220,-0.002,-40.01
"2020-10-06 11:25:20.7",6399984,-10,-10,-10,220,-0.002,-40.01
"2020-10-06 11:25:20.8",6399985,-10,-10,-10,220,-0.002,-40.01
"2020-10-06 11:25:20.9",6399986,-10,-10,-10,220,-0.002,-40.01
"2020-10-06 11:25:21",6399987,-10,-10,-10,220,-0.002,-40.01
"2020-10-06 11:25:21.1",6399988,-10,-10,-10,220,-0.002,-40.01
"2020-10-06 11:25:21.2",6399989,-10,-10,-10,220,-0.002,-40.01
"2020-10-06 11:25:21.3",6399990,-10,-10,-10,220,-0.002,-40.01
"2020-10-06 11:25:21.4",6399991,-10,-10,-10,220,-0.002,-40.01
"2020-10-06 11:25:21.5",6399992,-10,-10,-10,220,-0.002,-40.01
"2020-10-06 11:25:21.6",6399993,-10,-10,-10,220,-0.002,-40.01
"2020-10-06 11:25:21.7",6399994,-10,-10,-10,220,-0.002,-40.01
"2020-10-06 11:25:21.8",6399995,-10,-10,-10,220,-0.002,-40.01
"2020-10-06 11:25:21.9",6399996,-10,-10,-10,220,-0.002,-40.01
"2020-10-06 11:25:22",6399997,-10,-10,-10,220,-0.002,-40.01
"2020-10-06 11:25:22.1",6399998,-10,-10,-10,220,-0.002,-40.01
"2020-10-06 11:25:22.2",6399999,-10,-10,-10,220,-0.002,-40.01
"2020-10-06 11:25:22.3",6400000,-10,-10,-10,220,-0.002,-40.01
"2020-10-06 11:25:22.4",6400001,-10,-10,-10,220,-0.002,-40.01
"2020-10-06 11:25:22.5",6400002,-10,-10,-10,220,-0.002,-40.01
"2020-10-06 11:25:22.6",6400003,-10,-10,-10,220,-0.002,-40.01
"2020-10-06 11:25:22.7",6400004,-10,-10,-10,220,-0.002,-40.01
"2020-10-06 11:25:22.8",6400005,-10,-10,-10,220,-0.002,-40.01
"2020-10-06 11:25:22.9",6400006,-10,-10,-10,220,-0.002,-40.01
"2020-10-06 11:25:23",6400007,-10,-10,-10,220,-0.002,-40.01
"2020-10-06 11:25:23.1",6400008,-10,-10,-10,220,-0.002,-40.01
"2020-10-06 11:25:23.2",6400009,-10,-10,-10,220,-0.002,-40.01
"2020-10-06 11:25:23.3",6400010,-10,-10,-10,220,-0.002,-40.01
"2020-10-06 11:25:23.4",6400011,-10,-10,-10,220,-0.002,-40.01
"2020-10-06 11:25:23.5",6400012,-10,-10,-10,220,-0.002,-40.01
"2020-10-06 11:25:23.6",6400013,-10,-10,-10,220,-0.002,-40.01
"2020-10-06 11:25:23.7",6400014,-10,-10,-10,220,-0.002,-40.01
"2020-10-06 11:25:23.8",6400015,-10,-10,-10,220,-0.002,-40.01
"2020-10-06 11:25:23.9",6400016,-10,-10,-10,220,-0.002,-40.01
"2020-10-06 11:25:24",6400017,-10,-10,-10,220,-0.002,-40.01
"2020-10-06 11:25:24.1",6400018,-10,-10,-10,220,-0.002,-40.01
"2020-10-06 11:25:24.2",6400019,-10,-10,-10,220,-0.002,-40.01
"2020-10-06 11:25:24.3",6400020,-10,-10,-10,220,-0.002,-40.01
"2020-10-06 11:25:24.4",6400021,-10,-10,-10,220,-0.002,-40.01
"2020-10-06 11:25:24.5",6400022,-10,-10,-10,220,-0.002,-40.01
"2020-10-06 11:25:24.6",6400023,-10,-10,-10,220,-0.002,-40.01
"2020-10-06 11:25:24.7",6400024,-10,-10,-10,220,-0.002,-40.01
"2020-10-06 11:25:24.8",6400025,-10,-10,-10,220,-0.002,-40.01
"2020-10-06 11:25:24.9",6400026,-10,-10,-10,220,-0.002,-40.01
"2020-10-06 11:25:25",6400027,-10,-10,-10,220,-0.002,-40.01
"2020-10-06 11:25:25.1",6400028,-10,-10,-10,220,-0.002,-40.01
"2020-10-06 11:25:25.2",6400029,-10,-10,-10,220,-0.002,-40.01
"2020-10-06 11:25:25.3",6400030,-10,-10,-10,220,-0.002,-40.01
"2020-10-06 11:25:25.4",6400031,-10,-10,-10,220,-0.002,-40.01
"2020-10-06 11:25:25.5",6400032,-10,-10,-10,220,-0.002,-40.01
"2020-10-06 11:25:25.6",6400033,-10,-10,-10,220,-0.002,-40.01
"2020-10-06 11:25:25.7",6400034,-10,-10,-10,220,-0.002,-40.01
"2020-10-06 11:25:25.8",6400035,-10,-10,-10,220,-0.002,-40.01
"2020-10-06 11:25:25.9",6400036,-10,-10,-10,220,-0.002,-40.01
"2020-10-06 11:25:26",6400037,-10,-10,-10,220,-0.002,-40.01
"2020-10-06 11:25:26.1",6400038,-10,-10,-10,220,-0.002,-40.01
"2020-10-06 11:25:26.2",6400039,-10,-10,-10,220,-0.002,-40.01
"2020-10-06 11:25:26.3",6400040,-10,-10,-10,220,-0.002,-40.01
"2020-10-06 11:25:26.4",6400041,-10,-10,-10,220,-0.002,-40.01
"2020-10-06 11:25:26.5",6400042,-10,-10,-10,220,-0.002,-40.01
"2020-10-06 11:25:26.6",6400043,-10,-10,-10,220,-0.002,-40.01
"2020-10-06 11:25:26.7",6400044,-10,-10,-10,220,-0.002,-40.01
"2020-10-06 11:25:26.8",6400045,-10,-10,-10,220,-0.002,-40.01
"2020-10-06 11:25:26.9",6400046,-10,-10,-10,220,-0.002,-40.01
"2020-10-06 11:25:27",6400047,-10,-10,-10,220,-0.002,-40.01
"2020-10-06 11:25:27.1",6400048,-10,-10,-10,220,-0.002,-40.01
"2020-10-06 11:25:27.2",6400049,-10,-10,-10,220,-0.002,-40.01
"2020-10-06 11:25:27.3",6400050,-10,-10,-10,220,-0.002,-40.01
"2020-10-06 11:25:27.4",6400051,-10,-10,-10,220,-0.002,-40.01
"2020-10-06 11:25:27.5",6400052,-10,-10,-10,220,-0.002,-40.01
"2020-10-06 11:25:27.6",6400053,-10,-10,-10,220,-0.002,-40.01
"2020-10-06 11:25:27.7",6400054,-10,-10,-10,220,-0.002,-40.01
"2020-10-06 11:25:27.8",6400055,-10,-10,-10,220,-0.002,-40.01
"2020-10-06 11:25:27.9",6400056,-10,-10,-10,220,-0.002,-40.01
"2020-10-06 11:25:28",6400057,-10,-10,-10,220,-0.002,-40.01
"2020-10-06 11:25:28.1",6400058,-10,-10,-10,220,-0.002,-40.01
"2020-10-06 11:25:28.2",6400059,-10,-10,-10,220,-0.002,-40.01
"2020-10-06 11:25:28.3",6400060,-10,-10,-10,220,-0.002,-40.01
"2020-10-06 11:25:28.4",6400061,-10,-10,-10,220,-0.002,-40.01
"2020-10-06 11:25:28.5",6400062,-10,-10,-10,220,-0.002,-40.01
"2020-10-06 11:25:28.6",6400063,-10,-10,-10,220,-0.002,-40.01
"2020-10-06 11:25:28.7",6400064,-10,-10,-10,220,-0.002,-40.01
"2020-10-06 11:25:28.8",6400065,-10,-10,-10,220,-0.002,-40.01
"2020-10-06 11:25:28.9",6400066,-10,-10,-10,220,-0.002,-40.01
"2020-10-06 11:25:29",6400067,-10,-10,-10,220,-0.002,-40.01
"2020-10-06 11:25:29.1",6400068,-10,-10,-10,220,-0.002,-40.01
"2020-10-06 11:25:29.2",6400069,-10,-10,-10,220,-0.002,-40.01
"2020-10-06 11:25:29.3",6400070,-10,-10,-10,220,-0.002,-40.01
"2020-10-06 11:25:29.4",6400071,-10,-10,-10,220,-0.002,-40.01
"2020-10-06 11:25:29.5",6400072,-10,-10,-10,220,-0.002,-40.01
"2020-10-06 11:25:29.6",6400073,-10,-10,-10,220,-0.002,-40.01
"2020-10-06 11:25:29.7",6400074,-10,-10,-10,220,-0.002,-40.01
"2020-10-06 11:25:29.8",6400075,-10,-10,-10,220,-0.002,-40.01
"2020-10-06 11:25:29.9",6400076,-10,-10,-10,220,-0.002,-40.01
"2020-10-06 11:25:30",6400077,-10,-10,-10,220,-0.002,-40.01
"2020-10-06 11:25:30.1",6400078,-10,-10,-10,220,-0.002,-40.01
"2020-10-06 11:25:30.2",6400079,-10,-10,-10,220,-0.002,-40.01
"2020-10-06 11:25:30.3",6400080,-10,-10,-10,220,-0.002,-40.01
"2020-10-06 11:25:30.4",6400081,-10,-10,-10,220,-0.002,-40.01
"2020-10-06 11:25:30.5",6400082,-10,-10,-10,220,-0.002,-40.01
"2020-10-06 11:25:30.6",6400083,-10,-10,-10,220,-0.002,-40.01
"2020-10-06 11:25:30.7",6400084,-10,-10,-10,220,-0.002,-40.01
"2020-10-06 11:25:30.8",6400085,-10,-10,-10,220,-0.002,-40.01
"2020-10-06 11:25:30.9",6400086,-10,-10,-10,220,-0.002,-40.01
"2020-10-06 11:25:31",6400087,-10,-10,-10,220,-0.002,-40.01
"2020-10-06 11:25:31.1",6400088,-10,-10,-10,220,-0.002,-40.01
"2020-10-06 11:25:31.2",6400089,-10,-10,-10,220,-0.002,-40.01
"2020-10-06 11:25:31.3",6400090,-10,-10,-10,220,-0.002,-40.01
"2020-10-06 11:25:31.4",6400091,-10,-10,-10,220,-0.002,-40.01
"2020-10-06 11:25:31.5",6400092,-10,-10,-10,220,-0.002,-40.01
"2020-10-06 11:25:31.6",6400093,-10,-10,-10,220,-0.002,-40.01
"2020-10-06 11:25:31.7",6400094,-10,-10,-10,220,-0.002,-40.01
"2020-10-06 11:25:31.8",6400095,-10,-10,-10,220,-0.002,-40.01
"2020-10-06 11:25:31.9",6400096,-10,-10,-10,220,-0.002,-40.01
"2020-10-06 11:25:32",6400097,-10,-10,-10,220,-0.002,-40.01
"2020-10-06 11:25:32.1",6400098,-10,-10,-10,220,-0.002,-40.01
"2020-10-06 11:25:32.2",6400099,-10,-10,-10,220,-0.002,-40.01
"2020-10-06 11:25:32.3",6400100,-10,-10,-10,220,-0.002,-40.01
"2020-10-06 11:25:32.4",6400101,-10,-10,-10,220,-0.002,-40.01
"2020-10-06 11:25:32.5",6400102,-10,-10,-10,220,-0.002,-40.01
"2020-10-06 11:25:32.6",6400103,-10,-10,-10,220,-0.002,-40.01
"2020-10-06 11:25:32.7",6400104,-10,-10,-10,220,-0.002,-40.01
"2020-10-06 11:25:32.8",6400105,-10,-10,-10,220,-0.002,-40.01
"2020-10-06 11:25:32.9",6400106,-10,-10,-10,220,-0.002,-40.01
"2020-10-06 11:25:33",6400107,-10,-10,-10,220,-0.002,-40.01
"2020-10-06 11:25:33.1",6400108,-10,-10,-10,220,-0.002,-40.01
"2020-10-06 11:25:33.2",6400109,-10,-10,-10,220,-0.002,-40.01
"2020-10-06 11:25:33.3",6400110,-10,-10,-10,220,-0.002,-40.01
"2020-10-06 11:25:33.4",6400111,-10,-10,-10,220,-0.002,-40.01
"2020-10-06 11:25:33.5",6400112,-10,-10,-10,220,-0.002,-40.01
"2020-10-06 11:25:33.6",6400113,-10,-10,-10,220,-0.002,-40.01
"2020-10-06 11:25:33.7",6400114,-10,-10,-10,220,-0.002,-40.01
"2020-10-06 11:25:33.8",6400115,-10,-10,-10,220,-0.002,-40.01
"2020-10-06 11:25:33.9",6400116,-10,-10,-10,220,-0.002,-40.01
"2020-10-06 11:25:34",6400117,-10,-10,-10,220,-0.002,-40.01
"2020-10-06 11:25:34.1",6400118,-10,-10,-10,220,-0.002,-40.01
"2020-10-06 11:25:34.2",6400119,-10,-10,-10,220,-0.002,-40.01
"2020-10-06 11:25:34.3",6400120,-10,-10,-10,220,-0.002,-40.01
"2020-10-06 11:25:34.4",6400121,-10,-10,-10,220,-0.002,-40.01
"2020-10-06 11:25:34.5",6400122,-10,-10,-10,220,-0.002,-40.01
"2020-10-06 11:25:34.6",6400123,-10,-10,-10,220,-0.002,-40.01
"2020-10-06 11:25:34.7",6400124,-10,-10,-10,220,-0.002,-40.01
"2020-10-06 11:25:34.8",6400125,-10,-10,-10,220,-0.002,-40.01
"2020-10-06 11:25:34.9",6400126,-10,-10,-10,220,-0.002,-40.01
"2020-10-06 11:25:35",6400127,-10,-10,-10,220,-0.002,-40.01
"2020-10-06 11:25:35.1",6400128,-10,-10,-10,220,-0.002,-40.01
"2020-10-06 11:25:35.2",6400129,-10,-10,-10,220,-0.002,-40.01
"2020-10-06 11:25:35.3",6400130,-10,-10,-10,220,-0.002,-40.01
"2020-10-06 11:25:35.4",6400131,-10,-10,-10,220,-0.002,-40.01
"2020-10-06 11:25:35.5",6400132,-10,-10,-10,220,-0.002,-40.01
"2020-10-06 11:25:35.6",6400133,-10,-10,-10,220,-0.002,-40.01
"2020-10-06 11:25:35.7",6400134,-10,-10,-10,220,-0.002,-40.01
"2020-10-06 11:25:35.8",6400135,-10,-10,-10,220,-0.002,-40.01
"2020-10-06 11:25:35.9",6400136,-10,-10,-10,220,-0.002,-40.01
"2020-10-06 11:25:36",6400137,-10,-10,-10,220,-0.002,-40.01
"2020-10-06 11:25:36.1",6400138,-10,-10,-10,220,-0.002,-40.01
"2020-10-06 11:25:36.2",6400139,-10,-10,-10,220,-0.002,-40.01
"2020-10-06 11:25:36.3",6400140,-10,-10,-10,220,-0.002,-40.01
"2020-10-06 11:25:36.4",6400141,-10,-10,-10,220,-0.002,-40.01
"2020-10-06 11:25:36.5",6400142,-10,-10,-10,220,-0.002,-40.01
"2020-10-06 11:25:36.6",6400143,-10,-10,-10,220,-0.002,-40.01
"2020-10-06 11:25:36.7",6400144,-10,-10,-10,220,-0.002,-40.01
"2020-10-06 11:25:36.8",6400145,-10,-10,-10,220,-0.002,-40.01
"2020-10-06 11:25:36.9",6400146,-10,-10,-10,220,-0.002,-40.01
"2020-10-06 11:25:37",6400147,-10,-10,-10,220,-0.002,-40.01
"2020-10-06 11:25:37.1",6400148,-10,-10,-10,220,-0.002,-40.01
"2020-10-06 11:25:37.2",6400149,-10,-10,-10,220,-0.002,-40.01
"2020-10-06 11:25:37.3",6400150,-10,-10,-10,220,-0.002,-40.01
"2020-10-06 11:25:37.4",6400151,-10,-10,-10,220,-0.002,-40.01
"2020-10-06 11:25:37.5",6400152,-10,-10,-10,220,-0.002,-40.01
"2020-10-06 11:25:37.6",6400153,-10,-10,-10,220,-0.002,-40.01
"2020-10-06 11:25:37.7",6400154,-10,-10,-10,220,-0.002,-40.01
"2020-10-06 11:25:37.8",6400155,-10,-10,-10,220,-0.002,-40.01
"2020-10-06 11:25:37.9",6400156,-10,-10,-10,220,-0.002,-40.01
"2020-10-06 11:25:38",6400157,-10,-10,-10,220,-0.002,-40.01
"2020-10-06 11:25:38.1",6400158,-10,-10,-10,220,-0.002,-40.01
"2020-10-06 11:25:38.2",6400159,-10,-10,-10,220,-0.002,-40.01
"2020-10-06 11:25:38.3",6400160,-10,-10,-10,220,-0.002,-40.01
"2020-10-06 11:25:38.4",6400161,-10,-10,-10,220,-0.002,-40.01
"2020-10-06 11:25:38.5",6400162,-10,-10,-10,220,-0.002,-40.01
"2020-10-06 11:25:38.6",6400163,-10,-10,-10,220,-0.002,-40.01
"2020-10-06 11:25:38.7",6400164,-10,-10,-10,220,-0.002,-40.01
"2020-10-06 11:25:38.8",6400165,-10,-10,-10,220,-0.002,-40.01
"2020-10-06 11:25:38.9",6400166,-10,-10,-10,220,-0.002,-40.01
"2020-10-06 11:25:39",6400167,-10,-10,-10,220,-0.002,-40.01
"2020-10-06 11:25:39.1",6400168,-10,-10,-10,220,-0.002,-40.01
"2020-10-06 11:25:39.2",6400169,-10,-10,-10,220,-0.002,-40.01
"2020-10-06 11:25:39.3",6400170,-10,-10,-10,220,-0.002,-40.01
"2020-10-06 11:25:39.4",6400171,-10,-10,-10,220,-0.002,-40.01
"2020-10-06 11:25:39.5",6400172,-10,-10,-10,220,-0.002,-40.01
"2020-10-06 11:25:39.6",6400173,-10,-10,-10,220,-0.002,-40.01
"2020-10-06 11:25:39.7",6400174,-10,-10,-10,220,-0.002,-40.01
"2020-10-06 11:25:39.8",6400175,-10,-10,-10,220,-0.002,-40.01
"2020-10-06 11:25:39.9",6400176,-10,-10,-10,220,-0.002,-40.01
"2020-10-06 11:25:40",6400177,-10,-10,-10,220,-0.002,-40.01
"2020-10-06 11:25:40.1",6400178,-10,-10,-10,220,-0.002,-40.01
"2020-10-06 11:25:40.2",6400179,-10,-10,-10,220,-0.002,-40.01
"2020-10-06 11:25:40.3",6400180,-10,-10,-10,220,-0.002,-40.01
"2020-10-06 11:25:40.4",6400181,-10,-10,-10,220,-0.002,-40.01
"2020-10-06 11:25:40.5",6400182,-10,-10,-10,220,-0.002,-40.01
"2020-10-06 11:25:40.6",6400183,-10,-10,-10,220,-0.002,-40.01
"2020-10-06 11:25:40.7",6400184,-10,-10,-10,220,-0.002,-40.01
"2020-10-06 11:25:40.8",6400185,-10,-10,-10,220,-0.002,-40.01
"2020-10-06 11:25:40.9",6400186,-10,-10,-10,220,-0.002,-40.01
"2020-10-06 11:25:41",6400187,-10,-10,-10,220,-0.002,-40.01
"2020-10-06 11:25:41.1",6400188,-10,-10,-10,220,-0.002,-40.01
"2020-10-06 11:25:41.2",6400189,-10,-10,-10,220,-0.002,-40.01
"2020-10-06 11:25:41.3",6400190,-10,-10,-10,220,-0.002,-40.01
"2020-10-06 11:25:41.4",6400191,-10,-10,-10,220,-0.002,-40.01
"2020-10-06 11:25:41.5",6400192,-10,-10,-10,220,-0.002,-40.01
"2020-10-06 11:25:41.6",6400193,-10,-10,-10,220,-0.002,-40.01
"2020-10-06 11:25:41.7",6400194,-10,-10,-10,220,-0.002,-40.01
"2020-10-06 11:25:41.8",6400195,-10,-10,-10,220,-0.002,-40.01
"2020-10-06 11:25:41.9",6400196,-10,-10,-10,220,-0.002,-40.01
"2020-10-06 11:25:42",6400197,-10,-10,-10,220,-0.002,-40.01
"2020-10-06 11:25:42.1",6400198,-10,-10,-10,220,-0.002,-40.01
"2020-10-06 11:25:42.2",6400199,-10,-10,-10,220,-0.002,-40.01
"2020-10-06 11:25:42.3",6400200,-10,-10,-10,220,-0.002,-40.01
"2020-10-06 11:25:42.4",6400201,-10,-10,-10,220,-0.002,-40.01
"2020-10-06 11:25:42.5",6400202,-10,-10,-10,220,-0.002,-40.01
"2020-10-06 11:25:42.6",6400203,-10,-10,-10,220,-0.002,-40.01
"2020-10-06 11:25:42.7",6400204,-10,-10,-10,220,-0.002,-40.01
"2020-10-06 11:25:42.8",6400205,-10,-10,-10,220,-0.002,-40.01
"2020-10-06 11:25:42.9",6400206,-10,-10,-10,220,-0.002,-40.01
"2020-10-06 11:25:43",6400207,-10,-10,-10,220,-0.002,-40.01
"2020-10-06 11:25:43.1",6400208,-10,-10,-10,220,-0.002,-40.01
"2020-10-06 11:25:43.2",6400209,-10,-10,-10,220,-0.002,-40.01
"2020-10-06 11:25:43.3",6400210,-10,-10,-10,220,-0.002,-40.01
"2020-10-06 11:25:43.4",6400211,-10,-10,-10,220,-0.002,-40.01
"2020-10-06 11:25:43.5",6400212,-10,-10,-10,220,-0.002,-40.01
"2020-10-06 11:25:43.6",6400213,-10,-10,-10,220,-0.002,-40.01
"2020-10-06 11:25:43.7",6400214,-10,-10,-10,220,-0.002,-40.01
"2020-10-06 11:25:43.8",6400215,-10,-10,-10,220,-0.002,-40.01
"2020-10-06 11:25:43.9",6400216,-10,-10,-10,220,-0.002,-40.01
"2020-10-06 11:25:44",6400217,-10,-10,-10,220,-0.002,-40.01
"2020-10-06 11:25:44.1",6400218,-10,-10,-10,220,-0.002,-40.01
"2020-10-06 11:25:44.2",6400219,-10,-10,-10,220,-0.002,-40.01
"2020-10-06 11:25:44.3",6400220,-10,-10,-10,220,-0.002,-40.01
"2020-10-06 11:25:44.4",6400221,-10,-10,-10,220,-0.002,-40.01
"2020-10-06 11:25:44.5",6400222,-10,-10,-10,220,-0.002,-40.01
"2020-10-06 11:25:44.6",6400223,-10,-10,-10,220,-0.002,-40.01
"2020-10-06 11:25:44.7",6400224,-10,-10,-10,220,-0.002,-40.01
"2020-10-06 11:25:44.8",6400225,-10,-10,-10,220,-0.002,-40.01
"2020-10-06 11:25:44.9",6400226,-10,-10,-10,220,-0.002,-40.01
"2020-10-06 11:25:45",6400227,-10,-10,-10,220,-0.002,-40.01
"2020-10-06 11:25:45.1",6400228,-10,-10,-10,220,-0.002,-40.01
"2020-10-06 11:25:45.2",6400229,-10,-10,-10,220,-0.002,-40.01
"2020-10-06 11:25:45.3",6400230,-10,-10,-10,220,-0.002,-40.01
"2020-10-06 11:25:45.4",6400231,-10,-10,-10,220,-0.002,-40.01
"2020-10-06 11:25:45.5",6400232,-10,-10,-10,220,-0.002,-40.01
"2020-10-06 11:25:45.6",6400233,-10,-10,-10,220,-0.002,-40.01
"2020-10-06 11:25:45.7",6400234,-10,-10,-10,220,-0.002,-40.01
"2020-10-06 11:25:45.8",6400235,-10,-10,-10,220,-0.002,-40.01
"2020-10-06 11:25:45.9",6400236,-10,-10,-10,220,-0.002,-40.01
"2020-10-06 11:25:46",6400237,-10,-10,-10,220,-0.002,-40.01
"2020-10-06 11:25:46.1",6400238,-10,-10,-10,220,-0.002,-40.01
"2020-10-06 11:25:46.2",6400239,-10,-10,-10,220,-0.002,-40.01
"2020-10-06 11:25:46.3",6400240,-10,-10,-10,220,-0.002,-40.01
"2020-10-06 11:25:46.4",6400241,-10,-10,-10,220,-0.002,-40.01
"2020-10-06 11:25:46.5",6400242,-10,-10,-10,220,-0.002,-40.01
"2020-10-06 11:25:46.6",6400243,-10,-10,-10,220,-0.002,-40.01
"2020-10-06 11:25:46.7",6400244,-10,-10,-10,220,-0.002,-40.01
"2020-10-06 11:25:46.8",6400245,-10,-10,-10,220,-0.002,-40.01
"2020-10-06 11:25:46.9",6400246,-10,-10,-10,220,-0.002,-40.01
"2020-10-06 11:25:47",6400247,-10,-10,-10,220,-0.002,-40.01
"2020-10-06 11:25:47.1",6400248,-10,-10,-10,220,-0.002,-40.01
"2020-10-06 11:25:47.2",6400249,-10,-10,-10,220,-0.002,-40.01
"2020-10-06 11:25:47.3",6400250,-10,-10,-10,220,-0.002,-40.01
"2020-10-06 11:25:47.4",6400251,-10,-10,-10,220,-0.002,-40.01
"2020-10-06 11:25:47.5",6400252,-10,-10,-10,220,-0.002,-40.01
"2020-10-06 11:25:47.6",6400253,-10,-10,-10,220,-0.002,-40.01
"2020-10-06 11:25:47.7",6400254,-10,-10,-10,220,-0.002,-40.01
"2020-10-06 11:25:47.8",6400255,-10,-10,-10,220,-0.002,-40.01
"2020-10-06 11:25:47.9",6400256,-10,-10,-10,220,-0.002,-40.01
"2020-10-06 11:25:48",6400257,-10,-10,-10,220,-0.002,-40.01
"2020-10-06 11:25:48.1",6400258,-10,-10,-10,220,-0.002,-40.01
"2020-10-06 11:25:48.2",6400259,-10,-10,-10,220,-0.002,-40.01
"2020-10-06 11:25:48.3",6400260,-10,-10,-10,220,-0.002,-40.01
"2020-10-06 11:25:48.4",6400261,-10,-10,-10,220,-0.002,-40.01
"2020-10-06 11:25:48.5",6400262,-10,-10,-10,220,-0.002,-40.01
"2020-10-06 11:25:48.6",6400263,-10,-10,-10,220,-0.002,-40.01
"2020-10-06 11:25:48.7",6400264,-10,-10,-10,220,-0.002,-40.01
"2020-10-06 11:25:48.8",6400265,-10,-10,-10,220,-0.002,-40.01
"2020-10-06 11:25:48.9",6400266,-10,-10,-10,220,-0.002,-40.01
"2020-10-06 11:25:49",6400267,-10,-10,-10,220,-0.002,-40.01
"2020-10-06 11:25:49.1",6400268,-10,-10,-10,220,-0.002,-40.01
"2020-10-06 11:25:49.2",6400269,-10,-10,-10,220,-0.002,-40.01
"2020-10-06 11:25:49.3",6400270,-10,-10,-10,220,-0.002,-40.01
"2020-10-06 11:25:49.4",6400271,-10,-10,-10,220,-0.002,-40.01
"2020-10-06 11:25:49.5",6400272,-10,-10,-10,220,-0.002,-40.01
"2020-10-06 11:25:49.6",6400273,-10,-10,-10,220,-0.002,-40.01
"2020-10-06 11:25:49.7",6400274,-10,-10,-10,220,-0.002,-40.01
"2020-10-06 11:25:49.8",6400275,-10,-10,-10,220,-0.002,-40.01
"2020-10-06 11:25:49.9",6400276,-10,-10,-10,220,-0.002,-40.01
"2020-10-06 11:25:50",6400277,-10,-10,-10,220,-0.002,-40.01
"2020-10-06 11:25:50.1",6400278,-10,-10,-10,220,-0.002,-40.01
"2020-10-06 11:25:50.2",6400279,-10,-10,-10,220,-0.002,-40.01
"2020-10-06 11:25:50.3",6400280,-10,-10,-10,220,-0.002,-40.01
"2020-10-06 11:25:50.4",6400281,-10,-10,-10,220,-0.002,-40.01
"2020-10-06 11:25:50.5",6400282,-10,-10,-10,220,-0.002,-40.01
"2020-10-06 11:25:50.6",6400283,-10,-10,-10,220,-0.002,-40.01
"2020-10-06 11:25:50.7",6400284,-10,-10,-10,220,-0.002,-40.01
"2020-10-06 11:25:50.8",6400285,-10,-10,-10,220,-0.002,-40.01
"2020-10-06 11:25:50.9",6400286,-10,-10,-10,220,-0.002,-40.01
