"TOA5","10329","CR6","10329","CR6.Std.09.01 CR6-WIFI.04.00.01","CPU:YOUNG81000_HMP60_10Hz.CR6","51185","Young10Hz_hmp"
"TIMESTAMP","RECORD","U","V","W","TSonic","RH","T_HMP60"
"TS","RN","mV","mV","mV","mV","%","Deg C"
"","","Smp","Smp","Smp","Smp","Smp","Smp"
"2020-10-08 09:06:17.2",8035521,-0.008,-0.002,0.025,295.8,32.33,21.4
"2020-10-08 09:06:17.3",8035522,-0.028,-0.002,0.025,295.8,32.33,21.4
"2020-10-08 09:06:17.4",8035523,-0.028,-0.002,0.025,295.8,32.33,21.4
"2020-10-08 09:06:17.5",8035524,-0.028,-0.002,0.025,295.8,32.33,21.4
"2020-10-08 09:06:17.6",8035525,-0.028,-0.002,0.025,295.8,32.33,21.4
"2020-10-08 09:06:17.7",8035526,-0.028,-0.002,0.025,295.8,32.33,21.4
"2020-10-08 09:06:17.8",8035527,-0.028,-0.002,0.025,295.8,32.33,21.4
"2020-10-08 09:06:17.9",8035528,-0.027,-0.002,0.025,295.8,32.33,21.4
"2020-10-08 09:06:18",8035529,-0.028,-0.002,0.025,295.8,32.33,21.4
"2020-10-08 09:06:18.1",8035530,-0.028,-0.002,0.025,295.8,32.33,21.4
"2020-10-08 09:06:18.2",8035531,-0.028,-0.002,0.025,295.8,32.38,21.44
"2020-10-08 09:06:18.3",8035532,-0.028,-0.002,0.025,295.8,32.33,21.4
"2020-10-08 09:06:18.4",8035533,-0.028,-0.002,0.025,295.8,32.32,21.4
"2020-10-08 09:06:18.5",8035534,-0.028,-0.002,0.025,295.8,32.32,21.4
"2020-10-08 09:06:18.6",8035535,-0.028,-0.002,0.025,295.8,32.31,21.4
"2020-10-08 09:06:18.7",8035536,-0.028,-0.002,0.025,295.8,32.31,21.4
"2020-10-08 09:06:18.8",8035537,-0.028,-0.002,0.025,295.8,32.31,21.4
"2020-10-08 09:06:18.9",8035538,-0.028,-0.002,0.025,295.8,32.31,21.4
"2020-10-08 09:06:19",8035539,-0.008,-0.002,-0.006,295.8,32.31,21.4
"2020-10-08 09:06:19.1",8035540,-0.008,-0.002,-0.006,295.8,32.31,21.4
"2020-10-08 09:06:19.2",8035541,-0.008,-0.002,-0.006,295.8,32.31,21.4
"2020-10-08 09:06:19.3",8035542,0.012,-0.031,0.015,295.8,32.31,21.4
"2020-10-08 09:06:19.4",8035543,0.012,-0.031,0.015,295.8,32.31,21.4
"2020-10-08 09:06:19.5",8035544,-0.008,-0.031,0.044,295.9,32.31,21.43
"2020-10-08 09:06:19.6",8035545,-0.008,-0.032,0.044,295.9,32.31,21.4
"2020-10-08 09:06:19.7",8035546,-0.008,-0.032,0.044,295.9,32.31,21.4
"2020-10-08 09:06:19.8",8035547,-0.008,-0.031,0.044,295.9,32.31,21.4
"2020-10-08 09:06:19.9",8035548,-0.008,-0.032,0.044,295.9,32.31,21.4
"2020-10-08 09:06:20",8035549,-0.018,-0.002,0.015,296,32.31,21.4
"2020-10-08 09:06:20.1",8035550,-0.018,-0.002,0.015,296,32.31,21.4
"2020-10-08 09:06:20.2",8035551,-0.018,-0.002,0.015,296,32.31,21.4
"2020-10-08 09:06:20.3",8035552,-0.008,0.009,0.044,296,32.31,21.4
"2020-10-08 09:06:20.4",8035553,-0.008,0.008,0.044,296,32.31,21.4
"2020-10-08 09:06:20.5",8035554,-0.008,-0.041,0.044,296.1,32.31,21.4
"2020-10-08 09:06:20.6",8035555,-0.008,-0.041,0.044,296.1,32.31,21.4
"2020-10-08 09:06:20.7",8035556,-0.008,-0.041,0.044,296.2,32.37,21.42
"2020-10-08 09:06:20.8",8035557,-0.008,-0.002,0.074,296.2,32.31,21.41
"2020-10-08 09:06:20.9",8035558,-0.008,-0.002,0.074,296.2,32.31,21.41
"2020-10-08 09:06:21",8035559,-0.018,-0.041,0.044,296.3,32.31,21.42
"2020-10-08 09:06:21.1",8035560,-0.018,-0.041,0.044,296.3,32.31,21.42
"2020-10-08 09:06:21.2",8035561,-0.018,-0.041,0.044,296.1,32.31,21.42
"2020-10-08 09:06:21.3",8035562,-0.018,-0.002,0.015,296.1,32.31,21.42
"2020-10-08 09:06:21.4",8035563,-0.018,-0.002,0.015,296.1,32.31,21.42
"2020-10-08 09:06:21.5",8035564,-0.008,-0.031,0.044,296,32.31,21.42
"2020-10-08 09:06:21.6",8035565,-0.008,-0.031,0.044,296,32.31,21.42
"2020-10-08 09:06:21.7",8035566,-0.008,-0.032,0.064,295.9,32.31,21.42
"2020-10-08 09:06:21.8",8035567,-0.008,-0.002,0.064,295.9,32.31,21.42
"2020-10-08 09:06:21.9",8035568,-0.008,-0.002,0.064,295.9,32.31,21.42
"2020-10-08 09:06:22",8035569,-0.008,-0.032,0.044,295.9,32.33,21.45
"2020-10-08 09:06:22.1",8035570,-0.008,-0.031,0.044,295.9,32.31,21.42
"2020-10-08 09:06:22.2",8035571,-0.008,-0.031,0.044,295.9,32.31,21.42
"2020-10-08 09:06:22.3",8035572,-0.028,-0.002,0.025,295.9,32.31,21.42
"2020-10-08 09:06:22.4",8035573,-0.028,-0.002,0.025,295.9,32.31,21.42
"2020-10-08 09:06:22.5",8035574,0.012,-0.041,0.025,296,32.31,21.42
"2020-10-08 09:06:22.6",8035575,0.012,-0.041,0.025,296,32.31,21.42
"2020-10-08 09:06:22.7",8035576,0.012,-0.041,0.025,296,32.31,21.42
"2020-10-08 09:06:22.8",8035577,-0.018,-0.002,0.015,296,32.31,21.42
"2020-10-08 09:06:22.9",8035578,-0.018,-0.002,0.015,296,32.31,21.42
"2020-10-08 09:06:23",8035579,-0.008,-0.041,0.044,296.1,32.31,21.42
"2020-10-08 09:06:23.1",8035580,-0.008,-0.041,0.044,296.1,32.31,21.42
"2020-10-08 09:06:23.2",8035581,-0.008,-0.041,0.044,296.1,32.35,21.42
"2020-10-08 09:06:23.3",8035582,-0.008,-0.041,0.044,296.1,32.31,21.42
"2020-10-08 09:06:23.4",8035583,-0.008,-0.041,0.044,296.1,32.31,21.42
"2020-10-08 09:06:23.5",8035584,-0.014,-0.038,0.047,296.1,32.3,21.44
"2020-10-08 09:06:23.6",8035585,-0.018,-0.041,0.044,296.1,32.31,21.42
"2020-10-08 09:06:23.7",8035586,-0.018,-0.042,0.044,296.1,32.31,21.41
"2020-10-08 09:06:23.8",8035587,-0.045,-0.04,0.064,296.1,32.3,21.42
"2020-10-08 09:06:23.9",8035588,-0.045,-0.041,0.065,296.1,32.29,21.44
"2020-10-08 09:06:24",8035589,-0.12,-0.001,0.064,296.2,32.32,21.43
"2020-10-08 09:06:24.1",8035590,-0.118,-0.001,0.064,296.2,32.32,21.42
"2020-10-08 09:06:24.2",8035591,-0.119,-0.003,0.064,295.8,32.3,21.42
"2020-10-08 09:06:24.3",8035592,-0.158,-0.012,-0.004,295.7,32.29,21.44
"2020-10-08 09:06:24.4",8035593,-0.159,-0.011,-0.006,295.7,32.31,21.43
"2020-10-08 09:06:24.5",8035594,-0.168,-0.011,0.015,295.7,32.36,21.48
"2020-10-08 09:06:24.6",8035595,-0.168,-0.01,0.015,295.7,32.31,21.41
"2020-10-08 09:06:24.7",8035596,-0.168,-0.012,0.016,295.7,32.3,21.42
"2020-10-08 09:06:24.8",8035597,-0.189,-0.031,-0.005,295.7,32.3,21.43
"2020-10-08 09:06:24.9",8035598,-0.189,-0.03,-0.006,295.7,32.32,21.43
"2020-10-08 09:06:25",8035599,-0.168,-0.012,0.015,295.7,32.32,21.42
"2020-10-08 09:06:25.1",8035600,-0.166,-0.012,0.016,295.7,32.3,21.42
"2020-10-08 09:06:25.2",8035601,-0.168,-0.012,0.015,295.7,32.3,21.43
"2020-10-08 09:06:25.3",8035602,-0.169,-0.012,0.015,295.7,32.31,21.43
"2020-10-08 09:06:25.4",8035603,-0.169,-0.011,0.015,295.7,32.32,21.41
"2020-10-08 09:06:25.5",8035604,-0.168,-0.011,0.015,295.7,32.31,21.41
"2020-10-08 09:06:25.6",8035605,-0.169,-0.012,0.016,295.7,32.29,21.43
"2020-10-08 09:06:25.7",8035606,-0.169,-0.012,0.015,295.7,32.31,21.43
"2020-10-08 09:06:25.8",8035607,-0.188,-0.031,-0.006,295.7,32.32,21.43
"2020-10-08 09:06:25.9",8035608,-0.188,-0.03,-0.006,295.7,32.32,21.41
"2020-10-08 09:06:26",8035609,-0.168,-0.012,0.016,295.7,32.29,21.43
"2020-10-08 09:06:26.1",8035610,-0.169,-0.012,0.016,295.7,32.3,21.43
"2020-10-08 09:06:26.2",8035611,-0.169,-0.012,0.015,295.7,32.31,21.43
"2020-10-08 09:06:26.3",8035612,-0.169,-0.011,0.015,295.7,32.32,21.41
"2020-10-08 09:06:26.4",8035613,-0.168,-0.012,0.015,295.7,32.3,21.42
"2020-10-08 09:06:26.5",8035614,-0.184,-0.031,-0.005,295.7,32.3,21.43
"2020-10-08 09:06:26.6",8035615,-0.189,-0.031,-0.005,295.7,32.31,21.43
"2020-10-08 09:06:26.7",8035616,-0.188,-0.031,-0.006,295.7,32.32,21.42
"2020-10-08 09:06:26.8",8035617,-0.167,-0.01,0.015,295.7,32.31,21.42
"2020-10-08 09:06:26.9",8035618,-0.167,-0.011,0.015,295.7,32.29,21.43
"2020-10-08 09:06:27",8035619,-0.188,-0.031,-0.005,295.7,32.34,21.49
"2020-10-08 09:06:27.1",8035620,-0.188,-0.031,-0.006,295.7,32.32,21.42
"2020-10-08 09:06:27.2",8035621,-0.188,-0.03,-0.006,295.7,32.31,21.41
"2020-10-08 09:06:27.3",8035622,-0.207,-0.003,0.035,295.7,32.29,21.42
"2020-10-08 09:06:27.4",8035623,-0.208,-0.001,0.036,295.7,32.3,21.43
"2020-10-08 09:06:27.5",8035624,-0.168,-0.011,0.015,295.7,32.32,21.43
"2020-10-08 09:06:27.6",8035625,-0.168,-0.011,0.015,295.7,32.32,21.42
"2020-10-08 09:06:27.7",8035626,-0.167,-0.012,0.015,295.7,32.3,21.42
"2020-10-08 09:06:27.8",8035627,-0.138,0.009,0.036,295.7,32.3,21.43
"2020-10-08 09:06:27.9",8035628,-0.14,0.008,0.035,295.7,32.31,21.43
"2020-10-08 09:06:28",8035629,-0.14,0.01,0.035,295.7,32.32,21.42
"2020-10-08 09:06:28.1",8035630,-0.14,0.01,0.034,295.7,32.31,21.42
"2020-10-08 09:06:28.2",8035631,-0.139,0.008,0.035,295.7,32.29,21.43
"2020-10-08 09:06:28.3",8035632,-0.209,-0.001,0.035,295.7,32.31,21.43
"2020-10-08 09:06:28.4",8035633,-0.208,-0.001,0.034,295.7,32.32,21.43
"2020-10-08 09:06:28.5",8035634,-0.188,0.01,0.054,295.7,32.32,21.41
"2020-10-08 09:06:28.6",8035635,-0.187,0.008,0.054,295.7,32.3,21.43
"2020-10-08 09:06:28.7",8035636,-0.188,0.009,0.054,295.7,32.3,21.43
"2020-10-08 09:06:28.8",8035637,-0.188,0.009,0.054,295.7,32.32,21.43
"2020-10-08 09:06:28.9",8035638,-0.188,0.009,0.054,295.7,32.32,21.42
"2020-10-08 09:06:29",8035639,-0.208,-0.002,0.035,295.7,32.31,21.41
"2020-10-08 09:06:29.1",8035640,-0.207,-0.001,0.035,295.7,32.29,21.43
"2020-10-08 09:06:29.2",8035641,-0.208,-0.002,0.035,295.7,32.31,21.43
"2020-10-08 09:06:29.3",8035642,-0.208,-0.001,0.035,295.7,32.32,21.42
"2020-10-08 09:06:29.4",8035643,-0.207,-0.001,0.035,295.7,32.32,21.42
"2020-10-08 09:06:29.5",8035644,-0.187,0.009,0.054,295.7,32.33,21.48
"2020-10-08 09:06:29.6",8035645,-0.188,0.009,0.055,295.7,32.3,21.43
"2020-10-08 09:06:29.7",8035646,-0.188,0.009,0.054,295.7,32.31,21.43
"2020-10-08 09:06:29.8",8035647,-0.188,0.01,0.054,295.7,32.32,21.41
"2020-10-08 09:06:29.9",8035648,-0.187,0.009,0.054,295.7,32.29,21.42
"2020-10-08 09:06:30",8035649,-0.207,-0.003,0.035,295.7,32.28,21.42
"2020-10-08 09:06:30.1",8035650,-0.209,-0.001,0.035,295.7,32.29,21.43
"2020-10-08 09:06:30.2",8035651,-0.208,-0.001,0.035,295.7,32.3,21.42
"2020-10-08 09:06:30.3",8035652,-0.188,0.01,0.054,295.7,32.29,21.41
"2020-10-08 09:06:30.4",8035653,-0.188,0.008,0.055,295.7,32.27,21.43
"2020-10-08 09:06:30.5",8035654,-0.208,-0.002,0.035,295.7,32.29,21.44
"2020-10-08 09:06:30.6",8035655,-0.208,-0.002,0.034,295.7,32.3,21.43
"2020-10-08 09:06:30.7",8035656,-0.208,-0.001,0.034,295.7,32.3,21.41
"2020-10-08 09:06:30.8",8035657,-0.207,-0.002,0.035,295.7,32.28,21.42
"2020-10-08 09:06:30.9",8035658,-0.206,-0.002,0.035,295.7,32.28,21.43
"2020-10-08 09:06:31",8035659,-0.227,0.028,0.015,295.8,32.3,21.43
"2020-10-08 09:06:31.1",8035660,-0.227,0.029,0.015,295.8,32.3,21.41
"2020-10-08 09:06:31.2",8035661,-0.227,0.029,0.015,295.8,32.29,21.42
"2020-10-08 09:06:31.3",8035662,-0.188,0.008,0.054,295.7,32.27,21.44
"2020-10-08 09:06:31.4",8035663,-0.188,0.009,0.054,295.7,32.29,21.43
"2020-10-08 09:06:31.5",8035664,-0.189,-0.041,0.073,295.8,32.3,21.43
"2020-10-08 09:06:31.6",8035665,-0.189,-0.04,0.073,295.8,32.3,21.41
"2020-10-08 09:06:31.7",8035666,-0.188,-0.042,0.074,295.8,32.28,21.43
"2020-10-08 09:06:31.8",8035667,-0.208,-0.002,0.035,295.7,32.28,21.43
"2020-10-08 09:06:31.9",8035668,-0.208,-0.002,0.035,295.7,32.3,21.43
"2020-10-08 09:06:32",8035669,-0.188,0.01,0.054,295.8,32.36,21.47
"2020-10-08 09:06:32.1",8035670,-0.188,0.009,0.054,295.8,32.29,21.41
"2020-10-08 09:06:32.2",8035671,-0.188,0.009,0.055,295.7,32.27,21.43
"2020-10-08 09:06:32.3",8035672,-0.208,0.048,0.035,295.7,32.29,21.43
"2020-10-08 09:06:32.4",8035673,-0.208,0.048,0.034,295.7,32.3,21.42
"2020-10-08 09:06:32.5",8035674,-0.178,0.019,-0.006,295.8,32.29,21.41
"2020-10-08 09:06:32.6",8035675,-0.178,0.018,-0.005,295.8,32.28,21.43
"2020-10-08 09:06:32.7",8035676,-0.179,0.018,-0.005,295.8,32.28,21.43
"2020-10-08 09:06:32.8",8035677,-0.179,0.019,-0.006,295.8,32.3,21.43
"2020-10-08 09:06:32.9",8035678,-0.178,0.019,-0.006,295.8,32.3,21.42
"2020-10-08 09:06:33",8035679,-0.159,0.037,-0.006,295.8,32.28,21.42
"2020-10-08 09:06:33.1",8035680,-0.159,0.038,-0.005,295.8,32.28,21.43
"2020-10-08 09:06:33.2",8035681,-0.16,0.037,-0.006,295.8,32.29,21.43
"2020-10-08 09:06:33.3",8035682,-0.13,0.039,-0.006,295.8,32.3,21.42
"2020-10-08 09:06:33.4",8035683,-0.13,0.038,-0.006,295.8,32.3,21.41
"2020-10-08 09:06:33.5",8035684,-0.158,0.038,-0.006,295.8,32.27,21.43
"2020-10-08 09:06:33.6",8035685,-0.158,0.038,-0.005,295.8,32.28,21.43
"2020-10-08 09:06:33.7",8035686,-0.159,0.038,-0.006,295.8,32.29,21.43
"2020-10-08 09:06:33.8",8035687,-0.178,0.019,-0.006,295.8,32.3,21.41
"2020-10-08 09:06:33.9",8035688,-0.179,0.018,-0.006,295.8,32.29,21.41
"2020-10-08 09:06:34",8035689,-0.178,0.018,-0.005,295.8,32.27,21.43
"2020-10-08 09:06:34.1",8035690,-0.178,0.018,-0.005,295.8,32.29,21.43
"2020-10-08 09:06:34.2",8035691,-0.179,0.018,0.015,295.8,32.3,21.43
"2020-10-08 09:06:34.3",8035692,-0.159,-0.001,0.015,295.8,32.31,21.41
"2020-10-08 09:06:34.4",8035693,-0.158,-0.002,0.015,295.8,32.28,21.43
"2020-10-08 09:06:34.5",8035694,-0.177,0.019,-0.005,295.8,32.33,21.49
"2020-10-08 09:06:34.6",8035695,-0.179,0.018,-0.006,295.8,32.3,21.43
"2020-10-08 09:06:34.7",8035696,-0.179,0.019,-0.006,295.8,32.3,21.41
"2020-10-08 09:06:34.8",8035697,-0.178,0.019,-0.006,295.8,32.29,21.41
"2020-10-08 09:06:34.9",8035698,-0.178,0.018,-0.005,295.8,32.27,21.44
"2020-10-08 09:06:35",8035699,-0.179,0.018,-0.005,295.8,32.29,21.43
"2020-10-08 09:06:35.1",8035700,-0.179,0.019,-0.006,295.8,32.3,21.42
"2020-10-08 09:06:35.2",8035701,-0.179,0.019,-0.006,295.8,32.29,21.41
"2020-10-08 09:06:35.3",8035702,-0.177,0.019,-0.006,295.8,32.27,21.43
"2020-10-08 09:06:35.4",8035703,-0.18,0.019,-0.005,295.8,32.29,21.43
"2020-10-08 09:06:35.5",8035704,-0.179,0.018,-0.006,295.8,32.3,21.43
"2020-10-08 09:06:35.6",8035705,-0.179,0.019,-0.006,295.8,32.3,21.41
"2020-10-08 09:06:35.7",8035706,-0.179,0.018,-0.006,295.8,32.28,21.42
"2020-10-08 09:06:35.8",8035707,-0.178,0.018,-0.005,295.8,32.28,21.46
"2020-10-08 09:06:35.9",8035708,-0.179,0.019,-0.006,295.8,32.29,21.43
"2020-10-08 09:06:36",8035709,-0.179,0.018,-0.006,295.8,32.3,21.42
"2020-10-08 09:06:36.1",8035710,-0.178,0.018,-0.006,295.8,32.29,21.41
"2020-10-08 09:06:36.2",8035711,-0.178,0.019,-0.006,295.8,32.28,21.43
"2020-10-08 09:06:36.3",8035712,-0.179,0.018,-0.005,295.8,32.29,21.43
"2020-10-08 09:06:36.4",8035713,-0.179,0.019,-0.006,295.8,32.3,21.43
"2020-10-08 09:06:36.5",8035714,-0.178,0.019,-0.006,295.8,32.3,21.41
"2020-10-08 09:06:36.6",8035715,-0.179,0.018,-0.006,295.8,32.27,21.42
"2020-10-08 09:06:36.7",8035716,-0.179,0.019,-0.005,295.8,32.28,21.43
"2020-10-08 09:06:36.8",8035717,-0.131,-0.041,0.035,295.8,32.29,21.43
"2020-10-08 09:06:36.9",8035718,-0.13,-0.04,0.035,295.8,32.3,21.42
"2020-10-08 09:06:37",8035719,-0.159,-0.002,0.015,295.8,32.35,21.44
"2020-10-08 09:06:37.1",8035720,-0.159,-0.003,0.016,295.8,32.27,21.43
"2020-10-08 09:06:37.2",8035721,-0.159,-0.002,0.015,295.8,32.29,21.43
"2020-10-08 09:06:37.3",8035722,-0.208,-0.001,0.035,295.8,32.3,21.43
"2020-10-08 09:06:37.4",8035723,-0.208,-0.001,0.035,295.8,32.29,21.41
"2020-10-08 09:06:37.5",8035724,-0.178,0.018,-0.006,295.8,32.28,21.42
"2020-10-08 09:06:37.6",8035725,-0.179,0.019,-0.005,295.8,32.28,21.44
"2020-10-08 09:06:37.7",8035726,-0.179,0.018,-0.006,295.8,32.3,21.43
"2020-10-08 09:06:37.8",8035727,-0.179,0.019,-0.006,295.8,32.31,21.41
"2020-10-08 09:06:37.9",8035728,-0.178,0.018,-0.006,295.8,32.28,21.43
"2020-10-08 09:06:38",8035729,-0.228,0.028,0.016,295.8,32.28,21.43
"2020-10-08 09:06:38.1",8035730,-0.228,0.028,0.015,295.8,32.3,21.43
"2020-10-08 09:06:38.2",8035731,-0.227,0.029,0.015,295.8,32.31,21.42
"2020-10-08 09:06:38.3",8035732,-0.227,0.029,0.015,295.8,32.29,21.45
"2020-10-08 09:06:38.4",8035733,-0.227,0.028,0.015,295.8,32.27,21.43
"2020-10-08 09:06:38.5",8035734,-0.248,-0.002,-0.015,295.7,32.29,21.43
"2020-10-08 09:06:38.6",8035735,-0.247,-0.001,-0.015,295.7,32.29,21.43
"2020-10-08 09:06:38.7",8035736,-0.247,-0.001,-0.016,295.7,32.3,21.41
"2020-10-08 09:06:38.8",8035737,-0.246,-0.002,-0.016,295.7,32.28,21.42
"2020-10-08 09:06:38.9",8035738,-0.247,-0.002,-0.015,295.7,32.28,21.43
"2020-10-08 09:06:39",8035739,-0.228,-0.031,0.016,295.7,32.29,21.43
"2020-10-08 09:06:39.1",8035740,-0.228,-0.03,0.015,295.7,32.3,21.42
"2020-10-08 09:06:39.2",8035741,-0.227,-0.031,0.015,295.7,32.29,21.42
"2020-10-08 09:06:39.3",8035742,-0.227,-0.031,0.015,295.7,32.27,21.43
"2020-10-08 09:06:39.4",8035743,-0.227,-0.031,0.016,295.7,32.29,21.43
"2020-10-08 09:06:39.5",8035744,-0.208,-0.001,0.034,295.7,32.35,21.43
"2020-10-08 09:06:39.6",8035745,-0.208,-0.002,0.035,295.7,32.3,21.41
"2020-10-08 09:06:39.7",8035746,-0.207,-0.003,-0.016,295.7,32.27,21.43
"2020-10-08 09:06:39.8",8035747,-0.246,-0.001,-0.015,295.7,32.26,21.44
"2020-10-08 09:06:39.9",8035748,-0.248,-0.002,-0.016,295.7,32.28,21.43
"2020-10-08 09:06:40",8035749,-0.257,0.048,-0.016,295.7,32.29,21.41
"2020-10-08 09:06:40.1",8035750,-0.257,0.049,-0.016,295.7,32.26,21.42
"2020-10-08 09:06:40.2",8035751,-0.256,0.048,-0.016,295.7,32.26,21.43
"2020-10-08 09:06:40.3",8035752,-0.267,-0.012,-0.015,295.6,32.27,21.43
"2020-10-08 09:06:40.4",8035753,-0.266,-0.011,-0.016,295.6,32.28,21.42
"2020-10-08 09:06:40.5",8035754,-0.267,-0.011,-0.016,295.6,32.27,21.42
"2020-10-08 09:06:40.6",8035755,-0.265,-0.012,-0.015,295.6,32.25,21.44
"2020-10-08 09:06:40.7",8035756,-0.267,-0.012,-0.015,295.6,32.27,21.43
"2020-10-08 09:06:40.8",8035757,-0.267,0.048,-0.016,295.6,32.3,21.45
"2020-10-08 09:06:40.9",8035758,-0.266,0.049,-0.016,295.6,32.28,21.41
"2020-10-08 09:06:41",8035759,-0.266,-0.012,-0.015,295.6,32.25,21.43
"2020-10-08 09:06:41.1",8035760,-0.266,-0.011,-0.015,295.6,32.25,21.43
"2020-10-08 09:06:41.2",8035761,-0.267,-0.012,-0.015,295.6,32.28,21.43
"2020-10-08 09:06:41.3",8035762,-0.237,0.009,0.005,295.6,32.28,21.42
"2020-10-08 09:06:41.4",8035763,-0.237,0.008,0.005,295.6,32.27,21.42
"2020-10-08 09:06:41.5",8035764,-0.276,0.019,0.035,295.6,32.25,21.43
"2020-10-08 09:06:41.6",8035765,-0.276,0.018,0.035,295.6,32.26,21.44
"2020-10-08 09:06:41.7",8035766,-0.277,0.018,0.034,295.7,32.28,21.43
"2020-10-08 09:06:41.8",8035767,-0.276,0.019,0.035,295.6,32.28,21.41
"2020-10-08 09:06:41.9",8035768,-0.275,0.018,0.035,295.6,32.26,21.42
"2020-10-08 09:06:42",8035769,-0.275,0.019,0.035,295.6,32.29,21.44
"2020-10-08 09:06:42.1",8035770,-0.277,0.019,0.035,295.6,32.28,21.43
"2020-10-08 09:06:42.2",8035771,-0.276,0.019,0.034,295.6,32.28,21.41
"2020-10-08 09:06:42.3",8035772,-0.237,0.009,0.005,295.6,32.26,21.42
"2020-10-08 09:06:42.4",8035773,-0.237,0.01,0.006,295.6,32.26,21.43
"2020-10-08 09:06:42.5",8035774,-0.277,0.019,0.035,295.6,32.28,21.43
"2020-10-08 09:06:42.6",8035775,-0.277,0.019,0.035,295.6,32.28,21.42
"2020-10-08 09:06:42.7",8035776,-0.276,0.019,0.005,295.6,32.27,21.42
"2020-10-08 09:06:42.8",8035777,-0.236,0.01,0.005,295.6,32.26,21.43
"2020-10-08 09:06:42.9",8035778,-0.238,0.009,0.006,295.6,32.26,21.44
"2020-10-08 09:06:43",8035779,-0.276,0.019,0.035,295.7,32.28,21.43
"2020-10-08 09:06:43.1",8035780,-0.276,0.02,0.035,295.7,32.28,21.41
"2020-10-08 09:06:43.2",8035781,-0.274,0.018,0.035,295.7,32.25,21.43
"2020-10-08 09:06:43.3",8035782,-0.227,-0.031,0.016,295.7,32.3,21.48
"2020-10-08 09:06:43.4",8035783,-0.228,-0.03,0.015,295.7,32.27,21.43
"2020-10-08 09:06:43.5",8035784,-0.228,-0.031,0.015,295.7,32.28,21.41
"2020-10-08 09:06:43.6",8035785,-0.226,-0.032,0.015,295.7,32.25,21.42
"2020-10-08 09:06:43.7",8035786,-0.227,-0.031,0.015,295.7,32.27,21.44
"2020-10-08 09:06:43.8",8035787,-0.227,-0.031,0.015,295.7,32.28,21.43
"2020-10-08 09:06:43.9",8035788,-0.227,-0.031,0.015,295.7,32.28,21.41
"2020-10-08 09:06:44",8035789,-0.227,-0.031,0.015,295.7,32.26,21.42
"2020-10-08 09:06:44.1",8035790,-0.227,-0.031,0.016,295.7,32.25,21.43
"2020-10-08 09:06:44.2",8035791,-0.228,-0.032,0.015,295.7,32.28,21.43
"2020-10-08 09:06:44.3",8035792,-0.227,-0.031,0.015,295.7,32.29,21.43
"2020-10-08 09:06:44.4",8035793,-0.228,-0.031,0.015,295.7,32.28,21.41
"2020-10-08 09:06:44.5",8035794,-0.226,-0.031,0.015,295.7,32.27,21.43
"2020-10-08 09:06:44.6",8035795,-0.227,-0.031,0.015,295.7,32.26,21.43
"2020-10-08 09:06:44.7",8035796,-0.246,-0.002,-0.015,295.7,32.25,21.44
"2020-10-08 09:06:44.8",8035797,-0.247,-0.001,-0.016,295.8,32.29,21.39
"2020-10-08 09:06:44.9",8035798,-0.246,-0.001,-0.016,295.7,32.25,21.42
"2020-10-08 09:06:45",8035799,-0.247,-0.002,-0.016,295.7,32.25,21.42
"2020-10-08 09:06:45.1",8035800,-0.247,-0.002,-0.016,295.7,32.25,21.42
"2020-10-08 09:06:45.2",8035801,-0.248,0.008,0.015,295.7,32.25,21.42
"2020-10-08 09:06:45.3",8035802,-0.086,0.009,0.015,295.7,32.25,21.42
"2020-10-08 09:06:45.4",8035803,-0.086,0.009,0.015,295.7,32.25,21.43
"2020-10-08 09:06:45.5",8035804,-0.086,0.009,0.015,295.7,32.25,21.42
"2020-10-08 09:06:45.6",8035805,-0.086,0.009,0.015,295.7,32.25,21.42
"2020-10-08 09:06:45.7",8035806,-0.086,0.008,0.015,295.7,32.25,21.42
"2020-10-08 09:06:45.8",8035807,-0.086,0.008,0.015,295.7,32.28,21.48
"2020-10-08 09:06:45.9",8035808,-0.086,0.009,0.015,295.7,32.25,21.42
"2020-10-08 09:06:46",8035809,-0.076,-0.002,0.044,295.8,32.25,21.42
"2020-10-08 09:06:46.1",8035810,-0.076,-0.002,0.044,295.8,32.25,21.42
"2020-10-08 09:06:46.2",8035811,-0.087,0.008,0.015,295.7,32.25,21.42
"2020-10-08 09:06:46.3",8035812,-0.086,0.009,0.015,295.7,32.25,21.42
"2020-10-08 09:06:46.4",8035813,-0.086,0.009,0.015,295.7,32.25,21.42
"2020-10-08 09:06:46.5",8035814,-0.086,0.009,0.015,295.7,32.25,21.42
"2020-10-08 09:06:46.6",8035815,-0.086,0.009,0.015,295.7,32.25,21.42
"2020-10-08 09:06:46.7",8035816,-0.086,0.008,0.015,295.7,32.25,21.42
"2020-10-08 09:06:46.8",8035817,-0.086,0.008,0.015,295.7,32.25,21.42
"2020-10-08 09:06:46.9",8035818,-0.086,0.009,0.015,295.7,32.25,21.42
"2020-10-08 09:06:47",8035819,-0.086,0.009,0.015,295.7,32.25,21.42
"2020-10-08 09:06:47.1",8035820,-0.086,0.008,0.015,295.7,32.25,21.42
"2020-10-08 09:06:47.2",8035821,-0.087,0.009,0.015,295.7,32.25,21.42
"2020-10-08 09:06:47.3",8035822,-0.086,0.009,0.015,295.7,32.25,21.42
"2020-10-08 09:06:47.4",8035823,-0.086,0.009,0.015,295.7,32.25,21.42
"2020-10-08 09:06:47.5",8035824,-0.076,-0.002,0.044,295.8,32.25,21.42
"2020-10-08 09:06:47.6",8035825,-0.077,-0.002,0.044,295.8,32.25,21.42
"2020-10-08 09:06:47.7",8035826,-0.077,-0.002,0.044,295.8,32.25,21.42
"2020-10-08 09:06:47.8",8035827,-0.077,-0.002,0.044,295.8,32.25,21.42
"2020-10-08 09:06:47.9",8035828,-0.077,-0.002,0.044,295.8,32.25,21.42
"2020-10-08 09:06:48",8035829,-0.077,-0.002,0.044,295.8,32.25,21.42
"2020-10-08 09:06:48.1",8035830,-0.076,-0.002,0.044,295.8,32.25,21.42
"2020-10-08 09:06:48.2",8035831,-0.077,-0.002,0.044,295.8,32.25,21.42
"2020-10-08 09:06:48.3",8035832,-0.076,-0.002,0.044,295.8,32.29,21.48
"2020-10-08 09:06:48.4",8035833,-0.076,-0.002,0.044,295.8,32.25,21.42
"2020-10-08 09:06:48.5",8035834,-0.077,-0.002,0.044,295.8,32.25,21.42
"2020-10-08 09:06:48.6",8035835,-0.076,-0.002,0.044,295.8,32.25,21.42
"2020-10-08 09:06:48.7",8035836,-0.087,0.008,0.015,295.7,32.25,21.42
"2020-10-08 09:06:48.8",8035837,-0.086,0.009,0.015,295.7,32.25,21.42
"2020-10-08 09:06:48.9",8035838,-0.086,0.009,0.015,295.7,32.25,21.42
"2020-10-08 09:06:49",8035839,-0.086,0.009,0.015,295.7,32.25,21.42
"2020-10-08 09:06:49.1",8035840,-0.086,0.009,0.015,295.7,32.25,21.42
"2020-10-08 09:06:49.2",8035841,-0.086,0.008,0.015,295.7,32.25,21.42
"2020-10-08 09:06:49.3",8035842,-0.086,0.008,0.015,295.7,32.25,21.42
"2020-10-08 09:06:49.4",8035843,-0.086,0.009,0.015,295.7,32.25,21.42
"2020-10-08 09:06:49.5",8035844,-0.086,-0.031,0.015,295.8,32.25,21.42
"2020-10-08 09:06:49.6",8035845,-0.086,-0.032,0.015,295.8,32.25,21.42
"2020-10-08 09:06:49.7",8035846,-0.076,-0.002,0.044,295.8,32.25,21.42
"2020-10-08 09:06:49.8",8035847,-0.077,-0.002,0.044,295.8,32.25,21.42
"2020-10-08 09:06:49.9",8035848,-0.077,-0.002,0.044,295.8,32.25,21.42
"2020-10-08 09:06:50",8035849,-0.086,-0.031,0.015,295.8,32.25,21.42
"2020-10-08 09:06:50.1",8035850,-0.086,-0.031,0.015,295.8,32.25,21.42
"2020-10-08 09:06:50.2",8035851,-0.087,-0.032,0.015,295.8,32.25,21.42
"2020-10-08 09:06:50.3",8035852,-0.086,-0.032,0.015,295.8,32.25,21.42
"2020-10-08 09:06:50.4",8035853,-0.086,-0.032,0.015,295.8,32.25,21.42
"2020-10-08 09:06:50.5",8035854,-0.086,-0.031,0.015,295.8,32.25,21.42
"2020-10-08 09:06:50.6",8035855,-0.086,-0.032,0.015,295.8,32.25,21.42
"2020-10-08 09:06:50.7",8035856,-0.086,-0.032,0.015,295.8,32.25,21.42
"2020-10-08 09:06:50.8",8035857,-0.086,-0.031,0.015,295.8,32.31,21.48
"2020-10-08 09:06:50.9",8035858,-0.086,-0.031,0.015,295.8,32.25,21.42
"2020-10-08 09:06:51",8035859,-0.086,-0.031,0.015,295.8,32.25,21.42
"2020-10-08 09:06:51.1",8035860,-0.086,-0.032,0.015,295.8,32.25,21.42
"2020-10-08 09:06:51.2",8035861,-0.086,-0.032,0.015,295.8,32.25,21.42
"2020-10-08 09:06:51.3",8035862,-0.086,-0.031,0.015,295.8,32.25,21.42
"2020-10-08 09:06:51.4",8035863,-0.086,-0.032,0.015,295.8,32.25,21.42
"2020-10-08 09:06:51.5",8035864,-0.14,-0.031,-0.006,295.7,32.25,21.42
"2020-10-08 09:06:51.6",8035865,-0.14,-0.031,-0.006,295.7,32.25,21.42
"2020-10-08 09:06:51.7",8035866,-0.087,0.008,0.015,295.7,32.25,21.42
"2020-10-08 09:06:51.8",8035867,-0.086,0.009,0.015,295.7,32.25,21.42
"2020-10-08 09:06:51.9",8035868,-0.086,0.009,0.015,295.7,32.25,21.42
"2020-10-08 09:06:52",8035869,-0.121,-0.002,-0.006,295.7,32.25,21.42
"2020-10-08 09:06:52.1",8035870,-0.12,-0.002,-0.006,295.7,32.25,21.45
"2020-10-08 09:06:52.2",8035871,-0.086,0.009,0.015,295.7,32.25,21.42
"2020-10-08 09:06:52.3",8035872,-0.086,0.009,0.015,295.7,32.25,21.42
"2020-10-08 09:06:52.4",8035873,-0.086,0.009,0.015,295.7,32.25,21.42
"2020-10-08 09:06:52.5",8035874,-0.14,0.009,0.035,295.7,32.25,21.43
"2020-10-08 09:06:52.6",8035875,-0.14,0.009,0.035,295.7,32.25,21.42
"2020-10-08 09:06:52.7",8035876,-0.086,0.009,0.015,295.7,32.25,21.42
"2020-10-08 09:06:52.8",8035877,-0.086,0.008,0.015,295.7,32.25,21.42
"2020-10-08 09:06:52.9",8035878,-0.086,0.009,0.015,295.7,32.25,21.42
"2020-10-08 09:06:53",8035879,-0.169,-0.012,0.015,295.7,32.25,21.42
"2020-10-08 09:06:53.1",8035880,-0.169,-0.012,0.015,295.7,32.25,21.42
"2020-10-08 09:06:53.2",8035881,-0.14,0.009,0.034,295.6,32.25,21.42
"2020-10-08 09:06:53.3",8035882,-0.14,0.009,0.035,295.6,32.3,21.46
"2020-10-08 09:06:53.4",8035883,-0.14,0.009,0.034,295.6,32.25,21.42
"2020-10-08 09:06:53.5",8035884,-0.14,0.009,0.034,295.6,32.24,21.42
"2020-10-08 09:06:53.6",8035885,-0.14,0.009,0.034,295.6,32.24,21.42
"2020-10-08 09:06:53.7",8035886,-0.14,0.008,0.034,295.6,32.23,21.42
"2020-10-08 09:06:53.8",8035887,-0.14,0.009,0.035,295.6,32.23,21.42
"2020-10-08 09:06:53.9",8035888,-0.14,0.009,0.034,295.6,32.23,21.42
"2020-10-08 09:06:54",8035889,-0.169,-0.012,0.015,295.7,32.23,21.42
"2020-10-08 09:06:54.1",8035890,-0.169,-0.012,0.015,295.7,32.23,21.42
"2020-10-08 09:06:54.2",8035891,-0.14,0.008,0.034,295.6,32.23,21.42
"2020-10-08 09:06:54.3",8035892,-0.14,0.008,0.035,295.6,32.23,21.42
"2020-10-08 09:06:54.4",8035893,-0.14,0.009,0.034,295.6,32.23,21.42
"2020-10-08 09:06:54.5",8035894,-0.14,0.048,0.074,295.7,32.23,21.42
"2020-10-08 09:06:54.6",8035895,-0.14,0.048,0.074,295.7,32.23,21.45
"2020-10-08 09:06:54.7",8035896,-0.14,0.047,0.073,295.7,32.23,21.42
"2020-10-08 09:06:54.8",8035897,-0.14,0.048,0.074,295.7,32.23,21.42
"2020-10-08 09:06:54.9",8035898,-0.14,0.048,0.074,295.7,32.23,21.42
"2020-10-08 09:06:55",8035899,-0.14,0.009,0.035,295.7,32.23,21.42
"2020-10-08 09:06:55.1",8035900,-0.14,0.009,0.035,295.7,32.23,21.42
"2020-10-08 09:06:55.2",8035901,-0.169,-0.012,0.015,295.7,32.23,21.42
"2020-10-08 09:06:55.3",8035902,-0.169,-0.012,0.015,295.7,32.23,21.43
"2020-10-08 09:06:55.4",8035903,-0.169,-0.012,0.015,295.7,32.23,21.42
"2020-10-08 09:06:55.5",8035904,-0.14,0.009,0.034,295.6,32.23,21.42
"2020-10-08 09:06:55.6",8035905,-0.14,0.009,0.035,295.6,32.23,21.42
"2020-10-08 09:06:55.7",8035906,-0.077,-0.002,0.044,295.6,32.23,21.42
"2020-10-08 09:06:55.8",8035907,-0.076,-0.002,0.044,295.6,32.29,21.44
"2020-10-08 09:06:55.9",8035908,-0.076,-0.002,0.045,295.6,32.23,21.42
"2020-10-08 09:06:56",8035909,-0.086,0.009,0.015,295.6,32.23,21.42
"2020-10-08 09:06:56.1",8035910,-0.086,0.009,0.015,295.6,32.23,21.42
"2020-10-08 09:06:56.2",8035911,-0.086,0.008,0.015,295.6,32.23,21.42
"2020-10-08 09:06:56.3",8035912,-0.086,0.009,0.015,295.6,32.23,21.42
"2020-10-08 09:06:56.4",8035913,-0.086,0.009,0.015,295.6,32.23,21.42
"2020-10-08 09:06:56.5",8035914,-0.121,-0.002,-0.006,295.6,32.23,21.42
"2020-10-08 09:06:56.6",8035915,-0.12,-0.002,-0.006,295.6,32.23,21.42
"2020-10-08 09:06:56.7",8035916,-0.12,-0.002,-0.006,295.6,32.23,21.42
"2020-10-08 09:06:56.8",8035917,-0.121,-0.002,-0.006,295.6,32.23,21.42
"2020-10-08 09:06:56.9",8035918,-0.121,-0.002,-0.006,295.6,32.23,21.42
"2020-10-08 09:06:57",8035919,-0.121,-0.002,-0.006,295.7,32.23,21.42
"2020-10-08 09:06:57.1",8035920,-0.121,-0.002,-0.006,295.7,32.23,21.46
"2020-10-08 09:06:57.2",8035921,-0.121,-0.002,-0.006,295.7,32.23,21.43
"2020-10-08 09:06:57.3",8035922,-0.12,-0.002,-0.006,295.7,32.23,21.43
"2020-10-08 09:06:57.4",8035923,-0.121,-0.002,-0.006,295.7,32.23,21.44
"2020-10-08 09:06:57.5",8035924,-0.12,-0.002,-0.006,295.7,32.23,21.44
"2020-10-08 09:06:57.6",8035925,-0.121,-0.002,-0.006,295.7,32.23,21.44
"2020-10-08 09:06:57.7",8035926,-0.086,0.008,0.015,295.7,32.23,21.44
"2020-10-08 09:06:57.8",8035927,-0.086,0.009,0.015,295.7,32.23,21.44
"2020-10-08 09:06:57.9",8035928,-0.086,0.009,0.015,295.7,32.23,21.44
"2020-10-08 09:06:58",8035929,-0.086,0.009,0.015,295.7,32.23,21.44
"2020-10-08 09:06:58.1",8035930,-0.086,0.008,0.015,295.7,32.23,21.44
"2020-10-08 09:06:58.2",8035931,-0.087,0.009,0.015,295.7,32.23,21.44
"2020-10-08 09:06:58.3",8035932,-0.086,0.009,0.015,295.7,32.28,21.44
"2020-10-08 09:06:58.4",8035933,-0.086,0.008,0.015,295.7,32.23,21.44
"2020-10-08 09:06:58.5",8035934,-0.086,0.009,0.015,295.7,32.23,21.44
"2020-10-08 09:06:58.6",8035935,-0.086,0.008,0.015,295.7,32.23,21.44
"2020-10-08 09:06:58.7",8035936,-0.086,0.008,0.015,295.7,32.23,21.44
"2020-10-08 09:06:58.8",8035937,-0.086,0.009,0.015,295.7,32.23,21.44
"2020-10-08 09:06:58.9",8035938,-0.086,0.009,0.015,295.7,32.23,21.44
"2020-10-08 09:06:59",8035939,-0.086,0.009,0.015,295.7,32.23,21.44
"2020-10-08 09:06:59.1",8035940,-0.086,0.008,0.015,295.7,32.23,21.44
"2020-10-08 09:06:59.2",8035941,-0.087,0.008,0.015,295.7,32.23,21.44
"2020-10-08 09:06:59.3",8035942,-0.086,0.009,0.015,295.7,32.23,21.44
"2020-10-08 09:06:59.4",8035943,-0.086,0.008,0.015,295.7,32.23,21.44
"2020-10-08 09:06:59.5",8035944,-0.086,0.009,0.015,295.7,32.23,21.44
"2020-10-08 09:06:59.6",8035945,-0.086,0.009,0.015,295.7,32.26,21.49
"2020-10-08 09:06:59.7",8035946,-0.086,0.008,0.015,295.7,32.23,21.44
"2020-10-08 09:06:59.8",8035947,-0.086,0.009,0.015,295.7,32.23,21.44
"2020-10-08 09:06:59.9",8035948,-0.086,0.009,0.015,295.7,32.23,21.44
"2020-10-08 09:07:00",8035949,-0.106,-0.002,-0.006,295.7,32.23,21.44
"2020-10-08 09:07:00.1",8035950,-0.106,-0.002,-0.006,295.7,32.23,21.44
"2020-10-08 09:07:00.2",8035951,-0.106,-0.002,-0.006,295.7,32.23,21.44
"2020-10-08 09:07:00.3",8035952,-0.106,-0.002,-0.006,295.7,32.23,21.44
"2020-10-08 09:07:00.4",8035953,-0.106,-0.002,-0.006,295.7,32.23,21.44
"2020-10-08 09:07:00.5",8035954,-0.106,-0.002,-0.006,295.7,32.23,21.44
"2020-10-08 09:07:00.6",8035955,-0.106,-0.002,-0.006,295.7,32.23,21.44
"2020-10-08 09:07:00.7",8035956,-0.106,-0.002,-0.006,295.7,32.23,21.44
"2020-10-08 09:07:00.8",8035957,-0.106,-0.002,-0.006,295.7,32.25,21.44
"2020-10-08 09:07:00.9",8035958,-0.106,-0.002,-0.006,295.7,32.23,21.44
"2020-10-08 09:07:01",8035959,-0.086,0.009,0.015,295.7,32.23,21.44
"2020-10-08 09:07:01.1",8035960,-0.087,0.008,0.015,295.7,32.23,21.44
"2020-10-08 09:07:01.2",8035961,-0.086,0.008,0.015,295.7,32.23,21.44
"2020-10-08 09:07:01.3",8035962,-0.086,0.008,0.015,295.7,32.23,21.44
"2020-10-08 09:07:01.4",8035963,-0.086,0.009,0.015,295.7,32.23,21.44
"2020-10-08 09:07:01.5",8035964,-0.086,0.009,0.015,295.7,32.23,21.44
"2020-10-08 09:07:01.6",8035965,-0.086,0.008,0.015,295.7,32.23,21.44
"2020-10-08 09:07:01.7",8035966,-0.087,0.009,0.015,295.7,32.23,21.44
"2020-10-08 09:07:01.8",8035967,-0.086,0.009,0.015,295.7,32.23,21.44
"2020-10-08 09:07:01.9",8035968,-0.086,0.008,0.015,295.7,32.23,21.44
"2020-10-08 09:07:02",8035969,-0.086,0.008,0.015,295.7,32.23,21.44
"2020-10-08 09:07:02.1",8035970,-0.086,0.009,0.015,295.7,32.26,21.5
"2020-10-08 09:07:02.2",8035971,-0.086,0.009,0.015,295.7,32.23,21.44
"2020-10-08 09:07:02.3",8035972,-0.086,0.008,0.015,295.7,32.23,21.44
"2020-10-08 09:07:02.4",8035973,-0.086,0.009,0.015,295.7,32.23,21.44
"2020-10-08 09:07:02.5",8035974,-0.086,0.009,0.015,295.7,32.23,21.44
"2020-10-08 09:07:02.6",8035975,-0.086,0.009,0.015,295.7,32.23,21.44
"2020-10-08 09:07:02.7",8035976,-0.076,-0.002,0.044,295.8,32.23,21.44
"2020-10-08 09:07:02.8",8035977,-0.076,-0.002,0.044,295.8,32.23,21.44
"2020-10-08 09:07:02.9",8035978,-0.077,-0.002,0.044,295.8,32.23,21.44
"2020-10-08 09:07:03",8035979,-0.076,-0.002,0.044,295.8,32.23,21.44
"2020-10-08 09:07:03.1",8035980,-0.077,-0.002,0.044,295.8,32.23,21.44
"2020-10-08 09:07:03.2",8035981,-0.028,-0.002,0.025,295.8,32.23,21.44
"2020-10-08 09:07:03.3",8035982,-0.028,-0.002,0.025,295.8,32.23,21.44
"2020-10-08 09:07:03.4",8035983,-0.028,-0.002,0.025,295.8,32.23,21.44
"2020-10-08 09:07:03.5",8035984,-0.008,0.008,-0.016,295.8,32.23,21.44
"2020-10-08 09:07:03.6",8035985,-0.008,0.009,-0.016,295.8,32.23,21.44
"2020-10-08 09:07:03.7",8035986,-0.008,-0.022,-0.006,295.8,32.23,21.44
"2020-10-08 09:07:03.8",8035987,-0.008,-0.022,-0.006,295.8,32.23,21.44
"2020-10-08 09:07:03.9",8035988,-0.008,-0.022,-0.006,295.8,32.23,21.44
"2020-10-08 09:07:04",8035989,-0.037,-0.031,-0.006,295.8,32.23,21.44
"2020-10-08 09:07:04.1",8035990,-0.038,-0.031,-0.006,295.8,32.23,21.44
"2020-10-08 09:07:04.2",8035991,-0.067,-0.002,-0.006,295.8,32.23,21.44
"2020-10-08 09:07:04.3",8035992,-0.067,-0.002,-0.006,295.8,32.23,21.44
"2020-10-08 09:07:04.4",8035993,-0.067,-0.002,-0.006,295.8,32.23,21.45
"2020-10-08 09:07:04.5",8035994,-0.067,-0.002,-0.006,295.8,32.23,21.44
"2020-10-08 09:07:04.6",8035995,-0.067,-0.002,-0.006,295.8,32.26,21.5
"2020-10-08 09:07:04.7",8035996,-0.067,-0.002,-0.006,295.8,32.23,21.44
"2020-10-08 09:07:04.8",8035997,-0.066,-0.002,-0.006,295.8,32.23,21.44
"2020-10-08 09:07:04.9",8035998,-0.067,-0.002,-0.006,295.8,32.23,21.44
"2020-10-08 09:07:05",8035999,-0.067,-0.002,-0.006,295.8,32.23,21.44
"2020-10-08 09:07:05.1",8036000,-0.067,-0.002,-0.006,295.8,32.23,21.44
"2020-10-08 09:07:05.2",8036001,-0.067,-0.002,-0.006,295.8,32.23,21.44
"2020-10-08 09:07:05.3",8036002,-0.067,-0.002,-0.006,295.8,32.23,21.44
"2020-10-08 09:07:05.4",8036003,-0.067,-0.002,-0.006,295.8,32.23,21.44
"2020-10-08 09:07:05.5",8036004,-0.067,-0.002,-0.006,295.8,32.23,21.44
"2020-10-08 09:07:05.6",8036005,-0.067,-0.002,-0.006,295.8,32.23,21.44
"2020-10-08 09:07:05.7",8036006,-0.038,-0.031,-0.006,295.8,32.23,21.44
"2020-10-08 09:07:05.8",8036007,-0.037,-0.031,-0.006,295.8,32.23,21.44
"2020-10-08 09:07:05.9",8036008,-0.037,-0.031,-0.006,295.8,32.23,21.44
"2020-10-08 09:07:06",8036009,-0.037,-0.031,-0.006,295.8,32.23,21.44
"2020-10-08 09:07:06.1",8036010,-0.037,-0.031,-0.006,295.8,32.23,21.44
"2020-10-08 09:07:06.2",8036011,-0.037,-0.031,-0.006,295.8,32.23,21.44
"2020-10-08 09:07:06.3",8036012,-0.037,-0.031,-0.006,295.8,32.23,21.44
"2020-10-08 09:07:06.4",8036013,-0.038,-0.031,-0.006,295.8,32.23,21.44
"2020-10-08 09:07:06.5",8036014,-0.037,-0.031,-0.006,295.8,32.23,21.44
"2020-10-08 09:07:06.6",8036015,-0.037,-0.031,-0.006,295.8,32.23,21.44
"2020-10-08 09:07:06.7",8036016,-0.038,-0.032,-0.006,295.8,32.23,21.44
"2020-10-08 09:07:06.8",8036017,-0.037,-0.031,-0.006,295.8,32.23,21.45
"2020-10-08 09:07:06.9",8036018,-0.038,-0.031,-0.006,295.8,32.23,21.44
"2020-10-08 09:07:07",8036019,-0.037,-0.032,-0.006,295.8,32.23,21.44
"2020-10-08 09:07:07.1",8036020,-0.037,-0.032,-0.006,295.8,32.28,21.5
"2020-10-08 09:07:07.2",8036021,-0.037,-0.031,-0.006,295.8,32.23,21.44
"2020-10-08 09:07:07.3",8036022,-0.037,-0.032,-0.006,295.8,32.23,21.44
"2020-10-08 09:07:07.4",8036023,-0.037,-0.031,-0.006,295.8,32.23,21.44
"2020-10-08 09:07:07.5",8036024,-0.037,-0.032,-0.006,295.8,32.23,21.44
"2020-10-08 09:07:07.6",8036025,-0.037,-0.031,-0.006,295.8,32.23,21.44
"2020-10-08 09:07:07.7",8036026,-0.038,-0.031,-0.006,295.8,32.23,21.44
"2020-10-08 09:07:07.8",8036027,-0.038,-0.031,-0.006,295.8,32.23,21.44
"2020-10-08 09:07:07.9",8036028,-0.037,-0.031,-0.006,295.8,32.23,21.44
"2020-10-08 09:07:08",8036029,-0.038,-0.031,-0.006,295.8,32.23,21.44
"2020-10-08 09:07:08.1",8036030,-0.037,-0.032,-0.006,295.8,32.23,21.44
"2020-10-08 09:07:08.2",8036031,-0.028,-0.002,0.025,295.8,32.23,21.44
"2020-10-08 09:07:08.3",8036032,-0.028,-0.002,0.025,295.8,32.23,21.44
"2020-10-08 09:07:08.4",8036033,-0.028,-0.002,0.025,295.8,32.23,21.45
"2020-10-08 09:07:08.5",8036034,-0.028,-0.002,0.025,295.8,32.23,21.44
"2020-10-08 09:07:08.6",8036035,-0.028,-0.002,0.025,295.8,32.23,21.44
"2020-10-08 09:07:08.7",8036036,-0.028,-0.002,0.025,295.8,32.23,21.44
"2020-10-08 09:07:08.8",8036037,-0.028,-0.002,0.025,295.8,32.23,21.44
"2020-10-08 09:07:08.9",8036038,-0.028,-0.002,0.025,295.8,32.23,21.44
"2020-10-08 09:07:09",8036039,-0.008,-0.002,-0.006,295.8,32.23,21.44
"2020-10-08 09:07:09.1",8036040,-0.008,-0.002,-0.006,295.8,32.23,21.44
"2020-10-08 09:07:09.2",8036041,-0.008,-0.022,-0.006,295.8,32.23,21.44
"2020-10-08 09:07:09.3",8036042,-0.008,-0.022,-0.006,295.8,32.23,21.44
"2020-10-08 09:07:09.4",8036043,-0.008,-0.022,-0.006,295.8,32.23,21.44
"2020-10-08 09:07:09.5",8036044,-0.008,-0.022,-0.006,295.8,32.23,21.44
"2020-10-08 09:07:09.6",8036045,-0.008,-0.021,-0.006,295.8,32.28,21.49
"2020-10-08 09:07:09.7",8036046,-0.008,-0.022,-0.006,295.8,32.23,21.44
"2020-10-08 09:07:09.8",8036047,-0.008,-0.021,-0.006,295.8,32.23,21.44
"2020-10-08 09:07:09.9",8036048,-0.008,-0.022,-0.006,295.8,32.23,21.44
"2020-10-08 09:07:10",8036049,-0.037,-0.031,-0.006,295.8,32.23,21.44
"2020-10-08 09:07:10.1",8036050,-0.037,-0.031,-0.006,295.8,32.23,21.44
"2020-10-08 09:07:10.2",8036051,-0.037,-0.032,-0.006,295.8,32.23,21.44
"2020-10-08 09:07:10.3",8036052,-0.037,-0.031,-0.006,295.8,32.23,21.44
"2020-10-08 09:07:10.4",8036053,-0.037,-0.031,-0.006,295.8,32.23,21.44
"2020-10-08 09:07:10.5",8036054,-0.037,-0.031,-0.006,295.8,32.23,21.44
"2020-10-08 09:07:10.6",8036055,-0.037,-0.031,-0.006,295.8,32.23,21.44
"2020-10-08 09:07:10.7",8036056,-0.038,-0.031,-0.006,295.8,32.23,21.44
"2020-10-08 09:07:10.8",8036057,-0.037,-0.032,-0.006,295.8,32.23,21.44
"2020-10-08 09:07:10.9",8036058,-0.037,-0.031,-0.006,295.8,32.23,21.47
"2020-10-08 09:07:11",8036059,-0.037,-0.032,-0.006,295.8,32.23,21.44
"2020-10-08 09:07:11.1",8036060,-0.038,-0.032,-0.006,295.8,32.23,21.44
"2020-10-08 09:07:11.2",8036061,-0.038,-0.032,-0.006,295.8,32.23,21.44
"2020-10-08 09:07:11.3",8036062,-0.037,-0.032,-0.006,295.8,32.23,21.44
"2020-10-08 09:07:11.4",8036063,-0.037,-0.031,-0.006,295.8,32.23,21.44
"2020-10-08 09:07:11.5",8036064,-0.028,-0.002,0.025,295.8,32.23,21.44
"2020-10-08 09:07:11.6",8036065,-0.028,-0.002,0.025,295.8,32.23,21.44
"2020-10-08 09:07:11.7",8036066,-0.028,-0.002,0.025,295.8,32.23,21.44
"2020-10-08 09:07:11.8",8036067,-0.028,-0.002,0.025,295.8,32.23,21.44
"2020-10-08 09:07:11.9",8036068,-0.028,-0.002,0.025,295.8,32.23,21.44
"2020-10-08 09:07:12",8036069,-0.028,-0.002,0.025,295.8,32.23,21.44
"2020-10-08 09:07:12.1",8036070,-0.028,-0.002,0.025,295.8,32.28,21.45
"2020-10-08 09:07:12.2",8036071,-0.028,-0.002,0.025,295.8,32.23,21.44
"2020-10-08 09:07:12.3",8036072,-0.028,-0.002,0.025,295.8,32.23,21.44
"2020-10-08 09:07:12.4",8036073,-0.028,-0.002,0.025,295.8,32.23,21.44
"2020-10-08 09:07:12.5",8036074,-0.028,-0.002,0.025,295.8,32.23,21.44
"2020-10-08 09:07:12.6",8036075,-0.028,-0.002,0.025,295.8,32.23,21.44
"2020-10-08 09:07:12.7",8036076,-0.038,-0.032,-0.006,295.8,32.23,21.44
"2020-10-08 09:07:12.8",8036077,-0.037,-0.031,-0.006,295.8,32.23,21.44
"2020-10-08 09:07:12.9",8036078,-0.037,-0.032,-0.006,295.8,32.23,21.44
"2020-10-08 09:07:13",8036079,-0.037,-0.031,-0.006,295.8,32.23,21.44
"2020-10-08 09:07:13.1",8036080,-0.037,-0.032,-0.006,295.8,32.23,21.44
"2020-10-08 09:07:13.2",8036081,-0.038,-0.032,-0.006,295.8,32.23,21.44
"2020-10-08 09:07:13.3",8036082,-0.037,-0.031,-0.006,295.8,32.23,21.44
"2020-10-08 09:07:13.4",8036083,-0.037,-0.031,-0.006,295.8,32.23,21.48
"2020-10-08 09:07:13.5",8036084,-0.037,-0.031,-0.006,295.8,32.23,21.44
"2020-10-08 09:07:13.6",8036085,-0.037,-0.031,-0.006,295.8,32.23,21.44
"2020-10-08 09:07:13.7",8036086,-0.086,-0.031,0.015,295.8,32.23,21.44
"2020-10-08 09:07:13.8",8036087,-0.086,-0.031,0.015,295.8,32.23,21.44
"2020-10-08 09:07:13.9",8036088,-0.086,-0.031,0.015,295.8,32.23,21.44
"2020-10-08 09:07:14",8036089,-0.076,-0.002,0.044,295.8,32.23,21.44
"2020-10-08 09:07:14.1",8036090,-0.076,-0.002,0.044,295.8,32.23,21.44
"2020-10-08 09:07:14.2",8036091,-0.086,0.009,0.015,295.7,32.23,21.44
"2020-10-08 09:07:14.3",8036092,-0.086,0.008,0.015,295.7,32.23,21.44
"2020-10-08 09:07:14.4",8036093,-0.086,0.008,0.015,295.7,32.23,21.44
"2020-10-08 09:07:14.5",8036094,-0.086,0.009,0.015,295.7,32.23,21.44
"2020-10-08 09:07:14.6",8036095,-0.086,0.009,0.015,295.7,32.27,21.44
"2020-10-08 09:07:14.7",8036096,-0.086,0.009,0.015,295.7,32.23,21.44
"2020-10-08 09:07:14.8",8036097,-0.086,0.009,0.015,295.7,32.23,21.44
"2020-10-08 09:07:14.9",8036098,-0.086,0.009,0.015,295.7,32.23,21.44
"2020-10-08 09:07:15",8036099,-0.086,0.009,0.015,295.7,32.23,21.44
"2020-10-08 09:07:15.1",8036100,-0.086,0.009,0.015,295.7,32.23,21.44
"2020-10-08 09:07:15.2",8036101,-0.087,0.009,0.015,295.7,32.23,21.44
"2020-10-08 09:07:15.3",8036102,-0.086,0.008,0.015,295.7,32.23,21.44
"2020-10-08 09:07:15.4",8036103,-0.086,0.009,0.015,295.7,32.23,21.44
"2020-10-08 09:07:15.5",8036104,-0.086,0.009,0.015,295.7,32.23,21.44
"2020-10-08 09:07:15.6",8036105,-0.086,0.009,0.015,295.7,32.23,21.44
"2020-10-08 09:07:15.7",8036106,-0.086,0.009,0.015,295.7,32.23,21.44
"2020-10-08 09:07:15.8",8036107,-0.086,0.009,0.015,295.7,32.23,21.44
"2020-10-08 09:07:15.9",8036108,-0.086,0.008,0.015,295.7,32.26,21.48
"2020-10-08 09:07:16",8036109,-0.086,0.009,0.015,295.7,32.23,21.44
"2020-10-08 09:07:16.1",8036110,-0.086,0.009,0.015,295.7,32.23,21.44
"2020-10-08 09:07:16.2",8036111,-0.087,0.009,0.015,295.7,32.23,21.44
"2020-10-08 09:07:16.3",8036112,-0.086,0.009,0.015,295.7,32.23,21.44
"2020-10-08 09:07:16.4",8036113,-0.086,0.009,0.015,295.7,32.23,21.44
"2020-10-08 09:07:16.5",8036114,-0.086,0.009,0.015,295.7,32.23,21.44
"2020-10-08 09:07:16.6",8036115,-0.086,0.009,0.015,295.7,32.23,21.44
"2020-10-08 09:07:16.7",8036116,-0.086,0.008,0.015,295.7,32.23,21.45
"2020-10-08 09:07:16.8",8036117,-0.086,0.009,0.015,295.7,32.23,21.45
"2020-10-08 09:07:16.9",8036118,-0.086,0.008,0.015,295.7,32.23,21.45
"2020-10-08 09:07:17",8036119,-0.086,0.009,0.015,295.7,32.23,21.44
"2020-10-08 09:07:17.1",8036120,-0.086,0.009,0.015,295.7,32.26,21.44
